
param sigma         
:	1	2 :=            
1	0.00001	0.99999   
2	0.1	0.9           
3	0.2	0.8           
4	0.3	0.7           
5	0.4	0.6           
6	0.5	0.5           
7	0.6	0.4           
8	0.7	0.3           
9	0.8	0.2           
10	0.9	0.1         
11	0.99999	0.00001 
;                   

param o := 999 ;
param s := 5999 ;

set R := 2021 362 1414 1280 104 1800 815 449 1317 1206 ;
set M := 13 14 15 16 ;
set K := 1 2 3 ;

param b := 25 ;

param d := 
2021	1
362	1
1414	1
1280	1
104	1
1800	1
815	1
449	1
1317	1
1206	1
999	0
5999	0
;

param TTI := 
13	13
14	14
15	15
16	16
;

param TTF := 
13	14
14	15
15	16
16	17
;

param tt := 
2021	13	0.0418333		2021	14	0.0923333		2021	15	0.076		2021	16	0.07		
362	13	0.0871667		362	14	0.0438333		362	15	0.0505		362	16	0.0823333		
1414	13	0.106333		1414	14	0.116333		1414	15	0.0926667		1414	16	0.0973333		
1280	13	0.0743333		1280	14	0.0575		1280	15	0.111167		1280	16	0.0366667		
104	13	0.05		104	14	0.0708333		104	15	0.0935		104	16	0.07		
1800	13	0.0345		1800	14	0.0793333		1800	15	0.0465		1800	16	0.1125		
815	13	0.0805		815	14	0.0983333		815	15	0.0461667		815	16	0.0345		
449	13	0.0431667		449	14	0.0403333		449	15	0.074		449	16	0.0571667		
1317	13	0.0496667		1317	14	0.0446667		1317	15	0.0693333		1317	16	0.104167		
1206	13	0.0803333		1206	14	0.0896667		1206	15	0.0928333		1206	16	0.0515		
999	13	0		999	14	0		999	15	0		999	16	0		
5999	13	0		5999	14	0		5999	15	0		5999	16	0		
;

param cc := 
2021	13	182.464		2021	14	402.73		2021	15	331.489		2021	16	305.319		
362	13	380.195		362	14	191.188		362	15	220.266		362	16	359.113		
1414	13	463.794		1414	14	507.411		1414	15	404.184		1414	16	424.539		
1280	13	324.22		1280	14	250.798		1280	15	484.876		1280	16	159.929		
104	13	218.085		104	14	308.954		104	15	407.819		104	16	305.319		
1800	13	150.479		1800	14	346.028		1800	15	202.819		1800	16	490.691		
815	13	351.117		815	14	428.9		815	15	201.365		815	16	150.479		
449	13	188.28		449	14	175.922		449	15	322.766		449	16	249.344		
1317	13	216.631		1317	14	194.823		1317	15	302.411		1317	16	454.344		
1206	13	350.39		1206	14	391.099		1206	15	404.911		1206	16	224.627		
999	13	0		999	14	0		999	15	0		999	16	0		
5999	13	0		5999	14	0		5999	15	0		5999	16	0		
;

param tf := 
2021	13	0.24		2021	14	0.26		2021	15	0.27		2021	16	0.28		
362	13	0.02		362	14	0.02		362	15	0.03		362	16	0.03		
1414	13	0.22		1414	14	0.2		1414	15	0.21		1414	16	0.24		
1280	13	0.05		1280	14	0.05		1280	15	0.06		1280	16	0.06		
104	13	0.11		104	14	0.11		104	15	0.12		104	16	0.16		
1800	13	0.15		1800	14	0.17		1800	15	0.21		1800	16	0.26		
815	13	0.21		815	14	0.22		815	15	0.21		815	16	0.2		
449	13	0.11		449	14	0.13		449	15	0.14		449	16	0.13		
1317	13	0.29		1317	14	0.26		1317	15	0.21		1317	16	0.13		
1206	13	0.13		1206	14	0.11		1206	15	0.1		1206	16	0.1		
999	13	0		999	14	0		999	15	0		999	16	0		
5999	13	0		5999	14	0		5999	15	0		5999	16	0		
;

param t := 
2021	362	13	0.331016		2021	362	14	0.347145		2021	362	15	0.327856		2021	362	16	0.317068		
2021	1414	13	0.211101		2021	1414	14	0.218854		2021	1414	15	0.216414		2021	1414	16	0.217625		
2021	1280	13	0.185083		2021	1280	14	0.218661		2021	1280	15	0.202062		2021	1280	16	0.19475		
2021	104	13	0.39809		2021	104	14	0.417911		2021	104	15	0.420248		2021	104	16	0.403105		
2021	1800	13	0.318649		2021	1800	14	0.31946		2021	1800	15	0.332847		2021	1800	16	0.311739		
2021	815	13	0.25763		2021	815	14	0.269947		2021	815	15	0.255979		2021	815	16	0.279018		
2021	449	13	0.351676		2021	449	14	0.361785		2021	449	15	0.349168		2021	449	16	0.344698		
2021	1317	13	0.114693		2021	1317	14	0.12639		2021	1317	15	0.112194		2021	1317	16	0.117729		
2021	1206	13	0.319942		2021	1206	14	0.320682		2021	1206	15	0.313751		2021	1206	16	0.321171		
2021	5999	13	0.216848		2021	5999	14	0.202711		2021	5999	15	0.192441		2021	5999	16	0.196377		
362	2021	13	0.345064		362	2021	14	0.351243		362	2021	15	0.331903		362	2021	16	0.333645		
362	1414	13	0.454419		362	1414	14	0.44942		362	1414	15	0.451716		362	1414	16	0.437901		
362	1280	13	0.442996		362	1280	14	0.398637		362	1280	15	0.433644		362	1280	16	0.412355		
362	104	13	0.207888		362	104	14	0.205435		362	104	15	0.195331		362	104	16	0.208723		
362	1800	13	0.233141		362	1800	14	0.237637		362	1800	15	0.231013		362	1800	16	0.231598		
362	815	13	0.321295		362	815	14	0.334818		362	815	15	0.332035		362	815	16	0.328413		
362	449	13	0.122597		362	449	14	0.130565		362	449	15	0.121667		362	449	16	0.121309		
362	1317	13	0.424917		362	1317	14	0.43082		362	1317	15	0.415858		362	1317	16	0.420094		
362	1206	13	0.442196		362	1206	14	0.427345		362	1206	15	0.446921		362	1206	16	0.42111		
362	5999	13	0.234972		362	5999	14	0.232537		362	5999	15	0.226484		362	5999	16	0.233673		
1414	2021	13	0.226188		1414	2021	14	0.235929		1414	2021	15	0.223588		1414	2021	16	0.225788		
1414	362	13	0.506472		1414	362	14	0.497878		1414	362	15	0.481089		1414	362	16	0.496958		
1414	1280	13	0.376334		1414	1280	14	0.371637		1414	1280	15	0.373685		1414	1280	16	0.373623		
1414	104	13	0.620924		1414	104	14	0.616714		1414	104	15	0.613561		1414	104	16	0.603441		
1414	1800	13	0.297824		1414	1800	14	0.295359		1414	1800	15	0.300106		1414	1800	16	0.309412		
1414	815	13	0.432348		1414	815	14	0.435634		1414	815	15	0.450959		1414	815	16	0.432842		
1414	449	13	0.392848		1414	449	14	0.364413		1414	449	15	0.379633		1414	449	16	0.368805		
1414	1317	13	0.14343		1414	1317	14	0.157782		1414	1317	15	0.156544		1414	1317	16	0.140526		
1414	1206	13	0.107313		1414	1206	14	0.104487		1414	1206	15	0.0955162		1414	1206	16	0.103765		
1414	5999	13	0.312799		1414	5999	14	0.279478		1414	5999	15	0.270337		1414	5999	16	0.267944		
1280	2021	13	0.168036		1280	2021	14	0.179014		1280	2021	15	0.182178		1280	2021	16	0.17828		
1280	362	13	0.417756		1280	362	14	0.422038		1280	362	15	0.401526		1280	362	16	0.411777		
1280	1414	13	0.276574		1280	1414	14	0.287538		1280	1414	15	0.288558		1280	1414	16	0.288805		
1280	104	13	0.365891		1280	104	14	0.361629		1280	104	15	0.355961		1280	104	16	0.353746		
1280	1800	13	0.437977		1280	1800	14	0.426966		1280	1800	15	0.424146		1280	1800	16	0.428663		
1280	815	13	0.184292		1280	815	14	0.172988		1280	815	15	0.175		1280	815	16	0.174833		
1280	449	13	0.438416		1280	449	14	0.436678		1280	449	15	0.422838		1280	449	16	0.439407		
1280	1317	13	0.184353		1280	1317	14	0.187587		1280	1317	15	0.193675		1280	1317	16	0.193176		
1280	1206	13	0.387948		1280	1206	14	0.393041		1280	1206	15	0.386991		1280	1206	16	0.389606		
1280	5999	13	0.360744		1280	5999	14	0.325886		1280	5999	15	0.312615		1280	5999	16	0.325916		
104	2021	13	0.421368		104	2021	14	0.405873		104	2021	15	0.405273		104	2021	16	0.409557		
104	362	13	0.191242		104	362	14	0.19947		104	362	15	0.205992		104	362	16	0.198637		
104	1414	13	0.570712		104	1414	14	0.51976		104	1414	15	0.574602		104	1414	16	0.518183		
104	1280	13	0.365169		104	1280	14	0.3571		104	1280	15	0.354598		104	1280	16	0.363152		
104	1800	13	0.374811		104	1800	14	0.360051		104	1800	15	0.387134		104	1800	16	0.38196		
104	815	13	0.242401		104	815	14	0.246085		104	815	15	0.239186		104	815	16	0.241165		
104	449	13	0.249427		104	449	14	0.249249		104	449	15	0.261702		104	449	16	0.256979		
104	1317	13	0.45194		104	1317	14	0.426306		104	1317	15	0.447692		104	1317	16	0.425413		
104	1206	13	0.553046		104	1206	14	0.529709		104	1206	15	0.564473		104	1206	16	0.55673		
104	5999	13	0.319415		104	5999	14	0.308267		104	5999	15	0.322145		104	5999	16	0.326626		
1800	2021	13	0.359164		1800	2021	14	0.341419		1800	2021	15	0.324406		1800	2021	16	0.322271		
1800	362	13	0.227393		1800	362	14	0.231878		1800	362	15	0.228868		1800	362	16	0.218266		
1800	1414	13	0.293668		1800	1414	14	0.285446		1800	1414	15	0.273442		1800	1414	16	0.283428		
1800	1280	13	0.501449		1800	1280	14	0.453659		1800	1280	15	0.472713		1800	1280	16	0.45085		
1800	104	13	0.354572		1800	104	14	0.338513		1800	104	15	0.348382		1800	104	16	0.337429		
1800	815	13	0.441093		1800	815	14	0.427984		1800	815	15	0.423938		1800	815	16	0.429491		
1800	449	13	0.129105		1800	449	14	0.133821		1800	449	15	0.125613		1800	449	16	0.122742		
1800	1317	13	0.395455		1800	1317	14	0.39415		1800	1317	15	0.382528		1800	1317	16	0.370674		
1800	1206	13	0.271079		1800	1206	14	0.271759		1800	1206	15	0.257813		1800	1206	16	0.260988		
1800	5999	13	0.213424		1800	5999	14	0.192343		1800	5999	15	0.179676		1800	5999	16	0.200222		
815	2021	13	0.224872		815	2021	14	0.236605		815	2021	15	0.229717		815	2021	16	0.2332		
815	362	13	0.339022		815	362	14	0.358067		815	362	15	0.33833		815	362	16	0.327652		
815	1414	13	0.333069		815	1414	14	0.33942		815	1414	15	0.334041		815	1414	16	0.339127		
815	1280	13	0.180824		815	1280	14	0.169106		815	1280	15	0.163021		815	1280	16	0.16048		
815	104	13	0.246032		815	104	14	0.25407		815	104	15	0.243295		815	104	16	0.240873		
815	1800	13	0.428501		815	1800	14	0.423163		815	1800	15	0.417444		815	1800	16	0.425537		
815	449	13	0.359682		815	449	14	0.372706		815	449	15	0.359642		815	449	16	0.355282		
815	1317	13	0.241189		815	1317	14	0.245177		815	1317	15	0.241215		815	1317	16	0.248096		
815	1206	13	0.444443		815	1206	14	0.444923		815	1206	15	0.432473		815	1206	16	0.439928		
815	5999	13	0.350089		815	5999	14	0.322229		815	5999	15	0.305974		815	5999	16	0.32255		
449	2021	13	0.372472		449	2021	14	0.363827		449	2021	15	0.36037		449	2021	16	0.363173		
449	362	13	0.124475		449	362	14	0.124442		449	362	15	0.134698		449	362	16	0.120146		
449	1414	13	0.343333		449	1414	14	0.355273		449	1414	15	0.336347		449	1414	16	0.337078		
449	1280	13	0.474554		449	1280	14	0.409304		449	1280	15	0.4632		449	1280	16	0.438368		
449	104	13	0.244796		449	104	14	0.237266		449	104	15	0.262651		449	104	16	0.249823		
449	1800	13	0.150781		449	1800	14	0.144445		449	1800	15	0.154965		449	1800	16	0.150234		
449	815	13	0.351305		449	815	14	0.346827		449	815	15	0.361892		449	815	16	0.360489		
449	1317	13	0.453197		449	1317	14	0.453547		449	1317	15	0.445025		449	1317	16	0.426577		
449	1206	13	0.328454		449	1206	14	0.33295		449	1206	15	0.328378		449	1206	16	0.31287		
449	5999	13	0.261765		449	5999	14	0.251233		449	5999	15	0.247772		449	5999	16	0.243917		
1317	2021	13	0.123014		1317	2021	14	0.120125		1317	2021	15	0.114836		1317	2021	16	0.124006		
1317	362	13	0.443644		1317	362	14	0.446769		1317	362	15	0.437203		1317	362	16	0.435349		
1317	1414	13	0.151148		1317	1414	14	0.154912		1317	1414	15	0.151867		1317	1414	16	0.157009		
1317	1280	13	0.276386		1317	1280	14	0.258468		1317	1280	15	0.266109		1317	1280	16	0.249754		
1317	104	13	0.538475		1317	104	14	0.489912		1317	104	15	0.534651		1317	104	16	0.521475		
1317	1800	13	0.381254		1317	1800	14	0.39455		1317	1800	15	0.380947		1317	1800	16	0.38084		
1317	815	13	0.336872		1317	815	14	0.314548		1317	815	15	0.333151		1317	815	16	0.326113		
1317	449	13	0.466015		1317	449	14	0.44418		1317	449	15	0.457602		1317	449	16	0.443518		
1317	1206	13	0.25833		1317	1206	14	0.259403		1317	1206	15	0.247383		1317	1206	16	0.262001		
1317	5999	13	0.298773		1317	5999	14	0.245664		1317	5999	15	0.239796		1317	5999	16	0.227951		
1206	2021	13	0.362021		1206	2021	14	0.368928		1206	2021	15	0.351053		1206	2021	16	0.340115		
1206	362	13	0.369137		1206	362	14	0.408343		1206	362	15	0.395034		1206	362	16	0.411627		
1206	1414	13	0.132097		1206	1414	14	0.13897		1206	1414	15	0.11819		1206	1414	16	0.12546		
1206	1280	13	0.506538		1206	1280	14	0.514945		1206	1280	15	0.48383		1206	1280	16	0.499382		
1206	104	13	0.492702		1206	104	14	0.517241		1206	104	15	0.521305		1206	104	16	0.533035		
1206	1800	13	0.209767		1206	1800	14	0.244609		1206	1800	15	0.215672		1206	1800	16	0.253185		
1206	815	13	0.568901		1206	815	14	0.578609		1206	815	15	0.563186		1206	815	16	0.55954		
1206	449	13	0.259591		1206	449	14	0.304796		1206	449	15	0.293578		1206	449	16	0.307844		
1206	1317	13	0.277334		1206	1317	14	0.296975		1206	1317	15	0.273188		1206	1317	16	0.267578		
1206	5999	13	0.312928		1206	5999	14	0.299317		1206	5999	15	0.292208		1206	5999	16	0.287893		
999	2021	13	0.185507		999	2021	14	0.174164		999	2021	15	0.177428		999	2021	16	0.181057		
999	362	13	0.256126		999	362	14	0.283878		999	362	15	0.256908		999	362	16	0.259659		
999	1414	13	0.276446		999	1414	14	0.255129		999	1414	15	0.257323		999	1414	16	0.269043		
999	1280	13	0.35369		999	1280	14	0.348604		999	1280	15	0.345527		999	1280	16	0.346985		
999	104	13	0.362107		999	104	14	0.367809		999	104	15	0.362403		999	104	16	0.340141		
999	1800	13	0.181586		999	1800	14	0.193486		999	1800	15	0.168056		999	1800	16	0.176731		
999	815	13	0.325153		999	815	14	0.324095		999	815	15	0.325517		999	815	16	0.346882		
999	449	13	0.225904		999	449	14	0.237959		999	449	15	0.212461		999	449	16	0.213852		
999	1317	13	0.243016		999	1317	14	0.249278		999	1317	15	0.230247		999	1317	16	0.239742		
999	1206	13	0.260812		999	1206	14	0.252339		999	1206	15	0.238228		999	1206	16	0.244202		
;

param c := 
2021	362	13	1778.72		2021	362	14	1852.11		2021	362	15	1761.8		2021	362	16	1720.81		
2021	1414	13	1121.06		2021	1414	14	1157.88		2021	1414	15	1147.58		2021	1414	16	1148.28		
2021	1280	13	983.105		2021	1280	14	1149.31		2021	1280	15	1053.26		2021	1280	16	1056.39		
2021	104	13	2217.17		2021	104	14	2217.73		2021	104	15	2218.92		2021	104	16	2148.02		
2021	1800	13	1743.73		2021	1800	14	1764.23		2021	1800	15	1720.35		2021	1800	16	1719.76		
2021	815	13	1358.48		2021	815	14	1410.15		2021	815	15	1420.74		2021	815	16	1464.67		
2021	449	13	1990.6		2021	449	14	2030.35		2021	449	15	1979.69		2021	449	16	1959.42		
2021	1317	13	610.973		2021	1317	14	657.822		2021	1317	15	597.586		2021	1317	16	621.759		
2021	1206	13	1688.44		2021	1206	14	1695.67		2021	1206	15	1667.17		2021	1206	16	1685.6		
2021	5999	13	1101.62		2021	5999	14	1040.31		2021	5999	15	1012.96		2021	5999	16	1010.54		
362	2021	13	1838.81		362	2021	14	1869.43		362	2021	15	1783.29		362	2021	16	1795.52		
362	1414	13	2353.61		362	1414	14	2327.13		362	1414	15	2341.13		362	1414	16	2292.63		
362	1280	13	2389.12		362	1280	14	2205.37		362	1280	15	2351.72		362	1280	16	2268.49		
362	104	13	1110.59		362	104	14	1099.31		362	104	15	1054.35		362	104	16	1114.24		
362	1800	13	1360.5		362	1800	14	1374.18		362	1800	15	1348.06		362	1800	16	1349.75		
362	815	13	1976.07		362	815	14	2027.66		362	815	15	2021.17		362	815	16	2002.54		
362	449	13	739.464		362	449	14	756.957		362	449	15	739.216		362	449	16	727.486		
362	1317	13	2281.77		362	1317	14	2286.42		362	1317	15	2246.2		362	1317	16	2260.74		
362	1206	13	2321.06		362	1206	14	2255.19		362	1206	15	2342.45		362	1206	16	2242.55		
362	5999	13	1270.18		362	5999	14	1263.25		362	5999	15	1237.65		362	5999	16	1266.76		
1414	2021	13	1166.05		1414	2021	14	1208.81		1414	2021	15	1161.26		1414	2021	16	1166.06		
1414	362	13	2593.24		1414	362	14	2550.95		1414	362	15	2630.54		1414	362	16	2561.59		
1414	1280	13	1958.48		1414	1280	14	1957.21		1414	1280	15	1948.61		1414	1280	16	1947.45		
1414	104	13	3252.6		1414	104	14	3197.1		1414	104	15	3216.58		1414	104	16	3143.99		
1414	1800	13	1559.11		1414	1800	14	1551.09		1414	1800	15	1559.62		1414	1800	16	1579.01		
1414	815	13	2346.43		1414	815	14	2366.27		1414	815	15	2412.48		1414	815	16	2351.31		
1414	449	13	2053.71		1414	449	14	2031.22		1414	449	15	2001.46		1414	449	16	1974.88		
1414	1317	13	762.58		1414	1317	14	820.964		1414	1317	15	815.586		1414	1317	16	747.714		
1414	1206	13	561.216		1414	1206	14	548.863		1414	1206	15	511.803		1414	1206	16	537.966		
1414	5999	13	1579.92		1414	5999	14	1435.68		1414	5999	15	1399.5		1414	5999	16	1386.78		
1280	2021	13	908.607		1280	2021	14	956.165		1280	2021	15	969.46		1280	2021	16	952.884		
1280	362	13	2261.25		1280	362	14	2284.29		1280	362	15	2195.69		1280	362	16	2235.86		
1280	1414	13	1543.75		1280	1414	14	1597.61		1280	1414	15	1593.16		1280	1414	16	1587.38		
1280	104	13	2036.25		1280	104	14	2082.01		1280	104	15	2003.46		1280	104	16	2033.32		
1280	1800	13	2382.15		1280	1800	14	2345.61		1280	1800	15	2321.88		1280	1800	16	2346.34		
1280	815	13	1031.26		1280	815	14	983.346		1280	815	15	983.259		1280	815	16	985.582		
1280	449	13	2473.13		1280	449	14	2462.53		1280	449	15	2413.57		1280	449	16	2474.47		
1280	1317	13	1064.01		1280	1317	14	1081.2		1280	1317	15	1097.91		1280	1317	16	1090.4		
1280	1206	13	2114.37		1280	1206	14	2142.13		1280	1206	15	2112.11		1280	1206	16	2113.14		
1280	5999	13	1866.9		1280	5999	14	1714.31		1280	5999	15	1660.34		1280	5999	16	1714.43		
104	2021	13	2219.65		104	2021	14	2222.12		104	2021	15	2221.68		104	2021	16	2242.09		
104	362	13	1043.07		104	362	14	1066.99		104	362	15	1091.93		104	362	16	1059.22		
104	1414	13	3038.32		104	1414	14	2917.4		104	1414	15	3014.86		104	1414	16	2909.44		
104	1280	13	2073.67		104	1280	14	1961.6		104	1280	15	2013.61		104	1280	16	1991.47		
104	1800	13	2008.82		104	1800	14	1952.27		104	1800	15	2059.93		104	1800	16	2038.77		
104	815	13	1383.84		104	815	14	1403.21		104	815	15	1365.46		104	815	16	1372.74		
104	449	13	1449.34		104	449	14	1451.59		104	449	15	1508.09		104	449	16	1472.54		
104	1317	13	2540		104	1317	14	2430.01		104	1317	15	2524.54		104	1317	16	2424.48		
104	1206	13	2984.35		104	1206	14	2848.66		104	1206	15	2994.5		104	1206	16	2964.2		
104	5999	13	1685.74		104	5999	14	1640.27		104	5999	15	1697.01		104	5999	16	1716.46		
1800	2021	13	1840.61		1800	2021	14	1753.31		1800	2021	15	1709.02		1800	2021	16	1686.1		
1800	362	13	1342.98		1800	362	14	1364.23		1800	362	15	1375.84		1800	362	16	1322.76		
1800	1414	13	1502.89		1800	1414	14	1455.1		1800	1414	15	1440.25		1800	1414	16	1459.07		
1800	1280	13	2666.86		1800	1280	14	2477.7		1800	1280	15	2559.99		1800	1280	16	2469.64		
1800	104	13	2054.89		1800	104	14	2006.82		1800	104	15	2043.13		1800	104	16	1991.95		
1800	815	13	2385.72		1800	815	14	2338.17		1800	815	15	2326.92		1800	815	16	2343.18		
1800	449	13	734.81		1800	449	14	753.766		1800	449	15	723.603		1800	449	16	715.894		
1800	1317	13	2041.15		1800	1317	14	2028.64		1800	1317	15	2001.56		1800	1317	16	1931.51		
1800	1206	13	1410.24		1800	1206	14	1411.69		1800	1206	15	1397.47		1800	1206	16	1388.27		
1800	5999	13	1057.49		1800	5999	14	1019.36		1800	5999	15	977.006		1800	5999	16	996.5		
815	2021	13	1310.83		815	2021	14	1356.42		815	2021	15	1334.82		815	2021	16	1340.26		
815	362	13	1982.86		815	362	14	2087.96		815	362	15	2013.22		815	362	16	1961.71		
815	1414	13	1947.21		815	1414	14	1972.17		815	1414	15	1949.89		815	1414	16	1955.38		
815	1280	13	997.824		815	1280	14	942.162		815	1280	15	918.194		815	1280	16	902.135		
815	104	13	1395.81		815	104	14	1432.5		815	104	15	1395.42		815	104	16	1369.23		
815	1800	13	2309.28		815	1800	14	2306.06		815	1800	15	2270.49		815	1800	16	2309.33		
815	449	13	2194.74		815	449	14	2266.2		815	449	15	2231.11		815	449	16	2200.32		
815	1317	13	1466.23		815	1317	14	1481.46		815	1317	15	1463.26		815	1317	16	1477.77		
815	1206	13	2517.83		815	1206	14	2516.69		815	1206	15	2468.84		815	1206	16	2481.15		
815	5999	13	1789.13		815	5999	14	1675.38		815	5999	15	1609.23		815	5999	16	1676.41		
449	2021	13	2073.85		449	2021	14	2061.01		449	2021	15	2033.46		449	2021	16	2038.02		
449	362	13	740.683		449	362	14	742.725		449	362	15	804.558		449	362	16	731.994		
449	1414	13	1892.98		449	1414	14	1856.59		449	1414	15	1862.18		449	1414	16	1867.18		
449	1280	13	2638.68		449	1280	14	2388.89		449	1280	15	2603.25		449	1280	16	2495.99		
449	104	13	1423.65		449	104	14	1410.57		449	104	15	1507.25		449	104	16	1445.66		
449	1800	13	853.126		449	1800	14	833.71		449	1800	15	869.08		449	1800	16	850.765		
449	815	13	2214.54		449	815	14	2216.44		449	815	15	2286.3		449	815	16	2248.17		
449	1317	13	2456.72		449	1317	14	2388.47		449	1317	15	2427.11		449	1317	16	2348.57		
449	1206	13	1849.61		449	1206	14	1807.93		449	1206	15	1850.81		449	1206	16	1788.17		
449	5999	13	1377.95		449	5999	14	1331.45		449	5999	15	1331.96		449	5999	16	1313.3		
1317	2021	13	644.742		1317	2021	14	633.262		1317	2021	15	615.323		1317	2021	16	649.768		
1317	362	13	2376.7		1317	362	14	2389.31		1317	362	15	2332.77		1317	362	16	2344.93		
1317	1414	13	793.426		1317	1414	14	810.459		1317	1414	15	796.974		1317	1414	16	819.355		
1317	1280	13	1463.17		1317	1280	14	1391.29		1317	1280	15	1416.65		1317	1280	16	1347.85		
1317	104	13	2840.73		1317	104	14	2715.2		1317	104	15	2811.05		1317	104	16	2772.52		
1317	1800	13	1957.79		1317	1800	14	2013.17		1317	1800	15	1953.61		1317	1800	16	1952.14		
1317	815	13	1859.01		1317	815	14	1783.57		1317	815	15	1829.61		1317	815	16	1830.61		
1317	449	13	2417.98		1317	449	14	2442.52		1317	449	15	2381.18		1317	449	16	2359.86		
1317	1206	13	1354.07		1317	1206	14	1359.34		1317	1206	15	1308.78		1317	1206	16	1362.65		
1317	5999	13	1520.21		1317	5999	14	1274.46		1317	5999	15	1244.28		1317	5999	16	1194.44		
1206	2021	13	1864.94		1206	2021	14	1894.04		1206	2021	15	1820.19		1206	2021	16	1777.07		
1206	362	13	2153.7		1206	362	14	2331.2		1206	362	15	2258.05		1206	362	16	2348.71		
1206	1414	13	681.44		1206	1414	14	710.265		1206	1414	15	624.094		1206	1414	16	653.839		
1206	1280	13	2631.32		1206	1280	14	2686.42		1206	1280	15	2558.78		1206	1280	16	2617.98		
1206	104	13	2857.45		1206	104	14	2978.61		1206	104	15	2967.92		1206	104	16	3024.97		
1206	1800	13	1121.93		1206	1800	14	1259.58		1206	1800	15	1157.29		1206	1800	16	1301.4		
1206	815	13	3040.88		1206	815	14	3091.89		1206	815	15	3029.12		1206	815	16	3024.1		
1206	449	13	1499.85		1206	449	14	1707.57		1206	449	15	1628.97		1206	449	16	1705.99		
1206	1317	13	1451.23		1206	1317	14	1532.37		1206	1317	15	1437.43		1206	1317	16	1408.35		
1206	5999	13	1628.53		1206	5999	14	1574.59		1206	5999	15	1540.79		1206	5999	16	1535.16		
999	2021	13	954.157		999	2021	14	918.857		999	2021	15	933.066		999	2021	16	939.407		
999	362	13	1309.88		999	362	14	1426.56		999	362	15	1315.09		999	362	16	1326.61		
999	1414	13	1408.25		999	1414	14	1306		999	1414	15	1332.04		999	1414	16	1379.43		
999	1280	13	1841.72		999	1280	14	1810.87		999	1280	15	1806.62		999	1280	16	1826.46		
999	104	13	1893.24		999	104	14	1914.06		999	104	15	1892.31		999	104	16	1859.88		
999	1800	13	951.622		999	1800	14	1007.05		999	1800	15	904.108		999	1800	16	940.575		
999	815	13	1684.87		999	815	14	1684.6		999	815	15	1689.49		999	815	16	1784.06		
999	449	13	1308.19		999	449	14	1360.83		999	449	15	1262.89		999	449	16	1273.88		
999	1317	13	1260		999	1317	14	1284.22		999	1317	15	1203.7		999	1317	16	1243.81		
999	1206	13	1362.79		999	1206	14	1336.01		999	1206	15	1274.9		999	1206	16	1298.47		
;

