Nodo,Individuo,Ruta,Segmento,Tiempo viaje,Costo viaje,Tiempo atencion,Costo atencion,Tasa fallo,Demanda
410,0,0,0,11.9622,1462.66,0.0726667,316.95,0.06,1
398,0,0,0,11.9619,1461.45
397,0,0,0,11.9493,1392.89
390,0,0,0,11.9298,1291.33
382,0,0,0,11.9125,1199.86
376,0,0,0,11.8945,1103.09
369,0,0,0,11.875,998.232
360,0,0,0,11.8527,878.986
361,0,0,0,11.8401,809.873
128,0,0,0,11.7796,481.115
126,0,0,0,11.7723,442.296
125,0,0,0,11.766,408.059
118,0,0,0,11.7331,231.019
1968,0,0,0,11.7053,81.9493
110,0,0,0,11.69,0
1402,0,0,1,12.4452,3950.11,0.085,370.744,0.2,2
1390,0,0,1,12.435,3895.71
1382,0,0,1,12.4126,3778.6
1362,0,0,1,12.3932,3673.78
1361,0,0,1,12.3887,3649.26
1354,0,0,1,12.3887,3649.07
2188,0,0,1,12.3823,3615.31
2075,0,0,1,12.3613,3507.36
1822,0,0,1,12.3605,3503.36
1353,0,0,1,12.3515,3457.62
2118,0,0,1,12.33,3341.45
2117,0,0,1,12.3275,3316.82
2164,0,0,1,12.3102,3203.67
1307,0,0,1,12.2936,3116.68
1302,0,0,1,12.277,3026.44
949,0,0,1,12.2542,2903.64
2025,0,0,1,12.2508,2886.18
1598,0,0,1,12.2474,2867.22
948,0,0,1,12.2406,2832.53
928,0,0,1,12.229,2769.48
923,0,0,1,12.1927,2588.73
924,0,0,1,12.1844,2549.42
914,0,0,1,12.164,2442.33
902,0,0,1,12.1578,2407.32
887,0,0,1,12.1411,2322.03
2012,0,0,1,12.1236,2230.38
884,0,0,1,12.1192,2207.45
1987,0,0,1,12.0817,2017.46
413,0,0,1,12.0624,1919.77
414,0,0,1,12.0571,1892.12
410,0,0,1,12.0348,1779.61
1016,0,0,2,12.7955,5698.77,0.0438333,191.188,0.28,3
2029,0,0,2,12.789,5665.75
1043,0,0,2,12.7889,5665.34
2158,0,0,2,12.7798,5621.19
2030,0,0,2,12.7759,5601.35
1041,0,0,2,12.7711,5576.37
1059,0,0,2,12.763,5534.52
1058,0,0,2,12.7578,5508.47
1056,0,0,2,12.7513,5474.03
1072,0,0,2,12.7337,5383.13
1071,0,0,2,12.7255,5341.02
1090,0,0,2,12.7173,5296.38
1089,0,0,2,12.7106,5260.53
1119,0,0,2,12.7036,5221.29
1118,0,0,2,12.6968,5185.09
2044,0,0,2,12.6807,5101.85
2169,0,0,2,12.6741,5066.97
2171,0,0,2,12.6699,5044.83
2046,0,0,2,12.6637,5013.6
1778,0,0,2,12.6383,4885.09
1327,0,0,2,12.6271,4824.32
1343,0,0,2,12.6265,4821.58
1355,0,0,2,12.6017,4690.77
1364,0,0,2,12.6017,4690.56
1362,0,0,2,12.5915,4636.93
1382,0,0,2,12.562,4489.33
1390,0,0,2,12.5411,4378.7
1402,0,0,2,12.5302,4320.85
710,0,0,3,13.0017,6815.76,0.0466667,203.546,0.45,4
1543,0,0,3,12.9793,6691.56
715,0,0,3,12.9745,6647.41
714,0,0,3,12.9705,6623.26
726,0,0,3,12.9703,6621.4
529,0,0,3,12.9562,6521.75
605,0,0,3,12.9413,6425.08
603,0,0,3,12.935,6392.01
2202,0,0,3,12.9316,6371.22
602,0,0,3,12.9272,6345.93
1851,0,0,3,12.9164,6275.39
1852,0,0,3,12.9115,6251.31
706,0,0,3,12.8983,6186.8
991,0,0,3,12.8865,6126.72
2028,0,0,3,12.8758,6074.05
1012,0,0,3,12.8623,6005.34
1045,0,0,3,12.8468,5929.59
1043,0,0,3,12.8437,5913.73
2029,0,0,3,12.8436,5913.32
1016,0,0,3,12.8394,5889.95
501,0,0,4,13.1707,7687.73,0.0531667,231.897,0.2,5
1747,0,0,4,13.1648,7658.71
505,0,0,4,13.1583,7627.22
506,0,0,4,13.1441,7559.45
507,0,0,4,13.1372,7526.06
510,0,0,4,13.1284,7483.31
509,0,0,4,13.1245,7463.11
508,0,0,4,13.1191,7434.34
512,0,0,4,13.1109,7393.3
511,0,0,4,13.1077,7376.55
2145,0,0,4,13.107,7373.34
2146,0,0,4,13.0959,7311.58
529,0,0,4,13.092,7275.53
726,0,0,4,13.0759,7173.99
714,0,0,4,13.0757,7172.11
1543,0,0,4,13.0699,7139.68
710,0,0,4,13.0484,7019.31
110,0,0,5,13.496,9380.4,0,0,0
1968,0,0,5,13.4809,9299.59
114,0,0,5,13.4751,9264.41
1719,0,0,5,13.4398,9071.14
1718,0,0,5,13.4217,8972.6
129,0,0,5,13.3978,8838.85
134,0,0,5,13.3928,8810.34
133,0,0,5,13.3808,8745.51
138,0,0,5,13.36,8640.92
184,0,0,5,13.3432,8550.54
440,0,0,5,13.3206,8434.16
451,0,0,5,13.3043,8348.74
1716,0,0,5,13.3019,8332.31
462,0,0,5,13.2947,8293.49
1990,0,0,5,13.2869,8240.45
463,0,0,5,13.2697,8150.42
474,0,0,5,13.2558,8077.43
2140,0,0,5,13.2477,8039.59
2141,0,0,5,13.2395,7994.61
473,0,0,5,13.2393,7993.85
502,0,0,5,13.2303,7949.95
501,0,0,5,13.2238,7919.63
1402,1,0,0,14.1034,3372.79,0.0816667,356.205,0.16,1
1390,1,0,0,14.0941,3321.76
1389,1,0,0,14.0655,3170.7
1388,1,0,0,14.0567,3122.71
1370,1,0,0,14.0198,2928.06
1359,1,0,0,14.0189,2923.6
2071,1,0,0,14.0023,2830.9
2165,1,0,0,13.9804,2715.19
1314,1,0,0,13.9631,2623.77
2163,1,0,0,13.9483,2543.94
2023,1,0,0,13.9217,2399.84
1787,1,0,0,13.9136,2358.52
2020,1,0,0,13.8947,2264.44
935,1,0,0,13.8849,2212.99
934,1,0,0,13.8844,2210.39
933,1,0,0,13.8727,2150.9
936,1,0,0,13.8722,2147.96
1737,1,0,0,13.8607,2085.09
917,1,0,0,13.8475,2016.59
916,1,0,0,13.8473,2015.68
906,1,0,0,13.8235,1891.34
889,1,0,0,13.8122,1832.97
890,1,0,0,13.8055,1797.06
2013,1,0,0,13.786,1693.84
1988,1,0,0,13.7684,1599.98
417,1,0,0,13.7479,1495.37
418,1,0,0,13.7439,1474.43
1741,1,0,0,13.7382,1442.44
1740,1,0,0,13.7344,1421.91
1739,1,0,0,13.7297,1395.5
401,1,0,0,13.7191,1338.14
393,1,0,0,13.7059,1266.67
2136,1,0,0,13.6831,1141.76
2134,1,0,0,13.6718,1079.42
360,1,0,0,13.6391,906.015
361,1,0,0,13.6246,828.632
128,1,0,0,13.5695,523.193
126,1,0,0,13.561,479.066
125,1,0,0,13.5518,432.83
118,1,0,0,13.517,247.521
1968,1,0,0,13.4848,79.7523
110,1,0,0,13.47,0
1016,1,0,1,14.4432,5082,0.0881667,384.556,0.22,2
2029,1,0,1,14.4388,5058.25
1043,1,0,1,14.4387,5057.84
2158,1,0,1,14.4319,5023.06
2030,1,0,1,14.4279,5003.22
1041,1,0,1,14.4228,4976.64
1059,1,0,1,14.4139,4931.8
1058,1,0,1,14.4089,4906.55
1075,1,0,1,14.3914,4816.48
1072,1,0,1,14.3814,4765.04
1071,1,0,1,14.3712,4714.56
1090,1,0,1,14.3651,4677.34
1089,1,0,1,14.359,4644.02
1119,1,0,1,14.3504,4598.13
1118,1,0,1,14.3443,4564.54
2044,1,0,1,14.329,4484.98
2169,1,0,1,14.321,4443.96
2171,1,0,1,14.3164,4419.81
1549,1,0,1,14.3086,4379.66
1147,1,0,1,14.3011,4341.27
1327,1,0,1,14.2728,4193.3
1343,1,0,1,14.2722,4190.57
1355,1,0,1,14.2454,4051.15
1364,1,0,1,14.2453,4050.94
1362,1,0,1,14.2355,3998.96
1382,1,0,1,14.2155,3891.13
1390,1,0,1,14.194,3777.96
1402,1,0,1,14.1851,3728.99
110,1,0,2,14.9507,7672.26,0,0,0
111,1,0,2,14.9484,7656.38
1968,1,0,2,14.9389,7591.7
114,1,0,2,14.9334,7556.97
1719,1,0,2,14.8972,7359.36
1718,1,0,2,14.8773,7253.04
129,1,0,2,14.8533,7119.25
134,1,0,2,14.8476,7087.84
133,1,0,2,14.8368,7028.46
138,1,0,2,14.816,6923.88
184,1,0,2,14.7994,6834.28
440,1,0,2,14.779,6727.06
451,1,0,2,14.7625,6640.86
1716,1,0,2,14.76,6624.43
462,1,0,2,14.7509,6577.36
1990,1,0,2,14.7439,6524.67
463,1,0,2,14.7252,6428.15
474,1,0,2,14.7098,6348.91
2140,1,0,2,14.7008,6307.57
475,1,0,2,14.6958,6283.34
499,1,0,2,14.688,6243.75
500,1,0,2,14.6834,6220.35
518,1,0,2,14.6788,6196.24
1754,1,0,2,14.6752,6171.31
540,1,0,2,14.667,6128.84
541,1,0,2,14.6551,6069.02
572,1,0,2,14.6455,6019.35
1994,1,0,2,14.6329,5956.95
1993,1,0,2,14.6286,5935.46
1995,1,0,2,14.616,5877.72
1996,1,0,2,14.6101,5848.54
1997,1,0,2,14.6062,5828.64
2027,1,0,2,14.579,5698.42
2026,1,0,2,14.5732,5669.93
978,1,0,2,14.5659,5634.79
1010,1,0,2,14.551,5558.02
1016,1,0,2,14.5313,5466.56
410,1,1,0,11.3222,1462.66,0.0726667,316.95,0.06,1
398,1,1,0,11.3219,1461.45
397,1,1,0,11.3093,1392.89
390,1,1,0,11.2898,1291.33
382,1,1,0,11.2725,1199.86
376,1,1,0,11.2545,1103.09
369,1,1,0,11.235,998.232
360,1,1,0,11.2127,878.986
361,1,1,0,11.2001,809.873
128,1,1,0,11.1396,481.115
126,1,1,0,11.1323,442.296
125,1,1,0,11.126,408.059
118,1,1,0,11.0931,231.019
1968,1,1,0,11.0653,81.9493
110,1,1,0,11.05,0
710,1,1,1,11.6146,3117.52,0.0443333,193.369,0.36,2
1543,1,1,1,11.5931,2997.25
715,1,1,1,11.5883,2952.99
714,1,1,1,11.5844,2928.98
726,1,1,1,11.5842,2927.1
529,1,1,1,11.5705,2827.61
605,1,1,1,11.5557,2731
603,1,1,1,11.5506,2703.02
604,1,1,1,11.5463,2679.88
596,1,1,1,11.5462,2678.91
580,1,1,1,11.5378,2620.63
574,1,1,1,11.5205,2527.39
573,1,1,1,11.5105,2471.49
564,1,1,1,11.5028,2430.34
557,1,1,1,11.4967,2396.35
561,1,1,1,11.49,2349.83
628,1,1,1,11.4855,2324.18
609,1,1,1,11.4728,2247.52
423,1,1,1,11.4669,2191.2
419,1,1,1,11.4622,2156.76
418,1,1,1,11.4469,2071.84
2139,1,1,1,11.443,2050.41
2138,1,1,1,11.4246,1948.97
411,1,1,1,11.411,1874.15
412,1,1,1,11.4085,1855.14
398,1,1,1,11.3951,1780.81
410,1,1,1,11.3948,1779.61
110,1,1,2,11.9654,5064.79,0,0,0
1968,1,1,2,11.9503,4983.75
114,1,1,2,11.9451,4949.43
1719,1,1,2,11.9021,4722.82
1718,1,1,2,11.8866,4635.77
129,1,1,2,11.8622,4499.9
134,1,1,2,11.8558,4465.51
133,1,1,2,11.843,4397.31
138,1,1,2,11.8221,4292.72
184,1,1,2,11.8029,4191.76
440,1,1,2,11.7862,4100.57
451,1,1,2,11.7674,4004.86
1716,1,1,2,11.765,3988.43
462,1,1,2,11.7546,3936.01
1990,1,1,2,11.7468,3882.98
452,1,1,2,11.7418,3850.54
453,1,1,2,11.7304,3763.36
455,1,1,2,11.718,3693.43
454,1,1,2,11.7152,3677.82
457,1,1,2,11.7085,3623.85
456,1,1,2,11.7033,3594.41
458,1,1,2,11.6939,3533.26
459,1,1,2,11.6879,3488.16
1543,1,1,2,11.6786,3425.93
710,1,1,2,11.6589,3310.88
501,1,2,0,13.1621,1508.45,0.0531667,231.897,0.2,1
502,1,2,0,13.1569,1482.92
473,1,2,0,13.1467,1434.29
2141,1,2,0,13.1465,1433.31
2140,1,2,0,13.1334,1367.84
475,1,2,0,13.1275,1339.48
474,1,2,0,13.1234,1318.65
463,1,2,0,13.1061,1231.14
1990,1,2,0,13.0876,1135.57
462,1,2,0,13.0781,1080.35
461,1,2,0,13.0756,1065.62
1716,1,2,0,13.0672,1021.71
451,1,2,0,13.0626,997.904
440,1,2,0,13.0456,909.841
184,1,2,0,13.0297,821.613
138,1,2,0,13.0124,728.996
133,1,2,0,12.9971,647.895
134,1,2,0,12.9895,595.939
129,1,2,0,12.9814,554.222
1718,1,2,0,12.958,423.217
1719,1,2,0,12.9389,320.2
114,1,2,0,12.9004,112.847
1968,1,2,0,12.8942,77.2014
110,1,2,0,12.88,0
110,1,2,1,13.4875,3201.12,0,0,0
1968,1,2,1,13.4724,3120.32
114,1,2,1,13.4665,3085.13
1719,1,2,1,13.4313,2891.86
1718,1,2,1,13.4132,2793.33
129,1,2,1,13.3892,2659.57
134,1,2,1,13.3843,2631.07
133,1,2,1,13.3723,2566.23
138,1,2,1,13.3514,2461.65
184,1,2,1,13.3347,2371.26
440,1,2,1,13.3121,2254.88
451,1,2,1,13.2958,2169.46
1716,1,2,1,13.2934,2153.04
462,1,2,1,13.2862,2114.22
1990,1,2,1,13.2783,2061.18
463,1,2,1,13.2612,1971.14
474,1,2,1,13.2473,1898.15
2140,1,2,1,13.2391,1860.32
2141,1,2,1,13.2309,1815.34
473,1,2,1,13.2308,1814.58
502,1,2,1,13.2217,1770.68
501,1,2,1,13.2153,1740.35
410,2,0,0,11.3222,1462.66,0.0726667,316.95,0.06,1
398,2,0,0,11.3219,1461.45
397,2,0,0,11.3093,1392.89
390,2,0,0,11.2898,1291.33
382,2,0,0,11.2725,1199.86
376,2,0,0,11.2545,1103.09
369,2,0,0,11.235,998.232
360,2,0,0,11.2127,878.986
361,2,0,0,11.2001,809.873
128,2,0,0,11.1396,481.115
126,2,0,0,11.1323,442.296
125,2,0,0,11.126,408.059
118,2,0,0,11.0931,231.019
1968,2,0,0,11.0653,81.9493
110,2,0,0,11.05,0
710,2,0,1,11.6146,3117.52,0.0443333,193.369,0.36,2
1543,2,0,1,11.5931,2997.25
715,2,0,1,11.5883,2952.99
714,2,0,1,11.5844,2928.98
726,2,0,1,11.5842,2927.1
529,2,0,1,11.5705,2827.61
605,2,0,1,11.5557,2731
603,2,0,1,11.5506,2703.02
604,2,0,1,11.5463,2679.88
596,2,0,1,11.5462,2678.91
580,2,0,1,11.5378,2620.63
574,2,0,1,11.5205,2527.39
573,2,0,1,11.5105,2471.49
564,2,0,1,11.5028,2430.34
557,2,0,1,11.4967,2396.35
561,2,0,1,11.49,2349.83
628,2,0,1,11.4855,2324.18
609,2,0,1,11.4728,2247.52
423,2,0,1,11.4669,2191.2
419,2,0,1,11.4622,2156.76
418,2,0,1,11.4469,2071.84
2139,2,0,1,11.443,2050.41
2138,2,0,1,11.4246,1948.97
411,2,0,1,11.411,1874.15
412,2,0,1,11.4085,1855.14
398,2,0,1,11.3951,1780.81
410,2,0,1,11.3948,1779.61
110,2,0,2,11.9654,5064.79,0,0,0
1968,2,0,2,11.9503,4983.75
114,2,0,2,11.9451,4949.43
1719,2,0,2,11.9021,4722.82
1718,2,0,2,11.8866,4635.77
129,2,0,2,11.8622,4499.9
134,2,0,2,11.8558,4465.51
133,2,0,2,11.843,4397.31
138,2,0,2,11.8221,4292.72
184,2,0,2,11.8029,4191.76
440,2,0,2,11.7862,4100.57
451,2,0,2,11.7674,4004.86
1716,2,0,2,11.765,3988.43
462,2,0,2,11.7546,3936.01
1990,2,0,2,11.7468,3882.98
452,2,0,2,11.7418,3850.54
453,2,0,2,11.7304,3763.36
455,2,0,2,11.718,3693.43
454,2,0,2,11.7152,3677.82
457,2,0,2,11.7085,3623.85
456,2,0,2,11.7033,3594.41
458,2,0,2,11.6939,3533.26
459,2,0,2,11.6879,3488.16
1543,2,0,2,11.6786,3425.93
710,2,0,2,11.6589,3310.88
501,2,1,0,13.6596,1510.92,0.0531667,231.897,0.2,1
502,2,1,0,13.6544,1485.38
473,2,1,0,13.6465,1446.3
2141,2,1,0,13.6463,1445.32
1750,2,1,0,13.642,1424.02
477,2,1,0,13.6375,1400.71
453,2,1,0,13.6085,1243.21
446,2,1,0,13.6002,1195.77
442,2,1,0,13.5885,1137.28
1857,2,1,0,13.5797,1091.26
441,2,1,0,13.5736,1062.09
185,2,1,0,13.5626,1004.16
177,2,1,0,13.5503,938.786
184,2,1,0,13.5303,829.279
138,2,1,0,13.5136,739.414
133,2,1,0,13.4997,664.29
134,2,1,0,13.4921,612.333
129,2,1,0,13.485,574.749
1718,2,1,0,13.4591,432.78
1720,2,1,0,13.452,394.625
1719,2,1,0,13.4393,321.152
114,2,1,0,13.4016,117.424
1968,2,1,0,13.3948,79.7523
110,2,1,0,13.38,0
1402,2,1,1,14.1438,3925.73,0.0816667,356.205,0.16,2
1390,2,1,1,14.1346,3875.67
1382,2,1,1,14.1044,3725.93
1362,2,1,1,14.0817,3606.92
1361,2,1,1,14.0767,3579.93
1354,2,1,1,14.0766,3579.74
1355,2,1,1,14.0641,3520.08
2076,2,1,1,14.0623,3510.96
1356,2,1,1,14.0539,3468.25
1357,2,1,1,14.0531,3464.53
1349,2,1,1,14.0396,3396.36
1348,2,1,1,14.039,3393.03
1340,2,1,1,14.0385,3390.49
1339,2,1,1,14.0332,3362.77
1329,2,1,1,14.0222,3304.43
1158,2,1,1,14.0072,3228.1
2048,2,1,1,13.9871,3122.06
1131,2,1,1,13.9815,3093.19
1130,2,1,1,13.9757,3064.26
1129,2,1,1,13.9605,2990.07
1121,2,1,1,13.9445,2904.14
1120,2,1,1,13.9405,2882.96
1094,2,1,1,13.9356,2857.02
1091,2,1,1,13.9255,2806.29
1092,2,1,1,13.9203,2780.39
1074,2,1,1,13.9145,2749.97
1073,2,1,1,13.9061,2705.29
1057,2,1,1,13.8863,2606.3
1042,2,1,1,13.881,2579.4
2030,2,1,1,13.8738,2541.56
1011,2,1,1,13.8735,2540.11
1547,2,1,1,13.8561,2457.47
1546,2,1,1,13.8507,2430.1
975,2,1,1,13.8473,2412.13
2026,2,1,1,13.8408,2377.86
2027,2,1,1,13.8357,2352.02
1998,2,1,1,13.8253,2299.32
1997,2,1,1,13.8167,2255.7
1996,2,1,1,13.8108,2227.41
1995,2,1,1,13.8026,2189.09
1993,2,1,1,13.7935,2145.41
1994,2,1,1,13.7892,2123.93
572,2,1,1,13.7822,2085.28
541,2,1,1,13.77,2024.92
540,2,1,1,13.7596,1971.28
1754,2,1,1,13.7512,1927.61
518,2,1,1,13.7433,1887.64
500,2,1,1,13.7383,1861.85
501,2,1,1,13.7128,1742.82
1016,2,1,2,14.4835,5634.95,0.0881667,384.556,0.22,3
2029,2,1,2,14.4791,5611.2
1043,2,1,2,14.479,5610.79
2158,2,1,2,14.4722,5576.01
2030,2,1,2,14.4683,5556.17
1041,2,1,2,14.4631,5529.59
1059,2,1,2,14.4543,5484.75
1058,2,1,2,14.4493,5459.5
1075,2,1,2,14.4317,5369.43
1072,2,1,2,14.4217,5317.99
1071,2,1,2,14.4115,5267.51
1090,2,1,2,14.4055,5230.29
1089,2,1,2,14.3994,5196.97
1119,2,1,2,14.3908,5151.08
1118,2,1,2,14.3846,5117.49
2044,2,1,2,14.3694,5037.93
2169,2,1,2,14.3614,4996.91
2171,2,1,2,14.3567,4972.76
1549,2,1,2,14.3489,4932.61
1147,2,1,2,14.3415,4894.22
1327,2,1,2,14.3131,4746.25
1343,2,1,2,14.3125,4743.51
1355,2,1,2,14.2857,4604.1
1364,2,1,2,14.2857,4603.89
1362,2,1,2,14.2759,4551.9
1382,2,1,2,14.2558,4444.08
1390,2,1,2,14.2343,4330.9
1402,2,1,2,14.2254,4281.94
110,2,1,3,14.9911,8225.21,0,0,0
111,2,1,3,14.9887,8209.33
1968,2,1,3,14.9793,8144.65
114,2,1,3,14.9737,8109.92
1719,2,1,3,14.9375,7912.3
1718,2,1,3,14.9176,7805.99
129,2,1,3,14.8936,7672.2
134,2,1,3,14.8879,7640.78
133,2,1,3,14.8772,7581.41
138,2,1,3,14.8563,7476.83
184,2,1,3,14.8397,7387.22
440,2,1,3,14.8193,7280
451,2,1,3,14.8028,7193.81
1716,2,1,3,14.8004,7177.38
462,2,1,3,14.7912,7130.31
1990,2,1,3,14.7842,7077.61
463,2,1,3,14.7655,6981.09
474,2,1,3,14.7501,6901.85
2140,2,1,3,14.7411,6860.52
475,2,1,3,14.7361,6836.29
499,2,1,3,14.7284,6796.7
500,2,1,3,14.7238,6773.29
518,2,1,3,14.7192,6749.19
1754,2,1,3,14.7155,6724.26
540,2,1,3,14.7073,6681.79
541,2,1,3,14.6955,6621.97
572,2,1,3,14.6859,6572.3
1994,2,1,3,14.6732,6509.9
1993,2,1,3,14.669,6488.41
1995,2,1,3,14.6563,6430.66
1996,2,1,3,14.6504,6401.48
1997,2,1,3,14.6465,6381.58
2027,2,1,3,14.6193,6251.36
2026,2,1,3,14.6135,6222.88
978,2,1,3,14.6062,6187.74
1010,2,1,3,14.5914,6110.97
1016,2,1,3,14.5716,6019.51
501,3,0,0,11.7539,1433.41,0.0743333,324.22,0.22,1
502,3,0,0,11.7486,1407.87
473,3,0,0,11.739,1361.69
2141,3,0,0,11.7388,1360.71
2140,3,0,0,11.7304,1314.68
475,3,0,0,11.7275,1299.26
474,3,0,0,11.7234,1278.25
463,3,0,0,11.7086,1201.35
1990,3,0,0,11.6951,1126.94
462,3,0,0,11.6864,1072.9
461,3,0,0,11.684,1058.4
1716,3,0,0,11.6758,1015.28
451,3,0,0,11.6714,992.322
440,3,0,0,11.6554,908.617
184,3,0,0,11.6385,816.223
138,3,0,0,11.6228,730.3
133,3,0,0,11.6085,653.53
134,3,0,0,11.6009,601.574
129,3,0,0,11.5933,561.93
1718,3,0,0,11.5669,417.674
1719,3,0,0,11.5502,325.295
114,3,0,0,11.5123,120.486
1968,3,0,0,11.5053,81.9493
110,3,0,0,11.49,0
710,3,0,1,11.958,2453.47,0.0443333,193.369,0.36,2
1543,3,0,1,11.9366,2333.21
459,3,0,1,11.9263,2269.8
488,3,0,1,11.8976,2112.91
2144,3,0,1,11.8809,2022.7
486,3,0,1,11.8796,2016.25
482,3,0,1,11.872,1976.94
2142,3,0,1,11.8669,1949.91
2143,3,0,1,11.8665,1948.14
480,3,0,1,11.8661,1946.24
478,3,0,1,11.8619,1924.17
477,3,0,1,11.8538,1881.98
1750,3,0,1,11.85,1861.72
2141,3,0,1,11.8436,1831.93
473,3,0,1,11.8434,1830.73
502,3,0,1,11.8343,1786.83
501,3,0,1,11.8282,1757.63
1016,3,0,2,12.1292,3369.07,0.0438333,191.188,0.28,3
1548,3,0,2,12.1223,3333.03
1012,3,0,2,12.118,3310.61
1014,3,0,2,12.1176,3308.41
989,3,0,2,12.1071,3252.55
990,3,0,2,12.0971,3202.29
704,3,0,2,12.0857,3144.55
2179,3,0,2,12.0855,3143.68
662,3,0,2,12.0793,3114.04
602,3,0,2,12.0684,3046.34
599,3,0,2,12.0645,3024.12
605,3,0,2,12.0606,3000.37
529,3,0,2,12.0434,2900.36
726,3,0,2,12.0286,2800.27
714,3,0,2,12.0284,2798.41
1543,3,0,2,12.0242,2768.44
710,3,0,2,12.0024,2646.84
1402,3,0,3,12.4363,4918.69,0.085,370.744,0.2,4
1390,3,0,3,12.4262,4864.29
1382,3,0,3,12.403,4743.98
1362,3,0,3,12.3791,4619.7
1361,3,0,3,12.3742,4593.25
1354,3,0,3,12.3741,4593.06
1355,3,0,3,12.3678,4559.22
2076,3,0,3,12.366,4550.11
1356,3,0,3,12.3602,4518.45
1357,3,0,3,12.3594,4514.73
1349,3,0,3,12.3482,4456.01
1348,3,0,3,12.3472,4450.96
1340,3,0,3,12.3467,4448.42
1339,3,0,3,12.3407,4417.99
1329,3,0,3,12.3278,4351.43
1158,3,0,3,12.3137,4278.91
2048,3,0,3,12.2934,4171.91
1131,3,0,3,12.2882,4144.68
1130,3,0,3,12.2824,4115.75
1129,3,0,3,12.263,4024.95
1121,3,0,3,12.2437,3925.02
1095,3,0,3,12.2357,3886.22
1093,3,0,3,12.228,3845.49
1074,3,0,3,12.2214,3809.29
1077,3,0,3,12.2111,3755.24
1080,3,0,3,12.1978,3688.79
1079,3,0,3,12.1901,3650.11
1061,3,0,3,12.1859,3628.82
1063,3,0,3,12.1825,3611.01
1062,3,0,3,12.1814,3603.94
2159,3,0,3,12.1812,3603.04
1045,3,0,3,12.1805,3599.89
1043,3,0,3,12.1774,3584.03
2029,3,0,3,12.1773,3583.62
1016,3,0,3,12.1731,3560.25
410,3,0,4,12.932,7451.77,0.109667,478.333,0.09,5
1986,3,0,4,12.9064,7326.03
883,3,0,4,12.8771,7172.67
882,3,0,4,12.8654,7109.1
2155,3,0,4,12.8616,7090.37
901,3,0,4,12.8281,6915.07
902,3,0,4,12.8143,6841.86
904,3,0,4,12.7996,6764.46
925,3,0,4,12.7768,6639.44
2019,3,0,4,12.7709,6610.13
929,3,0,4,12.7705,6608.15
938,3,0,4,12.7584,6542.02
950,3,0,4,12.7424,6460.99
951,3,0,4,12.736,6427.74
949,3,0,4,12.7244,6368.45
1302,3,0,4,12.6977,6228.78
1307,3,0,4,12.6825,6145
1308,3,0,4,12.6709,6083.95
1309,3,0,4,12.6535,5993.85
1314,3,0,4,12.6529,5990.98
2165,3,0,4,12.6339,5892.71
2071,3,0,4,12.6143,5786.86
1359,3,0,4,12.5944,5679.63
1370,3,0,4,12.5934,5675.18
1360,3,0,4,12.5707,5550.16
1382,3,0,4,12.5532,5457.91
1390,3,0,4,12.5323,5347.28
1402,3,0,4,12.5213,5289.44
110,3,0,5,13.3239,9505.78,0,0,0
1968,3,0,5,13.3088,9424.98
1969,3,0,5,13.2967,9348.63
115,3,0,5,13.2942,9334.21
2113,3,0,5,13.2894,9308.14
2133,3,0,5,13.1694,8630.62
366,3,0,5,13.1657,8603.99
2134,3,0,5,13.1547,8542.45
2136,3,0,5,13.1428,8477.53
393,3,0,5,13.1137,8325.64
401,3,0,5,13.0989,8247.18
400,3,0,5,13.0728,8104.08
411,3,0,5,13.0585,8029.53
412,3,0,5,13.0564,8010.02
398,3,0,5,13.042,7931.31
410,3,0,5,13.0417,7930.1
410,4,0,0,11.7022,1462.66,0.0726667,316.95,0.06,1
398,4,0,0,11.7019,1461.45
397,4,0,0,11.6893,1392.89
390,4,0,0,11.6698,1291.33
382,4,0,0,11.6525,1199.86
376,4,0,0,11.6345,1103.09
369,4,0,0,11.615,998.232
360,4,0,0,11.5927,878.986
361,4,0,0,11.5801,809.873
128,4,0,0,11.5196,481.115
126,4,0,0,11.5123,442.296
125,4,0,0,11.506,408.059
118,4,0,0,11.4731,231.019
1968,4,0,0,11.4453,81.9493
110,4,0,0,11.43,0
710,4,0,1,11.9946,3117.52,0.0443333,193.369,0.36,2
1543,4,0,1,11.9731,2997.25
715,4,0,1,11.9683,2952.99
714,4,0,1,11.9644,2928.98
726,4,0,1,11.9642,2927.1
529,4,0,1,11.9505,2827.61
605,4,0,1,11.9357,2731
603,4,0,1,11.9306,2703.02
604,4,0,1,11.9263,2679.88
596,4,0,1,11.9262,2678.91
580,4,0,1,11.9178,2620.63
574,4,0,1,11.9005,2527.39
573,4,0,1,11.8905,2471.49
564,4,0,1,11.8828,2430.34
557,4,0,1,11.8767,2396.35
561,4,0,1,11.87,2349.83
628,4,0,1,11.8655,2324.18
609,4,0,1,11.8528,2247.52
423,4,0,1,11.8469,2191.2
419,4,0,1,11.8422,2156.76
418,4,0,1,11.8269,2071.84
2139,4,0,1,11.823,2050.41
2138,4,0,1,11.8046,1948.97
411,4,0,1,11.791,1874.15
412,4,0,1,11.7885,1855.14
398,4,0,1,11.7751,1780.81
410,4,0,1,11.7748,1779.61
1402,4,0,2,12.4187,5338.74,0.085,370.744,0.2,3
1390,4,0,2,12.4086,5284.34
1382,4,0,2,12.3861,5167.23
1362,4,0,2,12.3668,5062.4
1361,4,0,2,12.3623,5037.88
1354,4,0,2,12.3623,5037.69
1355,4,0,2,12.3568,5007.65
2076,4,0,2,12.355,4998.54
1356,4,0,2,12.3462,4954.1
1357,4,0,2,12.3454,4950.38
1349,4,0,2,12.3321,4882.98
1348,4,0,2,12.3313,4878.64
1340,4,0,2,12.3308,4876.09
1339,4,0,2,12.3246,4844.97
1329,4,0,2,12.3122,4780.37
1158,4,0,2,12.2949,4694.54
2048,4,0,2,12.2746,4587.66
1131,4,0,2,12.2694,4560.43
1130,4,0,2,12.2636,4531.5
1129,4,0,2,12.2443,4440.71
1121,4,0,2,12.225,4340.78
1095,4,0,2,12.2169,4301.97
1093,4,0,2,12.2092,4261.25
1074,4,0,2,12.2026,4225.05
1077,4,0,2,12.1923,4170.99
1080,4,0,2,12.179,4104.54
1079,4,0,2,12.1714,4065.86
1061,4,0,2,12.1671,4044.57
1063,4,0,2,12.1637,4026.76
1062,4,0,2,12.1626,4019.69
2159,4,0,2,12.1625,4018.79
1045,4,0,2,12.1618,4015.64
1012,4,0,2,12.1545,3974.66
1014,4,0,2,12.1541,3972.45
989,4,0,2,12.1436,3916.59
990,4,0,2,12.1336,3866.33
704,4,0,2,12.1223,3808.59
2179,4,0,2,12.1221,3807.73
662,4,0,2,12.1159,3778.08
602,4,0,2,12.1049,3710.39
599,4,0,2,12.101,3688.16
605,4,0,2,12.0972,3664.41
529,4,0,2,12.0799,3564.4
726,4,0,2,12.0652,3464.31
714,4,0,2,12.065,3462.45
1543,4,0,2,12.0607,3432.49
710,4,0,2,12.0389,3310.88
1016,4,0,3,12.7691,7087.39,0.0438333,191.188,0.28,4
2029,4,0,3,12.7626,7054.38
1043,4,0,3,12.7625,7053.96
2158,4,0,3,12.7534,7009.82
2030,4,0,3,12.7494,6989.98
1041,4,0,3,12.7447,6964.99
1059,4,0,3,12.7365,6923.15
1058,4,0,3,12.7313,6897.09
1056,4,0,3,12.7249,6862.66
1072,4,0,3,12.7073,6771.76
1071,4,0,3,12.6991,6729.65
1090,4,0,3,12.6909,6685.01
1089,4,0,3,12.6842,6649.15
1119,4,0,3,12.6771,6609.92
1118,4,0,3,12.6703,6573.72
2044,4,0,3,12.6542,6490.47
2169,4,0,3,12.6477,6455.59
2171,4,0,3,12.6435,6433.46
2046,4,0,3,12.6373,6402.23
1778,4,0,3,12.6119,6273.72
1327,4,0,3,12.6006,6212.94
1343,4,0,3,12.6,6210.21
1355,4,0,3,12.5753,6079.39
1364,4,0,3,12.5752,6079.18
1362,4,0,3,12.565,6025.55
1382,4,0,3,12.5356,5877.96
1390,4,0,3,12.5147,5767.32
1402,4,0,3,12.5037,5709.48
501,4,0,4,13.0036,8204.08,0.0531667,231.897,0.2,5
1747,4,0,4,12.9969,8171.47
1746,4,0,4,12.9677,8026.97
1745,4,0,4,12.9568,7972.91
1844,4,0,4,12.9362,7872.68
575,4,0,4,12.9335,7856.62
571,4,0,4,12.9297,7836.65
570,4,0,4,12.9251,7814.32
569,4,0,4,12.9194,7786.73
640,4,0,4,12.9141,7759.71
649,4,0,4,12.9076,7728.37
646,4,0,4,12.9012,7697.49
691,4,0,4,12.8934,7660.73
689,4,0,4,12.8696,7549.84
979,4,0,4,12.8599,7505.8
980,4,0,4,12.8547,7479.73
978,4,0,4,12.8511,7461.24
1010,4,0,4,12.8354,7381.09
1016,4,0,4,12.8129,7278.58
110,4,0,5,13.3289,9896.75,0,0,0
1968,4,0,5,13.3139,9815.95
114,4,0,5,13.308,9780.76
1719,4,0,5,13.2727,9587.5
1718,4,0,5,13.2547,9488.96
129,4,0,5,13.2307,9355.21
134,4,0,5,13.2258,9326.7
133,4,0,5,13.2138,9261.86
138,4,0,5,13.1929,9157.28
184,4,0,5,13.1761,9066.89
440,4,0,5,13.1536,8950.51
451,4,0,5,13.1372,8865.09
1716,4,0,5,13.1348,8848.67
462,4,0,5,13.1276,8809.85
1990,4,0,5,13.1198,8756.81
463,4,0,5,13.1026,8666.78
474,4,0,5,13.0888,8593.78
2140,4,0,5,13.0806,8555.95
2141,4,0,5,13.0724,8510.97
473,4,0,5,13.0722,8510.21
502,4,0,5,13.0632,8466.31
501,4,0,5,13.0568,8435.98
410,5,0,0,11.7022,1462.66,0.0726667,316.95,0.06,1
398,5,0,0,11.7019,1461.45
397,5,0,0,11.6893,1392.89
390,5,0,0,11.6698,1291.33
382,5,0,0,11.6525,1199.86
376,5,0,0,11.6345,1103.09
369,5,0,0,11.615,998.232
360,5,0,0,11.5927,878.986
361,5,0,0,11.5801,809.873
128,5,0,0,11.5196,481.115
126,5,0,0,11.5123,442.296
125,5,0,0,11.506,408.059
118,5,0,0,11.4731,231.019
1968,5,0,0,11.4453,81.9493
110,5,0,0,11.43,0
710,5,0,1,11.9946,3117.52,0.0443333,193.369,0.36,2
1543,5,0,1,11.9731,2997.25
715,5,0,1,11.9683,2952.99
714,5,0,1,11.9644,2928.98
726,5,0,1,11.9642,2927.1
529,5,0,1,11.9505,2827.61
605,5,0,1,11.9357,2731
603,5,0,1,11.9306,2703.02
604,5,0,1,11.9263,2679.88
596,5,0,1,11.9262,2678.91
580,5,0,1,11.9178,2620.63
574,5,0,1,11.9005,2527.39
573,5,0,1,11.8905,2471.49
564,5,0,1,11.8828,2430.34
557,5,0,1,11.8767,2396.35
561,5,0,1,11.87,2349.83
628,5,0,1,11.8655,2324.18
609,5,0,1,11.8528,2247.52
423,5,0,1,11.8469,2191.2
419,5,0,1,11.8422,2156.76
418,5,0,1,11.8269,2071.84
2139,5,0,1,11.823,2050.41
2138,5,0,1,11.8046,1948.97
411,5,0,1,11.791,1874.15
412,5,0,1,11.7885,1855.14
398,5,0,1,11.7751,1780.81
410,5,0,1,11.7748,1779.61
501,5,0,2,12.1653,4004.15,0.102667,447.801,0.22,3
1747,5,0,2,12.1585,3971.54
505,5,0,2,12.1534,3945.32
506,5,0,2,12.1359,3864.64
507,5,0,2,12.1286,3829.61
510,5,0,2,12.1178,3778.53
509,5,0,2,12.1126,3753.11
508,5,0,2,12.1077,3726.5
512,5,0,2,12.0999,3687.28
511,5,0,2,12.0961,3668.12
2145,5,0,2,12.0954,3664.9
2146,5,0,2,12.0838,3600.57
529,5,0,2,12.0799,3564.4
726,5,0,2,12.0652,3464.31
714,5,0,2,12.065,3462.45
1543,5,0,2,12.0607,3432.49
710,5,0,2,12.0389,3310.88
1402,5,0,3,12.6748,6528.05,0.085,370.744,0.2,4
1390,5,0,3,12.6647,6473.65
1382,5,0,3,12.6422,6356.54
1362,5,0,3,12.6229,6251.71
1361,5,0,3,12.6184,6227.19
1354,5,0,3,12.6183,6227
1355,5,0,3,12.6129,6196.96
2076,5,0,3,12.6111,6187.84
1356,5,0,3,12.6023,6143.41
1357,5,0,3,12.6015,6139.69
1349,5,0,3,12.5882,6072.29
1348,5,0,3,12.5874,6067.95
1340,5,0,3,12.5869,6065.4
1339,5,0,3,12.5807,6034.28
1329,5,0,3,12.5683,5969.68
1158,5,0,3,12.551,5883.85
2048,5,0,3,12.5308,5777.27
1131,5,0,3,12.5253,5748.9
1130,5,0,3,12.5195,5719.97
1129,5,0,3,12.5007,5631.33
1121,5,0,3,12.4814,5531.4
1095,5,0,3,12.4733,5492.59
1093,5,0,3,12.4656,5451.87
1074,5,0,3,12.4591,5415.67
1073,5,0,3,12.4473,5356.8
1057,5,0,3,12.4291,5264.11
1042,5,0,3,12.4238,5237.73
2030,5,0,3,12.4168,5200.7
1011,5,0,3,12.4167,5199.85
1547,5,0,3,12.4024,5129.73
1546,5,0,3,12.3973,5104.04
975,5,0,3,12.3941,5086.89
2026,5,0,3,12.388,5054.16
2027,5,0,3,12.3804,5018.35
1998,5,0,3,12.3704,4967.25
1997,5,0,3,12.3622,4925.17
1996,5,0,3,12.3559,4895.54
1995,5,0,3,12.3493,4863.46
1993,5,0,3,12.3442,4836.65
1994,5,0,3,12.34,4815.17
572,5,0,3,12.3329,4776.05
541,5,0,3,12.324,4729.48
540,5,0,3,12.3133,4674.57
1754,5,0,3,12.3047,4630.38
518,5,0,3,12.2961,4587.43
500,5,0,3,12.2905,4559
501,5,0,3,12.2679,4451.95
1016,5,0,4,13.0252,8276.7,0.0561667,244.982,0.25,5
2029,5,0,4,13.0186,8243.69
1043,5,0,4,13.0186,8243.27
2158,5,0,4,13.0095,8199.12
2030,5,0,4,13.0055,8179.29
1041,5,0,4,13.0008,8154.3
1059,5,0,4,12.9926,8112.46
1058,5,0,4,12.9874,8086.4
1056,5,0,4,12.981,8051.96
1072,5,0,4,12.9634,7961.06
1071,5,0,4,12.9552,7918.96
1090,5,0,4,12.9469,7874.32
1089,5,0,4,12.9403,7838.46
1119,5,0,4,12.9332,7799.23
1118,5,0,4,12.9264,7763.03
2044,5,0,4,12.9103,7679.78
2169,5,0,4,12.9038,7644.9
2171,5,0,4,12.8996,7622.76
2046,5,0,4,12.8934,7591.54
1778,5,0,4,12.868,7463.03
1327,5,0,4,12.8567,7402.25
1343,5,0,4,12.8561,7399.52
1355,5,0,4,12.8314,7268.7
1364,5,0,4,12.8313,7268.49
1362,5,0,4,12.8211,7214.86
1382,5,0,4,12.7917,7067.27
1390,5,0,4,12.7707,6956.63
1402,5,0,4,12.7598,6898.79
110,5,0,5,13.5032,10718,0,0,0
1968,5,0,5,13.4881,10637.2
114,5,0,5,13.4823,10602
1719,5,0,5,13.4467,10407.2
1718,5,0,5,13.4284,10307.8
129,5,0,5,13.4041,10172.7
134,5,0,5,13.3968,10134.3
133,5,0,5,13.3841,10066.7
138,5,0,5,13.3633,9962.14
184,5,0,5,13.3456,9867.87
440,5,0,5,13.3246,9758.01
451,5,0,5,13.3082,9672.59
1716,5,0,5,13.3058,9656.17
462,5,0,5,13.2986,9617.35
1990,5,0,5,13.2908,9564.31
463,5,0,5,13.2736,9474.27
474,5,0,5,13.2598,9401.28
2140,5,0,5,13.2516,9363.45
475,5,0,5,13.2449,9332.18
499,5,0,5,13.2371,9292.59
500,5,0,5,13.2325,9269.18
518,5,0,5,13.227,9241
1754,5,0,5,13.2138,9179.14
540,5,0,5,13.2052,9135.24
541,5,0,5,13.1945,9080.09
572,5,0,5,13.1858,9034.33
1994,5,0,5,13.1761,8984.05
1993,5,0,5,13.1718,8962.57
1995,5,0,5,13.165,8928.2
1996,5,0,5,13.1589,8898.26
1997,5,0,5,13.155,8878.36
2027,5,0,5,13.1301,8757.58
2026,5,0,5,13.1243,8729.1
978,5,0,5,13.1153,8687.1
1010,5,0,5,13.1015,8614.98
1016,5,0,5,13.0814,8521.68
410,6,0,0,12.6708,1541.88,0.109667,478.333,0.09,1
398,6,0,0,12.6705,1540.67
397,6,0,0,12.6594,1478.15
390,6,0,0,12.6382,1369.88
382,6,0,0,12.6194,1272
376,6,0,0,12.6016,1176.01
369,6,0,0,12.5825,1072.96
360,6,0,0,12.5606,955.448
361,6,0,0,12.5465,879.675
128,6,0,0,12.4736,498.056
126,6,0,0,12.4663,459.208
125,6,0,0,12.4567,411.058
118,6,0,0,12.4204,219.037
1968,6,0,0,12.3942,77.2014
110,6,0,0,12.38,0
1402,6,0,1,13.1908,4190.72,0.1085,473.244,0.18,2
1390,6,0,1,13.1806,4136.32
1382,6,0,1,13.1582,4019.21
1362,6,0,1,13.1388,3914.38
1361,6,0,1,13.1344,3889.87
1354,6,0,1,13.1343,3889.68
2188,6,0,1,13.1279,3855.92
2075,6,0,1,13.1069,3747.97
1822,6,0,1,13.1061,3743.97
1353,6,0,1,13.0971,3698.23
2118,6,0,1,13.0756,3582.06
2117,6,0,1,13.0731,3557.43
2164,6,0,1,13.0559,3444.28
1307,6,0,1,13.0392,3357.29
1302,6,0,1,13.0226,3267.05
949,6,0,1,12.9998,3144.25
2025,6,0,1,12.9964,3126.79
1598,6,0,1,12.993,3107.83
948,6,0,1,12.9862,3073.14
928,6,0,1,12.9746,3010.09
923,6,0,1,12.9383,2829.34
924,6,0,1,12.9301,2790.02
914,6,0,1,12.9096,2682.94
902,6,0,1,12.9034,2647.93
887,6,0,1,12.8867,2562.64
2012,6,0,1,12.8693,2470.99
884,6,0,1,12.8648,2448.05
1987,6,0,1,12.8274,2258.07
413,6,0,1,12.808,2160.38
414,6,0,1,12.8027,2132.73
410,6,0,1,12.7805,2020.22
1016,6,0,2,13.5624,6038.45,0.0561667,244.982,0.25,3
2029,6,0,2,13.5579,6014.21
1043,6,0,2,13.5578,6013.8
2158,6,0,2,13.5498,5974.21
2030,6,0,2,13.5459,5954.38
1041,6,0,2,13.5403,5925.89
1059,6,0,2,13.5307,5878.17
1058,6,0,2,13.5254,5851.61
1075,6,0,2,13.5085,5763.93
1072,6,0,2,13.4985,5712.58
1071,6,0,2,13.4906,5671.97
1090,6,0,2,13.4822,5626.4
1089,6,0,2,13.4764,5594.46
1119,6,0,2,13.4689,5553.11
1118,6,0,2,13.4622,5517.31
2044,6,0,2,13.4469,5437.45
1128,6,0,2,13.442,5411.22
1148,6,0,2,13.4359,5374.22
1549,6,0,2,13.4264,5329.7
1147,6,0,2,13.4207,5298.78
1327,6,0,2,13.3898,5140.07
1343,6,0,2,13.3892,5137.33
1355,6,0,2,13.3567,4974.06
1364,6,0,2,13.3567,4973.86
1362,6,0,2,13.3466,4920.61
1382,6,0,2,13.329,4823.38
1390,6,0,2,13.3095,4718.63
1402,6,0,2,13.2993,4663.96
501,6,0,3,13.7999,7179.14,0.0531667,231.897,0.2,4
1747,6,0,3,13.794,7150.13
1746,6,0,3,13.7635,7000.15
540,6,0,3,13.7424,6896.99
541,6,0,3,13.7317,6841.84
572,6,0,3,13.723,6796.08
1994,6,0,3,13.7132,6745.81
1993,6,0,3,13.709,6724.32
1995,6,0,3,13.7021,6689.95
1996,6,0,3,13.696,6660.01
1997,6,0,3,13.6921,6640.11
2027,6,0,3,13.6672,6519.34
2026,6,0,3,13.6614,6490.85
978,6,0,3,13.6524,6448.85
1010,6,0,3,13.6387,6376.73
1016,6,0,3,13.6185,6283.44
110,6,0,4,14.1252,8871.81,0,0,0
1968,6,0,4,14.1101,8791.01
114,6,0,4,14.1043,8755.82
1719,6,0,4,14.069,8562.55
1718,6,0,4,14.0509,8464.02
129,6,0,4,14.027,8330.26
134,6,0,4,14.0221,8301.76
133,6,0,4,14.01,8236.92
138,6,0,4,13.9892,8132.34
184,6,0,4,13.9724,8041.95
440,6,0,4,13.9499,7925.57
451,6,0,4,13.9335,7840.15
1716,6,0,4,13.9311,7823.73
462,6,0,4,13.9239,7784.91
1990,6,0,4,13.9161,7731.87
463,6,0,4,13.8989,7641.83
474,6,0,4,13.8851,7568.84
2140,6,0,4,13.8769,7531.01
2141,6,0,4,13.8687,7486.03
473,6,0,4,13.8685,7485.27
502,6,0,4,13.8595,7441.37
501,6,0,4,13.8531,7411.04
710,6,1,0,11.9284,1682.36,0.0443333,193.369,0.36,1
1543,6,1,0,11.9033,1546.36
459,6,1,0,11.8934,1483.42
458,6,1,0,11.8864,1437.75
456,6,1,0,11.8772,1376.86
457,6,1,0,11.8718,1346.64
454,6,1,0,11.8642,1292.68
455,6,1,0,11.8618,1278.37
453,6,1,0,11.8526,1212.8
446,6,1,0,11.844,1164.09
442,6,1,0,11.8358,1120.37
1857,6,1,0,11.8274,1076.3
441,6,1,0,11.8225,1051.98
185,6,1,0,11.8115,993.794
177,6,1,0,11.7989,927.553
184,6,1,0,11.7785,816.223
138,6,1,0,11.7628,730.3
133,6,1,0,11.7485,653.53
134,6,1,0,11.7409,601.574
129,6,1,0,11.7333,561.93
1718,6,1,0,11.7069,417.674
1719,6,1,0,11.6902,325.295
114,6,1,0,11.6523,120.486
1968,6,1,0,11.6453,81.9493
110,6,1,0,11.63,0
110,6,1,1,12.2792,3629.63,0,0,0
1968,6,1,1,12.2641,3548.6
114,6,1,1,12.2589,3514.27
1719,6,1,1,12.2159,3287.66
1718,6,1,1,12.2005,3200.61
129,6,1,1,12.176,3064.75
134,6,1,1,12.1696,3030.36
133,6,1,1,12.1568,2962.15
138,6,1,1,12.136,2857.57
184,6,1,1,12.1167,2756.61
440,6,1,1,12.1001,2665.42
451,6,1,1,12.0813,2569.71
1716,6,1,1,12.0789,2553.28
462,6,1,1,12.0685,2500.86
1990,6,1,1,12.0606,2447.83
452,6,1,1,12.0556,2415.39
453,6,1,1,12.0443,2328.21
455,6,1,1,12.0319,2258.28
454,6,1,1,12.029,2242.66
457,6,1,1,12.0223,2188.7
456,6,1,1,12.0172,2159.26
458,6,1,1,12.0077,2098.11
459,6,1,1,12.0018,2053.01
1543,6,1,1,11.9925,1990.78
710,6,1,1,11.9728,1875.73
410,7,0,0,11.3222,1462.66,0.0726667,316.95,0.06,1
398,7,0,0,11.3219,1461.45
397,7,0,0,11.3093,1392.89
390,7,0,0,11.2898,1291.33
382,7,0,0,11.2725,1199.86
376,7,0,0,11.2545,1103.09
369,7,0,0,11.235,998.232
360,7,0,0,11.2127,878.986
361,7,0,0,11.2001,809.873
128,7,0,0,11.1396,481.115
126,7,0,0,11.1323,442.296
125,7,0,0,11.126,408.059
118,7,0,0,11.0931,231.019
1968,7,0,0,11.0653,81.9493
110,7,0,0,11.05,0
710,7,0,1,11.6146,3117.52,0.0443333,193.369,0.36,2
1543,7,0,1,11.5931,2997.25
715,7,0,1,11.5883,2952.99
714,7,0,1,11.5844,2928.98
726,7,0,1,11.5842,2927.1
529,7,0,1,11.5705,2827.61
605,7,0,1,11.5557,2731
603,7,0,1,11.5506,2703.02
604,7,0,1,11.5463,2679.88
596,7,0,1,11.5462,2678.91
580,7,0,1,11.5378,2620.63
574,7,0,1,11.5205,2527.39
573,7,0,1,11.5105,2471.49
564,7,0,1,11.5028,2430.34
557,7,0,1,11.4967,2396.35
561,7,0,1,11.49,2349.83
628,7,0,1,11.4855,2324.18
609,7,0,1,11.4728,2247.52
423,7,0,1,11.4669,2191.2
419,7,0,1,11.4622,2156.76
418,7,0,1,11.4469,2071.84
2139,7,0,1,11.443,2050.41
2138,7,0,1,11.4246,1948.97
411,7,0,1,11.411,1874.15
412,7,0,1,11.4085,1855.14
398,7,0,1,11.3951,1780.81
410,7,0,1,11.3948,1779.61
110,7,0,2,11.9654,5064.79,0,0,0
1968,7,0,2,11.9503,4983.75
114,7,0,2,11.9451,4949.43
1719,7,0,2,11.9021,4722.82
1718,7,0,2,11.8866,4635.77
129,7,0,2,11.8622,4499.9
134,7,0,2,11.8558,4465.51
133,7,0,2,11.843,4397.31
138,7,0,2,11.8221,4292.72
184,7,0,2,11.8029,4191.76
440,7,0,2,11.7862,4100.57
451,7,0,2,11.7674,4004.86
1716,7,0,2,11.765,3988.43
462,7,0,2,11.7546,3936.01
1990,7,0,2,11.7468,3882.98
452,7,0,2,11.7418,3850.54
453,7,0,2,11.7304,3763.36
455,7,0,2,11.718,3693.43
454,7,0,2,11.7152,3677.82
457,7,0,2,11.7085,3623.85
456,7,0,2,11.7033,3594.41
458,7,0,2,11.6939,3533.26
459,7,0,2,11.6879,3488.16
1543,7,0,2,11.6786,3425.93
710,7,0,2,11.6589,3310.88
501,7,1,0,13.6596,1510.92,0.0531667,231.897,0.2,1
502,7,1,0,13.6544,1485.38
473,7,1,0,13.6465,1446.3
2141,7,1,0,13.6463,1445.32
1750,7,1,0,13.642,1424.02
477,7,1,0,13.6375,1400.71
453,7,1,0,13.6085,1243.21
446,7,1,0,13.6002,1195.77
442,7,1,0,13.5885,1137.28
1857,7,1,0,13.5797,1091.26
441,7,1,0,13.5736,1062.09
185,7,1,0,13.5626,1004.16
177,7,1,0,13.5503,938.786
184,7,1,0,13.5303,829.279
138,7,1,0,13.5136,739.414
133,7,1,0,13.4997,664.29
134,7,1,0,13.4921,612.333
129,7,1,0,13.485,574.749
1718,7,1,0,13.4591,432.78
1720,7,1,0,13.452,394.625
1719,7,1,0,13.4393,321.152
114,7,1,0,13.4016,117.424
1968,7,1,0,13.3948,79.7523
110,7,1,0,13.38,0
1016,7,1,1,13.8772,2559.29,0.0561667,244.982,0.25,2
1010,7,1,1,13.8682,2511.64
2026,7,1,1,13.8408,2377.86
2027,7,1,1,13.8357,2352.02
1998,7,1,1,13.8253,2299.32
1997,7,1,1,13.8167,2255.7
1996,7,1,1,13.8108,2227.41
1995,7,1,1,13.8026,2189.09
1993,7,1,1,13.7935,2145.41
1994,7,1,1,13.7892,2123.93
572,7,1,1,13.7822,2085.28
541,7,1,1,13.77,2024.92
540,7,1,1,13.7596,1971.28
1754,7,1,1,13.7512,1927.61
518,7,1,1,13.7433,1887.64
500,7,1,1,13.7383,1861.85
501,7,1,1,13.7128,1742.82
1402,7,1,2,14.1981,4171.66,0.0816667,356.205,0.16,3
1390,7,1,2,14.189,4121.61
1382,7,1,2,14.1634,3991.55
1362,7,1,2,14.1429,3881.56
1361,7,1,2,14.1387,3858.38
1354,7,1,2,14.1387,3858.19
1355,7,1,2,14.1322,3823.7
2076,7,1,2,14.1304,3814.59
1356,7,1,2,14.1228,3775.24
1357,7,1,2,14.122,3771.52
1349,7,1,2,14.1093,3706.57
1348,7,1,2,14.1087,3703.13
1340,7,1,2,14.1082,3700.59
1339,7,1,2,14.1026,3671.86
1330,7,1,2,14.0818,3563.11
1161,7,1,2,14.0725,3515.2
1162,7,1,2,14.0625,3462.21
1136,7,1,2,14.0438,3364.01
1138,7,1,2,14.0371,3329.65
1137,7,1,2,14.0312,3298.54
1123,7,1,2,14.0175,3232.39
1775,7,1,2,14.0089,3188.4
1102,7,1,2,13.9932,3109.22
1100,7,1,2,13.979,3039.82
1101,7,1,2,13.968,2983.18
1082,7,1,2,13.9596,2941.21
1079,7,1,2,13.9505,2894.19
1061,7,1,2,13.9462,2872.91
1063,7,1,2,13.943,2856.07
1062,7,1,2,13.942,2849.03
2159,7,1,2,13.9418,2848.04
1045,7,1,2,13.9411,2844.89
1043,7,1,2,13.9378,2828.21
2029,7,1,2,13.9377,2827.8
1016,7,1,2,13.9334,2804.27
110,7,1,3,14.9146,7948.32,0,0,0
1968,7,1,3,14.897,7856.71
1969,7,1,3,14.8845,7779.85
115,7,1,3,14.882,7765.39
2113,7,1,3,14.8765,7736.2
2133,7,1,3,14.7428,6998.83
366,7,1,3,14.7388,6972.03
2134,7,1,3,14.7296,6914.26
2136,7,1,3,14.7188,6854.11
393,7,1,3,14.6888,6698.35
401,7,1,3,14.6761,6628.9
1739,7,1,3,14.6662,6575.04
1742,7,1,3,14.6597,6540.56
1741,7,1,3,14.6533,6506.07
418,7,1,3,14.6458,6466.55
417,7,1,3,14.643,6450.86
1989,7,1,3,14.625,6358.28
2011,7,1,3,14.6049,6255.21
2156,7,1,3,14.5994,6226.77
2013,7,1,3,14.5987,6223.62
886,7,1,3,14.5877,6169
888,7,1,3,14.5709,6075.87
903,7,1,3,14.5598,6017.61
904,7,1,3,14.5563,5998.75
925,7,1,3,14.5362,5885.54
2019,7,1,3,14.5305,5857.25
929,7,1,3,14.5301,5855.27
938,7,1,3,14.5185,5791
950,7,1,3,14.5036,5714.34
951,7,1,3,14.4927,5662.71
949,7,1,3,14.4804,5600.46
1302,7,1,3,14.4554,5468.03
1307,7,1,3,14.4417,5390.6
1308,7,1,3,14.4305,5331.03
1309,7,1,3,14.4122,5237.67
1314,7,1,3,14.4116,5234.8
2165,7,1,3,14.3961,5151.36
2071,7,1,3,14.3753,5040.21
1317,7,1,3,14.3633,4972.8
2072,7,1,3,14.3443,4870.1
1323,7,1,3,14.3283,4786.41
1388,7,1,3,14.3276,4782.63
1389,7,1,3,14.3189,4734.73
1390,7,1,3,14.2886,4576.84
1402,7,1,3,14.2798,4527.87
410,8,0,0,13.4143,1471.19,0.074,322.766,0.11,1
398,8,0,0,13.414,1469.98
397,8,0,0,13.4032,1408.71
390,8,0,0,13.3833,1305.9
382,8,0,0,13.3669,1218.33
376,8,0,0,13.3499,1125.74
369,8,0,0,13.3301,1019.33
360,8,0,0,13.3091,906.015
361,8,0,0,13.2946,828.632
128,8,0,0,13.2395,523.193
126,8,0,0,13.231,479.066
125,8,0,0,13.2218,432.83
118,8,0,0,13.187,247.521
1968,8,0,0,13.1548,79.7523
110,8,0,0,13.14,0
1016,8,0,1,13.7027,2978.6,0.0561667,244.982,0.25,2
1010,8,0,1,13.6936,2930.95
2026,8,0,1,13.6662,2797.16
2027,8,0,1,13.6611,2771.32
1998,8,0,1,13.6507,2718.62
1997,8,0,1,13.6421,2675.01
1996,8,0,1,13.6362,2646.71
1995,8,0,1,13.628,2608.39
1993,8,0,1,13.6189,2564.72
1994,8,0,1,13.6146,2543.23
562,8,0,1,13.6051,2494.18
563,8,0,1,13.6014,2475.26
564,8,0,1,13.5957,2444.42
557,8,0,1,13.5898,2411.34
561,8,0,1,13.5831,2364.8
628,8,0,1,13.5788,2339.43
609,8,0,1,13.5666,2263.63
423,8,0,1,13.5607,2207.31
419,8,0,1,13.5554,2172.47
418,8,0,1,13.5371,2074.91
2139,8,0,1,13.5338,2055.44
2138,8,0,1,13.5174,1962.7
411,8,0,1,13.5051,1893.38
412,8,0,1,13.503,1873.87
398,8,0,1,13.4886,1795.16
410,8,0,1,13.4883,1793.95
1402,8,0,2,14.0235,4590.97,0.0816667,356.205,0.16,3
1390,8,0,2,14.0144,4540.91
1382,8,0,2,13.9889,4410.86
1362,8,0,2,13.9683,4300.86
1361,8,0,2,13.9641,4277.69
1354,8,0,2,13.9641,4277.5
1355,8,0,2,13.9576,4243
2076,8,0,2,13.9558,4233.89
1356,8,0,2,13.9482,4194.54
1357,8,0,2,13.9474,4190.82
1349,8,0,2,13.9347,4125.87
1348,8,0,2,13.9341,4122.44
1340,8,0,2,13.9336,4119.9
1339,8,0,2,13.928,4091.16
1330,8,0,2,13.9073,3982.42
1161,8,0,2,13.8979,3934.51
1162,8,0,2,13.8879,3881.51
1136,8,0,2,13.8692,3783.31
1138,8,0,2,13.8625,3748.95
1137,8,0,2,13.8566,3717.85
1123,8,0,2,13.8429,3651.7
1775,8,0,2,13.8343,3607.71
1102,8,0,2,13.8186,3528.52
1100,8,0,2,13.8044,3459.13
1101,8,0,2,13.7934,3402.48
1082,8,0,2,13.785,3360.52
1079,8,0,2,13.7759,3313.5
1061,8,0,2,13.7716,3292.21
1063,8,0,2,13.7684,3275.37
1062,8,0,2,13.7674,3268.33
2159,8,0,2,13.7672,3267.35
1045,8,0,2,13.7665,3264.2
1043,8,0,2,13.7632,3247.52
2029,8,0,2,13.7631,3247.1
1016,8,0,2,13.7588,3223.58
501,8,0,3,14.5255,7106.11,0.107,466.702,0.18,4
1747,8,0,3,14.5195,7076.89
1746,8,0,3,14.4909,6934.48
540,8,0,3,14.4739,6848.54
541,8,0,3,14.4614,6786.03
572,8,0,3,14.4509,6732.79
567,8,0,3,14.4408,6679.38
565,8,0,3,14.4386,6665.89
562,8,0,3,14.4319,6631.38
639,8,0,3,14.4285,6613.94
638,8,0,3,14.4228,6584.27
637,8,0,3,14.4178,6559.24
685,8,0,3,14.4068,6505.46
687,8,0,3,14.4016,6479.43
971,8,0,3,14.3869,6410.53
972,8,0,3,14.3796,6374.32
973,8,0,3,14.3649,6305.19
1008,8,0,3,14.3552,6257.09
1009,8,0,3,14.343,6195.51
1041,8,0,3,14.3429,6194.82
1059,8,0,3,14.334,6149.99
1058,8,0,3,14.329,6124.74
1075,8,0,3,14.3115,6034.67
1072,8,0,3,14.3015,5983.22
1071,8,0,3,14.2913,5932.75
1090,8,0,3,14.2852,5895.53
1089,8,0,3,14.2791,5862.2
1119,8,0,3,14.2705,5816.31
1118,8,0,3,14.2643,5782.73
2044,8,0,3,14.2491,5703.16
2169,8,0,3,14.2411,5662.14
2171,8,0,3,14.2364,5637.99
1549,8,0,3,14.2287,5597.84
1147,8,0,3,14.2212,5559.46
1327,8,0,3,14.1928,5411.48
1343,8,0,3,14.1922,5408.75
1355,8,0,3,14.1655,5269.33
1364,8,0,3,14.1654,5269.12
1362,8,0,3,14.1556,5217.14
1382,8,0,3,14.1356,5109.31
1390,8,0,3,14.1141,4996.14
1402,8,0,3,14.1052,4947.17
110,8,0,4,14.9062,9062.01,0,0,0
111,8,0,4,14.9038,9046.13
1968,8,0,4,14.8944,8981.46
114,8,0,4,14.8888,8946.72
1719,8,0,4,14.8508,8741.69
1720,8,0,4,14.8358,8659.22
1718,8,0,4,14.83,8626.67
129,8,0,4,14.8048,8487.6
134,8,0,4,14.7988,8454.63
133,8,0,4,14.7864,8388.1
138,8,0,4,14.7655,8283.52
184,8,0,4,14.7492,8194.98
440,8,0,4,14.7333,8107.36
451,8,0,4,14.7168,8021.16
1716,8,0,4,14.7144,8004.74
462,8,0,4,14.7052,7957.67
1990,8,0,4,14.6982,7904.97
463,8,0,4,14.6795,7808.45
474,8,0,4,14.6641,7729.21
2140,8,0,4,14.6551,7687.88
2141,8,0,4,14.6473,7644.68
473,8,0,4,14.647,7643.39
502,8,0,4,14.638,7599.49
501,8,0,4,14.6325,7572.81
710,8,1,0,11.7384,1682.36,0.0443333,193.369,0.36,1
1543,8,1,0,11.7133,1546.36
459,8,1,0,11.7034,1483.42
458,8,1,0,11.6964,1437.75
456,8,1,0,11.6872,1376.86
457,8,1,0,11.6818,1346.64
454,8,1,0,11.6742,1292.68
455,8,1,0,11.6718,1278.37
453,8,1,0,11.6626,1212.8
446,8,1,0,11.654,1164.09
442,8,1,0,11.6458,1120.37
1857,8,1,0,11.6374,1076.3
441,8,1,0,11.6325,1051.98
185,8,1,0,11.6215,993.794
177,8,1,0,11.6089,927.553
184,8,1,0,11.5885,816.223
138,8,1,0,11.5728,730.3
133,8,1,0,11.5585,653.53
134,8,1,0,11.5509,601.574
129,8,1,0,11.5433,561.93
1718,8,1,0,11.5169,417.674
1719,8,1,0,11.5002,325.295
114,8,1,0,11.4623,120.486
1968,8,1,0,11.4553,81.9493
110,8,1,0,11.44,0
110,8,1,1,12.0892,3629.63,0,0,0
1968,8,1,1,12.0741,3548.6
114,8,1,1,12.0689,3514.27
1719,8,1,1,12.0259,3287.66
1718,8,1,1,12.0105,3200.61
129,8,1,1,11.986,3064.75
134,8,1,1,11.9796,3030.36
133,8,1,1,11.9668,2962.15
138,8,1,1,11.946,2857.57
184,8,1,1,11.9267,2756.61
440,8,1,1,11.9101,2665.42
451,8,1,1,11.8913,2569.71
1716,8,1,1,11.8889,2553.28
462,8,1,1,11.8785,2500.86
1990,8,1,1,11.8706,2447.83
452,8,1,1,11.8656,2415.39
453,8,1,1,11.8543,2328.21
455,8,1,1,11.8419,2258.28
454,8,1,1,11.839,2242.66
457,8,1,1,11.8323,2188.7
456,8,1,1,11.8272,2159.26
458,8,1,1,11.8177,2098.11
459,8,1,1,11.8118,2053.01
1543,8,1,1,11.8025,1990.78
710,8,1,1,11.7828,1875.73
1402,9,0,0,14.1034,3372.79,0.0816667,356.205,0.16,1
1390,9,0,0,14.0941,3321.76
1389,9,0,0,14.0655,3170.7
1388,9,0,0,14.0567,3122.71
1370,9,0,0,14.0198,2928.06
1359,9,0,0,14.0189,2923.6
2071,9,0,0,14.0023,2830.9
2165,9,0,0,13.9804,2715.19
1314,9,0,0,13.9631,2623.77
2163,9,0,0,13.9483,2543.94
2023,9,0,0,13.9217,2399.84
1787,9,0,0,13.9136,2358.52
2020,9,0,0,13.8947,2264.44
935,9,0,0,13.8849,2212.99
934,9,0,0,13.8844,2210.39
933,9,0,0,13.8727,2150.9
936,9,0,0,13.8722,2147.96
1737,9,0,0,13.8607,2085.09
917,9,0,0,13.8475,2016.59
916,9,0,0,13.8473,2015.68
906,9,0,0,13.8235,1891.34
889,9,0,0,13.8122,1832.97
890,9,0,0,13.8055,1797.06
2013,9,0,0,13.786,1693.84
1988,9,0,0,13.7684,1599.98
417,9,0,0,13.7479,1495.37
418,9,0,0,13.7439,1474.43
1741,9,0,0,13.7382,1442.44
1740,9,0,0,13.7344,1421.91
1739,9,0,0,13.7297,1395.5
401,9,0,0,13.7191,1338.14
393,9,0,0,13.7059,1266.67
2136,9,0,0,13.6831,1141.76
2134,9,0,0,13.6718,1079.42
360,9,0,0,13.6391,906.015
361,9,0,0,13.6246,828.632
128,9,0,0,13.5695,523.193
126,9,0,0,13.561,479.066
125,9,0,0,13.5518,432.83
118,9,0,0,13.517,247.521
1968,9,0,0,13.4848,79.7523
110,9,0,0,13.47,0
1016,9,0,1,14.4432,5082,0.0881667,384.556,0.22,2
2029,9,0,1,14.4388,5058.25
1043,9,0,1,14.4387,5057.84
2158,9,0,1,14.4319,5023.06
2030,9,0,1,14.4279,5003.22
1041,9,0,1,14.4228,4976.64
1059,9,0,1,14.4139,4931.8
1058,9,0,1,14.4089,4906.55
1075,9,0,1,14.3914,4816.48
1072,9,0,1,14.3814,4765.04
1071,9,0,1,14.3712,4714.56
1090,9,0,1,14.3651,4677.34
1089,9,0,1,14.359,4644.02
1119,9,0,1,14.3504,4598.13
1118,9,0,1,14.3443,4564.54
2044,9,0,1,14.329,4484.98
2169,9,0,1,14.321,4443.96
2171,9,0,1,14.3164,4419.81
1549,9,0,1,14.3086,4379.66
1147,9,0,1,14.3011,4341.27
1327,9,0,1,14.2728,4193.3
1343,9,0,1,14.2722,4190.57
1355,9,0,1,14.2454,4051.15
1364,9,0,1,14.2453,4050.94
1362,9,0,1,14.2355,3998.96
1382,9,0,1,14.2155,3891.13
1390,9,0,1,14.194,3777.96
1402,9,0,1,14.1851,3728.99
110,9,0,2,14.9507,7672.26,0,0,0
111,9,0,2,14.9484,7656.38
1968,9,0,2,14.9389,7591.7
114,9,0,2,14.9334,7556.97
1719,9,0,2,14.8972,7359.36
1718,9,0,2,14.8773,7253.04
129,9,0,2,14.8533,7119.25
134,9,0,2,14.8476,7087.84
133,9,0,2,14.8368,7028.46
138,9,0,2,14.816,6923.88
184,9,0,2,14.7994,6834.28
440,9,0,2,14.779,6727.06
451,9,0,2,14.7625,6640.86
1716,9,0,2,14.76,6624.43
462,9,0,2,14.7509,6577.36
1990,9,0,2,14.7439,6524.67
463,9,0,2,14.7252,6428.15
474,9,0,2,14.7098,6348.91
2140,9,0,2,14.7008,6307.57
475,9,0,2,14.6958,6283.34
499,9,0,2,14.688,6243.75
500,9,0,2,14.6834,6220.35
518,9,0,2,14.6788,6196.24
1754,9,0,2,14.6752,6171.31
540,9,0,2,14.667,6128.84
541,9,0,2,14.6551,6069.02
572,9,0,2,14.6455,6019.35
1994,9,0,2,14.6329,5956.95
1993,9,0,2,14.6286,5935.46
1995,9,0,2,14.616,5877.72
1996,9,0,2,14.6101,5848.54
1997,9,0,2,14.6062,5828.64
2027,9,0,2,14.579,5698.42
2026,9,0,2,14.5732,5669.93
978,9,0,2,14.5659,5634.79
1010,9,0,2,14.551,5558.02
1016,9,0,2,14.5313,5466.56
410,9,1,0,11.3222,1462.66,0.0726667,316.95,0.06,1
398,9,1,0,11.3219,1461.45
397,9,1,0,11.3093,1392.89
390,9,1,0,11.2898,1291.33
382,9,1,0,11.2725,1199.86
376,9,1,0,11.2545,1103.09
369,9,1,0,11.235,998.232
360,9,1,0,11.2127,878.986
361,9,1,0,11.2001,809.873
128,9,1,0,11.1396,481.115
126,9,1,0,11.1323,442.296
125,9,1,0,11.126,408.059
118,9,1,0,11.0931,231.019
1968,9,1,0,11.0653,81.9493
110,9,1,0,11.05,0
710,9,1,1,11.6146,3117.52,0.0443333,193.369,0.36,2
1543,9,1,1,11.5931,2997.25
715,9,1,1,11.5883,2952.99
714,9,1,1,11.5844,2928.98
726,9,1,1,11.5842,2927.1
529,9,1,1,11.5705,2827.61
605,9,1,1,11.5557,2731
603,9,1,1,11.5506,2703.02
604,9,1,1,11.5463,2679.88
596,9,1,1,11.5462,2678.91
580,9,1,1,11.5378,2620.63
574,9,1,1,11.5205,2527.39
573,9,1,1,11.5105,2471.49
564,9,1,1,11.5028,2430.34
557,9,1,1,11.4967,2396.35
561,9,1,1,11.49,2349.83
628,9,1,1,11.4855,2324.18
609,9,1,1,11.4728,2247.52
423,9,1,1,11.4669,2191.2
419,9,1,1,11.4622,2156.76
418,9,1,1,11.4469,2071.84
2139,9,1,1,11.443,2050.41
2138,9,1,1,11.4246,1948.97
411,9,1,1,11.411,1874.15
412,9,1,1,11.4085,1855.14
398,9,1,1,11.3951,1780.81
410,9,1,1,11.3948,1779.61
110,9,1,2,11.9654,5064.79,0,0,0
1968,9,1,2,11.9503,4983.75
114,9,1,2,11.9451,4949.43
1719,9,1,2,11.9021,4722.82
1718,9,1,2,11.8866,4635.77
129,9,1,2,11.8622,4499.9
134,9,1,2,11.8558,4465.51
133,9,1,2,11.843,4397.31
138,9,1,2,11.8221,4292.72
184,9,1,2,11.8029,4191.76
440,9,1,2,11.7862,4100.57
451,9,1,2,11.7674,4004.86
1716,9,1,2,11.765,3988.43
462,9,1,2,11.7546,3936.01
1990,9,1,2,11.7468,3882.98
452,9,1,2,11.7418,3850.54
453,9,1,2,11.7304,3763.36
455,9,1,2,11.718,3693.43
454,9,1,2,11.7152,3677.82
457,9,1,2,11.7085,3623.85
456,9,1,2,11.7033,3594.41
458,9,1,2,11.6939,3533.26
459,9,1,2,11.6879,3488.16
1543,9,1,2,11.6786,3425.93
710,9,1,2,11.6589,3310.88
501,9,2,0,14.1696,1510.92,0.107,466.702,0.18,1
502,9,2,0,14.1644,1485.38
473,9,2,0,14.1565,1446.3
2141,9,2,0,14.1563,1445.32
1750,9,2,0,14.152,1424.02
477,9,2,0,14.1475,1400.71
453,9,2,0,14.1185,1243.21
446,9,2,0,14.1102,1195.77
442,9,2,0,14.0985,1137.28
1857,9,2,0,14.0897,1091.26
441,9,2,0,14.0836,1062.09
185,9,2,0,14.0726,1004.16
177,9,2,0,14.0603,938.786
184,9,2,0,14.0403,829.279
138,9,2,0,14.0236,739.414
133,9,2,0,14.0097,664.29
134,9,2,0,14.0021,612.333
129,9,2,0,13.995,574.749
1718,9,2,0,13.9691,432.78
1720,9,2,0,13.962,394.625
1719,9,2,0,13.9493,321.152
114,9,2,0,13.9116,117.424
1968,9,2,0,13.9048,79.7523
110,9,2,0,13.89,0
110,9,2,1,14.5503,3466.82,0,0,0
111,9,2,1,14.548,3450.94
1968,9,2,1,14.5385,3386.26
114,9,2,1,14.533,3351.53
1719,9,2,1,14.495,3146.49
1720,9,2,1,14.4799,3064.02
1718,9,2,1,14.4742,3031.47
129,9,2,1,14.449,2892.4
134,9,2,1,14.4429,2859.44
133,9,2,1,14.4305,2792.91
138,9,2,1,14.4097,2688.33
184,9,2,1,14.3933,2599.79
440,9,2,1,14.3775,2512.17
451,9,2,1,14.3609,2425.97
1716,9,2,1,14.3585,2409.55
462,9,2,1,14.3494,2362.47
1990,9,2,1,14.3423,2309.78
463,9,2,1,14.3236,2213.26
474,9,2,1,14.3083,2134.02
2140,9,2,1,14.2993,2092.69
2141,9,2,1,14.2914,2049.48
473,9,2,1,14.2912,2048.2
502,9,2,1,14.2821,2004.3
501,9,2,1,14.2766,1977.62
410,10,0,0,13.4143,1471.19,0.074,322.766,0.11,1
398,10,0,0,13.414,1469.98
397,10,0,0,13.4032,1408.71
390,10,0,0,13.3833,1305.9
382,10,0,0,13.3669,1218.33
376,10,0,0,13.3499,1125.74
369,10,0,0,13.3301,1019.33
360,10,0,0,13.3091,906.015
361,10,0,0,13.2946,828.632
128,10,0,0,13.2395,523.193
126,10,0,0,13.231,479.066
125,10,0,0,13.2218,432.83
118,10,0,0,13.187,247.521
1968,10,0,0,13.1548,79.7523
110,10,0,0,13.14,0
1402,10,0,1,13.9149,4038.37,0.1085,473.244,0.18,2
1390,10,0,1,13.9057,3988.31
1389,10,0,1,13.8795,3847.36
1388,10,0,1,13.8594,3752.17
1323,10,0,1,13.8587,3748.39
2072,10,0,1,13.8345,3630.82
1317,10,0,1,13.8147,3524.14
2071,10,0,1,13.804,3460.08
2165,10,0,1,13.7817,3342.68
1314,10,0,1,13.7649,3253.68
2163,10,0,1,13.7502,3173.84
2023,10,0,1,13.7218,3022.47
1787,10,0,1,13.7137,2981.18
1788,10,0,1,13.7129,2977.48
943,10,0,1,13.697,2896.83
934,10,0,1,13.6882,2848.99
933,10,0,1,13.6779,2795.06
936,10,0,1,13.6773,2792.12
1737,10,0,1,13.6658,2728.89
917,10,0,1,13.649,2645.65
916,10,0,1,13.6489,2644.75
906,10,0,1,13.623,2511.66
889,10,0,1,13.6108,2449.74
890,10,0,1,13.6013,2401.78
2013,10,0,1,13.5783,2283.62
1988,10,0,1,13.5593,2183.84
416,10,0,1,13.5378,2077.27
2139,10,0,1,13.5338,2055.44
2138,10,0,1,13.5174,1962.7
411,10,0,1,13.5051,1893.38
412,10,0,1,13.503,1873.87
398,10,0,1,13.4886,1795.16
410,10,0,1,13.4883,1793.95
1016,10,0,2,14.2814,5864.63,0.0881667,384.556,0.22,3
2029,10,0,2,14.277,5840.88
1043,10,0,2,14.277,5840.46
2158,10,0,2,14.2701,5805.68
2030,10,0,2,14.2662,5785.85
1041,10,0,2,14.261,5759.26
1059,10,0,2,14.2522,5714.43
1058,10,0,2,14.2472,5689.18
1075,10,0,2,14.2297,5599.11
1072,10,0,2,14.2196,5547.66
1071,10,0,2,14.2095,5497.19
1090,10,0,2,14.2034,5459.97
1089,10,0,2,14.1973,5426.64
1119,10,0,2,14.1887,5380.76
1118,10,0,2,14.1825,5347.17
2044,10,0,2,14.1673,5267.61
2169,10,0,2,14.1593,5226.59
2171,10,0,2,14.1546,5202.43
1549,10,0,2,14.1468,5162.28
1147,10,0,2,14.1394,5123.9
1327,10,0,2,14.111,4975.93
1343,10,0,2,14.1104,4973.19
1355,10,0,2,14.0836,4833.77
1364,10,0,2,14.0836,4833.56
1362,10,0,2,14.0738,4781.58
1382,10,0,2,14.0537,4673.75
1390,10,0,2,14.0322,4560.58
1402,10,0,2,14.0234,4511.62
501,10,0,3,14.5591,7170.87,0.107,466.702,0.18,4
1747,10,0,3,14.5494,7126.57
1746,10,0,3,14.5215,6987.23
1745,10,0,3,14.5084,6923.94
1844,10,0,3,14.4905,6834.69
575,10,0,3,14.4881,6819.18
571,10,0,3,14.4852,6803.06
570,10,0,3,14.4804,6779.79
569,10,0,3,14.4753,6754.47
640,10,0,3,14.4671,6715.56
649,10,0,3,14.4578,6673.02
646,10,0,3,14.45,6636.51
691,10,0,3,14.4441,6607.6
689,10,0,3,14.422,6503.61
979,10,0,3,14.4135,6464.01
980,10,0,3,14.4077,6435.6
978,10,0,3,14.4041,6417.41
1010,10,0,3,14.3893,6340.65
1016,10,0,3,14.3696,6249.19
110,10,0,4,14.9398,9126.78,0,0,0
111,10,0,4,14.9375,9110.9
1968,10,0,4,14.928,9046.21
114,10,0,4,14.9225,9011.48
1719,10,0,4,14.8845,8806.45
1720,10,0,4,14.8694,8723.98
1718,10,0,4,14.8636,8691.43
129,10,0,4,14.8384,8552.36
134,10,0,4,14.8324,8519.39
133,10,0,4,14.82,8452.87
138,10,0,4,14.7991,8348.28
184,10,0,4,14.7828,8259.74
440,10,0,4,14.767,8172.12
451,10,0,4,14.7504,8085.93
1716,10,0,4,14.748,8069.5
462,10,0,4,14.7389,8022.43
1990,10,0,4,14.7318,7969.73
463,10,0,4,14.7131,7873.21
474,10,0,4,14.6978,7793.97
2140,10,0,4,14.6887,7752.64
2141,10,0,4,14.6809,7709.44
473,10,0,4,14.6807,7708.15
502,10,0,4,14.6716,7664.25
501,10,0,4,14.6661,7637.58
710,10,1,0,11.6084,1682.36,0.0443333,193.369,0.36,1
1543,10,1,0,11.5833,1546.36
459,10,1,0,11.5734,1483.42
458,10,1,0,11.5664,1437.75
456,10,1,0,11.5572,1376.86
457,10,1,0,11.5518,1346.64
454,10,1,0,11.5442,1292.68
455,10,1,0,11.5418,1278.37
453,10,1,0,11.5326,1212.8
446,10,1,0,11.524,1164.09
442,10,1,0,11.5158,1120.37
1857,10,1,0,11.5074,1076.3
441,10,1,0,11.5025,1051.98
185,10,1,0,11.4915,993.794
177,10,1,0,11.4789,927.553
184,10,1,0,11.4585,816.223
138,10,1,0,11.4428,730.3
133,10,1,0,11.4285,653.53
134,10,1,0,11.4209,601.574
129,10,1,0,11.4133,561.93
1718,10,1,0,11.3869,417.674
1719,10,1,0,11.3702,325.295
114,10,1,0,11.3323,120.486
1968,10,1,0,11.3253,81.9493
110,10,1,0,11.31,0
110,10,1,1,11.9592,3629.63,0,0,0
1968,10,1,1,11.9441,3548.6
114,10,1,1,11.9389,3514.27
1719,10,1,1,11.8959,3287.66
1718,10,1,1,11.8805,3200.61
129,10,1,1,11.856,3064.75
134,10,1,1,11.8496,3030.36
133,10,1,1,11.8368,2962.15
138,10,1,1,11.816,2857.57
184,10,1,1,11.7967,2756.61
440,10,1,1,11.7801,2665.42
451,10,1,1,11.7613,2569.71
1716,10,1,1,11.7589,2553.28
462,10,1,1,11.7485,2500.86
1990,10,1,1,11.7406,2447.83
452,10,1,1,11.7356,2415.39
453,10,1,1,11.7243,2328.21
455,10,1,1,11.7119,2258.28
454,10,1,1,11.709,2242.66
457,10,1,1,11.7023,2188.7
456,10,1,1,11.6972,2159.26
458,10,1,1,11.6877,2098.11
459,10,1,1,11.6818,2053.01
1543,10,1,1,11.6725,1990.78
710,10,1,1,11.6528,1875.73
