Nodo,Individuo,Ruta,Segmento,Tiempo viaje,Costo viaje,Tiempo atencion,Costo atencion,Tasa fallo,Demanda
410,0,0,0,11.9722,1462.66,0.0726667,316.95,0.06,1
398,0,0,0,11.9719,1461.45
397,0,0,0,11.9593,1392.89
390,0,0,0,11.9398,1291.33
382,0,0,0,11.9225,1199.86
376,0,0,0,11.9045,1103.09
369,0,0,0,11.885,998.232
360,0,0,0,11.8627,878.986
361,0,0,0,11.8501,809.873
128,0,0,0,11.7896,481.115
126,0,0,0,11.7823,442.296
125,0,0,0,11.776,408.059
118,0,0,0,11.7431,231.019
1968,0,0,0,11.7153,81.9493
110,0,0,0,11.7,0
1402,0,0,1,12.4552,3950.11,0.085,370.744,0.2,2
1390,0,0,1,12.445,3895.71
1382,0,0,1,12.4226,3778.6
1362,0,0,1,12.4032,3673.78
1361,0,0,1,12.3987,3649.26
1354,0,0,1,12.3987,3649.07
2188,0,0,1,12.3923,3615.31
2075,0,0,1,12.3713,3507.36
1822,0,0,1,12.3705,3503.36
1353,0,0,1,12.3615,3457.62
2118,0,0,1,12.34,3341.45
2117,0,0,1,12.3375,3316.82
2164,0,0,1,12.3202,3203.67
1307,0,0,1,12.3036,3116.68
1302,0,0,1,12.287,3026.44
949,0,0,1,12.2642,2903.64
2025,0,0,1,12.2608,2886.18
1598,0,0,1,12.2574,2867.22
948,0,0,1,12.2506,2832.53
928,0,0,1,12.239,2769.48
923,0,0,1,12.2027,2588.73
924,0,0,1,12.1944,2549.42
914,0,0,1,12.174,2442.33
902,0,0,1,12.1678,2407.32
887,0,0,1,12.1511,2322.03
2012,0,0,1,12.1336,2230.38
884,0,0,1,12.1292,2207.45
1987,0,0,1,12.0917,2017.46
413,0,0,1,12.0724,1919.77
414,0,0,1,12.0671,1892.12
410,0,0,1,12.0448,1779.61
1016,0,0,2,12.8055,5698.77,0.0438333,191.188,0.28,3
2029,0,0,2,12.799,5665.75
1043,0,0,2,12.7989,5665.34
2158,0,0,2,12.7898,5621.19
2030,0,0,2,12.7859,5601.35
1041,0,0,2,12.7811,5576.37
1059,0,0,2,12.773,5534.52
1058,0,0,2,12.7678,5508.47
1056,0,0,2,12.7613,5474.03
1072,0,0,2,12.7437,5383.13
1071,0,0,2,12.7355,5341.02
1090,0,0,2,12.7273,5296.38
1089,0,0,2,12.7206,5260.53
1119,0,0,2,12.7136,5221.29
1118,0,0,2,12.7068,5185.09
2044,0,0,2,12.6907,5101.85
2169,0,0,2,12.6841,5066.97
2171,0,0,2,12.6799,5044.83
2046,0,0,2,12.6737,5013.6
1778,0,0,2,12.6483,4885.09
1327,0,0,2,12.6371,4824.32
1343,0,0,2,12.6365,4821.58
1355,0,0,2,12.6117,4690.77
1364,0,0,2,12.6117,4690.56
1362,0,0,2,12.6015,4636.93
1382,0,0,2,12.572,4489.33
1390,0,0,2,12.5511,4378.7
1402,0,0,2,12.5402,4320.85
710,0,0,3,13.0117,6815.76,0.0466667,203.546,0.45,4
1543,0,0,3,12.9893,6691.56
715,0,0,3,12.9845,6647.41
714,0,0,3,12.9805,6623.26
726,0,0,3,12.9803,6621.4
529,0,0,3,12.9662,6521.75
605,0,0,3,12.9513,6425.08
603,0,0,3,12.945,6392.01
2202,0,0,3,12.9416,6371.22
602,0,0,3,12.9372,6345.93
1851,0,0,3,12.9264,6275.39
1852,0,0,3,12.9215,6251.31
706,0,0,3,12.9083,6186.8
991,0,0,3,12.8965,6126.72
2028,0,0,3,12.8858,6074.05
1012,0,0,3,12.8723,6005.34
1045,0,0,3,12.8568,5929.59
1043,0,0,3,12.8537,5913.73
2029,0,0,3,12.8536,5913.32
1016,0,0,3,12.8494,5889.95
501,0,0,4,13.1807,7687.73,0.0531667,231.897,0.2,5
1747,0,0,4,13.1748,7658.71
505,0,0,4,13.1683,7627.22
506,0,0,4,13.1541,7559.45
507,0,0,4,13.1472,7526.06
510,0,0,4,13.1384,7483.31
509,0,0,4,13.1345,7463.11
508,0,0,4,13.1291,7434.34
512,0,0,4,13.1209,7393.3
511,0,0,4,13.1177,7376.55
2145,0,0,4,13.117,7373.34
2146,0,0,4,13.1059,7311.58
529,0,0,4,13.102,7275.53
726,0,0,4,13.0859,7173.99
714,0,0,4,13.0857,7172.11
1543,0,0,4,13.0799,7139.68
710,0,0,4,13.0584,7019.31
110,0,0,5,13.506,9380.4,0,0,0
1968,0,0,5,13.4909,9299.59
114,0,0,5,13.4851,9264.41
1719,0,0,5,13.4498,9071.14
1718,0,0,5,13.4317,8972.6
129,0,0,5,13.4078,8838.85
134,0,0,5,13.4028,8810.34
133,0,0,5,13.3908,8745.51
138,0,0,5,13.37,8640.92
184,0,0,5,13.3532,8550.54
440,0,0,5,13.3306,8434.16
451,0,0,5,13.3143,8348.74
1716,0,0,5,13.3119,8332.31
462,0,0,5,13.3047,8293.49
1990,0,0,5,13.2969,8240.45
463,0,0,5,13.2797,8150.42
474,0,0,5,13.2658,8077.43
2140,0,0,5,13.2577,8039.59
2141,0,0,5,13.2495,7994.61
473,0,0,5,13.2493,7993.85
502,0,0,5,13.2403,7949.95
501,0,0,5,13.2338,7919.63
1402,1,0,0,14.0434,3372.79,0.0816667,356.205,0.16,1
1390,1,0,0,14.0341,3321.76
1389,1,0,0,14.0055,3170.7
1388,1,0,0,13.9967,3122.71
1370,1,0,0,13.9598,2928.06
1359,1,0,0,13.9589,2923.6
2071,1,0,0,13.9423,2830.9
2165,1,0,0,13.9204,2715.19
1314,1,0,0,13.9031,2623.77
2163,1,0,0,13.8883,2543.94
2023,1,0,0,13.8617,2399.84
1787,1,0,0,13.8536,2358.52
2020,1,0,0,13.8347,2264.44
935,1,0,0,13.8249,2212.99
934,1,0,0,13.8244,2210.39
933,1,0,0,13.8127,2150.9
936,1,0,0,13.8122,2147.96
1737,1,0,0,13.8007,2085.09
917,1,0,0,13.7875,2016.59
916,1,0,0,13.7873,2015.68
906,1,0,0,13.7635,1891.34
889,1,0,0,13.7522,1832.97
890,1,0,0,13.7455,1797.06
2013,1,0,0,13.726,1693.84
1988,1,0,0,13.7084,1599.98
417,1,0,0,13.6879,1495.37
418,1,0,0,13.6839,1474.43
1741,1,0,0,13.6782,1442.44
1740,1,0,0,13.6744,1421.91
1739,1,0,0,13.6697,1395.5
401,1,0,0,13.6591,1338.14
393,1,0,0,13.6459,1266.67
2136,1,0,0,13.6231,1141.76
2134,1,0,0,13.6118,1079.42
360,1,0,0,13.5791,906.015
361,1,0,0,13.5646,828.632
128,1,0,0,13.5095,523.193
126,1,0,0,13.501,479.066
125,1,0,0,13.4918,432.83
118,1,0,0,13.457,247.521
1968,1,0,0,13.4248,79.7523
110,1,0,0,13.41,0
1016,1,0,1,14.3832,5082,0.0881667,384.556,0.22,2
2029,1,0,1,14.3788,5058.25
1043,1,0,1,14.3787,5057.84
2158,1,0,1,14.3719,5023.06
2030,1,0,1,14.3679,5003.22
1041,1,0,1,14.3628,4976.64
1059,1,0,1,14.3539,4931.8
1058,1,0,1,14.3489,4906.55
1075,1,0,1,14.3314,4816.48
1072,1,0,1,14.3214,4765.04
1071,1,0,1,14.3112,4714.56
1090,1,0,1,14.3051,4677.34
1089,1,0,1,14.299,4644.02
1119,1,0,1,14.2904,4598.13
1118,1,0,1,14.2843,4564.54
2044,1,0,1,14.269,4484.98
2169,1,0,1,14.261,4443.96
2171,1,0,1,14.2564,4419.81
1549,1,0,1,14.2486,4379.66
1147,1,0,1,14.2411,4341.27
1327,1,0,1,14.2128,4193.3
1343,1,0,1,14.2122,4190.57
1355,1,0,1,14.1854,4051.15
1364,1,0,1,14.1853,4050.94
1362,1,0,1,14.1755,3998.96
1382,1,0,1,14.1555,3891.13
1390,1,0,1,14.134,3777.96
1402,1,0,1,14.1251,3728.99
110,1,0,2,14.8907,7672.26,0,0,0
111,1,0,2,14.8884,7656.38
1968,1,0,2,14.8789,7591.7
114,1,0,2,14.8734,7556.97
1719,1,0,2,14.8372,7359.36
1718,1,0,2,14.8173,7253.04
129,1,0,2,14.7933,7119.25
134,1,0,2,14.7876,7087.84
133,1,0,2,14.7768,7028.46
138,1,0,2,14.756,6923.88
184,1,0,2,14.7394,6834.28
440,1,0,2,14.719,6727.06
451,1,0,2,14.7025,6640.86
1716,1,0,2,14.7,6624.43
462,1,0,2,14.6909,6577.36
1990,1,0,2,14.6839,6524.67
463,1,0,2,14.6652,6428.15
474,1,0,2,14.6498,6348.91
2140,1,0,2,14.6408,6307.57
475,1,0,2,14.6358,6283.34
499,1,0,2,14.628,6243.75
500,1,0,2,14.6234,6220.35
518,1,0,2,14.6188,6196.24
1754,1,0,2,14.6152,6171.31
540,1,0,2,14.607,6128.84
541,1,0,2,14.5951,6069.02
572,1,0,2,14.5855,6019.35
1994,1,0,2,14.5729,5956.95
1993,1,0,2,14.5686,5935.46
1995,1,0,2,14.556,5877.72
1996,1,0,2,14.5501,5848.54
1997,1,0,2,14.5462,5828.64
2027,1,0,2,14.519,5698.42
2026,1,0,2,14.5132,5669.93
978,1,0,2,14.5059,5634.79
1010,1,0,2,14.491,5558.02
1016,1,0,2,14.4713,5466.56
410,1,1,0,11.3222,1462.66,0.0726667,316.95,0.06,1
398,1,1,0,11.3219,1461.45
397,1,1,0,11.3093,1392.89
390,1,1,0,11.2898,1291.33
382,1,1,0,11.2725,1199.86
376,1,1,0,11.2545,1103.09
369,1,1,0,11.235,998.232
360,1,1,0,11.2127,878.986
361,1,1,0,11.2001,809.873
128,1,1,0,11.1396,481.115
126,1,1,0,11.1323,442.296
125,1,1,0,11.126,408.059
118,1,1,0,11.0931,231.019
1968,1,1,0,11.0653,81.9493
110,1,1,0,11.05,0
710,1,1,1,11.6146,3117.52,0.0443333,193.369,0.36,2
1543,1,1,1,11.5931,2997.25
715,1,1,1,11.5883,2952.99
714,1,1,1,11.5844,2928.98
726,1,1,1,11.5842,2927.1
529,1,1,1,11.5705,2827.61
605,1,1,1,11.5557,2731
603,1,1,1,11.5506,2703.02
604,1,1,1,11.5463,2679.88
596,1,1,1,11.5462,2678.91
580,1,1,1,11.5378,2620.63
574,1,1,1,11.5205,2527.39
573,1,1,1,11.5105,2471.49
564,1,1,1,11.5028,2430.34
557,1,1,1,11.4967,2396.35
561,1,1,1,11.49,2349.83
628,1,1,1,11.4855,2324.18
609,1,1,1,11.4728,2247.52
423,1,1,1,11.4669,2191.2
419,1,1,1,11.4622,2156.76
418,1,1,1,11.4469,2071.84
2139,1,1,1,11.443,2050.41
2138,1,1,1,11.4246,1948.97
411,1,1,1,11.411,1874.15
412,1,1,1,11.4085,1855.14
398,1,1,1,11.3951,1780.81
410,1,1,1,11.3948,1779.61
110,1,1,2,11.9654,5064.79,0,0,0
1968,1,1,2,11.9503,4983.75
114,1,1,2,11.9451,4949.43
1719,1,1,2,11.9021,4722.82
1718,1,1,2,11.8866,4635.77
129,1,1,2,11.8622,4499.9
134,1,1,2,11.8558,4465.51
133,1,1,2,11.843,4397.31
138,1,1,2,11.8221,4292.72
184,1,1,2,11.8029,4191.76
440,1,1,2,11.7862,4100.57
451,1,1,2,11.7674,4004.86
1716,1,1,2,11.765,3988.43
462,1,1,2,11.7546,3936.01
1990,1,1,2,11.7468,3882.98
452,1,1,2,11.7418,3850.54
453,1,1,2,11.7304,3763.36
455,1,1,2,11.718,3693.43
454,1,1,2,11.7152,3677.82
457,1,1,2,11.7085,3623.85
456,1,1,2,11.7033,3594.41
458,1,1,2,11.6939,3533.26
459,1,1,2,11.6879,3488.16
1543,1,1,2,11.6786,3425.93
710,1,1,2,11.6589,3310.88
501,1,2,0,14.2496,1510.92,0.107,466.702,0.18,1
502,1,2,0,14.2444,1485.38
473,1,2,0,14.2365,1446.3
2141,1,2,0,14.2363,1445.32
1750,1,2,0,14.232,1424.02
477,1,2,0,14.2275,1400.71
453,1,2,0,14.1985,1243.21
446,1,2,0,14.1902,1195.77
442,1,2,0,14.1785,1137.28
1857,1,2,0,14.1697,1091.26
441,1,2,0,14.1636,1062.09
185,1,2,0,14.1526,1004.16
177,1,2,0,14.1403,938.786
184,1,2,0,14.1203,829.279
138,1,2,0,14.1036,739.414
133,1,2,0,14.0897,664.29
134,1,2,0,14.0821,612.333
129,1,2,0,14.075,574.749
1718,1,2,0,14.0491,432.78
1720,1,2,0,14.042,394.625
1719,1,2,0,14.0293,321.152
114,1,2,0,13.9916,117.424
1968,1,2,0,13.9848,79.7523
110,1,2,0,13.97,0
110,1,2,1,14.6303,3466.82,0,0,0
111,1,2,1,14.628,3450.94
1968,1,2,1,14.6185,3386.26
114,1,2,1,14.613,3351.53
1719,1,2,1,14.575,3146.49
1720,1,2,1,14.5599,3064.02
1718,1,2,1,14.5542,3031.47
129,1,2,1,14.529,2892.4
134,1,2,1,14.5229,2859.44
133,1,2,1,14.5105,2792.91
138,1,2,1,14.4897,2688.33
184,1,2,1,14.4733,2599.79
440,1,2,1,14.4575,2512.17
451,1,2,1,14.4409,2425.97
1716,1,2,1,14.4385,2409.55
462,1,2,1,14.4294,2362.47
1990,1,2,1,14.4223,2309.78
463,1,2,1,14.4036,2213.26
474,1,2,1,14.3883,2134.02
2140,1,2,1,14.3793,2092.69
2141,1,2,1,14.3714,2049.48
473,1,2,1,14.3712,2048.2
502,1,2,1,14.3621,2004.3
501,1,2,1,14.3566,1977.62
501,2,0,0,13.6196,1510.92,0.0531667,231.897,0.2,1
502,2,0,0,13.6144,1485.38
473,2,0,0,13.6065,1446.3
2141,2,0,0,13.6063,1445.32
1750,2,0,0,13.602,1424.02
477,2,0,0,13.5975,1400.71
453,2,0,0,13.5685,1243.21
446,2,0,0,13.5602,1195.77
442,2,0,0,13.5485,1137.28
1857,2,0,0,13.5397,1091.26
441,2,0,0,13.5336,1062.09
185,2,0,0,13.5226,1004.16
177,2,0,0,13.5103,938.786
184,2,0,0,13.4903,829.279
138,2,0,0,13.4736,739.414
133,2,0,0,13.4597,664.29
134,2,0,0,13.4521,612.333
129,2,0,0,13.445,574.749
1718,2,0,0,13.4191,432.78
1720,2,0,0,13.412,394.625
1719,2,0,0,13.3993,321.152
114,2,0,0,13.3616,117.424
1968,2,0,0,13.3548,79.7523
110,2,0,0,13.34,0
1402,2,0,1,14.1038,3925.73,0.0816667,356.205,0.16,2
1390,2,0,1,14.0946,3875.67
1382,2,0,1,14.0644,3725.93
1362,2,0,1,14.0417,3606.92
1361,2,0,1,14.0367,3579.93
1354,2,0,1,14.0366,3579.74
1355,2,0,1,14.0241,3520.08
2076,2,0,1,14.0223,3510.96
1356,2,0,1,14.0139,3468.25
1357,2,0,1,14.0131,3464.53
1349,2,0,1,13.9996,3396.36
1348,2,0,1,13.999,3393.03
1340,2,0,1,13.9985,3390.49
1339,2,0,1,13.9932,3362.77
1329,2,0,1,13.9822,3304.43
1158,2,0,1,13.9672,3228.1
2048,2,0,1,13.9471,3122.06
1131,2,0,1,13.9415,3093.19
1130,2,0,1,13.9357,3064.26
1129,2,0,1,13.9205,2990.07
1121,2,0,1,13.9045,2904.14
1120,2,0,1,13.9005,2882.96
1094,2,0,1,13.8956,2857.02
1091,2,0,1,13.8855,2806.29
1092,2,0,1,13.8803,2780.39
1074,2,0,1,13.8745,2749.97
1073,2,0,1,13.8661,2705.29
1057,2,0,1,13.8463,2606.3
1042,2,0,1,13.841,2579.4
2030,2,0,1,13.8338,2541.56
1011,2,0,1,13.8335,2540.11
1547,2,0,1,13.8161,2457.47
1546,2,0,1,13.8107,2430.1
975,2,0,1,13.8073,2412.13
2026,2,0,1,13.8008,2377.86
2027,2,0,1,13.7957,2352.02
1998,2,0,1,13.7853,2299.32
1997,2,0,1,13.7767,2255.7
1996,2,0,1,13.7708,2227.41
1995,2,0,1,13.7626,2189.09
1993,2,0,1,13.7535,2145.41
1994,2,0,1,13.7492,2123.93
572,2,0,1,13.7422,2085.28
541,2,0,1,13.73,2024.92
540,2,0,1,13.7196,1971.28
1754,2,0,1,13.7112,1927.61
518,2,0,1,13.7033,1887.64
500,2,0,1,13.6983,1861.85
501,2,0,1,13.6728,1742.82
1016,2,0,2,14.4435,5634.95,0.0881667,384.556,0.22,3
2029,2,0,2,14.4391,5611.2
1043,2,0,2,14.439,5610.79
2158,2,0,2,14.4322,5576.01
2030,2,0,2,14.4283,5556.17
1041,2,0,2,14.4231,5529.59
1059,2,0,2,14.4143,5484.75
1058,2,0,2,14.4093,5459.5
1075,2,0,2,14.3917,5369.43
1072,2,0,2,14.3817,5317.99
1071,2,0,2,14.3715,5267.51
1090,2,0,2,14.3655,5230.29
1089,2,0,2,14.3594,5196.97
1119,2,0,2,14.3508,5151.08
1118,2,0,2,14.3446,5117.49
2044,2,0,2,14.3294,5037.93
2169,2,0,2,14.3214,4996.91
2171,2,0,2,14.3167,4972.76
1549,2,0,2,14.3089,4932.61
1147,2,0,2,14.3015,4894.22
1327,2,0,2,14.2731,4746.25
1343,2,0,2,14.2725,4743.51
1355,2,0,2,14.2457,4604.1
1364,2,0,2,14.2457,4603.89
1362,2,0,2,14.2359,4551.9
1382,2,0,2,14.2158,4444.08
1390,2,0,2,14.1943,4330.9
1402,2,0,2,14.1854,4281.94
110,2,0,3,14.9511,8225.21,0,0,0
111,2,0,3,14.9487,8209.33
1968,2,0,3,14.9393,8144.65
114,2,0,3,14.9337,8109.92
1719,2,0,3,14.8975,7912.3
1718,2,0,3,14.8776,7805.99
129,2,0,3,14.8536,7672.2
134,2,0,3,14.8479,7640.78
133,2,0,3,14.8372,7581.41
138,2,0,3,14.8163,7476.83
184,2,0,3,14.7997,7387.22
440,2,0,3,14.7793,7280
451,2,0,3,14.7628,7193.81
1716,2,0,3,14.7604,7177.38
462,2,0,3,14.7512,7130.31
1990,2,0,3,14.7442,7077.61
463,2,0,3,14.7255,6981.09
474,2,0,3,14.7101,6901.85
2140,2,0,3,14.7011,6860.52
475,2,0,3,14.6961,6836.29
499,2,0,3,14.6884,6796.7
500,2,0,3,14.6838,6773.29
518,2,0,3,14.6792,6749.19
1754,2,0,3,14.6755,6724.26
540,2,0,3,14.6673,6681.79
541,2,0,3,14.6555,6621.97
572,2,0,3,14.6459,6572.3
1994,2,0,3,14.6332,6509.9
1993,2,0,3,14.629,6488.41
1995,2,0,3,14.6163,6430.66
1996,2,0,3,14.6104,6401.48
1997,2,0,3,14.6065,6381.58
2027,2,0,3,14.5793,6251.36
2026,2,0,3,14.5735,6222.88
978,2,0,3,14.5662,6187.74
1010,2,0,3,14.5514,6110.97
1016,2,0,3,14.5316,6019.51
410,2,1,0,11.4822,1462.66,0.0726667,316.95,0.06,1
398,2,1,0,11.4819,1461.45
397,2,1,0,11.4693,1392.89
390,2,1,0,11.4498,1291.33
382,2,1,0,11.4325,1199.86
376,2,1,0,11.4145,1103.09
369,2,1,0,11.395,998.232
360,2,1,0,11.3727,878.986
361,2,1,0,11.3601,809.873
128,2,1,0,11.2996,481.115
126,2,1,0,11.2923,442.296
125,2,1,0,11.286,408.059
118,2,1,0,11.2531,231.019
1968,2,1,0,11.2253,81.9493
110,2,1,0,11.21,0
710,2,1,1,11.7746,3117.52,0.0443333,193.369,0.36,2
1543,2,1,1,11.7531,2997.25
715,2,1,1,11.7483,2952.99
714,2,1,1,11.7444,2928.98
726,2,1,1,11.7442,2927.1
529,2,1,1,11.7305,2827.61
605,2,1,1,11.7157,2731
603,2,1,1,11.7106,2703.02
604,2,1,1,11.7063,2679.88
596,2,1,1,11.7062,2678.91
580,2,1,1,11.6978,2620.63
574,2,1,1,11.6805,2527.39
573,2,1,1,11.6705,2471.49
564,2,1,1,11.6628,2430.34
557,2,1,1,11.6567,2396.35
561,2,1,1,11.65,2349.83
628,2,1,1,11.6455,2324.18
609,2,1,1,11.6328,2247.52
423,2,1,1,11.6269,2191.2
419,2,1,1,11.6222,2156.76
418,2,1,1,11.6069,2071.84
2139,2,1,1,11.603,2050.41
2138,2,1,1,11.5846,1948.97
411,2,1,1,11.571,1874.15
412,2,1,1,11.5685,1855.14
398,2,1,1,11.5551,1780.81
410,2,1,1,11.5548,1779.61
110,2,1,2,12.1254,5064.79,0,0,0
1968,2,1,2,12.1103,4983.75
114,2,1,2,12.1051,4949.43
1719,2,1,2,12.0621,4722.82
1718,2,1,2,12.0466,4635.77
129,2,1,2,12.0222,4499.9
134,2,1,2,12.0158,4465.51
133,2,1,2,12.003,4397.31
138,2,1,2,11.9821,4292.72
184,2,1,2,11.9629,4191.76
440,2,1,2,11.9462,4100.57
451,2,1,2,11.9274,4004.86
1716,2,1,2,11.925,3988.43
462,2,1,2,11.9146,3936.01
1990,2,1,2,11.9068,3882.98
452,2,1,2,11.9018,3850.54
453,2,1,2,11.8904,3763.36
455,2,1,2,11.878,3693.43
454,2,1,2,11.8752,3677.82
457,2,1,2,11.8685,3623.85
456,2,1,2,11.8633,3594.41
458,2,1,2,11.8539,3533.26
459,2,1,2,11.8479,3488.16
1543,2,1,2,11.8386,3425.93
710,2,1,2,11.8189,3310.88
410,3,0,0,11.7022,1462.66,0.0726667,316.95,0.06,1
398,3,0,0,11.7019,1461.45
397,3,0,0,11.6893,1392.89
390,3,0,0,11.6698,1291.33
382,3,0,0,11.6525,1199.86
376,3,0,0,11.6345,1103.09
369,3,0,0,11.615,998.232
360,3,0,0,11.5927,878.986
361,3,0,0,11.5801,809.873
128,3,0,0,11.5196,481.115
126,3,0,0,11.5123,442.296
125,3,0,0,11.506,408.059
118,3,0,0,11.4731,231.019
1968,3,0,0,11.4453,81.9493
110,3,0,0,11.43,0
710,3,0,1,11.9946,3117.52,0.0443333,193.369,0.36,2
1543,3,0,1,11.9731,2997.25
715,3,0,1,11.9683,2952.99
714,3,0,1,11.9644,2928.98
726,3,0,1,11.9642,2927.1
529,3,0,1,11.9505,2827.61
605,3,0,1,11.9357,2731
603,3,0,1,11.9306,2703.02
604,3,0,1,11.9263,2679.88
596,3,0,1,11.9262,2678.91
580,3,0,1,11.9178,2620.63
574,3,0,1,11.9005,2527.39
573,3,0,1,11.8905,2471.49
564,3,0,1,11.8828,2430.34
557,3,0,1,11.8767,2396.35
561,3,0,1,11.87,2349.83
628,3,0,1,11.8655,2324.18
609,3,0,1,11.8528,2247.52
423,3,0,1,11.8469,2191.2
419,3,0,1,11.8422,2156.76
418,3,0,1,11.8269,2071.84
2139,3,0,1,11.823,2050.41
2138,3,0,1,11.8046,1948.97
411,3,0,1,11.791,1874.15
412,3,0,1,11.7885,1855.14
398,3,0,1,11.7751,1780.81
410,3,0,1,11.7748,1779.61
1402,3,0,2,12.4187,5338.74,0.085,370.744,0.2,3
1390,3,0,2,12.4086,5284.34
1382,3,0,2,12.3861,5167.23
1362,3,0,2,12.3668,5062.4
1361,3,0,2,12.3623,5037.88
1354,3,0,2,12.3623,5037.69
1355,3,0,2,12.3568,5007.65
2076,3,0,2,12.355,4998.54
1356,3,0,2,12.3462,4954.1
1357,3,0,2,12.3454,4950.38
1349,3,0,2,12.3321,4882.98
1348,3,0,2,12.3313,4878.64
1340,3,0,2,12.3308,4876.09
1339,3,0,2,12.3246,4844.97
1329,3,0,2,12.3122,4780.37
1158,3,0,2,12.2949,4694.54
2048,3,0,2,12.2746,4587.66
1131,3,0,2,12.2694,4560.43
1130,3,0,2,12.2636,4531.5
1129,3,0,2,12.2443,4440.71
1121,3,0,2,12.225,4340.78
1095,3,0,2,12.2169,4301.97
1093,3,0,2,12.2092,4261.25
1074,3,0,2,12.2026,4225.05
1077,3,0,2,12.1923,4170.99
1080,3,0,2,12.179,4104.54
1079,3,0,2,12.1714,4065.86
1061,3,0,2,12.1671,4044.57
1063,3,0,2,12.1637,4026.76
1062,3,0,2,12.1626,4019.69
2159,3,0,2,12.1625,4018.79
1045,3,0,2,12.1618,4015.64
1012,3,0,2,12.1545,3974.66
1014,3,0,2,12.1541,3972.45
989,3,0,2,12.1436,3916.59
990,3,0,2,12.1336,3866.33
704,3,0,2,12.1223,3808.59
2179,3,0,2,12.1221,3807.73
662,3,0,2,12.1159,3778.08
602,3,0,2,12.1049,3710.39
599,3,0,2,12.101,3688.16
605,3,0,2,12.0972,3664.41
529,3,0,2,12.0799,3564.4
726,3,0,2,12.0652,3464.31
714,3,0,2,12.065,3462.45
1543,3,0,2,12.0607,3432.49
710,3,0,2,12.0389,3310.88
1016,3,0,3,12.7691,7087.39,0.0438333,191.188,0.28,4
2029,3,0,3,12.7626,7054.38
1043,3,0,3,12.7625,7053.96
2158,3,0,3,12.7534,7009.82
2030,3,0,3,12.7494,6989.98
1041,3,0,3,12.7447,6964.99
1059,3,0,3,12.7365,6923.15
1058,3,0,3,12.7313,6897.09
1056,3,0,3,12.7249,6862.66
1072,3,0,3,12.7073,6771.76
1071,3,0,3,12.6991,6729.65
1090,3,0,3,12.6909,6685.01
1089,3,0,3,12.6842,6649.15
1119,3,0,3,12.6771,6609.92
1118,3,0,3,12.6703,6573.72
2044,3,0,3,12.6542,6490.47
2169,3,0,3,12.6477,6455.59
2171,3,0,3,12.6435,6433.46
2046,3,0,3,12.6373,6402.23
1778,3,0,3,12.6119,6273.72
1327,3,0,3,12.6006,6212.94
1343,3,0,3,12.6,6210.21
1355,3,0,3,12.5753,6079.39
1364,3,0,3,12.5752,6079.18
1362,3,0,3,12.565,6025.55
1382,3,0,3,12.5356,5877.96
1390,3,0,3,12.5147,5767.32
1402,3,0,3,12.5037,5709.48
501,3,0,4,13.0036,8204.08,0.0531667,231.897,0.2,5
1747,3,0,4,12.9969,8171.47
1746,3,0,4,12.9677,8026.97
1745,3,0,4,12.9568,7972.91
1844,3,0,4,12.9362,7872.68
575,3,0,4,12.9335,7856.62
571,3,0,4,12.9297,7836.65
570,3,0,4,12.9251,7814.32
569,3,0,4,12.9194,7786.73
640,3,0,4,12.9141,7759.71
649,3,0,4,12.9076,7728.37
646,3,0,4,12.9012,7697.49
691,3,0,4,12.8934,7660.73
689,3,0,4,12.8696,7549.84
979,3,0,4,12.8599,7505.8
980,3,0,4,12.8547,7479.73
978,3,0,4,12.8511,7461.24
1010,3,0,4,12.8354,7381.09
1016,3,0,4,12.8129,7278.58
110,3,0,5,13.3289,9896.75,0,0,0
1968,3,0,5,13.3139,9815.95
114,3,0,5,13.308,9780.76
1719,3,0,5,13.2727,9587.5
1718,3,0,5,13.2547,9488.96
129,3,0,5,13.2307,9355.21
134,3,0,5,13.2258,9326.7
133,3,0,5,13.2138,9261.86
138,3,0,5,13.1929,9157.28
184,3,0,5,13.1761,9066.89
440,3,0,5,13.1536,8950.51
451,3,0,5,13.1372,8865.09
1716,3,0,5,13.1348,8848.67
462,3,0,5,13.1276,8809.85
1990,3,0,5,13.1198,8756.81
463,3,0,5,13.1026,8666.78
474,3,0,5,13.0888,8593.78
2140,3,0,5,13.0806,8555.95
2141,3,0,5,13.0724,8510.97
473,3,0,5,13.0722,8510.21
502,3,0,5,13.0632,8466.31
501,3,0,5,13.0568,8435.98
501,4,0,0,11.7539,1433.41,0.0743333,324.22,0.22,1
502,4,0,0,11.7486,1407.87
473,4,0,0,11.739,1361.69
2141,4,0,0,11.7388,1360.71
2140,4,0,0,11.7304,1314.68
475,4,0,0,11.7275,1299.26
474,4,0,0,11.7234,1278.25
463,4,0,0,11.7086,1201.35
1990,4,0,0,11.6951,1126.94
462,4,0,0,11.6864,1072.9
461,4,0,0,11.684,1058.4
1716,4,0,0,11.6758,1015.28
451,4,0,0,11.6714,992.322
440,4,0,0,11.6554,908.617
184,4,0,0,11.6385,816.223
138,4,0,0,11.6228,730.3
133,4,0,0,11.6085,653.53
134,4,0,0,11.6009,601.574
129,4,0,0,11.5933,561.93
1718,4,0,0,11.5669,417.674
1719,4,0,0,11.5502,325.295
114,4,0,0,11.5123,120.486
1968,4,0,0,11.5053,81.9493
110,4,0,0,11.49,0
710,4,0,1,11.958,2453.47,0.0443333,193.369,0.36,2
1543,4,0,1,11.9366,2333.21
459,4,0,1,11.9263,2269.8
488,4,0,1,11.8976,2112.91
2144,4,0,1,11.8809,2022.7
486,4,0,1,11.8796,2016.25
482,4,0,1,11.872,1976.94
2142,4,0,1,11.8669,1949.91
2143,4,0,1,11.8665,1948.14
480,4,0,1,11.8661,1946.24
478,4,0,1,11.8619,1924.17
477,4,0,1,11.8538,1881.98
1750,4,0,1,11.85,1861.72
2141,4,0,1,11.8436,1831.93
473,4,0,1,11.8434,1830.73
502,4,0,1,11.8343,1786.83
501,4,0,1,11.8282,1757.63
1016,4,0,2,12.1292,3369.07,0.0438333,191.188,0.28,3
1548,4,0,2,12.1223,3333.03
1012,4,0,2,12.118,3310.61
1014,4,0,2,12.1176,3308.41
989,4,0,2,12.1071,3252.55
990,4,0,2,12.0971,3202.29
704,4,0,2,12.0857,3144.55
2179,4,0,2,12.0855,3143.68
662,4,0,2,12.0793,3114.04
602,4,0,2,12.0684,3046.34
599,4,0,2,12.0645,3024.12
605,4,0,2,12.0606,3000.37
529,4,0,2,12.0434,2900.36
726,4,0,2,12.0286,2800.27
714,4,0,2,12.0284,2798.41
1543,4,0,2,12.0242,2768.44
710,4,0,2,12.0024,2646.84
1402,4,0,3,12.4363,4918.69,0.085,370.744,0.2,4
1390,4,0,3,12.4262,4864.29
1382,4,0,3,12.403,4743.98
1362,4,0,3,12.3791,4619.7
1361,4,0,3,12.3742,4593.25
1354,4,0,3,12.3741,4593.06
1355,4,0,3,12.3678,4559.22
2076,4,0,3,12.366,4550.11
1356,4,0,3,12.3602,4518.45
1357,4,0,3,12.3594,4514.73
1349,4,0,3,12.3482,4456.01
1348,4,0,3,12.3472,4450.96
1340,4,0,3,12.3467,4448.42
1339,4,0,3,12.3407,4417.99
1329,4,0,3,12.3278,4351.43
1158,4,0,3,12.3137,4278.91
2048,4,0,3,12.2934,4171.91
1131,4,0,3,12.2882,4144.68
1130,4,0,3,12.2824,4115.75
1129,4,0,3,12.263,4024.95
1121,4,0,3,12.2437,3925.02
1095,4,0,3,12.2357,3886.22
1093,4,0,3,12.228,3845.49
1074,4,0,3,12.2214,3809.29
1077,4,0,3,12.2111,3755.24
1080,4,0,3,12.1978,3688.79
1079,4,0,3,12.1901,3650.11
1061,4,0,3,12.1859,3628.82
1063,4,0,3,12.1825,3611.01
1062,4,0,3,12.1814,3603.94
2159,4,0,3,12.1812,3603.04
1045,4,0,3,12.1805,3599.89
1043,4,0,3,12.1774,3584.03
2029,4,0,3,12.1773,3583.62
1016,4,0,3,12.1731,3560.25
410,4,0,4,12.932,7451.77,0.109667,478.333,0.09,5
1986,4,0,4,12.9064,7326.03
883,4,0,4,12.8771,7172.67
882,4,0,4,12.8654,7109.1
2155,4,0,4,12.8616,7090.37
901,4,0,4,12.8281,6915.07
902,4,0,4,12.8143,6841.86
904,4,0,4,12.7996,6764.46
925,4,0,4,12.7768,6639.44
2019,4,0,4,12.7709,6610.13
929,4,0,4,12.7705,6608.15
938,4,0,4,12.7584,6542.02
950,4,0,4,12.7424,6460.99
951,4,0,4,12.736,6427.74
949,4,0,4,12.7244,6368.45
1302,4,0,4,12.6977,6228.78
1307,4,0,4,12.6825,6145
1308,4,0,4,12.6709,6083.95
1309,4,0,4,12.6535,5993.85
1314,4,0,4,12.6529,5990.98
2165,4,0,4,12.6339,5892.71
2071,4,0,4,12.6143,5786.86
1359,4,0,4,12.5944,5679.63
1370,4,0,4,12.5934,5675.18
1360,4,0,4,12.5707,5550.16
1382,4,0,4,12.5532,5457.91
1390,4,0,4,12.5323,5347.28
1402,4,0,4,12.5213,5289.44
110,4,0,5,13.3239,9505.78,0,0,0
1968,4,0,5,13.3088,9424.98
1969,4,0,5,13.2967,9348.63
115,4,0,5,13.2942,9334.21
2113,4,0,5,13.2894,9308.14
2133,4,0,5,13.1694,8630.62
366,4,0,5,13.1657,8603.99
2134,4,0,5,13.1547,8542.45
2136,4,0,5,13.1428,8477.53
393,4,0,5,13.1137,8325.64
401,4,0,5,13.0989,8247.18
400,4,0,5,13.0728,8104.08
411,4,0,5,13.0585,8029.53
412,4,0,5,13.0564,8010.02
398,4,0,5,13.042,7931.31
410,4,0,5,13.0417,7930.1
710,5,0,0,13.5525,1706.65,0.0466667,203.546,0.45,1
1543,5,0,0,13.5294,1579.59
459,5,0,0,13.5202,1517.38
458,5,0,0,13.5127,1471.15
456,5,0,0,13.5034,1410.12
457,5,0,0,13.4975,1377.61
454,5,0,0,13.4898,1323.63
455,5,0,0,13.4872,1308.67
453,5,0,0,13.4785,1243.21
446,5,0,0,13.4702,1195.77
442,5,0,0,13.4585,1137.28
1857,5,0,0,13.4497,1091.26
441,5,0,0,13.4436,1062.09
185,5,0,0,13.4326,1004.16
177,5,0,0,13.4203,938.786
184,5,0,0,13.4003,829.279
138,5,0,0,13.3836,739.414
133,5,0,0,13.3697,664.29
134,5,0,0,13.3621,612.333
129,5,0,0,13.355,574.749
1718,5,0,0,13.3291,432.78
1720,5,0,0,13.322,394.625
1719,5,0,0,13.3093,321.152
114,5,0,0,13.2716,117.424
1968,5,0,0,13.2648,79.7523
110,5,0,0,13.25,0
1402,5,0,1,14.0003,4027.57,0.0816667,356.205,0.16,2
1390,5,0,1,13.9911,3977.52
1382,5,0,1,13.9609,3827.77
1362,5,0,1,13.9382,3708.77
1361,5,0,1,13.9332,3681.77
1354,5,0,1,13.9331,3681.58
1355,5,0,1,13.9206,3621.92
2076,5,0,1,13.9188,3612.81
1356,5,0,1,13.9104,3570.09
1357,5,0,1,13.9096,3566.38
1349,5,0,1,13.8961,3498.2
1348,5,0,1,13.8955,3494.87
1340,5,0,1,13.895,3492.33
1339,5,0,1,13.8897,3464.61
1329,5,0,1,13.8787,3406.27
1158,5,0,1,13.8637,3329.94
2048,5,0,1,13.8436,3223.82
1151,5,0,1,13.8338,3171.97
1134,5,0,1,13.828,3141.99
1133,5,0,1,13.823,3115.82
1122,5,0,1,13.8116,3058.27
1096,5,0,1,13.786,2931.66
1099,5,0,1,13.7812,2907
1098,5,0,1,13.7739,2870.34
1101,5,0,1,13.7545,2772.1
1082,5,0,1,13.7461,2730.13
1079,5,0,1,13.737,2683.11
1061,5,0,1,13.7327,2661.83
1063,5,0,1,13.7295,2644.99
1062,5,0,1,13.7285,2637.95
2159,5,0,1,13.7283,2636.96
1045,5,0,1,13.7276,2633.81
1012,5,0,1,13.7204,2592.83
2028,5,0,1,13.7123,2547.36
989,5,0,1,13.7089,2531.63
990,5,0,1,13.6988,2481.36
991,5,0,1,13.6963,2469.01
706,5,0,1,13.6892,2429.55
704,5,0,1,13.6866,2416.78
2179,5,0,1,13.6864,2415.92
662,5,0,1,13.6802,2386.27
602,5,0,1,13.669,2318.13
599,5,0,1,13.6645,2293.43
605,5,0,1,13.6593,2265.31
529,5,0,1,13.6428,2166.41
726,5,0,1,13.6266,2064.88
714,5,0,1,13.6264,2063
1543,5,0,1,13.6206,2030.56
710,5,0,1,13.5991,1910.19
1016,5,0,2,14.34,5736.79,0.0881667,384.556,0.22,3
2029,5,0,2,14.3356,5713.04
1043,5,0,2,14.3356,5712.63
2158,5,0,2,14.3287,5677.85
2030,5,0,2,14.3248,5658.01
1041,5,0,2,14.3196,5631.43
1059,5,0,2,14.3108,5586.59
1058,5,0,2,14.3058,5561.34
1075,5,0,2,14.2882,5471.27
1072,5,0,2,14.2782,5419.83
1071,5,0,2,14.268,5369.35
1090,5,0,2,14.262,5332.13
1089,5,0,2,14.2559,5298.81
1119,5,0,2,14.2473,5252.92
1118,5,0,2,14.2411,5219.33
2044,5,0,2,14.2259,5139.77
2169,5,0,2,14.2179,5098.75
2171,5,0,2,14.2132,5074.6
1549,5,0,2,14.2054,5034.45
1147,5,0,2,14.198,4996.06
1327,5,0,2,14.1696,4848.09
1343,5,0,2,14.169,4845.36
1355,5,0,2,14.1422,4705.94
1364,5,0,2,14.1422,4705.73
1362,5,0,2,14.1324,4653.75
1382,5,0,2,14.1123,4545.92
1390,5,0,2,14.0908,4432.75
1402,5,0,2,14.0819,4383.78
501,5,0,3,14.6177,7043.04,0.107,466.702,0.18,4
1747,5,0,3,14.608,6998.73
1746,5,0,3,14.5801,6859.39
1745,5,0,3,14.567,6796.1
1844,5,0,3,14.5491,6706.86
575,5,0,3,14.5467,6691.35
571,5,0,3,14.5438,6675.23
570,5,0,3,14.539,6651.95
569,5,0,3,14.5338,6626.63
640,5,0,3,14.5257,6587.72
649,5,0,3,14.5164,6545.19
646,5,0,3,14.5086,6508.67
691,5,0,3,14.5027,6479.77
689,5,0,3,14.4806,6375.77
979,5,0,3,14.4721,6336.17
980,5,0,3,14.4662,6307.77
978,5,0,3,14.4627,6289.58
1010,5,0,3,14.4479,6212.81
1016,5,0,3,14.4282,6121.35
110,5,0,4,14.9984,8998.94,0,0,0
111,5,0,4,14.996,8983.06
1968,5,0,4,14.9866,8918.38
114,5,0,4,14.981,8883.65
1719,5,0,4,14.9431,8678.61
1720,5,0,4,14.928,8596.14
1718,5,0,4,14.9222,8563.59
129,5,0,4,14.897,8424.52
134,5,0,4,14.891,8391.56
133,5,0,4,14.8786,8325.03
138,5,0,4,14.8577,8220.45
184,5,0,4,14.8414,8131.91
440,5,0,4,14.8256,8044.29
451,5,0,4,14.809,7958.09
1716,5,0,4,14.8066,7941.67
462,5,0,4,14.7975,7894.59
1990,5,0,4,14.7904,7841.9
463,5,0,4,14.7717,7745.38
474,5,0,4,14.7564,7666.14
2140,5,0,4,14.7473,7624.8
2141,5,0,4,14.7395,7581.6
473,5,0,4,14.7392,7580.32
502,5,0,4,14.7302,7536.42
501,5,0,4,14.7247,7509.74
410,5,1,0,11.5522,1462.66,0.0726667,316.95,0.06,1
398,5,1,0,11.5519,1461.45
397,5,1,0,11.5393,1392.89
390,5,1,0,11.5198,1291.33
382,5,1,0,11.5025,1199.86
376,5,1,0,11.4845,1103.09
369,5,1,0,11.465,998.232
360,5,1,0,11.4427,878.986
361,5,1,0,11.4301,809.873
128,5,1,0,11.3696,481.115
126,5,1,0,11.3623,442.296
125,5,1,0,11.356,408.059
118,5,1,0,11.3231,231.019
1968,5,1,0,11.2953,81.9493
110,5,1,0,11.28,0
110,5,1,1,11.9097,3360.63,0,0,0
1968,5,1,1,11.8946,3279.59
1969,5,1,1,11.8823,3203.08
115,5,1,1,11.8798,3188.51
2113,5,1,1,11.875,3162.69
2133,5,1,1,11.7541,2480.93
366,5,1,1,11.7504,2454.3
2134,5,1,1,11.7388,2390.2
2136,5,1,1,11.7263,2322.55
393,5,1,1,11.6936,2155.53
392,5,1,1,11.6756,2054.99
400,5,1,1,11.6553,1948.22
411,5,1,1,11.641,1874.15
412,5,1,1,11.6385,1855.14
398,5,1,1,11.6251,1780.81
410,5,1,1,11.6248,1779.61
501,6,0,0,13.6196,1510.92,0.0531667,231.897,0.2,1
502,6,0,0,13.6144,1485.38
473,6,0,0,13.6065,1446.3
2141,6,0,0,13.6063,1445.32
1750,6,0,0,13.602,1424.02
477,6,0,0,13.5975,1400.71
453,6,0,0,13.5685,1243.21
446,6,0,0,13.5602,1195.77
442,6,0,0,13.5485,1137.28
1857,6,0,0,13.5397,1091.26
441,6,0,0,13.5336,1062.09
185,6,0,0,13.5226,1004.16
177,6,0,0,13.5103,938.786
184,6,0,0,13.4903,829.279
138,6,0,0,13.4736,739.414
133,6,0,0,13.4597,664.29
134,6,0,0,13.4521,612.333
129,6,0,0,13.445,574.749
1718,6,0,0,13.4191,432.78
1720,6,0,0,13.412,394.625
1719,6,0,0,13.3993,321.152
114,6,0,0,13.3616,117.424
1968,6,0,0,13.3548,79.7523
110,6,0,0,13.34,0
1016,6,0,1,13.8372,2559.29,0.0561667,244.982,0.25,2
1010,6,0,1,13.8282,2511.64
2026,6,0,1,13.8008,2377.86
2027,6,0,1,13.7957,2352.02
1998,6,0,1,13.7853,2299.32
1997,6,0,1,13.7767,2255.7
1996,6,0,1,13.7708,2227.41
1995,6,0,1,13.7626,2189.09
1993,6,0,1,13.7535,2145.41
1994,6,0,1,13.7492,2123.93
572,6,0,1,13.7422,2085.28
541,6,0,1,13.73,2024.92
540,6,0,1,13.7196,1971.28
1754,6,0,1,13.7112,1927.61
518,6,0,1,13.7033,1887.64
500,6,0,1,13.6983,1861.85
501,6,0,1,13.6728,1742.82
1402,6,0,2,14.1581,4171.66,0.0816667,356.205,0.16,3
1390,6,0,2,14.149,4121.61
1382,6,0,2,14.1234,3991.55
1362,6,0,2,14.1029,3881.56
1361,6,0,2,14.0987,3858.38
1354,6,0,2,14.0987,3858.19
1355,6,0,2,14.0922,3823.7
2076,6,0,2,14.0904,3814.59
1356,6,0,2,14.0828,3775.24
1357,6,0,2,14.082,3771.52
1349,6,0,2,14.0693,3706.57
1348,6,0,2,14.0687,3703.13
1340,6,0,2,14.0682,3700.59
1339,6,0,2,14.0626,3671.86
1330,6,0,2,14.0418,3563.11
1161,6,0,2,14.0325,3515.2
1162,6,0,2,14.0225,3462.21
1136,6,0,2,14.0038,3364.01
1138,6,0,2,13.9971,3329.65
1137,6,0,2,13.9912,3298.54
1123,6,0,2,13.9775,3232.39
1775,6,0,2,13.9689,3188.4
1102,6,0,2,13.9532,3109.22
1100,6,0,2,13.939,3039.82
1101,6,0,2,13.928,2983.18
1082,6,0,2,13.9196,2941.21
1079,6,0,2,13.9105,2894.19
1061,6,0,2,13.9062,2872.91
1063,6,0,2,13.903,2856.07
1062,6,0,2,13.902,2849.03
2159,6,0,2,13.9018,2848.04
1045,6,0,2,13.9011,2844.89
1043,6,0,2,13.8978,2828.21
2029,6,0,2,13.8977,2827.8
1016,6,0,2,13.8934,2804.27
110,6,0,3,14.8747,7948.32,0,0,0
1968,6,0,3,14.857,7856.71
1969,6,0,3,14.8445,7779.85
115,6,0,3,14.842,7765.39
2113,6,0,3,14.8365,7736.2
2133,6,0,3,14.7028,6998.83
366,6,0,3,14.6988,6972.03
2134,6,0,3,14.6896,6914.26
2136,6,0,3,14.6788,6854.11
393,6,0,3,14.6488,6698.35
401,6,0,3,14.6361,6628.9
1739,6,0,3,14.6262,6575.04
1742,6,0,3,14.6197,6540.56
1741,6,0,3,14.6133,6506.07
418,6,0,3,14.6058,6466.55
417,6,0,3,14.603,6450.86
1989,6,0,3,14.585,6358.28
2011,6,0,3,14.5649,6255.21
2156,6,0,3,14.5594,6226.77
2013,6,0,3,14.5587,6223.62
886,6,0,3,14.5477,6169
888,6,0,3,14.5309,6075.87
903,6,0,3,14.5198,6017.61
904,6,0,3,14.5163,5998.75
925,6,0,3,14.4962,5885.54
2019,6,0,3,14.4905,5857.25
929,6,0,3,14.4901,5855.27
938,6,0,3,14.4785,5791
950,6,0,3,14.4636,5714.34
951,6,0,3,14.4527,5662.71
949,6,0,3,14.4404,5600.46
1302,6,0,3,14.4154,5468.03
1307,6,0,3,14.4017,5390.6
1308,6,0,3,14.3905,5331.03
1309,6,0,3,14.3722,5237.67
1314,6,0,3,14.3716,5234.8
2165,6,0,3,14.3561,5151.36
2071,6,0,3,14.3353,5040.21
1317,6,0,3,14.3233,4972.8
2072,6,0,3,14.3043,4870.1
1323,6,0,3,14.2883,4786.41
1388,6,0,3,14.2876,4782.63
1389,6,0,3,14.2789,4734.73
1390,6,0,3,14.2486,4576.84
1402,6,0,3,14.2398,4527.87
410,6,1,0,11.4822,1462.66,0.0726667,316.95,0.06,1
398,6,1,0,11.4819,1461.45
397,6,1,0,11.4693,1392.89
390,6,1,0,11.4498,1291.33
382,6,1,0,11.4325,1199.86
376,6,1,0,11.4145,1103.09
369,6,1,0,11.395,998.232
360,6,1,0,11.3727,878.986
361,6,1,0,11.3601,809.873
128,6,1,0,11.2996,481.115
126,6,1,0,11.2923,442.296
125,6,1,0,11.286,408.059
118,6,1,0,11.2531,231.019
1968,6,1,0,11.2253,81.9493
110,6,1,0,11.21,0
710,6,1,1,11.7746,3117.52,0.0443333,193.369,0.36,2
1543,6,1,1,11.7531,2997.25
715,6,1,1,11.7483,2952.99
714,6,1,1,11.7444,2928.98
726,6,1,1,11.7442,2927.1
529,6,1,1,11.7305,2827.61
605,6,1,1,11.7157,2731
603,6,1,1,11.7106,2703.02
604,6,1,1,11.7063,2679.88
596,6,1,1,11.7062,2678.91
580,6,1,1,11.6978,2620.63
574,6,1,1,11.6805,2527.39
573,6,1,1,11.6705,2471.49
564,6,1,1,11.6628,2430.34
557,6,1,1,11.6567,2396.35
561,6,1,1,11.65,2349.83
628,6,1,1,11.6455,2324.18
609,6,1,1,11.6328,2247.52
423,6,1,1,11.6269,2191.2
419,6,1,1,11.6222,2156.76
418,6,1,1,11.6069,2071.84
2139,6,1,1,11.603,2050.41
2138,6,1,1,11.5846,1948.97
411,6,1,1,11.571,1874.15
412,6,1,1,11.5685,1855.14
398,6,1,1,11.5551,1780.81
410,6,1,1,11.5548,1779.61
110,6,1,2,12.1254,5064.79,0,0,0
1968,6,1,2,12.1103,4983.75
114,6,1,2,12.1051,4949.43
1719,6,1,2,12.0621,4722.82
1718,6,1,2,12.0466,4635.77
129,6,1,2,12.0222,4499.9
134,6,1,2,12.0158,4465.51
133,6,1,2,12.003,4397.31
138,6,1,2,11.9821,4292.72
184,6,1,2,11.9629,4191.76
440,6,1,2,11.9462,4100.57
451,6,1,2,11.9274,4004.86
1716,6,1,2,11.925,3988.43
462,6,1,2,11.9146,3936.01
1990,6,1,2,11.9068,3882.98
452,6,1,2,11.9018,3850.54
453,6,1,2,11.8904,3763.36
455,6,1,2,11.878,3693.43
454,6,1,2,11.8752,3677.82
457,6,1,2,11.8685,3623.85
456,6,1,2,11.8633,3594.41
458,6,1,2,11.8539,3533.26
459,6,1,2,11.8479,3488.16
1543,6,1,2,11.8386,3425.93
710,6,1,2,11.8189,3310.88
410,7,0,0,11.7022,1462.66,0.0726667,316.95,0.06,1
398,7,0,0,11.7019,1461.45
397,7,0,0,11.6893,1392.89
390,7,0,0,11.6698,1291.33
382,7,0,0,11.6525,1199.86
376,7,0,0,11.6345,1103.09
369,7,0,0,11.615,998.232
360,7,0,0,11.5927,878.986
361,7,0,0,11.5801,809.873
128,7,0,0,11.5196,481.115
126,7,0,0,11.5123,442.296
125,7,0,0,11.506,408.059
118,7,0,0,11.4731,231.019
1968,7,0,0,11.4453,81.9493
110,7,0,0,11.43,0
710,7,0,1,11.9946,3117.52,0.0443333,193.369,0.36,2
1543,7,0,1,11.9731,2997.25
715,7,0,1,11.9683,2952.99
714,7,0,1,11.9644,2928.98
726,7,0,1,11.9642,2927.1
529,7,0,1,11.9505,2827.61
605,7,0,1,11.9357,2731
603,7,0,1,11.9306,2703.02
604,7,0,1,11.9263,2679.88
596,7,0,1,11.9262,2678.91
580,7,0,1,11.9178,2620.63
574,7,0,1,11.9005,2527.39
573,7,0,1,11.8905,2471.49
564,7,0,1,11.8828,2430.34
557,7,0,1,11.8767,2396.35
561,7,0,1,11.87,2349.83
628,7,0,1,11.8655,2324.18
609,7,0,1,11.8528,2247.52
423,7,0,1,11.8469,2191.2
419,7,0,1,11.8422,2156.76
418,7,0,1,11.8269,2071.84
2139,7,0,1,11.823,2050.41
2138,7,0,1,11.8046,1948.97
411,7,0,1,11.791,1874.15
412,7,0,1,11.7885,1855.14
398,7,0,1,11.7751,1780.81
410,7,0,1,11.7748,1779.61
501,7,0,2,12.1653,4004.15,0.102667,447.801,0.22,3
1747,7,0,2,12.1585,3971.54
505,7,0,2,12.1534,3945.32
506,7,0,2,12.1359,3864.64
507,7,0,2,12.1286,3829.61
510,7,0,2,12.1178,3778.53
509,7,0,2,12.1126,3753.11
508,7,0,2,12.1077,3726.5
512,7,0,2,12.0999,3687.28
511,7,0,2,12.0961,3668.12
2145,7,0,2,12.0954,3664.9
2146,7,0,2,12.0838,3600.57
529,7,0,2,12.0799,3564.4
726,7,0,2,12.0652,3464.31
714,7,0,2,12.065,3462.45
1543,7,0,2,12.0607,3432.49
710,7,0,2,12.0389,3310.88
1402,7,0,3,12.6748,6528.05,0.085,370.744,0.2,4
1390,7,0,3,12.6647,6473.65
1382,7,0,3,12.6422,6356.54
1362,7,0,3,12.6229,6251.71
1361,7,0,3,12.6184,6227.19
1354,7,0,3,12.6183,6227
1355,7,0,3,12.6129,6196.96
2076,7,0,3,12.6111,6187.84
1356,7,0,3,12.6023,6143.41
1357,7,0,3,12.6015,6139.69
1349,7,0,3,12.5882,6072.29
1348,7,0,3,12.5874,6067.95
1340,7,0,3,12.5869,6065.4
1339,7,0,3,12.5807,6034.28
1329,7,0,3,12.5683,5969.68
1158,7,0,3,12.551,5883.85
2048,7,0,3,12.5308,5777.27
1131,7,0,3,12.5253,5748.9
1130,7,0,3,12.5195,5719.97
1129,7,0,3,12.5007,5631.33
1121,7,0,3,12.4814,5531.4
1095,7,0,3,12.4733,5492.59
1093,7,0,3,12.4656,5451.87
1074,7,0,3,12.4591,5415.67
1073,7,0,3,12.4473,5356.8
1057,7,0,3,12.4291,5264.11
1042,7,0,3,12.4238,5237.73
2030,7,0,3,12.4168,5200.7
1011,7,0,3,12.4167,5199.85
1547,7,0,3,12.4024,5129.73
1546,7,0,3,12.3973,5104.04
975,7,0,3,12.3941,5086.89
2026,7,0,3,12.388,5054.16
2027,7,0,3,12.3804,5018.35
1998,7,0,3,12.3704,4967.25
1997,7,0,3,12.3622,4925.17
1996,7,0,3,12.3559,4895.54
1995,7,0,3,12.3493,4863.46
1993,7,0,3,12.3442,4836.65
1994,7,0,3,12.34,4815.17
572,7,0,3,12.3329,4776.05
541,7,0,3,12.324,4729.48
540,7,0,3,12.3133,4674.57
1754,7,0,3,12.3047,4630.38
518,7,0,3,12.2961,4587.43
500,7,0,3,12.2905,4559
501,7,0,3,12.2679,4451.95
1016,7,0,4,13.0252,8276.7,0.0561667,244.982,0.25,5
2029,7,0,4,13.0186,8243.69
1043,7,0,4,13.0186,8243.27
2158,7,0,4,13.0095,8199.12
2030,7,0,4,13.0055,8179.29
1041,7,0,4,13.0008,8154.3
1059,7,0,4,12.9926,8112.46
1058,7,0,4,12.9874,8086.4
1056,7,0,4,12.981,8051.96
1072,7,0,4,12.9634,7961.06
1071,7,0,4,12.9552,7918.96
1090,7,0,4,12.9469,7874.32
1089,7,0,4,12.9403,7838.46
1119,7,0,4,12.9332,7799.23
1118,7,0,4,12.9264,7763.03
2044,7,0,4,12.9103,7679.78
2169,7,0,4,12.9038,7644.9
2171,7,0,4,12.8996,7622.76
2046,7,0,4,12.8934,7591.54
1778,7,0,4,12.868,7463.03
1327,7,0,4,12.8567,7402.25
1343,7,0,4,12.8561,7399.52
1355,7,0,4,12.8314,7268.7
1364,7,0,4,12.8313,7268.49
1362,7,0,4,12.8211,7214.86
1382,7,0,4,12.7917,7067.27
1390,7,0,4,12.7707,6956.63
1402,7,0,4,12.7598,6898.79
110,7,0,5,13.5032,10718,0,0,0
1968,7,0,5,13.4881,10637.2
114,7,0,5,13.4823,10602
1719,7,0,5,13.4467,10407.2
1718,7,0,5,13.4284,10307.8
129,7,0,5,13.4041,10172.7
134,7,0,5,13.3968,10134.3
133,7,0,5,13.3841,10066.7
138,7,0,5,13.3633,9962.14
184,7,0,5,13.3456,9867.87
440,7,0,5,13.3246,9758.01
451,7,0,5,13.3082,9672.59
1716,7,0,5,13.3058,9656.17
462,7,0,5,13.2986,9617.35
1990,7,0,5,13.2908,9564.31
463,7,0,5,13.2736,9474.27
474,7,0,5,13.2598,9401.28
2140,7,0,5,13.2516,9363.45
475,7,0,5,13.2449,9332.18
499,7,0,5,13.2371,9292.59
500,7,0,5,13.2325,9269.18
518,7,0,5,13.227,9241
1754,7,0,5,13.2138,9179.14
540,7,0,5,13.2052,9135.24
541,7,0,5,13.1945,9080.09
572,7,0,5,13.1858,9034.33
1994,7,0,5,13.1761,8984.05
1993,7,0,5,13.1718,8962.57
1995,7,0,5,13.165,8928.2
1996,7,0,5,13.1589,8898.26
1997,7,0,5,13.155,8878.36
2027,7,0,5,13.1301,8757.58
2026,7,0,5,13.1243,8729.1
978,7,0,5,13.1153,8687.1
1010,7,0,5,13.1015,8614.98
1016,7,0,5,13.0814,8521.68
710,8,0,0,11.6684,1682.36,0.0443333,193.369,0.36,1
1543,8,0,0,11.6433,1546.36
459,8,0,0,11.6334,1483.42
458,8,0,0,11.6264,1437.75
456,8,0,0,11.6172,1376.86
457,8,0,0,11.6118,1346.64
454,8,0,0,11.6042,1292.68
455,8,0,0,11.6018,1278.37
453,8,0,0,11.5926,1212.8
446,8,0,0,11.584,1164.09
442,8,0,0,11.5758,1120.37
1857,8,0,0,11.5674,1076.3
441,8,0,0,11.5625,1051.98
185,8,0,0,11.5515,993.794
177,8,0,0,11.5389,927.553
184,8,0,0,11.5185,816.223
138,8,0,0,11.5028,730.3
133,8,0,0,11.4885,653.53
134,8,0,0,11.4809,601.574
129,8,0,0,11.4733,561.93
1718,8,0,0,11.4469,417.674
1719,8,0,0,11.4302,325.295
114,8,0,0,11.3923,120.486
1968,8,0,0,11.3853,81.9493
110,8,0,0,11.37,0
410,8,0,1,11.9519,3297.46,0.0726667,316.95,0.06,2
398,8,0,1,11.9517,3296.25
397,8,0,1,11.9413,3236.47
399,8,0,1,11.9248,3146.48
411,8,0,1,11.9103,3066.94
1537,8,0,1,11.8822,2908.63
418,8,0,1,11.8769,2880.17
419,8,0,1,11.8606,2791.05
423,8,0,1,11.8559,2756.6
609,8,0,1,11.85,2700.28
628,8,0,1,11.8374,2623.84
561,8,0,1,11.8333,2598.8
557,8,0,1,11.8253,2550.72
554,8,0,1,11.8237,2542.26
565,8,0,1,11.8161,2499.32
573,8,0,1,11.8108,2472.73
574,8,0,1,11.8018,2420.94
580,8,0,1,11.7834,2322.66
596,8,0,1,11.7773,2262.81
595,8,0,1,11.7718,2232.4
605,8,0,1,11.7706,2224.41
529,8,0,1,11.7534,2124.38
726,8,0,1,11.7375,2023.19
714,8,0,1,11.7373,2021.3
1543,8,0,1,11.7325,1990.78
710,8,0,1,11.7128,1875.73
1402,8,0,2,12.4349,5784.91,0.085,370.744,0.2,3
1390,8,0,2,12.4248,5730.52
1382,8,0,2,12.4023,5613.41
1362,8,0,2,12.383,5508.58
1361,8,0,2,12.3785,5484.06
1354,8,0,2,12.3785,5483.87
2188,8,0,2,12.372,5450.11
2075,8,0,2,12.3511,5342.16
1822,8,0,2,12.3503,5338.17
1353,8,0,2,12.3413,5292.42
2118,8,0,2,12.3198,5176.26
2117,8,0,2,12.3172,5151.63
2164,8,0,2,12.3,5038.48
1307,8,0,2,12.2834,4951.49
1302,8,0,2,12.2667,4861.24
949,8,0,2,12.244,4738.44
2025,8,0,2,12.2405,4720.99
1598,8,0,2,12.2371,4702.02
948,8,0,2,12.2304,4667.33
928,8,0,2,12.2187,4604.29
923,8,0,2,12.1825,4423.53
924,8,0,2,12.1742,4384.22
914,8,0,2,12.1538,4277.13
902,8,0,2,12.1475,4242.13
887,8,0,2,12.1309,4156.83
2012,8,0,2,12.1134,4065.19
884,8,0,2,12.1089,4042.25
1987,8,0,2,12.0715,3852.27
413,8,0,2,12.0522,3754.57
414,8,0,2,12.0469,3726.93
410,8,0,2,12.0246,3614.41
1016,8,0,3,12.7853,7533.57,0.0438333,191.188,0.28,4
2029,8,0,3,12.7788,7500.56
1043,8,0,3,12.7787,7500.14
2158,8,0,3,12.7696,7455.99
2030,8,0,3,12.7656,7436.16
1041,8,0,3,12.7609,7411.17
1059,8,0,3,12.7527,7369.33
1058,8,0,3,12.7475,7343.27
1056,8,0,3,12.7411,7308.83
1072,8,0,3,12.7235,7217.93
1071,8,0,3,12.7153,7175.83
1090,8,0,3,12.7071,7131.19
1089,8,0,3,12.7004,7095.33
1119,8,0,3,12.6933,7056.1
1118,8,0,3,12.6865,7019.9
2044,8,0,3,12.6704,6936.65
2169,8,0,3,12.6639,6901.77
2171,8,0,3,12.6597,6879.63
2046,8,0,3,12.6535,6848.4
1778,8,0,3,12.6281,6719.89
1327,8,0,3,12.6168,6659.12
1343,8,0,3,12.6162,6656.39
1355,8,0,3,12.5915,6525.57
1364,8,0,3,12.5914,6525.36
1362,8,0,3,12.5812,6471.73
1382,8,0,3,12.5518,6324.13
1390,8,0,3,12.5308,6213.5
1402,8,0,3,12.5199,6155.66
501,8,0,4,13.0198,8650.26,0.0531667,231.897,0.2,5
1747,8,0,4,13.0131,8617.65
1746,8,0,4,12.9839,8473.15
1745,8,0,4,12.973,8419.08
1844,8,0,4,12.9524,8318.85
575,8,0,4,12.9497,8302.8
571,8,0,4,12.9459,8282.83
570,8,0,4,12.9413,8260.5
569,8,0,4,12.9356,8232.9
640,8,0,4,12.9303,8205.88
649,8,0,4,12.9238,8174.55
646,8,0,4,12.9174,8143.67
691,8,0,4,12.9096,8106.91
689,8,0,4,12.8858,7996.02
979,8,0,4,12.8761,7951.98
980,8,0,4,12.8709,7925.91
978,8,0,4,12.8673,7907.42
1010,8,0,4,12.8516,7827.27
1016,8,0,4,12.8291,7724.76
110,8,0,5,13.3451,10342.9,0,0,0
1968,8,0,5,13.33,10262.1
114,8,0,5,13.3242,10226.9
1719,8,0,5,13.2889,10033.7
1718,8,0,5,13.2708,9935.14
129,8,0,5,13.2469,9801.38
134,8,0,5,13.242,9772.88
133,8,0,5,13.23,9708.04
138,8,0,5,13.2091,9603.46
184,8,0,5,13.1923,9513.07
440,8,0,5,13.1698,9396.69
451,8,0,5,13.1534,9311.27
1716,8,0,5,13.151,9294.85
462,8,0,5,13.1438,9256.03
1990,8,0,5,13.136,9202.99
463,8,0,5,13.1188,9112.95
474,8,0,5,13.105,9039.96
2140,8,0,5,13.0968,9002.13
2141,8,0,5,13.0886,8957.15
473,8,0,5,13.0884,8956.39
502,8,0,5,13.0794,8912.49
501,8,0,5,13.073,8882.16
410,9,0,0,13.4143,1471.19,0.074,322.766,0.11,1
398,9,0,0,13.414,1469.98
397,9,0,0,13.4032,1408.71
390,9,0,0,13.3833,1305.9
382,9,0,0,13.3669,1218.33
376,9,0,0,13.3499,1125.74
369,9,0,0,13.3301,1019.33
360,9,0,0,13.3091,906.015
361,9,0,0,13.2946,828.632
128,9,0,0,13.2395,523.193
126,9,0,0,13.231,479.066
125,9,0,0,13.2218,432.83
118,9,0,0,13.187,247.521
1968,9,0,0,13.1548,79.7523
110,9,0,0,13.14,0
1016,9,0,1,13.7027,2978.6,0.0561667,244.982,0.25,2
1010,9,0,1,13.6936,2930.95
2026,9,0,1,13.6662,2797.16
2027,9,0,1,13.6611,2771.32
1998,9,0,1,13.6507,2718.62
1997,9,0,1,13.6421,2675.01
1996,9,0,1,13.6362,2646.71
1995,9,0,1,13.628,2608.39
1993,9,0,1,13.6189,2564.72
1994,9,0,1,13.6146,2543.23
562,9,0,1,13.6051,2494.18
563,9,0,1,13.6014,2475.26
564,9,0,1,13.5957,2444.42
557,9,0,1,13.5898,2411.34
561,9,0,1,13.5831,2364.8
628,9,0,1,13.5788,2339.43
609,9,0,1,13.5666,2263.63
423,9,0,1,13.5607,2207.31
419,9,0,1,13.5554,2172.47
418,9,0,1,13.5371,2074.91
2139,9,0,1,13.5338,2055.44
2138,9,0,1,13.5174,1962.7
411,9,0,1,13.5051,1893.38
412,9,0,1,13.503,1873.87
398,9,0,1,13.4886,1795.16
410,9,0,1,13.4883,1793.95
1402,9,0,2,14.0235,4590.97,0.0816667,356.205,0.16,3
1390,9,0,2,14.0144,4540.91
1382,9,0,2,13.9889,4410.86
1362,9,0,2,13.9683,4300.86
1361,9,0,2,13.9641,4277.69
1354,9,0,2,13.9641,4277.5
1355,9,0,2,13.9576,4243
2076,9,0,2,13.9558,4233.89
1356,9,0,2,13.9482,4194.54
1357,9,0,2,13.9474,4190.82
1349,9,0,2,13.9347,4125.87
1348,9,0,2,13.9341,4122.44
1340,9,0,2,13.9336,4119.9
1339,9,0,2,13.928,4091.16
1330,9,0,2,13.9073,3982.42
1161,9,0,2,13.8979,3934.51
1162,9,0,2,13.8879,3881.51
1136,9,0,2,13.8692,3783.31
1138,9,0,2,13.8625,3748.95
1137,9,0,2,13.8566,3717.85
1123,9,0,2,13.8429,3651.7
1775,9,0,2,13.8343,3607.71
1102,9,0,2,13.8186,3528.52
1100,9,0,2,13.8044,3459.13
1101,9,0,2,13.7934,3402.48
1082,9,0,2,13.785,3360.52
1079,9,0,2,13.7759,3313.5
1061,9,0,2,13.7716,3292.21
1063,9,0,2,13.7684,3275.37
1062,9,0,2,13.7674,3268.33
2159,9,0,2,13.7672,3267.35
1045,9,0,2,13.7665,3264.2
1043,9,0,2,13.7632,3247.52
2029,9,0,2,13.7631,3247.1
1016,9,0,2,13.7588,3223.58
501,9,0,3,14.5255,7106.11,0.107,466.702,0.18,4
1747,9,0,3,14.5195,7076.89
1746,9,0,3,14.4909,6934.48
540,9,0,3,14.4739,6848.54
541,9,0,3,14.4614,6786.03
572,9,0,3,14.4509,6732.79
567,9,0,3,14.4408,6679.38
565,9,0,3,14.4386,6665.89
562,9,0,3,14.4319,6631.38
639,9,0,3,14.4285,6613.94
638,9,0,3,14.4228,6584.27
637,9,0,3,14.4178,6559.24
685,9,0,3,14.4068,6505.46
687,9,0,3,14.4016,6479.43
971,9,0,3,14.3869,6410.53
972,9,0,3,14.3796,6374.32
973,9,0,3,14.3649,6305.19
1008,9,0,3,14.3552,6257.09
1009,9,0,3,14.343,6195.51
1041,9,0,3,14.3429,6194.82
1059,9,0,3,14.334,6149.99
1058,9,0,3,14.329,6124.74
1075,9,0,3,14.3115,6034.67
1072,9,0,3,14.3015,5983.22
1071,9,0,3,14.2913,5932.75
1090,9,0,3,14.2852,5895.53
1089,9,0,3,14.2791,5862.2
1119,9,0,3,14.2705,5816.31
1118,9,0,3,14.2643,5782.73
2044,9,0,3,14.2491,5703.16
2169,9,0,3,14.2411,5662.14
2171,9,0,3,14.2364,5637.99
1549,9,0,3,14.2287,5597.84
1147,9,0,3,14.2212,5559.46
1327,9,0,3,14.1928,5411.48
1343,9,0,3,14.1922,5408.75
1355,9,0,3,14.1655,5269.33
1364,9,0,3,14.1654,5269.12
1362,9,0,3,14.1556,5217.14
1382,9,0,3,14.1356,5109.31
1390,9,0,3,14.1141,4996.14
1402,9,0,3,14.1052,4947.17
110,9,0,4,14.9062,9062.01,0,0,0
111,9,0,4,14.9038,9046.13
1968,9,0,4,14.8944,8981.46
114,9,0,4,14.8888,8946.72
1719,9,0,4,14.8508,8741.69
1720,9,0,4,14.8358,8659.22
1718,9,0,4,14.83,8626.67
129,9,0,4,14.8048,8487.6
134,9,0,4,14.7988,8454.63
133,9,0,4,14.7864,8388.1
138,9,0,4,14.7655,8283.52
184,9,0,4,14.7492,8194.98
440,9,0,4,14.7333,8107.36
451,9,0,4,14.7168,8021.16
1716,9,0,4,14.7144,8004.74
462,9,0,4,14.7052,7957.67
1990,9,0,4,14.6982,7904.97
463,9,0,4,14.6795,7808.45
474,9,0,4,14.6641,7729.21
2140,9,0,4,14.6551,7687.88
2141,9,0,4,14.6473,7644.68
473,9,0,4,14.647,7643.39
502,9,0,4,14.638,7599.49
501,9,0,4,14.6325,7572.81
710,9,1,0,11.9284,1682.36,0.0443333,193.369,0.36,1
1543,9,1,0,11.9033,1546.36
459,9,1,0,11.8934,1483.42
458,9,1,0,11.8864,1437.75
456,9,1,0,11.8772,1376.86
457,9,1,0,11.8718,1346.64
454,9,1,0,11.8642,1292.68
455,9,1,0,11.8618,1278.37
453,9,1,0,11.8526,1212.8
446,9,1,0,11.844,1164.09
442,9,1,0,11.8358,1120.37
1857,9,1,0,11.8274,1076.3
441,9,1,0,11.8225,1051.98
185,9,1,0,11.8115,993.794
177,9,1,0,11.7989,927.553
184,9,1,0,11.7785,816.223
138,9,1,0,11.7628,730.3
133,9,1,0,11.7485,653.53
134,9,1,0,11.7409,601.574
129,9,1,0,11.7333,561.93
1718,9,1,0,11.7069,417.674
1719,9,1,0,11.6902,325.295
114,9,1,0,11.6523,120.486
1968,9,1,0,11.6453,81.9493
110,9,1,0,11.63,0
110,9,1,1,12.2792,3629.63,0,0,0
1968,9,1,1,12.2641,3548.6
114,9,1,1,12.2589,3514.27
1719,9,1,1,12.2159,3287.66
1718,9,1,1,12.2005,3200.61
129,9,1,1,12.176,3064.75
134,9,1,1,12.1696,3030.36
133,9,1,1,12.1568,2962.15
138,9,1,1,12.136,2857.57
184,9,1,1,12.1167,2756.61
440,9,1,1,12.1001,2665.42
451,9,1,1,12.0813,2569.71
1716,9,1,1,12.0789,2553.28
462,9,1,1,12.0685,2500.86
1990,9,1,1,12.0606,2447.83
452,9,1,1,12.0556,2415.39
453,9,1,1,12.0443,2328.21
455,9,1,1,12.0319,2258.28
454,9,1,1,12.029,2242.66
457,9,1,1,12.0223,2188.7
456,9,1,1,12.0172,2159.26
458,9,1,1,12.0077,2098.11
459,9,1,1,12.0018,2053.01
1543,9,1,1,11.9925,1990.78
710,9,1,1,11.9728,1875.73
410,10,0,0,13.4143,1471.19,0.074,322.766,0.11,1
398,10,0,0,13.414,1469.98
397,10,0,0,13.4032,1408.71
390,10,0,0,13.3833,1305.9
382,10,0,0,13.3669,1218.33
376,10,0,0,13.3499,1125.74
369,10,0,0,13.3301,1019.33
360,10,0,0,13.3091,906.015
361,10,0,0,13.2946,828.632
128,10,0,0,13.2395,523.193
126,10,0,0,13.231,479.066
125,10,0,0,13.2218,432.83
118,10,0,0,13.187,247.521
1968,10,0,0,13.1548,79.7523
110,10,0,0,13.14,0
1402,10,0,1,13.9149,4038.37,0.1085,473.244,0.18,2
1390,10,0,1,13.9057,3988.31
1389,10,0,1,13.8795,3847.36
1388,10,0,1,13.8594,3752.17
1323,10,0,1,13.8587,3748.39
2072,10,0,1,13.8345,3630.82
1317,10,0,1,13.8147,3524.14
2071,10,0,1,13.804,3460.08
2165,10,0,1,13.7817,3342.68
1314,10,0,1,13.7649,3253.68
2163,10,0,1,13.7502,3173.84
2023,10,0,1,13.7218,3022.47
1787,10,0,1,13.7137,2981.18
1788,10,0,1,13.7129,2977.48
943,10,0,1,13.697,2896.83
934,10,0,1,13.6882,2848.99
933,10,0,1,13.6779,2795.06
936,10,0,1,13.6773,2792.12
1737,10,0,1,13.6658,2728.89
917,10,0,1,13.649,2645.65
916,10,0,1,13.6489,2644.75
906,10,0,1,13.623,2511.66
889,10,0,1,13.6108,2449.74
890,10,0,1,13.6013,2401.78
2013,10,0,1,13.5783,2283.62
1988,10,0,1,13.5593,2183.84
416,10,0,1,13.5378,2077.27
2139,10,0,1,13.5338,2055.44
2138,10,0,1,13.5174,1962.7
411,10,0,1,13.5051,1893.38
412,10,0,1,13.503,1873.87
398,10,0,1,13.4886,1795.16
410,10,0,1,13.4883,1793.95
1016,10,0,2,14.2814,5864.63,0.0881667,384.556,0.22,3
2029,10,0,2,14.277,5840.88
1043,10,0,2,14.277,5840.46
2158,10,0,2,14.2701,5805.68
2030,10,0,2,14.2662,5785.85
1041,10,0,2,14.261,5759.26
1059,10,0,2,14.2522,5714.43
1058,10,0,2,14.2472,5689.18
1075,10,0,2,14.2297,5599.11
1072,10,0,2,14.2196,5547.66
1071,10,0,2,14.2095,5497.19
1090,10,0,2,14.2034,5459.97
1089,10,0,2,14.1973,5426.64
1119,10,0,2,14.1887,5380.76
1118,10,0,2,14.1825,5347.17
2044,10,0,2,14.1673,5267.61
2169,10,0,2,14.1593,5226.59
2171,10,0,2,14.1546,5202.43
1549,10,0,2,14.1468,5162.28
1147,10,0,2,14.1394,5123.9
1327,10,0,2,14.111,4975.93
1343,10,0,2,14.1104,4973.19
1355,10,0,2,14.0836,4833.77
1364,10,0,2,14.0836,4833.56
1362,10,0,2,14.0738,4781.58
1382,10,0,2,14.0537,4673.75
1390,10,0,2,14.0322,4560.58
1402,10,0,2,14.0234,4511.62
501,10,0,3,14.5591,7170.87,0.107,466.702,0.18,4
1747,10,0,3,14.5494,7126.57
1746,10,0,3,14.5215,6987.23
1745,10,0,3,14.5084,6923.94
1844,10,0,3,14.4905,6834.69
575,10,0,3,14.4881,6819.18
571,10,0,3,14.4852,6803.06
570,10,0,3,14.4804,6779.79
569,10,0,3,14.4753,6754.47
640,10,0,3,14.4671,6715.56
649,10,0,3,14.4578,6673.02
646,10,0,3,14.45,6636.51
691,10,0,3,14.4441,6607.6
689,10,0,3,14.422,6503.61
979,10,0,3,14.4135,6464.01
980,10,0,3,14.4077,6435.6
978,10,0,3,14.4041,6417.41
1010,10,0,3,14.3893,6340.65
1016,10,0,3,14.3696,6249.19
110,10,0,4,14.9398,9126.78,0,0,0
111,10,0,4,14.9375,9110.9
1968,10,0,4,14.928,9046.21
114,10,0,4,14.9225,9011.48
1719,10,0,4,14.8845,8806.45
1720,10,0,4,14.8694,8723.98
1718,10,0,4,14.8636,8691.43
129,10,0,4,14.8384,8552.36
134,10,0,4,14.8324,8519.39
133,10,0,4,14.82,8452.87
138,10,0,4,14.7991,8348.28
184,10,0,4,14.7828,8259.74
440,10,0,4,14.767,8172.12
451,10,0,4,14.7504,8085.93
1716,10,0,4,14.748,8069.5
462,10,0,4,14.7389,8022.43
1990,10,0,4,14.7318,7969.73
463,10,0,4,14.7131,7873.21
474,10,0,4,14.6978,7793.97
2140,10,0,4,14.6887,7752.64
2141,10,0,4,14.6809,7709.44
473,10,0,4,14.6807,7708.15
502,10,0,4,14.6716,7664.25
501,10,0,4,14.6661,7637.58
710,10,1,0,11.9284,1682.36,0.0443333,193.369,0.36,1
1543,10,1,0,11.9033,1546.36
459,10,1,0,11.8934,1483.42
458,10,1,0,11.8864,1437.75
456,10,1,0,11.8772,1376.86
457,10,1,0,11.8718,1346.64
454,10,1,0,11.8642,1292.68
455,10,1,0,11.8618,1278.37
453,10,1,0,11.8526,1212.8
446,10,1,0,11.844,1164.09
442,10,1,0,11.8358,1120.37
1857,10,1,0,11.8274,1076.3
441,10,1,0,11.8225,1051.98
185,10,1,0,11.8115,993.794
177,10,1,0,11.7989,927.553
184,10,1,0,11.7785,816.223
138,10,1,0,11.7628,730.3
133,10,1,0,11.7485,653.53
134,10,1,0,11.7409,601.574
129,10,1,0,11.7333,561.93
1718,10,1,0,11.7069,417.674
1719,10,1,0,11.6902,325.295
114,10,1,0,11.6523,120.486
1968,10,1,0,11.6453,81.9493
110,10,1,0,11.63,0
110,10,1,1,12.2792,3629.63,0,0,0
1968,10,1,1,12.2641,3548.6
114,10,1,1,12.2589,3514.27
1719,10,1,1,12.2159,3287.66
1718,10,1,1,12.2005,3200.61
129,10,1,1,12.176,3064.75
134,10,1,1,12.1696,3030.36
133,10,1,1,12.1568,2962.15
138,10,1,1,12.136,2857.57
184,10,1,1,12.1167,2756.61
440,10,1,1,12.1001,2665.42
451,10,1,1,12.0813,2569.71
1716,10,1,1,12.0789,2553.28
462,10,1,1,12.0685,2500.86
1990,10,1,1,12.0606,2447.83
452,10,1,1,12.0556,2415.39
453,10,1,1,12.0443,2328.21
455,10,1,1,12.0319,2258.28
454,10,1,1,12.029,2242.66
457,10,1,1,12.0223,2188.7
456,10,1,1,12.0172,2159.26
458,10,1,1,12.0077,2098.11
459,10,1,1,12.0018,2053.01
1543,10,1,1,11.9925,1990.78
710,10,1,1,11.9728,1875.73
