Nodo,Individuo,Ruta,Segmento,Tiempo viaje,Costo viaje,Tiempo atencion,Costo atencion,Tasa fallo,Demanda
410,0,0,0,11.9722,1462.66,0.0726667,316.95,0.06,1
398,0,0,0,11.9719,1461.45
397,0,0,0,11.9593,1392.89
390,0,0,0,11.9398,1291.33
382,0,0,0,11.9225,1199.86
376,0,0,0,11.9045,1103.09
369,0,0,0,11.885,998.232
360,0,0,0,11.8627,878.986
361,0,0,0,11.8501,809.873
128,0,0,0,11.7896,481.115
126,0,0,0,11.7823,442.296
125,0,0,0,11.776,408.059
118,0,0,0,11.7431,231.019
1968,0,0,0,11.7153,81.9493
110,0,0,0,11.7,0
1402,0,0,1,12.4552,3950.11,0.085,370.744,0.2,2
1390,0,0,1,12.445,3895.71
1382,0,0,1,12.4226,3778.6
1362,0,0,1,12.4032,3673.78
1361,0,0,1,12.3987,3649.26
1354,0,0,1,12.3987,3649.07
2188,0,0,1,12.3923,3615.31
2075,0,0,1,12.3713,3507.36
1822,0,0,1,12.3705,3503.36
1353,0,0,1,12.3615,3457.62
2118,0,0,1,12.34,3341.45
2117,0,0,1,12.3375,3316.82
2164,0,0,1,12.3202,3203.67
1307,0,0,1,12.3036,3116.68
1302,0,0,1,12.287,3026.44
949,0,0,1,12.2642,2903.64
2025,0,0,1,12.2608,2886.18
1598,0,0,1,12.2574,2867.22
948,0,0,1,12.2506,2832.53
928,0,0,1,12.239,2769.48
923,0,0,1,12.2027,2588.73
924,0,0,1,12.1944,2549.42
914,0,0,1,12.174,2442.33
902,0,0,1,12.1678,2407.32
887,0,0,1,12.1511,2322.03
2012,0,0,1,12.1336,2230.38
884,0,0,1,12.1292,2207.45
1987,0,0,1,12.0917,2017.46
413,0,0,1,12.0724,1919.77
414,0,0,1,12.0671,1892.12
410,0,0,1,12.0448,1779.61
1016,0,0,2,12.8055,5698.77,0.0438333,191.188,0.28,3
2029,0,0,2,12.799,5665.75
1043,0,0,2,12.7989,5665.34
2158,0,0,2,12.7898,5621.19
2030,0,0,2,12.7859,5601.35
1041,0,0,2,12.7811,5576.37
1059,0,0,2,12.773,5534.52
1058,0,0,2,12.7678,5508.47
1056,0,0,2,12.7613,5474.03
1072,0,0,2,12.7437,5383.13
1071,0,0,2,12.7355,5341.02
1090,0,0,2,12.7273,5296.38
1089,0,0,2,12.7206,5260.53
1119,0,0,2,12.7136,5221.29
1118,0,0,2,12.7068,5185.09
2044,0,0,2,12.6907,5101.85
2169,0,0,2,12.6841,5066.97
2171,0,0,2,12.6799,5044.83
2046,0,0,2,12.6737,5013.6
1778,0,0,2,12.6483,4885.09
1327,0,0,2,12.6371,4824.32
1343,0,0,2,12.6365,4821.58
1355,0,0,2,12.6117,4690.77
1364,0,0,2,12.6117,4690.56
1362,0,0,2,12.6015,4636.93
1382,0,0,2,12.572,4489.33
1390,0,0,2,12.5511,4378.7
1402,0,0,2,12.5402,4320.85
710,0,0,3,13.0117,6815.76,0.0466667,203.546,0.45,4
1543,0,0,3,12.9893,6691.56
715,0,0,3,12.9845,6647.41
714,0,0,3,12.9805,6623.26
726,0,0,3,12.9803,6621.4
529,0,0,3,12.9662,6521.75
605,0,0,3,12.9513,6425.08
603,0,0,3,12.945,6392.01
2202,0,0,3,12.9416,6371.22
602,0,0,3,12.9372,6345.93
1851,0,0,3,12.9264,6275.39
1852,0,0,3,12.9215,6251.31
706,0,0,3,12.9083,6186.8
991,0,0,3,12.8965,6126.72
2028,0,0,3,12.8858,6074.05
1012,0,0,3,12.8723,6005.34
1045,0,0,3,12.8568,5929.59
1043,0,0,3,12.8537,5913.73
2029,0,0,3,12.8536,5913.32
1016,0,0,3,12.8494,5889.95
501,0,0,4,13.1807,7687.73,0.0531667,231.897,0.2,5
1747,0,0,4,13.1748,7658.71
505,0,0,4,13.1683,7627.22
506,0,0,4,13.1541,7559.45
507,0,0,4,13.1472,7526.06
510,0,0,4,13.1384,7483.31
509,0,0,4,13.1345,7463.11
508,0,0,4,13.1291,7434.34
512,0,0,4,13.1209,7393.3
511,0,0,4,13.1177,7376.55
2145,0,0,4,13.117,7373.34
2146,0,0,4,13.1059,7311.58
529,0,0,4,13.102,7275.53
726,0,0,4,13.0859,7173.99
714,0,0,4,13.0857,7172.11
1543,0,0,4,13.0799,7139.68
710,0,0,4,13.0584,7019.31
110,0,0,5,13.506,9380.4,0,0,0
1968,0,0,5,13.4909,9299.59
114,0,0,5,13.4851,9264.41
1719,0,0,5,13.4498,9071.14
1718,0,0,5,13.4317,8972.6
129,0,0,5,13.4078,8838.85
134,0,0,5,13.4028,8810.34
133,0,0,5,13.3908,8745.51
138,0,0,5,13.37,8640.92
184,0,0,5,13.3532,8550.54
440,0,0,5,13.3306,8434.16
451,0,0,5,13.3143,8348.74
1716,0,0,5,13.3119,8332.31
462,0,0,5,13.3047,8293.49
1990,0,0,5,13.2969,8240.45
463,0,0,5,13.2797,8150.42
474,0,0,5,13.2658,8077.43
2140,0,0,5,13.2577,8039.59
2141,0,0,5,13.2495,7994.61
473,0,0,5,13.2493,7993.85
502,0,0,5,13.2403,7949.95
501,0,0,5,13.2338,7919.63
501,1,0,0,11.7839,1433.41,0.0743333,324.22,0.22,1
502,1,0,0,11.7786,1407.87
473,1,0,0,11.769,1361.69
2141,1,0,0,11.7688,1360.71
2140,1,0,0,11.7604,1314.68
475,1,0,0,11.7575,1299.26
474,1,0,0,11.7534,1278.25
463,1,0,0,11.7386,1201.35
1990,1,0,0,11.7251,1126.94
462,1,0,0,11.7164,1072.9
461,1,0,0,11.714,1058.4
1716,1,0,0,11.7058,1015.28
451,1,0,0,11.7014,992.322
440,1,0,0,11.6855,908.617
184,1,0,0,11.6685,816.223
138,1,0,0,11.6528,730.3
133,1,0,0,11.6385,653.53
134,1,0,0,11.6309,601.574
129,1,0,0,11.6233,561.93
1718,1,0,0,11.5969,417.674
1719,1,0,0,11.5802,325.295
114,1,0,0,11.5423,120.486
1968,1,0,0,11.5353,81.9493
110,1,0,0,11.52,0
710,1,0,1,11.988,2453.47,0.0443333,193.369,0.36,2
1543,1,0,1,11.9666,2333.21
459,1,0,1,11.9563,2269.8
488,1,0,1,11.9276,2112.91
2144,1,0,1,11.9109,2022.7
486,1,0,1,11.9096,2016.25
482,1,0,1,11.902,1976.94
2142,1,0,1,11.8969,1949.91
2143,1,0,1,11.8965,1948.14
480,1,0,1,11.8961,1946.24
478,1,0,1,11.8919,1924.17
477,1,0,1,11.8838,1881.98
1750,1,0,1,11.88,1861.72
2141,1,0,1,11.8736,1831.93
473,1,0,1,11.8734,1830.73
502,1,0,1,11.8643,1786.83
501,1,0,1,11.8582,1757.63
1016,1,0,2,12.1592,3369.07,0.0438333,191.188,0.28,3
1548,1,0,2,12.1523,3333.03
1012,1,0,2,12.148,3310.61
1014,1,0,2,12.1476,3308.41
989,1,0,2,12.1371,3252.55
990,1,0,2,12.1271,3202.29
704,1,0,2,12.1157,3144.55
2179,1,0,2,12.1155,3143.68
662,1,0,2,12.1093,3114.04
602,1,0,2,12.0984,3046.34
599,1,0,2,12.0945,3024.12
605,1,0,2,12.0906,3000.37
529,1,0,2,12.0734,2900.36
726,1,0,2,12.0586,2800.27
714,1,0,2,12.0584,2798.41
1543,1,0,2,12.0542,2768.44
710,1,0,2,12.0324,2646.84
1402,1,0,3,12.4663,4918.69,0.085,370.744,0.2,4
1390,1,0,3,12.4562,4864.29
1382,1,0,3,12.433,4743.98
1362,1,0,3,12.4091,4619.7
1361,1,0,3,12.4042,4593.25
1354,1,0,3,12.4041,4593.06
1355,1,0,3,12.3978,4559.22
2076,1,0,3,12.396,4550.11
1356,1,0,3,12.3902,4518.45
1357,1,0,3,12.3894,4514.73
1349,1,0,3,12.3782,4456.01
1348,1,0,3,12.3772,4450.96
1340,1,0,3,12.3767,4448.42
1339,1,0,3,12.3707,4417.99
1329,1,0,3,12.3578,4351.43
1158,1,0,3,12.3437,4278.91
2048,1,0,3,12.3234,4171.91
1131,1,0,3,12.3182,4144.68
1130,1,0,3,12.3124,4115.75
1129,1,0,3,12.293,4024.95
1121,1,0,3,12.2737,3925.02
1095,1,0,3,12.2657,3886.22
1093,1,0,3,12.258,3845.49
1074,1,0,3,12.2514,3809.29
1077,1,0,3,12.2411,3755.24
1080,1,0,3,12.2278,3688.79
1079,1,0,3,12.2201,3650.11
1061,1,0,3,12.2159,3628.82
1063,1,0,3,12.2125,3611.01
1062,1,0,3,12.2114,3603.94
2159,1,0,3,12.2112,3603.04
1045,1,0,3,12.2105,3599.89
1043,1,0,3,12.2074,3584.03
2029,1,0,3,12.2073,3583.62
1016,1,0,3,12.2031,3560.25
410,1,0,4,12.962,7451.77,0.109667,478.333,0.09,5
1986,1,0,4,12.9364,7326.03
883,1,0,4,12.9071,7172.67
882,1,0,4,12.8954,7109.1
2155,1,0,4,12.8916,7090.37
901,1,0,4,12.8581,6915.07
902,1,0,4,12.8443,6841.86
904,1,0,4,12.8296,6764.46
925,1,0,4,12.8068,6639.44
2019,1,0,4,12.8009,6610.13
929,1,0,4,12.8005,6608.15
938,1,0,4,12.7884,6542.02
950,1,0,4,12.7724,6460.99
951,1,0,4,12.766,6427.74
949,1,0,4,12.7544,6368.45
1302,1,0,4,12.7277,6228.78
1307,1,0,4,12.7125,6145
1308,1,0,4,12.7009,6083.95
1309,1,0,4,12.6835,5993.85
1314,1,0,4,12.6829,5990.98
2165,1,0,4,12.6639,5892.71
2071,1,0,4,12.6443,5786.86
1359,1,0,4,12.6244,5679.63
1370,1,0,4,12.6234,5675.18
1360,1,0,4,12.6007,5550.16
1382,1,0,4,12.5832,5457.91
1390,1,0,4,12.5623,5347.28
1402,1,0,4,12.5513,5289.44
110,1,0,5,13.3539,9505.78,0,0,0
1968,1,0,5,13.3388,9424.98
1969,1,0,5,13.3267,9348.63
115,1,0,5,13.3242,9334.21
2113,1,0,5,13.3194,9308.14
2133,1,0,5,13.1994,8630.62
366,1,0,5,13.1957,8603.99
2134,1,0,5,13.1847,8542.45
2136,1,0,5,13.1728,8477.53
393,1,0,5,13.1437,8325.64
401,1,0,5,13.1289,8247.18
400,1,0,5,13.1028,8104.08
411,1,0,5,13.0885,8029.53
412,1,0,5,13.0864,8010.02
398,1,0,5,13.072,7931.31
410,1,0,5,13.0717,7930.1
410,2,0,0,11.7022,1462.66,0.0726667,316.95,0.06,1
398,2,0,0,11.7019,1461.45
397,2,0,0,11.6893,1392.89
390,2,0,0,11.6698,1291.33
382,2,0,0,11.6525,1199.86
376,2,0,0,11.6345,1103.09
369,2,0,0,11.615,998.232
360,2,0,0,11.5927,878.986
361,2,0,0,11.5801,809.873
128,2,0,0,11.5196,481.115
126,2,0,0,11.5123,442.296
125,2,0,0,11.506,408.059
118,2,0,0,11.4731,231.019
1968,2,0,0,11.4453,81.9493
110,2,0,0,11.43,0
710,2,0,1,11.9946,3117.52,0.0443333,193.369,0.36,2
1543,2,0,1,11.9731,2997.25
715,2,0,1,11.9683,2952.99
714,2,0,1,11.9644,2928.98
726,2,0,1,11.9642,2927.1
529,2,0,1,11.9505,2827.61
605,2,0,1,11.9357,2731
603,2,0,1,11.9306,2703.02
604,2,0,1,11.9263,2679.88
596,2,0,1,11.9262,2678.91
580,2,0,1,11.9178,2620.63
574,2,0,1,11.9005,2527.39
573,2,0,1,11.8905,2471.49
564,2,0,1,11.8828,2430.34
557,2,0,1,11.8767,2396.35
561,2,0,1,11.87,2349.83
628,2,0,1,11.8655,2324.18
609,2,0,1,11.8528,2247.52
423,2,0,1,11.8469,2191.2
419,2,0,1,11.8422,2156.76
418,2,0,1,11.8269,2071.84
2139,2,0,1,11.823,2050.41
2138,2,0,1,11.8046,1948.97
411,2,0,1,11.791,1874.15
412,2,0,1,11.7885,1855.14
398,2,0,1,11.7751,1780.81
410,2,0,1,11.7748,1779.61
1402,2,0,2,12.4187,5338.74,0.085,370.744,0.2,3
1390,2,0,2,12.4086,5284.34
1382,2,0,2,12.3861,5167.23
1362,2,0,2,12.3668,5062.4
1361,2,0,2,12.3623,5037.88
1354,2,0,2,12.3623,5037.69
1355,2,0,2,12.3568,5007.65
2076,2,0,2,12.355,4998.54
1356,2,0,2,12.3462,4954.1
1357,2,0,2,12.3454,4950.38
1349,2,0,2,12.3321,4882.98
1348,2,0,2,12.3313,4878.64
1340,2,0,2,12.3308,4876.09
1339,2,0,2,12.3246,4844.97
1329,2,0,2,12.3122,4780.37
1158,2,0,2,12.2949,4694.54
2048,2,0,2,12.2746,4587.66
1131,2,0,2,12.2694,4560.43
1130,2,0,2,12.2636,4531.5
1129,2,0,2,12.2443,4440.71
1121,2,0,2,12.225,4340.78
1095,2,0,2,12.2169,4301.97
1093,2,0,2,12.2092,4261.25
1074,2,0,2,12.2026,4225.05
1077,2,0,2,12.1923,4170.99
1080,2,0,2,12.179,4104.54
1079,2,0,2,12.1714,4065.86
1061,2,0,2,12.1671,4044.57
1063,2,0,2,12.1637,4026.76
1062,2,0,2,12.1626,4019.69
2159,2,0,2,12.1625,4018.79
1045,2,0,2,12.1618,4015.64
1012,2,0,2,12.1545,3974.66
1014,2,0,2,12.1541,3972.45
989,2,0,2,12.1436,3916.59
990,2,0,2,12.1336,3866.33
704,2,0,2,12.1223,3808.59
2179,2,0,2,12.1221,3807.73
662,2,0,2,12.1159,3778.08
602,2,0,2,12.1049,3710.39
599,2,0,2,12.101,3688.16
605,2,0,2,12.0972,3664.41
529,2,0,2,12.0799,3564.4
726,2,0,2,12.0652,3464.31
714,2,0,2,12.065,3462.45
1543,2,0,2,12.0607,3432.49
710,2,0,2,12.0389,3310.88
1016,2,0,3,12.7691,7087.39,0.0438333,191.188,0.28,4
2029,2,0,3,12.7626,7054.38
1043,2,0,3,12.7625,7053.96
2158,2,0,3,12.7534,7009.82
2030,2,0,3,12.7494,6989.98
1041,2,0,3,12.7447,6964.99
1059,2,0,3,12.7365,6923.15
1058,2,0,3,12.7313,6897.09
1056,2,0,3,12.7249,6862.66
1072,2,0,3,12.7073,6771.76
1071,2,0,3,12.6991,6729.65
1090,2,0,3,12.6909,6685.01
1089,2,0,3,12.6842,6649.15
1119,2,0,3,12.6771,6609.92
1118,2,0,3,12.6703,6573.72
2044,2,0,3,12.6542,6490.47
2169,2,0,3,12.6477,6455.59
2171,2,0,3,12.6435,6433.46
2046,2,0,3,12.6373,6402.23
1778,2,0,3,12.6119,6273.72
1327,2,0,3,12.6006,6212.94
1343,2,0,3,12.6,6210.21
1355,2,0,3,12.5753,6079.39
1364,2,0,3,12.5752,6079.18
1362,2,0,3,12.565,6025.55
1382,2,0,3,12.5356,5877.96
1390,2,0,3,12.5147,5767.32
1402,2,0,3,12.5037,5709.48
501,2,0,4,13.0036,8204.08,0.0531667,231.897,0.2,5
1747,2,0,4,12.9969,8171.47
1746,2,0,4,12.9677,8026.97
1745,2,0,4,12.9568,7972.91
1844,2,0,4,12.9362,7872.68
575,2,0,4,12.9335,7856.62
571,2,0,4,12.9297,7836.65
570,2,0,4,12.9251,7814.32
569,2,0,4,12.9194,7786.73
640,2,0,4,12.9141,7759.71
649,2,0,4,12.9076,7728.37
646,2,0,4,12.9012,7697.49
691,2,0,4,12.8934,7660.73
689,2,0,4,12.8696,7549.84
979,2,0,4,12.8599,7505.8
980,2,0,4,12.8547,7479.73
978,2,0,4,12.8511,7461.24
1010,2,0,4,12.8354,7381.09
1016,2,0,4,12.8129,7278.58
110,2,0,5,13.3289,9896.75,0,0,0
1968,2,0,5,13.3139,9815.95
114,2,0,5,13.308,9780.76
1719,2,0,5,13.2727,9587.5
1718,2,0,5,13.2547,9488.96
129,2,0,5,13.2307,9355.21
134,2,0,5,13.2258,9326.7
133,2,0,5,13.2138,9261.86
138,2,0,5,13.1929,9157.28
184,2,0,5,13.1761,9066.89
440,2,0,5,13.1536,8950.51
451,2,0,5,13.1372,8865.09
1716,2,0,5,13.1348,8848.67
462,2,0,5,13.1276,8809.85
1990,2,0,5,13.1198,8756.81
463,2,0,5,13.1026,8666.78
474,2,0,5,13.0888,8593.78
2140,2,0,5,13.0806,8555.95
2141,2,0,5,13.0724,8510.97
473,2,0,5,13.0722,8510.21
502,2,0,5,13.0632,8466.31
501,2,0,5,13.0568,8435.98
410,3,0,0,11.6822,1462.66,0.0726667,316.95,0.06,1
398,3,0,0,11.6819,1461.45
397,3,0,0,11.6693,1392.89
390,3,0,0,11.6498,1291.33
382,3,0,0,11.6325,1199.86
376,3,0,0,11.6145,1103.09
369,3,0,0,11.595,998.232
360,3,0,0,11.5727,878.986
361,3,0,0,11.5601,809.873
128,3,0,0,11.4996,481.115
126,3,0,0,11.4923,442.296
125,3,0,0,11.486,408.059
118,3,0,0,11.4531,231.019
1968,3,0,0,11.4253,81.9493
110,3,0,0,11.41,0
710,3,0,1,11.9746,3117.52,0.0443333,193.369,0.36,2
1543,3,0,1,11.9531,2997.25
715,3,0,1,11.9483,2952.99
714,3,0,1,11.9444,2928.98
726,3,0,1,11.9442,2927.1
529,3,0,1,11.9305,2827.61
605,3,0,1,11.9157,2731
603,3,0,1,11.9106,2703.02
604,3,0,1,11.9063,2679.88
596,3,0,1,11.9062,2678.91
580,3,0,1,11.8978,2620.63
574,3,0,1,11.8805,2527.39
573,3,0,1,11.8705,2471.49
564,3,0,1,11.8628,2430.34
557,3,0,1,11.8567,2396.35
561,3,0,1,11.85,2349.83
628,3,0,1,11.8455,2324.18
609,3,0,1,11.8328,2247.52
423,3,0,1,11.8269,2191.2
419,3,0,1,11.8222,2156.76
418,3,0,1,11.8069,2071.84
2139,3,0,1,11.803,2050.41
2138,3,0,1,11.7846,1948.97
411,3,0,1,11.771,1874.15
412,3,0,1,11.7685,1855.14
398,3,0,1,11.7551,1780.81
410,3,0,1,11.7548,1779.61
501,3,0,2,12.1453,4004.15,0.102667,447.801,0.22,3
1747,3,0,2,12.1385,3971.54
505,3,0,2,12.1334,3945.32
506,3,0,2,12.1159,3864.64
507,3,0,2,12.1086,3829.61
510,3,0,2,12.0978,3778.53
509,3,0,2,12.0926,3753.11
508,3,0,2,12.0877,3726.5
512,3,0,2,12.0799,3687.28
511,3,0,2,12.0761,3668.12
2145,3,0,2,12.0754,3664.9
2146,3,0,2,12.0638,3600.57
529,3,0,2,12.0599,3564.4
726,3,0,2,12.0452,3464.31
714,3,0,2,12.045,3462.45
1543,3,0,2,12.0407,3432.49
710,3,0,2,12.0189,3310.88
1402,3,0,3,12.6548,6528.05,0.085,370.744,0.2,4
1390,3,0,3,12.6447,6473.65
1382,3,0,3,12.6222,6356.54
1362,3,0,3,12.6029,6251.71
1361,3,0,3,12.5984,6227.19
1354,3,0,3,12.5983,6227
1355,3,0,3,12.5929,6196.96
2076,3,0,3,12.5911,6187.84
1356,3,0,3,12.5823,6143.41
1357,3,0,3,12.5815,6139.69
1349,3,0,3,12.5682,6072.29
1348,3,0,3,12.5674,6067.95
1340,3,0,3,12.5669,6065.4
1339,3,0,3,12.5607,6034.28
1329,3,0,3,12.5483,5969.68
1158,3,0,3,12.531,5883.85
2048,3,0,3,12.5108,5777.27
1131,3,0,3,12.5053,5748.9
1130,3,0,3,12.4995,5719.97
1129,3,0,3,12.4807,5631.33
1121,3,0,3,12.4614,5531.4
1095,3,0,3,12.4533,5492.59
1093,3,0,3,12.4456,5451.87
1074,3,0,3,12.4391,5415.67
1073,3,0,3,12.4273,5356.8
1057,3,0,3,12.4091,5264.11
1042,3,0,3,12.4038,5237.73
2030,3,0,3,12.3968,5200.7
1011,3,0,3,12.3967,5199.85
1547,3,0,3,12.3824,5129.73
1546,3,0,3,12.3773,5104.04
975,3,0,3,12.3741,5086.89
2026,3,0,3,12.368,5054.16
2027,3,0,3,12.3604,5018.35
1998,3,0,3,12.3504,4967.25
1997,3,0,3,12.3422,4925.17
1996,3,0,3,12.3359,4895.54
1995,3,0,3,12.3293,4863.46
1993,3,0,3,12.3242,4836.65
1994,3,0,3,12.32,4815.17
572,3,0,3,12.3129,4776.05
541,3,0,3,12.304,4729.48
540,3,0,3,12.2933,4674.57
1754,3,0,3,12.2847,4630.38
518,3,0,3,12.2761,4587.43
500,3,0,3,12.2705,4559
501,3,0,3,12.2479,4451.95
1016,3,0,4,13.0052,8276.7,0.0561667,244.982,0.25,5
2029,3,0,4,12.9986,8243.69
1043,3,0,4,12.9986,8243.27
2158,3,0,4,12.9895,8199.12
2030,3,0,4,12.9855,8179.29
1041,3,0,4,12.9808,8154.3
1059,3,0,4,12.9726,8112.46
1058,3,0,4,12.9674,8086.4
1056,3,0,4,12.961,8051.96
1072,3,0,4,12.9434,7961.06
1071,3,0,4,12.9352,7918.96
1090,3,0,4,12.9269,7874.32
1089,3,0,4,12.9203,7838.46
1119,3,0,4,12.9132,7799.23
1118,3,0,4,12.9064,7763.03
2044,3,0,4,12.8903,7679.78
2169,3,0,4,12.8838,7644.9
2171,3,0,4,12.8796,7622.76
2046,3,0,4,12.8734,7591.54
1778,3,0,4,12.848,7463.03
1327,3,0,4,12.8367,7402.25
1343,3,0,4,12.8361,7399.52
1355,3,0,4,12.8114,7268.7
1364,3,0,4,12.8113,7268.49
1362,3,0,4,12.8011,7214.86
1382,3,0,4,12.7717,7067.27
1390,3,0,4,12.7507,6956.63
1402,3,0,4,12.7398,6898.79
110,3,0,5,13.4832,10718,0,0,0
1968,3,0,5,13.4681,10637.2
114,3,0,5,13.4623,10602
1719,3,0,5,13.4267,10407.2
1718,3,0,5,13.4084,10307.8
129,3,0,5,13.3841,10172.7
134,3,0,5,13.3768,10134.3
133,3,0,5,13.3641,10066.7
138,3,0,5,13.3433,9962.14
184,3,0,5,13.3256,9867.87
440,3,0,5,13.3046,9758.01
451,3,0,5,13.2882,9672.59
1716,3,0,5,13.2858,9656.17
462,3,0,5,13.2786,9617.35
1990,3,0,5,13.2708,9564.31
463,3,0,5,13.2536,9474.27
474,3,0,5,13.2398,9401.28
2140,3,0,5,13.2316,9363.45
475,3,0,5,13.2249,9332.18
499,3,0,5,13.2171,9292.59
500,3,0,5,13.2125,9269.18
518,3,0,5,13.207,9241
1754,3,0,5,13.1938,9179.14
540,3,0,5,13.1852,9135.24
541,3,0,5,13.1745,9080.09
572,3,0,5,13.1658,9034.33
1994,3,0,5,13.1561,8984.05
1993,3,0,5,13.1518,8962.57
1995,3,0,5,13.145,8928.2
1996,3,0,5,13.1389,8898.26
1997,3,0,5,13.135,8878.36
2027,3,0,5,13.1101,8757.58
2026,3,0,5,13.1043,8729.1
978,3,0,5,13.0953,8687.1
1010,3,0,5,13.0815,8614.98
1016,3,0,5,13.0614,8521.68
710,4,0,0,13.5525,1706.65,0.0466667,203.546,0.45,1
1543,4,0,0,13.5294,1579.59
459,4,0,0,13.5202,1517.38
458,4,0,0,13.5127,1471.15
456,4,0,0,13.5034,1410.12
457,4,0,0,13.4975,1377.61
454,4,0,0,13.4898,1323.63
455,4,0,0,13.4872,1308.67
453,4,0,0,13.4785,1243.21
446,4,0,0,13.4702,1195.77
442,4,0,0,13.4585,1137.28
1857,4,0,0,13.4497,1091.26
441,4,0,0,13.4436,1062.09
185,4,0,0,13.4326,1004.16
177,4,0,0,13.4203,938.786
184,4,0,0,13.4003,829.279
138,4,0,0,13.3836,739.414
133,4,0,0,13.3697,664.29
134,4,0,0,13.3621,612.333
129,4,0,0,13.355,574.749
1718,4,0,0,13.3291,432.78
1720,4,0,0,13.322,394.625
1719,4,0,0,13.3093,321.152
114,4,0,0,13.2716,117.424
1968,4,0,0,13.2648,79.7523
110,4,0,0,13.25,0
1402,4,0,1,14.0003,4027.57,0.0816667,356.205,0.16,2
1390,4,0,1,13.9911,3977.52
1382,4,0,1,13.9609,3827.77
1362,4,0,1,13.9382,3708.77
1361,4,0,1,13.9332,3681.77
1354,4,0,1,13.9331,3681.58
1355,4,0,1,13.9206,3621.92
2076,4,0,1,13.9188,3612.81
1356,4,0,1,13.9104,3570.09
1357,4,0,1,13.9096,3566.38
1349,4,0,1,13.8961,3498.2
1348,4,0,1,13.8955,3494.87
1340,4,0,1,13.895,3492.33
1339,4,0,1,13.8897,3464.61
1329,4,0,1,13.8787,3406.27
1158,4,0,1,13.8637,3329.94
2048,4,0,1,13.8436,3223.82
1151,4,0,1,13.8338,3171.97
1134,4,0,1,13.828,3141.99
1133,4,0,1,13.823,3115.82
1122,4,0,1,13.8116,3058.27
1096,4,0,1,13.786,2931.66
1099,4,0,1,13.7812,2907
1098,4,0,1,13.7739,2870.34
1101,4,0,1,13.7545,2772.1
1082,4,0,1,13.7461,2730.13
1079,4,0,1,13.737,2683.11
1061,4,0,1,13.7327,2661.83
1063,4,0,1,13.7295,2644.99
1062,4,0,1,13.7285,2637.95
2159,4,0,1,13.7283,2636.96
1045,4,0,1,13.7276,2633.81
1012,4,0,1,13.7204,2592.83
2028,4,0,1,13.7123,2547.36
989,4,0,1,13.7089,2531.63
990,4,0,1,13.6988,2481.36
991,4,0,1,13.6963,2469.01
706,4,0,1,13.6892,2429.55
704,4,0,1,13.6866,2416.78
2179,4,0,1,13.6864,2415.92
662,4,0,1,13.6802,2386.27
602,4,0,1,13.669,2318.13
599,4,0,1,13.6645,2293.43
605,4,0,1,13.6593,2265.31
529,4,0,1,13.6428,2166.41
726,4,0,1,13.6266,2064.88
714,4,0,1,13.6264,2063
1543,4,0,1,13.6206,2030.56
710,4,0,1,13.5991,1910.19
1016,4,0,2,14.34,5736.79,0.0881667,384.556,0.22,3
2029,4,0,2,14.3356,5713.04
1043,4,0,2,14.3356,5712.63
2158,4,0,2,14.3287,5677.85
2030,4,0,2,14.3248,5658.01
1041,4,0,2,14.3196,5631.43
1059,4,0,2,14.3108,5586.59
1058,4,0,2,14.3058,5561.34
1075,4,0,2,14.2882,5471.27
1072,4,0,2,14.2782,5419.83
1071,4,0,2,14.268,5369.35
1090,4,0,2,14.262,5332.13
1089,4,0,2,14.2559,5298.81
1119,4,0,2,14.2473,5252.92
1118,4,0,2,14.2411,5219.33
2044,4,0,2,14.2259,5139.77
2169,4,0,2,14.2179,5098.75
2171,4,0,2,14.2132,5074.6
1549,4,0,2,14.2054,5034.45
1147,4,0,2,14.198,4996.06
1327,4,0,2,14.1696,4848.09
1343,4,0,2,14.169,4845.36
1355,4,0,2,14.1422,4705.94
1364,4,0,2,14.1422,4705.73
1362,4,0,2,14.1324,4653.75
1382,4,0,2,14.1123,4545.92
1390,4,0,2,14.0908,4432.75
1402,4,0,2,14.0819,4383.78
501,4,0,3,14.6177,7043.04,0.107,466.702,0.18,4
1747,4,0,3,14.608,6998.73
1746,4,0,3,14.5801,6859.39
1745,4,0,3,14.567,6796.1
1844,4,0,3,14.5491,6706.86
575,4,0,3,14.5467,6691.35
571,4,0,3,14.5438,6675.23
570,4,0,3,14.539,6651.95
569,4,0,3,14.5338,6626.63
640,4,0,3,14.5257,6587.72
649,4,0,3,14.5164,6545.19
646,4,0,3,14.5086,6508.67
691,4,0,3,14.5027,6479.77
689,4,0,3,14.4806,6375.77
979,4,0,3,14.4721,6336.17
980,4,0,3,14.4662,6307.77
978,4,0,3,14.4627,6289.58
1010,4,0,3,14.4479,6212.81
1016,4,0,3,14.4282,6121.35
110,4,0,4,14.9984,8998.94,0,0,0
111,4,0,4,14.996,8983.06
1968,4,0,4,14.9866,8918.38
114,4,0,4,14.981,8883.65
1719,4,0,4,14.9431,8678.61
1720,4,0,4,14.928,8596.14
1718,4,0,4,14.9222,8563.59
129,4,0,4,14.897,8424.52
134,4,0,4,14.891,8391.56
133,4,0,4,14.8786,8325.03
138,4,0,4,14.8577,8220.45
184,4,0,4,14.8414,8131.91
440,4,0,4,14.8256,8044.29
451,4,0,4,14.809,7958.09
1716,4,0,4,14.8066,7941.67
462,4,0,4,14.7975,7894.59
1990,4,0,4,14.7904,7841.9
463,4,0,4,14.7717,7745.38
474,4,0,4,14.7564,7666.14
2140,4,0,4,14.7473,7624.8
2141,4,0,4,14.7395,7581.6
473,4,0,4,14.7392,7580.32
502,4,0,4,14.7302,7536.42
501,4,0,4,14.7247,7509.74
410,4,1,0,11.6722,1462.66,0.0726667,316.95,0.06,1
398,4,1,0,11.6719,1461.45
397,4,1,0,11.6593,1392.89
390,4,1,0,11.6398,1291.33
382,4,1,0,11.6225,1199.86
376,4,1,0,11.6045,1103.09
369,4,1,0,11.585,998.232
360,4,1,0,11.5627,878.986
361,4,1,0,11.5501,809.873
128,4,1,0,11.4896,481.115
126,4,1,0,11.4823,442.296
125,4,1,0,11.476,408.059
118,4,1,0,11.4431,231.019
1968,4,1,0,11.4153,81.9493
110,4,1,0,11.4,0
110,4,1,1,12.0297,3360.63,0,0,0
1968,4,1,1,12.0146,3279.59
1969,4,1,1,12.0023,3203.08
115,4,1,1,11.9998,3188.51
2113,4,1,1,11.995,3162.69
2133,4,1,1,11.8741,2480.93
366,4,1,1,11.8704,2454.3
2134,4,1,1,11.8588,2390.2
2136,4,1,1,11.8463,2322.55
393,4,1,1,11.8136,2155.53
392,4,1,1,11.7956,2054.99
400,4,1,1,11.7753,1948.22
411,4,1,1,11.761,1874.15
412,4,1,1,11.7585,1855.14
398,4,1,1,11.7451,1780.81
410,4,1,1,11.7448,1779.61
410,5,0,0,13.4343,1471.19,0.074,322.766,0.11,1
398,5,0,0,13.434,1469.98
397,5,0,0,13.4232,1408.71
390,5,0,0,13.4033,1305.9
382,5,0,0,13.3869,1218.33
376,5,0,0,13.3699,1125.74
369,5,0,0,13.3501,1019.33
360,5,0,0,13.3291,906.015
361,5,0,0,13.3146,828.632
128,5,0,0,13.2595,523.193
126,5,0,0,13.251,479.066
125,5,0,0,13.2418,432.83
118,5,0,0,13.207,247.521
1968,5,0,0,13.1748,79.7523
110,5,0,0,13.16,0
1016,5,0,1,13.7227,2978.6,0.0561667,244.982,0.25,2
1010,5,0,1,13.7136,2930.95
2026,5,0,1,13.6862,2797.16
2027,5,0,1,13.6811,2771.32
1998,5,0,1,13.6707,2718.62
1997,5,0,1,13.6621,2675.01
1996,5,0,1,13.6562,2646.71
1995,5,0,1,13.648,2608.39
1993,5,0,1,13.6389,2564.72
1994,5,0,1,13.6346,2543.23
562,5,0,1,13.6251,2494.18
563,5,0,1,13.6214,2475.26
564,5,0,1,13.6157,2444.42
557,5,0,1,13.6098,2411.34
561,5,0,1,13.6031,2364.8
628,5,0,1,13.5988,2339.43
609,5,0,1,13.5866,2263.63
423,5,0,1,13.5807,2207.31
419,5,0,1,13.5754,2172.47
418,5,0,1,13.5571,2074.91
2139,5,0,1,13.5538,2055.44
2138,5,0,1,13.5374,1962.7
411,5,0,1,13.5251,1893.38
412,5,0,1,13.523,1873.87
398,5,0,1,13.5086,1795.16
410,5,0,1,13.5083,1793.95
1402,5,0,2,14.0435,4590.97,0.0816667,356.205,0.16,3
1390,5,0,2,14.0344,4540.91
1382,5,0,2,14.0089,4410.86
1362,5,0,2,13.9883,4300.86
1361,5,0,2,13.9841,4277.69
1354,5,0,2,13.9841,4277.5
1355,5,0,2,13.9776,4243
2076,5,0,2,13.9758,4233.89
1356,5,0,2,13.9682,4194.54
1357,5,0,2,13.9674,4190.82
1349,5,0,2,13.9547,4125.87
1348,5,0,2,13.9541,4122.44
1340,5,0,2,13.9536,4119.9
1339,5,0,2,13.948,4091.16
1330,5,0,2,13.9273,3982.42
1161,5,0,2,13.9179,3934.51
1162,5,0,2,13.9079,3881.51
1136,5,0,2,13.8892,3783.31
1138,5,0,2,13.8825,3748.95
1137,5,0,2,13.8766,3717.85
1123,5,0,2,13.8629,3651.7
1775,5,0,2,13.8543,3607.71
1102,5,0,2,13.8386,3528.52
1100,5,0,2,13.8244,3459.13
1101,5,0,2,13.8134,3402.48
1082,5,0,2,13.805,3360.52
1079,5,0,2,13.7959,3313.5
1061,5,0,2,13.7916,3292.21
1063,5,0,2,13.7884,3275.37
1062,5,0,2,13.7874,3268.33
2159,5,0,2,13.7872,3267.35
1045,5,0,2,13.7865,3264.2
1043,5,0,2,13.7832,3247.52
2029,5,0,2,13.7831,3247.1
1016,5,0,2,13.7788,3223.58
501,5,0,3,14.5455,7106.11,0.107,466.702,0.18,4
1747,5,0,3,14.5395,7076.89
1746,5,0,3,14.5109,6934.48
540,5,0,3,14.4939,6848.54
541,5,0,3,14.4814,6786.03
572,5,0,3,14.4709,6732.79
567,5,0,3,14.4608,6679.38
565,5,0,3,14.4586,6665.89
562,5,0,3,14.4519,6631.38
639,5,0,3,14.4485,6613.94
638,5,0,3,14.4428,6584.27
637,5,0,3,14.4378,6559.24
685,5,0,3,14.4268,6505.46
687,5,0,3,14.4216,6479.43
971,5,0,3,14.4069,6410.53
972,5,0,3,14.3996,6374.32
973,5,0,3,14.3849,6305.19
1008,5,0,3,14.3752,6257.09
1009,5,0,3,14.363,6195.51
1041,5,0,3,14.3629,6194.82
1059,5,0,3,14.354,6149.99
1058,5,0,3,14.349,6124.74
1075,5,0,3,14.3315,6034.67
1072,5,0,3,14.3215,5983.22
1071,5,0,3,14.3113,5932.75
1090,5,0,3,14.3052,5895.53
1089,5,0,3,14.2991,5862.2
1119,5,0,3,14.2905,5816.31
1118,5,0,3,14.2843,5782.73
2044,5,0,3,14.2691,5703.16
2169,5,0,3,14.2611,5662.14
2171,5,0,3,14.2564,5637.99
1549,5,0,3,14.2487,5597.84
1147,5,0,3,14.2412,5559.46
1327,5,0,3,14.2128,5411.48
1343,5,0,3,14.2122,5408.75
1355,5,0,3,14.1855,5269.33
1364,5,0,3,14.1854,5269.12
1362,5,0,3,14.1756,5217.14
1382,5,0,3,14.1556,5109.31
1390,5,0,3,14.1341,4996.14
1402,5,0,3,14.1252,4947.17
110,5,0,4,14.9262,9062.01,0,0,0
111,5,0,4,14.9238,9046.13
1968,5,0,4,14.9144,8981.46
114,5,0,4,14.9088,8946.72
1719,5,0,4,14.8708,8741.69
1720,5,0,4,14.8558,8659.22
1718,5,0,4,14.85,8626.67
129,5,0,4,14.8248,8487.6
134,5,0,4,14.8188,8454.63
133,5,0,4,14.8064,8388.1
138,5,0,4,14.7855,8283.52
184,5,0,4,14.7692,8194.98
440,5,0,4,14.7533,8107.36
451,5,0,4,14.7368,8021.16
1716,5,0,4,14.7344,8004.74
462,5,0,4,14.7252,7957.67
1990,5,0,4,14.7182,7904.97
463,5,0,4,14.6995,7808.45
474,5,0,4,14.6841,7729.21
2140,5,0,4,14.6751,7687.88
2141,5,0,4,14.6673,7644.68
473,5,0,4,14.667,7643.39
502,5,0,4,14.658,7599.49
501,5,0,4,14.6525,7572.81
710,5,1,0,11.7884,1682.36,0.0443333,193.369,0.36,1
1543,5,1,0,11.7633,1546.36
459,5,1,0,11.7534,1483.42
458,5,1,0,11.7464,1437.75
456,5,1,0,11.7372,1376.86
457,5,1,0,11.7318,1346.64
454,5,1,0,11.7242,1292.68
455,5,1,0,11.7218,1278.37
453,5,1,0,11.7126,1212.8
446,5,1,0,11.704,1164.09
442,5,1,0,11.6958,1120.37
1857,5,1,0,11.6874,1076.3
441,5,1,0,11.6825,1051.98
185,5,1,0,11.6715,993.794
177,5,1,0,11.6589,927.553
184,5,1,0,11.6385,816.223
138,5,1,0,11.6228,730.3
133,5,1,0,11.6085,653.53
134,5,1,0,11.6009,601.574
129,5,1,0,11.5933,561.93
1718,5,1,0,11.5669,417.674
1719,5,1,0,11.5502,325.295
114,5,1,0,11.5123,120.486
1968,5,1,0,11.5053,81.9493
110,5,1,0,11.49,0
110,5,1,1,12.1392,3629.63,0,0,0
1968,5,1,1,12.1241,3548.6
114,5,1,1,12.1189,3514.27
1719,5,1,1,12.0759,3287.66
1718,5,1,1,12.0605,3200.61
129,5,1,1,12.036,3064.75
134,5,1,1,12.0296,3030.36
133,5,1,1,12.0168,2962.15
138,5,1,1,11.996,2857.57
184,5,1,1,11.9767,2756.61
440,5,1,1,11.9601,2665.42
451,5,1,1,11.9413,2569.71
1716,5,1,1,11.9389,2553.28
462,5,1,1,11.9285,2500.86
1990,5,1,1,11.9206,2447.83
452,5,1,1,11.9156,2415.39
453,5,1,1,11.9043,2328.21
455,5,1,1,11.8919,2258.28
454,5,1,1,11.889,2242.66
457,5,1,1,11.8823,2188.7
456,5,1,1,11.8772,2159.26
458,5,1,1,11.8677,2098.11
459,5,1,1,11.8618,2053.01
1543,5,1,1,11.8525,1990.78
710,5,1,1,11.8328,1875.73
410,6,0,0,13.4343,1471.19,0.074,322.766,0.11,1
398,6,0,0,13.434,1469.98
397,6,0,0,13.4232,1408.71
390,6,0,0,13.4033,1305.9
382,6,0,0,13.3869,1218.33
376,6,0,0,13.3699,1125.74
369,6,0,0,13.3501,1019.33
360,6,0,0,13.3291,906.015
361,6,0,0,13.3146,828.632
128,6,0,0,13.2595,523.193
126,6,0,0,13.251,479.066
125,6,0,0,13.2418,432.83
118,6,0,0,13.207,247.521
1968,6,0,0,13.1748,79.7523
110,6,0,0,13.16,0
1402,6,0,1,13.9349,4038.37,0.1085,473.244,0.18,2
1390,6,0,1,13.9257,3988.31
1389,6,0,1,13.8995,3847.36
1388,6,0,1,13.8794,3752.17
1323,6,0,1,13.8787,3748.39
2072,6,0,1,13.8545,3630.82
1317,6,0,1,13.8347,3524.14
2071,6,0,1,13.824,3460.08
2165,6,0,1,13.8017,3342.68
1314,6,0,1,13.7849,3253.68
2163,6,0,1,13.7702,3173.84
2023,6,0,1,13.7418,3022.47
1787,6,0,1,13.7337,2981.18
1788,6,0,1,13.7329,2977.48
943,6,0,1,13.717,2896.83
934,6,0,1,13.7082,2848.99
933,6,0,1,13.6979,2795.06
936,6,0,1,13.6973,2792.12
1737,6,0,1,13.6858,2728.89
917,6,0,1,13.669,2645.65
916,6,0,1,13.6689,2644.75
906,6,0,1,13.643,2511.66
889,6,0,1,13.6308,2449.74
890,6,0,1,13.6213,2401.78
2013,6,0,1,13.5983,2283.62
1988,6,0,1,13.5793,2183.84
416,6,0,1,13.5578,2077.27
2139,6,0,1,13.5538,2055.44
2138,6,0,1,13.5374,1962.7
411,6,0,1,13.5251,1893.38
412,6,0,1,13.523,1873.87
398,6,0,1,13.5086,1795.16
410,6,0,1,13.5083,1793.95
1016,6,0,2,14.3014,5864.63,0.0881667,384.556,0.22,3
2029,6,0,2,14.297,5840.88
1043,6,0,2,14.297,5840.46
2158,6,0,2,14.2901,5805.68
2030,6,0,2,14.2862,5785.85
1041,6,0,2,14.281,5759.26
1059,6,0,2,14.2722,5714.43
1058,6,0,2,14.2672,5689.18
1075,6,0,2,14.2497,5599.11
1072,6,0,2,14.2396,5547.66
1071,6,0,2,14.2295,5497.19
1090,6,0,2,14.2234,5459.97
1089,6,0,2,14.2173,5426.64
1119,6,0,2,14.2087,5380.76
1118,6,0,2,14.2025,5347.17
2044,6,0,2,14.1873,5267.61
2169,6,0,2,14.1793,5226.59
2171,6,0,2,14.1746,5202.43
1549,6,0,2,14.1668,5162.28
1147,6,0,2,14.1594,5123.9
1327,6,0,2,14.131,4975.93
1343,6,0,2,14.1304,4973.19
1355,6,0,2,14.1036,4833.77
1364,6,0,2,14.1036,4833.56
1362,6,0,2,14.0938,4781.58
1382,6,0,2,14.0737,4673.75
1390,6,0,2,14.0522,4560.58
1402,6,0,2,14.0434,4511.62
501,6,0,3,14.5791,7170.87,0.107,466.702,0.18,4
1747,6,0,3,14.5694,7126.57
1746,6,0,3,14.5415,6987.23
1745,6,0,3,14.5284,6923.94
1844,6,0,3,14.5105,6834.69
575,6,0,3,14.5081,6819.18
571,6,0,3,14.5052,6803.06
570,6,0,3,14.5004,6779.79
569,6,0,3,14.4953,6754.47
640,6,0,3,14.4871,6715.56
649,6,0,3,14.4778,6673.02
646,6,0,3,14.47,6636.51
691,6,0,3,14.4641,6607.6
689,6,0,3,14.442,6503.61
979,6,0,3,14.4335,6464.01
980,6,0,3,14.4277,6435.6
978,6,0,3,14.4241,6417.41
1010,6,0,3,14.4093,6340.65
1016,6,0,3,14.3896,6249.19
110,6,0,4,14.9598,9126.78,0,0,0
111,6,0,4,14.9574,9110.9
1968,6,0,4,14.948,9046.21
114,6,0,4,14.9425,9011.48
1719,6,0,4,14.9045,8806.45
1720,6,0,4,14.8894,8723.98
1718,6,0,4,14.8836,8691.43
129,6,0,4,14.8584,8552.36
134,6,0,4,14.8524,8519.39
133,6,0,4,14.84,8452.87
138,6,0,4,14.8191,8348.28
184,6,0,4,14.8028,8259.74
440,6,0,4,14.787,8172.12
451,6,0,4,14.7704,8085.93
1716,6,0,4,14.768,8069.5
462,6,0,4,14.7589,8022.43
1990,6,0,4,14.7518,7969.73
463,6,0,4,14.7331,7873.21
474,6,0,4,14.7178,7793.97
2140,6,0,4,14.7087,7752.64
2141,6,0,4,14.7009,7709.44
473,6,0,4,14.7007,7708.15
502,6,0,4,14.6916,7664.25
501,6,0,4,14.6861,7637.58
710,6,1,0,11.3184,1682.36,0.0443333,193.369,0.36,1
1543,6,1,0,11.2933,1546.36
459,6,1,0,11.2834,1483.42
458,6,1,0,11.2764,1437.75
456,6,1,0,11.2672,1376.86
457,6,1,0,11.2618,1346.64
454,6,1,0,11.2542,1292.68
455,6,1,0,11.2518,1278.37
453,6,1,0,11.2426,1212.8
446,6,1,0,11.234,1164.09
442,6,1,0,11.2258,1120.37
1857,6,1,0,11.2174,1076.3
441,6,1,0,11.2125,1051.98
185,6,1,0,11.2015,993.794
177,6,1,0,11.1889,927.553
184,6,1,0,11.1685,816.223
138,6,1,0,11.1528,730.3
133,6,1,0,11.1385,653.53
134,6,1,0,11.1309,601.574
129,6,1,0,11.1233,561.93
1718,6,1,0,11.0969,417.674
1719,6,1,0,11.0802,325.295
114,6,1,0,11.0423,120.486
1968,6,1,0,11.0353,81.9493
110,6,1,0,11.02,0
110,6,1,1,11.6692,3629.63,0,0,0
1968,6,1,1,11.6541,3548.6
114,6,1,1,11.6489,3514.27
1719,6,1,1,11.6059,3287.66
1718,6,1,1,11.5905,3200.61
129,6,1,1,11.566,3064.75
134,6,1,1,11.5596,3030.36
133,6,1,1,11.5468,2962.15
138,6,1,1,11.526,2857.57
184,6,1,1,11.5067,2756.61
440,6,1,1,11.4901,2665.42
451,6,1,1,11.4713,2569.71
1716,6,1,1,11.4689,2553.28
462,6,1,1,11.4585,2500.86
1990,6,1,1,11.4506,2447.83
452,6,1,1,11.4456,2415.39
453,6,1,1,11.4343,2328.21
455,6,1,1,11.4219,2258.28
454,6,1,1,11.419,2242.66
457,6,1,1,11.4123,2188.7
456,6,1,1,11.4072,2159.26
458,6,1,1,11.3977,2098.11
459,6,1,1,11.3918,2053.01
1543,6,1,1,11.3825,1990.78
710,6,1,1,11.3628,1875.73
501,7,0,0,13.6696,1510.92,0.0531667,231.897,0.2,1
502,7,0,0,13.6644,1485.38
473,7,0,0,13.6565,1446.3
2141,7,0,0,13.6563,1445.32
1750,7,0,0,13.652,1424.02
477,7,0,0,13.6475,1400.71
453,7,0,0,13.6185,1243.21
446,7,0,0,13.6102,1195.77
442,7,0,0,13.5985,1137.28
1857,7,0,0,13.5897,1091.26
441,7,0,0,13.5836,1062.09
185,7,0,0,13.5726,1004.16
177,7,0,0,13.5603,938.786
184,7,0,0,13.5403,829.279
138,7,0,0,13.5236,739.414
133,7,0,0,13.5097,664.29
134,7,0,0,13.5021,612.333
129,7,0,0,13.495,574.749
1718,7,0,0,13.4691,432.78
1720,7,0,0,13.462,394.625
1719,7,0,0,13.4493,321.152
114,7,0,0,13.4116,117.424
1968,7,0,0,13.4048,79.7523
110,7,0,0,13.39,0
1016,7,0,1,13.8872,2559.29,0.0561667,244.982,0.25,2
1010,7,0,1,13.8782,2511.64
2026,7,0,1,13.8508,2377.86
2027,7,0,1,13.8457,2352.02
1998,7,0,1,13.8353,2299.32
1997,7,0,1,13.8267,2255.7
1996,7,0,1,13.8208,2227.41
1995,7,0,1,13.8126,2189.09
1993,7,0,1,13.8035,2145.41
1994,7,0,1,13.7992,2123.93
572,7,0,1,13.7922,2085.28
541,7,0,1,13.78,2024.92
540,7,0,1,13.7696,1971.28
1754,7,0,1,13.7612,1927.61
518,7,0,1,13.7533,1887.64
500,7,0,1,13.7483,1861.85
501,7,0,1,13.7228,1742.82
1402,7,0,2,14.2081,4171.66,0.0816667,356.205,0.16,3
1390,7,0,2,14.199,4121.61
1382,7,0,2,14.1734,3991.55
1362,7,0,2,14.1529,3881.56
1361,7,0,2,14.1487,3858.38
1354,7,0,2,14.1487,3858.19
1355,7,0,2,14.1422,3823.7
2076,7,0,2,14.1404,3814.59
1356,7,0,2,14.1328,3775.24
1357,7,0,2,14.132,3771.52
1349,7,0,2,14.1193,3706.57
1348,7,0,2,14.1187,3703.13
1340,7,0,2,14.1182,3700.59
1339,7,0,2,14.1126,3671.86
1330,7,0,2,14.0918,3563.11
1161,7,0,2,14.0825,3515.2
1162,7,0,2,14.0725,3462.21
1136,7,0,2,14.0538,3364.01
1138,7,0,2,14.0471,3329.65
1137,7,0,2,14.0412,3298.54
1123,7,0,2,14.0275,3232.39
1775,7,0,2,14.0189,3188.4
1102,7,0,2,14.0032,3109.22
1100,7,0,2,13.989,3039.82
1101,7,0,2,13.978,2983.18
1082,7,0,2,13.9696,2941.21
1079,7,0,2,13.9605,2894.19
1061,7,0,2,13.9562,2872.91
1063,7,0,2,13.953,2856.07
1062,7,0,2,13.952,2849.03
2159,7,0,2,13.9518,2848.04
1045,7,0,2,13.9511,2844.89
1043,7,0,2,13.9478,2828.21
2029,7,0,2,13.9477,2827.8
1016,7,0,2,13.9434,2804.27
110,7,0,3,14.9247,7948.32,0,0,0
1968,7,0,3,14.9071,7856.71
1969,7,0,3,14.8945,7779.85
115,7,0,3,14.892,7765.39
2113,7,0,3,14.8865,7736.2
2133,7,0,3,14.7528,6998.83
366,7,0,3,14.7488,6972.03
2134,7,0,3,14.7396,6914.26
2136,7,0,3,14.7288,6854.11
393,7,0,3,14.6988,6698.35
401,7,0,3,14.6861,6628.9
1739,7,0,3,14.6762,6575.04
1742,7,0,3,14.6697,6540.56
1741,7,0,3,14.6633,6506.07
418,7,0,3,14.6558,6466.55
417,7,0,3,14.653,6450.86
1989,7,0,3,14.635,6358.28
2011,7,0,3,14.6149,6255.21
2156,7,0,3,14.6094,6226.77
2013,7,0,3,14.6087,6223.62
886,7,0,3,14.5977,6169
888,7,0,3,14.5809,6075.87
903,7,0,3,14.5698,6017.61
904,7,0,3,14.5663,5998.75
925,7,0,3,14.5462,5885.54
2019,7,0,3,14.5405,5857.25
929,7,0,3,14.5401,5855.27
938,7,0,3,14.5285,5791
950,7,0,3,14.5136,5714.34
951,7,0,3,14.5027,5662.71
949,7,0,3,14.4904,5600.46
1302,7,0,3,14.4654,5468.03
1307,7,0,3,14.4517,5390.6
1308,7,0,3,14.4405,5331.03
1309,7,0,3,14.4222,5237.67
1314,7,0,3,14.4216,5234.8
2165,7,0,3,14.4061,5151.36
2071,7,0,3,14.3853,5040.21
1317,7,0,3,14.3733,4972.8
2072,7,0,3,14.3543,4870.1
1323,7,0,3,14.3383,4786.41
1388,7,0,3,14.3376,4782.63
1389,7,0,3,14.3289,4734.73
1390,7,0,3,14.2986,4576.84
1402,7,0,3,14.2898,4527.87
410,7,1,0,11.5022,1462.66,0.0726667,316.95,0.06,1
398,7,1,0,11.5019,1461.45
397,7,1,0,11.4893,1392.89
390,7,1,0,11.4698,1291.33
382,7,1,0,11.4525,1199.86
376,7,1,0,11.4345,1103.09
369,7,1,0,11.415,998.232
360,7,1,0,11.3927,878.986
361,7,1,0,11.3801,809.873
128,7,1,0,11.3196,481.115
126,7,1,0,11.3123,442.296
125,7,1,0,11.306,408.059
118,7,1,0,11.2731,231.019
1968,7,1,0,11.2453,81.9493
110,7,1,0,11.23,0
710,7,1,1,11.7946,3117.52,0.0443333,193.369,0.36,2
1543,7,1,1,11.7731,2997.25
715,7,1,1,11.7683,2952.99
714,7,1,1,11.7644,2928.98
726,7,1,1,11.7642,2927.1
529,7,1,1,11.7505,2827.61
605,7,1,1,11.7357,2731
603,7,1,1,11.7306,2703.02
604,7,1,1,11.7263,2679.88
596,7,1,1,11.7262,2678.91
580,7,1,1,11.7178,2620.63
574,7,1,1,11.7005,2527.39
573,7,1,1,11.6905,2471.49
564,7,1,1,11.6828,2430.34
557,7,1,1,11.6767,2396.35
561,7,1,1,11.67,2349.83
628,7,1,1,11.6655,2324.18
609,7,1,1,11.6528,2247.52
423,7,1,1,11.6469,2191.2
419,7,1,1,11.6422,2156.76
418,7,1,1,11.6269,2071.84
2139,7,1,1,11.623,2050.41
2138,7,1,1,11.6046,1948.97
411,7,1,1,11.591,1874.15
412,7,1,1,11.5885,1855.14
398,7,1,1,11.5751,1780.81
410,7,1,1,11.5748,1779.61
110,7,1,2,12.1454,5064.79,0,0,0
1968,7,1,2,12.1303,4983.75
114,7,1,2,12.1251,4949.43
1719,7,1,2,12.0821,4722.82
1718,7,1,2,12.0666,4635.77
129,7,1,2,12.0422,4499.9
134,7,1,2,12.0358,4465.51
133,7,1,2,12.023,4397.31
138,7,1,2,12.0021,4292.72
184,7,1,2,11.9829,4191.76
440,7,1,2,11.9662,4100.57
451,7,1,2,11.9474,4004.86
1716,7,1,2,11.945,3988.43
462,7,1,2,11.9346,3936.01
1990,7,1,2,11.9268,3882.98
452,7,1,2,11.9218,3850.54
453,7,1,2,11.9104,3763.36
455,7,1,2,11.898,3693.43
454,7,1,2,11.8952,3677.82
457,7,1,2,11.8885,3623.85
456,7,1,2,11.8833,3594.41
458,7,1,2,11.8739,3533.26
459,7,1,2,11.8679,3488.16
1543,7,1,2,11.8586,3425.93
710,7,1,2,11.8389,3310.88
501,8,0,0,13.5496,1510.92,0.0531667,231.897,0.2,1
502,8,0,0,13.5444,1485.38
473,8,0,0,13.5365,1446.3
2141,8,0,0,13.5363,1445.32
1750,8,0,0,13.532,1424.02
477,8,0,0,13.5275,1400.71
453,8,0,0,13.4985,1243.21
446,8,0,0,13.4902,1195.77
442,8,0,0,13.4785,1137.28
1857,8,0,0,13.4697,1091.26
441,8,0,0,13.4636,1062.09
185,8,0,0,13.4526,1004.16
177,8,0,0,13.4403,938.786
184,8,0,0,13.4203,829.279
138,8,0,0,13.4036,739.414
133,8,0,0,13.3897,664.29
134,8,0,0,13.3821,612.333
129,8,0,0,13.375,574.749
1718,8,0,0,13.3491,432.78
1720,8,0,0,13.342,394.625
1719,8,0,0,13.3293,321.152
114,8,0,0,13.2916,117.424
1968,8,0,0,13.2848,79.7523
110,8,0,0,13.27,0
1402,8,0,1,14.0338,3925.73,0.0816667,356.205,0.16,2
1390,8,0,1,14.0246,3875.67
1382,8,0,1,13.9944,3725.93
1362,8,0,1,13.9717,3606.92
1361,8,0,1,13.9667,3579.93
1354,8,0,1,13.9666,3579.74
1355,8,0,1,13.9541,3520.08
2076,8,0,1,13.9523,3510.96
1356,8,0,1,13.9439,3468.25
1357,8,0,1,13.9431,3464.53
1349,8,0,1,13.9296,3396.36
1348,8,0,1,13.929,3393.03
1340,8,0,1,13.9285,3390.49
1339,8,0,1,13.9232,3362.77
1329,8,0,1,13.9122,3304.43
1158,8,0,1,13.8972,3228.1
2048,8,0,1,13.8771,3122.06
1131,8,0,1,13.8715,3093.19
1130,8,0,1,13.8657,3064.26
1129,8,0,1,13.8505,2990.07
1121,8,0,1,13.8345,2904.14
1120,8,0,1,13.8305,2882.96
1094,8,0,1,13.8256,2857.02
1091,8,0,1,13.8155,2806.29
1092,8,0,1,13.8103,2780.39
1074,8,0,1,13.8045,2749.97
1073,8,0,1,13.7961,2705.29
1057,8,0,1,13.7763,2606.3
1042,8,0,1,13.771,2579.4
2030,8,0,1,13.7638,2541.56
1011,8,0,1,13.7635,2540.11
1547,8,0,1,13.7461,2457.47
1546,8,0,1,13.7407,2430.1
975,8,0,1,13.7373,2412.13
2026,8,0,1,13.7308,2377.86
2027,8,0,1,13.7257,2352.02
1998,8,0,1,13.7153,2299.32
1997,8,0,1,13.7067,2255.7
1996,8,0,1,13.7008,2227.41
1995,8,0,1,13.6926,2189.09
1993,8,0,1,13.6835,2145.41
1994,8,0,1,13.6792,2123.93
572,8,0,1,13.6722,2085.28
541,8,0,1,13.66,2024.92
540,8,0,1,13.6496,1971.28
1754,8,0,1,13.6412,1927.61
518,8,0,1,13.6333,1887.64
500,8,0,1,13.6283,1861.85
501,8,0,1,13.6028,1742.82
1016,8,0,2,14.3735,5634.95,0.0881667,384.556,0.22,3
2029,8,0,2,14.3691,5611.2
1043,8,0,2,14.369,5610.79
2158,8,0,2,14.3622,5576.01
2030,8,0,2,14.3583,5556.17
1041,8,0,2,14.3531,5529.59
1059,8,0,2,14.3443,5484.75
1058,8,0,2,14.3393,5459.5
1075,8,0,2,14.3217,5369.43
1072,8,0,2,14.3117,5317.99
1071,8,0,2,14.3015,5267.51
1090,8,0,2,14.2955,5230.29
1089,8,0,2,14.2894,5196.97
1119,8,0,2,14.2808,5151.08
1118,8,0,2,14.2746,5117.49
2044,8,0,2,14.2594,5037.93
2169,8,0,2,14.2514,4996.91
2171,8,0,2,14.2467,4972.76
1549,8,0,2,14.2389,4932.61
1147,8,0,2,14.2315,4894.22
1327,8,0,2,14.2031,4746.25
1343,8,0,2,14.2025,4743.51
1355,8,0,2,14.1757,4604.1
1364,8,0,2,14.1757,4603.89
1362,8,0,2,14.1659,4551.9
1382,8,0,2,14.1458,4444.08
1390,8,0,2,14.1243,4330.9
1402,8,0,2,14.1154,4281.94
110,8,0,3,14.8811,8225.21,0,0,0
111,8,0,3,14.8787,8209.33
1968,8,0,3,14.8693,8144.65
114,8,0,3,14.8637,8109.92
1719,8,0,3,14.8275,7912.3
1718,8,0,3,14.8076,7805.99
129,8,0,3,14.7836,7672.2
134,8,0,3,14.7779,7640.78
133,8,0,3,14.7672,7581.41
138,8,0,3,14.7463,7476.83
184,8,0,3,14.7297,7387.22
440,8,0,3,14.7093,7280
451,8,0,3,14.6928,7193.81
1716,8,0,3,14.6904,7177.38
462,8,0,3,14.6812,7130.31
1990,8,0,3,14.6742,7077.61
463,8,0,3,14.6555,6981.09
474,8,0,3,14.6401,6901.85
2140,8,0,3,14.6311,6860.52
475,8,0,3,14.6261,6836.29
499,8,0,3,14.6184,6796.7
500,8,0,3,14.6138,6773.29
518,8,0,3,14.6092,6749.19
1754,8,0,3,14.6055,6724.26
540,8,0,3,14.5973,6681.79
541,8,0,3,14.5855,6621.97
572,8,0,3,14.5759,6572.3
1994,8,0,3,14.5632,6509.9
1993,8,0,3,14.559,6488.41
1995,8,0,3,14.5463,6430.66
1996,8,0,3,14.5404,6401.48
1997,8,0,3,14.5365,6381.58
2027,8,0,3,14.5093,6251.36
2026,8,0,3,14.5035,6222.88
978,8,0,3,14.4962,6187.74
1010,8,0,3,14.4814,6110.97
1016,8,0,3,14.4616,6019.51
410,8,1,0,11.2822,1462.66,0.0726667,316.95,0.06,1
398,8,1,0,11.2819,1461.45
397,8,1,0,11.2693,1392.89
390,8,1,0,11.2498,1291.33
382,8,1,0,11.2325,1199.86
376,8,1,0,11.2145,1103.09
369,8,1,0,11.195,998.232
360,8,1,0,11.1727,878.986
361,8,1,0,11.1601,809.873
128,8,1,0,11.0996,481.115
126,8,1,0,11.0923,442.296
125,8,1,0,11.086,408.059
118,8,1,0,11.0531,231.019
1968,8,1,0,11.0253,81.9493
110,8,1,0,11.01,0
710,8,1,1,11.5746,3117.52,0.0443333,193.369,0.36,2
1543,8,1,1,11.5531,2997.25
715,8,1,1,11.5483,2952.99
714,8,1,1,11.5444,2928.98
726,8,1,1,11.5442,2927.1
529,8,1,1,11.5305,2827.61
605,8,1,1,11.5157,2731
603,8,1,1,11.5106,2703.02
604,8,1,1,11.5063,2679.88
596,8,1,1,11.5062,2678.91
580,8,1,1,11.4978,2620.63
574,8,1,1,11.4805,2527.39
573,8,1,1,11.4705,2471.49
564,8,1,1,11.4628,2430.34
557,8,1,1,11.4567,2396.35
561,8,1,1,11.45,2349.83
628,8,1,1,11.4455,2324.18
609,8,1,1,11.4328,2247.52
423,8,1,1,11.4269,2191.2
419,8,1,1,11.4222,2156.76
418,8,1,1,11.4069,2071.84
2139,8,1,1,11.403,2050.41
2138,8,1,1,11.3846,1948.97
411,8,1,1,11.371,1874.15
412,8,1,1,11.3685,1855.14
398,8,1,1,11.3551,1780.81
410,8,1,1,11.3548,1779.61
110,8,1,2,11.9254,5064.79,0,0,0
1968,8,1,2,11.9103,4983.75
114,8,1,2,11.9051,4949.43
1719,8,1,2,11.8621,4722.82
1718,8,1,2,11.8466,4635.77
129,8,1,2,11.8222,4499.9
134,8,1,2,11.8158,4465.51
133,8,1,2,11.803,4397.31
138,8,1,2,11.7821,4292.72
184,8,1,2,11.7629,4191.76
440,8,1,2,11.7462,4100.57
451,8,1,2,11.7274,4004.86
1716,8,1,2,11.725,3988.43
462,8,1,2,11.7146,3936.01
1990,8,1,2,11.7068,3882.98
452,8,1,2,11.7018,3850.54
453,8,1,2,11.6904,3763.36
455,8,1,2,11.678,3693.43
454,8,1,2,11.6752,3677.82
457,8,1,2,11.6685,3623.85
456,8,1,2,11.6633,3594.41
458,8,1,2,11.6539,3533.26
459,8,1,2,11.6479,3488.16
1543,8,1,2,11.6386,3425.93
710,8,1,2,11.6189,3310.88
1402,9,0,0,14.0234,3372.79,0.0816667,356.205,0.16,1
1390,9,0,0,14.0141,3321.76
1389,9,0,0,13.9855,3170.7
1388,9,0,0,13.9767,3122.71
1370,9,0,0,13.9398,2928.06
1359,9,0,0,13.9389,2923.6
2071,9,0,0,13.9223,2830.9
2165,9,0,0,13.9004,2715.19
1314,9,0,0,13.8831,2623.77
2163,9,0,0,13.8683,2543.94
2023,9,0,0,13.8417,2399.84
1787,9,0,0,13.8336,2358.52
2020,9,0,0,13.8147,2264.44
935,9,0,0,13.8049,2212.99
934,9,0,0,13.8044,2210.39
933,9,0,0,13.7927,2150.9
936,9,0,0,13.7922,2147.96
1737,9,0,0,13.7807,2085.09
917,9,0,0,13.7675,2016.59
916,9,0,0,13.7673,2015.68
906,9,0,0,13.7435,1891.34
889,9,0,0,13.7322,1832.97
890,9,0,0,13.7255,1797.06
2013,9,0,0,13.706,1693.84
1988,9,0,0,13.6884,1599.98
417,9,0,0,13.6679,1495.37
418,9,0,0,13.6639,1474.43
1741,9,0,0,13.6582,1442.44
1740,9,0,0,13.6544,1421.91
1739,9,0,0,13.6497,1395.5
401,9,0,0,13.6391,1338.14
393,9,0,0,13.6259,1266.67
2136,9,0,0,13.6031,1141.76
2134,9,0,0,13.5918,1079.42
360,9,0,0,13.5591,906.015
361,9,0,0,13.5446,828.632
128,9,0,0,13.4895,523.193
126,9,0,0,13.481,479.066
125,9,0,0,13.4718,432.83
118,9,0,0,13.437,247.521
1968,9,0,0,13.4048,79.7523
110,9,0,0,13.39,0
1016,9,0,1,14.3632,5082,0.0881667,384.556,0.22,2
2029,9,0,1,14.3588,5058.25
1043,9,0,1,14.3587,5057.84
2158,9,0,1,14.3519,5023.06
2030,9,0,1,14.3479,5003.22
1041,9,0,1,14.3428,4976.64
1059,9,0,1,14.3339,4931.8
1058,9,0,1,14.3289,4906.55
1075,9,0,1,14.3114,4816.48
1072,9,0,1,14.3014,4765.04
1071,9,0,1,14.2912,4714.56
1090,9,0,1,14.2851,4677.34
1089,9,0,1,14.279,4644.02
1119,9,0,1,14.2704,4598.13
1118,9,0,1,14.2643,4564.54
2044,9,0,1,14.249,4484.98
2169,9,0,1,14.241,4443.96
2171,9,0,1,14.2364,4419.81
1549,9,0,1,14.2286,4379.66
1147,9,0,1,14.2211,4341.27
1327,9,0,1,14.1928,4193.3
1343,9,0,1,14.1922,4190.57
1355,9,0,1,14.1654,4051.15
1364,9,0,1,14.1653,4050.94
1362,9,0,1,14.1555,3998.96
1382,9,0,1,14.1355,3891.13
1390,9,0,1,14.114,3777.96
1402,9,0,1,14.1051,3728.99
110,9,0,2,14.8707,7672.26,0,0,0
111,9,0,2,14.8684,7656.38
1968,9,0,2,14.8589,7591.7
114,9,0,2,14.8534,7556.97
1719,9,0,2,14.8172,7359.36
1718,9,0,2,14.7973,7253.04
129,9,0,2,14.7733,7119.25
134,9,0,2,14.7676,7087.84
133,9,0,2,14.7568,7028.46
138,9,0,2,14.736,6923.88
184,9,0,2,14.7194,6834.28
440,9,0,2,14.699,6727.06
451,9,0,2,14.6825,6640.86
1716,9,0,2,14.68,6624.43
462,9,0,2,14.6709,6577.36
1990,9,0,2,14.6639,6524.67
463,9,0,2,14.6452,6428.15
474,9,0,2,14.6298,6348.91
2140,9,0,2,14.6208,6307.57
475,9,0,2,14.6158,6283.34
499,9,0,2,14.608,6243.75
500,9,0,2,14.6034,6220.35
518,9,0,2,14.5988,6196.24
1754,9,0,2,14.5952,6171.31
540,9,0,2,14.587,6128.84
541,9,0,2,14.5751,6069.02
572,9,0,2,14.5655,6019.35
1994,9,0,2,14.5529,5956.95
1993,9,0,2,14.5486,5935.46
1995,9,0,2,14.536,5877.72
1996,9,0,2,14.5301,5848.54
1997,9,0,2,14.5262,5828.64
2027,9,0,2,14.499,5698.42
2026,9,0,2,14.4932,5669.93
978,9,0,2,14.4859,5634.79
1010,9,0,2,14.471,5558.02
1016,9,0,2,14.4513,5466.56
410,9,1,0,11.6622,1462.66,0.0726667,316.95,0.06,1
398,9,1,0,11.6619,1461.45
397,9,1,0,11.6493,1392.89
390,9,1,0,11.6298,1291.33
382,9,1,0,11.6125,1199.86
376,9,1,0,11.5945,1103.09
369,9,1,0,11.575,998.232
360,9,1,0,11.5527,878.986
361,9,1,0,11.5401,809.873
128,9,1,0,11.4796,481.115
126,9,1,0,11.4723,442.296
125,9,1,0,11.466,408.059
118,9,1,0,11.4331,231.019
1968,9,1,0,11.4053,81.9493
110,9,1,0,11.39,0
710,9,1,1,11.9546,3117.52,0.0443333,193.369,0.36,2
1543,9,1,1,11.9331,2997.25
715,9,1,1,11.9283,2952.99
714,9,1,1,11.9244,2928.98
726,9,1,1,11.9242,2927.1
529,9,1,1,11.9105,2827.61
605,9,1,1,11.8957,2731
603,9,1,1,11.8906,2703.02
604,9,1,1,11.8863,2679.88
596,9,1,1,11.8862,2678.91
580,9,1,1,11.8778,2620.63
574,9,1,1,11.8605,2527.39
573,9,1,1,11.8505,2471.49
564,9,1,1,11.8428,2430.34
557,9,1,1,11.8367,2396.35
561,9,1,1,11.83,2349.83
628,9,1,1,11.8255,2324.18
609,9,1,1,11.8128,2247.52
423,9,1,1,11.8069,2191.2
419,9,1,1,11.8022,2156.76
418,9,1,1,11.7869,2071.84
2139,9,1,1,11.783,2050.41
2138,9,1,1,11.7646,1948.97
411,9,1,1,11.751,1874.15
412,9,1,1,11.7485,1855.14
398,9,1,1,11.7351,1780.81
410,9,1,1,11.7348,1779.61
110,9,1,2,12.3054,5064.79,0,0,0
1968,9,1,2,12.2903,4983.75
114,9,1,2,12.2851,4949.43
1719,9,1,2,12.2421,4722.82
1718,9,1,2,12.2266,4635.77
129,9,1,2,12.2022,4499.9
134,9,1,2,12.1958,4465.51
133,9,1,2,12.183,4397.31
138,9,1,2,12.1621,4292.72
184,9,1,2,12.1429,4191.76
440,9,1,2,12.1262,4100.57
451,9,1,2,12.1074,4004.86
1716,9,1,2,12.105,3988.43
462,9,1,2,12.0946,3936.01
1990,9,1,2,12.0868,3882.98
452,9,1,2,12.0818,3850.54
453,9,1,2,12.0704,3763.36
455,9,1,2,12.058,3693.43
454,9,1,2,12.0552,3677.82
457,9,1,2,12.0485,3623.85
456,9,1,2,12.0433,3594.41
458,9,1,2,12.0339,3533.26
459,9,1,2,12.0279,3488.16
1543,9,1,2,12.0186,3425.93
710,9,1,2,11.9989,3310.88
501,9,2,0,13.1921,1508.45,0.0531667,231.897,0.2,1
502,9,2,0,13.1869,1482.92
473,9,2,0,13.1767,1434.29
2141,9,2,0,13.1765,1433.31
2140,9,2,0,13.1634,1367.84
475,9,2,0,13.1575,1339.48
474,9,2,0,13.1534,1318.65
463,9,2,0,13.1361,1231.14
1990,9,2,0,13.1176,1135.57
462,9,2,0,13.1081,1080.35
461,9,2,0,13.1056,1065.62
1716,9,2,0,13.0972,1021.71
451,9,2,0,13.0926,997.904
440,9,2,0,13.0756,909.841
184,9,2,0,13.0597,821.613
138,9,2,0,13.0424,728.996
133,9,2,0,13.0271,647.895
134,9,2,0,13.0195,595.939
129,9,2,0,13.0114,554.222
1718,9,2,0,12.988,423.217
1719,9,2,0,12.9689,320.2
114,9,2,0,12.9304,112.847
1968,9,2,0,12.9242,77.2014
110,9,2,0,12.91,0
110,9,2,1,13.5175,3201.12,0,0,0
1968,9,2,1,13.5024,3120.32
114,9,2,1,13.4965,3085.13
1719,9,2,1,13.4613,2891.86
1718,9,2,1,13.4432,2793.33
129,9,2,1,13.4192,2659.57
134,9,2,1,13.4143,2631.07
133,9,2,1,13.4023,2566.23
138,9,2,1,13.3814,2461.65
184,9,2,1,13.3647,2371.26
440,9,2,1,13.3421,2254.88
451,9,2,1,13.3258,2169.46
1716,9,2,1,13.3234,2153.04
462,9,2,1,13.3162,2114.22
1990,9,2,1,13.3083,2061.18
463,9,2,1,13.2912,1971.14
474,9,2,1,13.2773,1898.15
2140,9,2,1,13.2691,1860.32
2141,9,2,1,13.2609,1815.34
473,9,2,1,13.2608,1814.58
502,9,2,1,13.2517,1770.68
501,9,2,1,13.2453,1740.35
1402,10,0,0,14.0234,3372.79,0.0816667,356.205,0.16,1
1390,10,0,0,14.0141,3321.76
1389,10,0,0,13.9855,3170.7
1388,10,0,0,13.9767,3122.71
1370,10,0,0,13.9398,2928.06
1359,10,0,0,13.9389,2923.6
2071,10,0,0,13.9223,2830.9
2165,10,0,0,13.9004,2715.19
1314,10,0,0,13.8831,2623.77
2163,10,0,0,13.8683,2543.94
2023,10,0,0,13.8417,2399.84
1787,10,0,0,13.8336,2358.52
2020,10,0,0,13.8147,2264.44
935,10,0,0,13.8049,2212.99
934,10,0,0,13.8044,2210.39
933,10,0,0,13.7927,2150.9
936,10,0,0,13.7922,2147.96
1737,10,0,0,13.7807,2085.09
917,10,0,0,13.7675,2016.59
916,10,0,0,13.7673,2015.68
906,10,0,0,13.7435,1891.34
889,10,0,0,13.7322,1832.97
890,10,0,0,13.7255,1797.06
2013,10,0,0,13.706,1693.84
1988,10,0,0,13.6884,1599.98
417,10,0,0,13.6679,1495.37
418,10,0,0,13.6639,1474.43
1741,10,0,0,13.6582,1442.44
1740,10,0,0,13.6544,1421.91
1739,10,0,0,13.6497,1395.5
401,10,0,0,13.6391,1338.14
393,10,0,0,13.6259,1266.67
2136,10,0,0,13.6031,1141.76
2134,10,0,0,13.5918,1079.42
360,10,0,0,13.5591,906.015
361,10,0,0,13.5446,828.632
128,10,0,0,13.4895,523.193
126,10,0,0,13.481,479.066
125,10,0,0,13.4718,432.83
118,10,0,0,13.437,247.521
1968,10,0,0,13.4048,79.7523
110,10,0,0,13.39,0
1016,10,0,1,14.3632,5082,0.0881667,384.556,0.22,2
2029,10,0,1,14.3588,5058.25
1043,10,0,1,14.3587,5057.84
2158,10,0,1,14.3519,5023.06
2030,10,0,1,14.3479,5003.22
1041,10,0,1,14.3428,4976.64
1059,10,0,1,14.3339,4931.8
1058,10,0,1,14.3289,4906.55
1075,10,0,1,14.3114,4816.48
1072,10,0,1,14.3014,4765.04
1071,10,0,1,14.2912,4714.56
1090,10,0,1,14.2851,4677.34
1089,10,0,1,14.279,4644.02
1119,10,0,1,14.2704,4598.13
1118,10,0,1,14.2643,4564.54
2044,10,0,1,14.249,4484.98
2169,10,0,1,14.241,4443.96
2171,10,0,1,14.2364,4419.81
1549,10,0,1,14.2286,4379.66
1147,10,0,1,14.2211,4341.27
1327,10,0,1,14.1928,4193.3
1343,10,0,1,14.1922,4190.57
1355,10,0,1,14.1654,4051.15
1364,10,0,1,14.1653,4050.94
1362,10,0,1,14.1555,3998.96
1382,10,0,1,14.1355,3891.13
1390,10,0,1,14.114,3777.96
1402,10,0,1,14.1051,3728.99
110,10,0,2,14.8707,7672.26,0,0,0
111,10,0,2,14.8684,7656.38
1968,10,0,2,14.8589,7591.7
114,10,0,2,14.8534,7556.97
1719,10,0,2,14.8172,7359.36
1718,10,0,2,14.7973,7253.04
129,10,0,2,14.7733,7119.25
134,10,0,2,14.7676,7087.84
133,10,0,2,14.7568,7028.46
138,10,0,2,14.736,6923.88
184,10,0,2,14.7194,6834.28
440,10,0,2,14.699,6727.06
451,10,0,2,14.6825,6640.86
1716,10,0,2,14.68,6624.43
462,10,0,2,14.6709,6577.36
1990,10,0,2,14.6639,6524.67
463,10,0,2,14.6452,6428.15
474,10,0,2,14.6298,6348.91
2140,10,0,2,14.6208,6307.57
475,10,0,2,14.6158,6283.34
499,10,0,2,14.608,6243.75
500,10,0,2,14.6034,6220.35
518,10,0,2,14.5988,6196.24
1754,10,0,2,14.5952,6171.31
540,10,0,2,14.587,6128.84
541,10,0,2,14.5751,6069.02
572,10,0,2,14.5655,6019.35
1994,10,0,2,14.5529,5956.95
1993,10,0,2,14.5486,5935.46
1995,10,0,2,14.536,5877.72
1996,10,0,2,14.5301,5848.54
1997,10,0,2,14.5262,5828.64
2027,10,0,2,14.499,5698.42
2026,10,0,2,14.4932,5669.93
978,10,0,2,14.4859,5634.79
1010,10,0,2,14.471,5558.02
1016,10,0,2,14.4513,5466.56
410,10,1,0,11.3522,1462.66,0.0726667,316.95,0.06,1
398,10,1,0,11.3519,1461.45
397,10,1,0,11.3393,1392.89
390,10,1,0,11.3198,1291.33
382,10,1,0,11.3025,1199.86
376,10,1,0,11.2845,1103.09
369,10,1,0,11.265,998.232
360,10,1,0,11.2427,878.986
361,10,1,0,11.2301,809.873
128,10,1,0,11.1696,481.115
126,10,1,0,11.1623,442.296
125,10,1,0,11.156,408.059
118,10,1,0,11.1231,231.019
1968,10,1,0,11.0953,81.9493
110,10,1,0,11.08,0
710,10,1,1,11.6446,3117.52,0.0443333,193.369,0.36,2
1543,10,1,1,11.6231,2997.25
715,10,1,1,11.6183,2952.99
714,10,1,1,11.6144,2928.98
726,10,1,1,11.6142,2927.1
529,10,1,1,11.6005,2827.61
605,10,1,1,11.5857,2731
603,10,1,1,11.5806,2703.02
604,10,1,1,11.5763,2679.88
596,10,1,1,11.5762,2678.91
580,10,1,1,11.5678,2620.63
574,10,1,1,11.5505,2527.39
573,10,1,1,11.5405,2471.49
564,10,1,1,11.5328,2430.34
557,10,1,1,11.5267,2396.35
561,10,1,1,11.52,2349.83
628,10,1,1,11.5155,2324.18
609,10,1,1,11.5028,2247.52
423,10,1,1,11.4969,2191.2
419,10,1,1,11.4922,2156.76
418,10,1,1,11.4769,2071.84
2139,10,1,1,11.473,2050.41
2138,10,1,1,11.4546,1948.97
411,10,1,1,11.441,1874.15
412,10,1,1,11.4385,1855.14
398,10,1,1,11.4251,1780.81
410,10,1,1,11.4248,1779.61
110,10,1,2,11.9954,5064.79,0,0,0
1968,10,1,2,11.9803,4983.75
114,10,1,2,11.9751,4949.43
1719,10,1,2,11.9321,4722.82
1718,10,1,2,11.9166,4635.77
129,10,1,2,11.8922,4499.9
134,10,1,2,11.8858,4465.51
133,10,1,2,11.873,4397.31
138,10,1,2,11.8521,4292.72
184,10,1,2,11.8329,4191.76
440,10,1,2,11.8162,4100.57
451,10,1,2,11.7974,4004.86
1716,10,1,2,11.795,3988.43
462,10,1,2,11.7846,3936.01
1990,10,1,2,11.7768,3882.98
452,10,1,2,11.7718,3850.54
453,10,1,2,11.7604,3763.36
455,10,1,2,11.748,3693.43
454,10,1,2,11.7452,3677.82
457,10,1,2,11.7385,3623.85
456,10,1,2,11.7333,3594.41
458,10,1,2,11.7239,3533.26
459,10,1,2,11.7179,3488.16
1543,10,1,2,11.7086,3425.93
710,10,1,2,11.6889,3310.88
501,10,2,0,14.1696,1510.92,0.107,466.702,0.18,1
502,10,2,0,14.1644,1485.38
473,10,2,0,14.1565,1446.3
2141,10,2,0,14.1563,1445.32
1750,10,2,0,14.152,1424.02
477,10,2,0,14.1475,1400.71
453,10,2,0,14.1185,1243.21
446,10,2,0,14.1102,1195.77
442,10,2,0,14.0985,1137.28
1857,10,2,0,14.0897,1091.26
441,10,2,0,14.0836,1062.09
185,10,2,0,14.0726,1004.16
177,10,2,0,14.0603,938.786
184,10,2,0,14.0403,829.279
138,10,2,0,14.0236,739.414
133,10,2,0,14.0097,664.29
134,10,2,0,14.0021,612.333
129,10,2,0,13.995,574.749
1718,10,2,0,13.9691,432.78
1720,10,2,0,13.962,394.625
1719,10,2,0,13.9493,321.152
114,10,2,0,13.9116,117.424
1968,10,2,0,13.9048,79.7523
110,10,2,0,13.89,0
110,10,2,1,14.5503,3466.82,0,0,0
111,10,2,1,14.548,3450.94
1968,10,2,1,14.5385,3386.26
114,10,2,1,14.533,3351.53
1719,10,2,1,14.495,3146.49
1720,10,2,1,14.4799,3064.02
1718,10,2,1,14.4742,3031.47
129,10,2,1,14.449,2892.4
134,10,2,1,14.4429,2859.44
133,10,2,1,14.4305,2792.91
138,10,2,1,14.4097,2688.33
184,10,2,1,14.3933,2599.79
440,10,2,1,14.3775,2512.17
451,10,2,1,14.3609,2425.97
1716,10,2,1,14.3585,2409.55
462,10,2,1,14.3494,2362.47
1990,10,2,1,14.3423,2309.78
463,10,2,1,14.3236,2213.26
474,10,2,1,14.3083,2134.02
2140,10,2,1,14.2993,2092.69
2141,10,2,1,14.2914,2049.48
473,10,2,1,14.2912,2048.2
502,10,2,1,14.2821,2004.3
501,10,2,1,14.2766,1977.62
