Nodo,Individuo,Ruta,Segmento,Tiempo viaje,Costo viaje,Tiempo atencion,Costo atencion,Tasa fallo,Demanda
410,0,0,0,11.9822,1462.66,0.0726667,316.95,0.06,1
398,0,0,0,11.9819,1461.45
397,0,0,0,11.9693,1392.89
390,0,0,0,11.9498,1291.33
382,0,0,0,11.9325,1199.86
376,0,0,0,11.9145,1103.09
369,0,0,0,11.895,998.232
360,0,0,0,11.8727,878.986
361,0,0,0,11.8601,809.873
128,0,0,0,11.7996,481.115
126,0,0,0,11.7923,442.296
125,0,0,0,11.786,408.059
118,0,0,0,11.7531,231.019
1968,0,0,0,11.7253,81.9493
110,0,0,0,11.71,0
1402,0,0,1,12.4652,3950.11,0.085,370.744,0.2,2
1390,0,0,1,12.455,3895.71
1382,0,0,1,12.4326,3778.6
1362,0,0,1,12.4132,3673.78
1361,0,0,1,12.4087,3649.26
1354,0,0,1,12.4087,3649.07
2188,0,0,1,12.4023,3615.31
2075,0,0,1,12.3813,3507.36
1822,0,0,1,12.3805,3503.36
1353,0,0,1,12.3715,3457.62
2118,0,0,1,12.35,3341.45
2117,0,0,1,12.3475,3316.82
2164,0,0,1,12.3302,3203.67
1307,0,0,1,12.3136,3116.68
1302,0,0,1,12.297,3026.44
949,0,0,1,12.2742,2903.64
2025,0,0,1,12.2708,2886.18
1598,0,0,1,12.2674,2867.22
948,0,0,1,12.2606,2832.53
928,0,0,1,12.249,2769.48
923,0,0,1,12.2127,2588.73
924,0,0,1,12.2044,2549.42
914,0,0,1,12.184,2442.33
902,0,0,1,12.1778,2407.32
887,0,0,1,12.1611,2322.03
2012,0,0,1,12.1436,2230.38
884,0,0,1,12.1392,2207.45
1987,0,0,1,12.1017,2017.46
413,0,0,1,12.0824,1919.77
414,0,0,1,12.0771,1892.12
410,0,0,1,12.0548,1779.61
1016,0,0,2,12.8155,5698.77,0.0438333,191.188,0.28,3
2029,0,0,2,12.809,5665.75
1043,0,0,2,12.8089,5665.34
2158,0,0,2,12.7998,5621.19
2030,0,0,2,12.7959,5601.35
1041,0,0,2,12.7911,5576.37
1059,0,0,2,12.783,5534.52
1058,0,0,2,12.7778,5508.47
1056,0,0,2,12.7713,5474.03
1072,0,0,2,12.7537,5383.13
1071,0,0,2,12.7455,5341.02
1090,0,0,2,12.7373,5296.38
1089,0,0,2,12.7306,5260.53
1119,0,0,2,12.7236,5221.29
1118,0,0,2,12.7168,5185.09
2044,0,0,2,12.7007,5101.85
2169,0,0,2,12.6941,5066.97
2171,0,0,2,12.6899,5044.83
2046,0,0,2,12.6837,5013.6
1778,0,0,2,12.6583,4885.09
1327,0,0,2,12.6471,4824.32
1343,0,0,2,12.6465,4821.58
1355,0,0,2,12.6217,4690.77
1364,0,0,2,12.6217,4690.56
1362,0,0,2,12.6115,4636.93
1382,0,0,2,12.582,4489.33
1390,0,0,2,12.5611,4378.7
1402,0,0,2,12.5502,4320.85
710,0,0,3,13.0217,6815.76,0.0466667,203.546,0.45,4
1543,0,0,3,12.9993,6691.56
715,0,0,3,12.9945,6647.41
714,0,0,3,12.9905,6623.26
726,0,0,3,12.9903,6621.4
529,0,0,3,12.9762,6521.75
605,0,0,3,12.9613,6425.08
603,0,0,3,12.955,6392.01
2202,0,0,3,12.9516,6371.22
602,0,0,3,12.9472,6345.93
1851,0,0,3,12.9364,6275.39
1852,0,0,3,12.9315,6251.31
706,0,0,3,12.9183,6186.8
991,0,0,3,12.9065,6126.72
2028,0,0,3,12.8958,6074.05
1012,0,0,3,12.8823,6005.34
1045,0,0,3,12.8668,5929.59
1043,0,0,3,12.8637,5913.73
2029,0,0,3,12.8636,5913.32
1016,0,0,3,12.8594,5889.95
501,0,0,4,13.1907,7687.73,0.0531667,231.897,0.2,5
1747,0,0,4,13.1848,7658.71
505,0,0,4,13.1783,7627.22
506,0,0,4,13.1641,7559.45
507,0,0,4,13.1572,7526.06
510,0,0,4,13.1484,7483.31
509,0,0,4,13.1445,7463.11
508,0,0,4,13.1391,7434.34
512,0,0,4,13.1309,7393.3
511,0,0,4,13.1277,7376.55
2145,0,0,4,13.127,7373.34
2146,0,0,4,13.1159,7311.58
529,0,0,4,13.112,7275.53
726,0,0,4,13.0959,7173.99
714,0,0,4,13.0957,7172.11
1543,0,0,4,13.0899,7139.68
710,0,0,4,13.0684,7019.31
110,0,0,5,13.516,9380.4,0,0,0
1968,0,0,5,13.5009,9299.59
114,0,0,5,13.4951,9264.41
1719,0,0,5,13.4598,9071.14
1718,0,0,5,13.4417,8972.6
129,0,0,5,13.4178,8838.85
134,0,0,5,13.4128,8810.34
133,0,0,5,13.4008,8745.51
138,0,0,5,13.38,8640.92
184,0,0,5,13.3632,8550.54
440,0,0,5,13.3406,8434.16
451,0,0,5,13.3243,8348.74
1716,0,0,5,13.3219,8332.31
462,0,0,5,13.3147,8293.49
1990,0,0,5,13.3069,8240.45
463,0,0,5,13.2897,8150.42
474,0,0,5,13.2758,8077.43
2140,0,0,5,13.2677,8039.59
2141,0,0,5,13.2595,7994.61
473,0,0,5,13.2593,7993.85
502,0,0,5,13.2503,7949.95
501,0,0,5,13.2438,7919.63
410,1,0,0,11.5222,1462.66,0.0726667,316.95,0.06,1
398,1,0,0,11.5219,1461.45
397,1,0,0,11.5093,1392.89
390,1,0,0,11.4898,1291.33
382,1,0,0,11.4725,1199.86
376,1,0,0,11.4545,1103.09
369,1,0,0,11.435,998.232
360,1,0,0,11.4127,878.986
361,1,0,0,11.4001,809.873
128,1,0,0,11.3396,481.115
126,1,0,0,11.3323,442.296
125,1,0,0,11.326,408.059
118,1,0,0,11.2931,231.019
1968,1,0,0,11.2653,81.9493
110,1,0,0,11.25,0
710,1,0,1,11.8146,3117.52,0.0443333,193.369,0.36,2
1543,1,0,1,11.7931,2997.25
715,1,0,1,11.7883,2952.99
714,1,0,1,11.7844,2928.98
726,1,0,1,11.7842,2927.1
529,1,0,1,11.7705,2827.61
605,1,0,1,11.7557,2731
603,1,0,1,11.7506,2703.02
604,1,0,1,11.7463,2679.88
596,1,0,1,11.7462,2678.91
580,1,0,1,11.7378,2620.63
574,1,0,1,11.7205,2527.39
573,1,0,1,11.7105,2471.49
564,1,0,1,11.7028,2430.34
557,1,0,1,11.6967,2396.35
561,1,0,1,11.69,2349.83
628,1,0,1,11.6855,2324.18
609,1,0,1,11.6728,2247.52
423,1,0,1,11.6669,2191.2
419,1,0,1,11.6622,2156.76
418,1,0,1,11.6469,2071.84
2139,1,0,1,11.643,2050.41
2138,1,0,1,11.6246,1948.97
411,1,0,1,11.611,1874.15
412,1,0,1,11.6085,1855.14
398,1,0,1,11.5951,1780.81
410,1,0,1,11.5948,1779.61
110,1,0,2,12.1654,5064.79,0,0,0
1968,1,0,2,12.1503,4983.75
114,1,0,2,12.1451,4949.43
1719,1,0,2,12.1021,4722.82
1718,1,0,2,12.0866,4635.77
129,1,0,2,12.0622,4499.9
134,1,0,2,12.0558,4465.51
133,1,0,2,12.043,4397.31
138,1,0,2,12.0221,4292.72
184,1,0,2,12.0029,4191.76
440,1,0,2,11.9862,4100.57
451,1,0,2,11.9674,4004.86
1716,1,0,2,11.965,3988.43
462,1,0,2,11.9546,3936.01
1990,1,0,2,11.9468,3882.98
452,1,0,2,11.9418,3850.54
453,1,0,2,11.9304,3763.36
455,1,0,2,11.918,3693.43
454,1,0,2,11.9152,3677.82
457,1,0,2,11.9085,3623.85
456,1,0,2,11.9033,3594.41
458,1,0,2,11.8939,3533.26
459,1,0,2,11.8879,3488.16
1543,1,0,2,11.8786,3425.93
710,1,0,2,11.8589,3310.88
1402,1,1,0,14.0134,3372.79,0.0816667,356.205,0.16,1
1390,1,1,0,14.0041,3321.76
1389,1,1,0,13.9755,3170.7
1388,1,1,0,13.9667,3122.71
1370,1,1,0,13.9298,2928.06
1359,1,1,0,13.9289,2923.6
2071,1,1,0,13.9123,2830.9
2165,1,1,0,13.8904,2715.19
1314,1,1,0,13.8731,2623.77
2163,1,1,0,13.8583,2543.94
2023,1,1,0,13.8317,2399.84
1787,1,1,0,13.8236,2358.52
2020,1,1,0,13.8047,2264.44
935,1,1,0,13.7949,2212.99
934,1,1,0,13.7944,2210.39
933,1,1,0,13.7827,2150.9
936,1,1,0,13.7822,2147.96
1737,1,1,0,13.7707,2085.09
917,1,1,0,13.7575,2016.59
916,1,1,0,13.7573,2015.68
906,1,1,0,13.7335,1891.34
889,1,1,0,13.7222,1832.97
890,1,1,0,13.7155,1797.06
2013,1,1,0,13.696,1693.84
1988,1,1,0,13.6784,1599.98
417,1,1,0,13.6579,1495.37
418,1,1,0,13.6539,1474.43
1741,1,1,0,13.6482,1442.44
1740,1,1,0,13.6444,1421.91
1739,1,1,0,13.6397,1395.5
401,1,1,0,13.6291,1338.14
393,1,1,0,13.6159,1266.67
2136,1,1,0,13.5931,1141.76
2134,1,1,0,13.5818,1079.42
360,1,1,0,13.5491,906.015
361,1,1,0,13.5346,828.632
128,1,1,0,13.4795,523.193
126,1,1,0,13.471,479.066
125,1,1,0,13.4618,432.83
118,1,1,0,13.427,247.521
1968,1,1,0,13.3948,79.7523
110,1,1,0,13.38,0
1016,1,1,1,14.3532,5082,0.0881667,384.556,0.22,2
2029,1,1,1,14.3488,5058.25
1043,1,1,1,14.3487,5057.84
2158,1,1,1,14.3419,5023.06
2030,1,1,1,14.3379,5003.22
1041,1,1,1,14.3328,4976.64
1059,1,1,1,14.3239,4931.8
1058,1,1,1,14.3189,4906.55
1075,1,1,1,14.3014,4816.48
1072,1,1,1,14.2914,4765.04
1071,1,1,1,14.2812,4714.56
1090,1,1,1,14.2751,4677.34
1089,1,1,1,14.269,4644.02
1119,1,1,1,14.2604,4598.13
1118,1,1,1,14.2543,4564.54
2044,1,1,1,14.239,4484.98
2169,1,1,1,14.231,4443.96
2171,1,1,1,14.2264,4419.81
1549,1,1,1,14.2186,4379.66
1147,1,1,1,14.2111,4341.27
1327,1,1,1,14.1828,4193.3
1343,1,1,1,14.1822,4190.57
1355,1,1,1,14.1554,4051.15
1364,1,1,1,14.1553,4050.94
1362,1,1,1,14.1455,3998.96
1382,1,1,1,14.1255,3891.13
1390,1,1,1,14.104,3777.96
1402,1,1,1,14.0951,3728.99
110,1,1,2,14.8607,7672.26,0,0,0
111,1,1,2,14.8584,7656.38
1968,1,1,2,14.8489,7591.7
114,1,1,2,14.8434,7556.97
1719,1,1,2,14.8072,7359.36
1718,1,1,2,14.7873,7253.04
129,1,1,2,14.7633,7119.25
134,1,1,2,14.7576,7087.84
133,1,1,2,14.7468,7028.46
138,1,1,2,14.726,6923.88
184,1,1,2,14.7094,6834.28
440,1,1,2,14.689,6727.06
451,1,1,2,14.6725,6640.86
1716,1,1,2,14.67,6624.43
462,1,1,2,14.6609,6577.36
1990,1,1,2,14.6539,6524.67
463,1,1,2,14.6352,6428.15
474,1,1,2,14.6198,6348.91
2140,1,1,2,14.6108,6307.57
475,1,1,2,14.6058,6283.34
499,1,1,2,14.598,6243.75
500,1,1,2,14.5934,6220.35
518,1,1,2,14.5888,6196.24
1754,1,1,2,14.5852,6171.31
540,1,1,2,14.577,6128.84
541,1,1,2,14.5651,6069.02
572,1,1,2,14.5555,6019.35
1994,1,1,2,14.5429,5956.95
1993,1,1,2,14.5386,5935.46
1995,1,1,2,14.526,5877.72
1996,1,1,2,14.5201,5848.54
1997,1,1,2,14.5162,5828.64
2027,1,1,2,14.489,5698.42
2026,1,1,2,14.4832,5669.93
978,1,1,2,14.4759,5634.79
1010,1,1,2,14.461,5558.02
1016,1,1,2,14.4413,5466.56
501,1,2,0,13.0021,1508.45,0.0531667,231.897,0.2,1
502,1,2,0,12.9969,1482.92
473,1,2,0,12.9867,1434.29
2141,1,2,0,12.9865,1433.31
2140,1,2,0,12.9734,1367.84
475,1,2,0,12.9675,1339.48
474,1,2,0,12.9634,1318.65
463,1,2,0,12.9461,1231.14
1990,1,2,0,12.9276,1135.57
462,1,2,0,12.9181,1080.35
461,1,2,0,12.9156,1065.62
1716,1,2,0,12.9072,1021.71
451,1,2,0,12.9026,997.904
440,1,2,0,12.8856,909.841
184,1,2,0,12.8697,821.613
138,1,2,0,12.8524,728.996
133,1,2,0,12.8371,647.895
134,1,2,0,12.8295,595.939
129,1,2,0,12.8214,554.222
1718,1,2,0,12.798,423.217
1719,1,2,0,12.7789,320.2
114,1,2,0,12.7404,112.847
1968,1,2,0,12.7342,77.2014
110,1,2,0,12.72,0
110,1,2,1,13.3275,3201.12,0,0,0
1968,1,2,1,13.3124,3120.32
114,1,2,1,13.3065,3085.13
1719,1,2,1,13.2713,2891.86
1718,1,2,1,13.2532,2793.33
129,1,2,1,13.2292,2659.57
134,1,2,1,13.2243,2631.07
133,1,2,1,13.2123,2566.23
138,1,2,1,13.1914,2461.65
184,1,2,1,13.1747,2371.26
440,1,2,1,13.1521,2254.88
451,1,2,1,13.1358,2169.46
1716,1,2,1,13.1334,2153.04
462,1,2,1,13.1262,2114.22
1990,1,2,1,13.1183,2061.18
463,1,2,1,13.1012,1971.14
474,1,2,1,13.0873,1898.15
2140,1,2,1,13.0791,1860.32
2141,1,2,1,13.0709,1815.34
473,1,2,1,13.0708,1814.58
502,1,2,1,13.0617,1770.68
501,1,2,1,13.0553,1740.35
410,2,0,0,11.5422,1462.66,0.0726667,316.95,0.06,1
398,2,0,0,11.5419,1461.45
397,2,0,0,11.5293,1392.89
390,2,0,0,11.5098,1291.33
382,2,0,0,11.4925,1199.86
376,2,0,0,11.4745,1103.09
369,2,0,0,11.455,998.232
360,2,0,0,11.4327,878.986
361,2,0,0,11.4201,809.873
128,2,0,0,11.3596,481.115
126,2,0,0,11.3523,442.296
125,2,0,0,11.346,408.059
118,2,0,0,11.3131,231.019
1968,2,0,0,11.2853,81.9493
110,2,0,0,11.27,0
710,2,0,1,11.8346,3117.52,0.0443333,193.369,0.36,2
1543,2,0,1,11.8131,2997.25
715,2,0,1,11.8083,2952.99
714,2,0,1,11.8044,2928.98
726,2,0,1,11.8042,2927.1
529,2,0,1,11.7905,2827.61
605,2,0,1,11.7757,2731
603,2,0,1,11.7706,2703.02
604,2,0,1,11.7663,2679.88
596,2,0,1,11.7662,2678.91
580,2,0,1,11.7578,2620.63
574,2,0,1,11.7405,2527.39
573,2,0,1,11.7305,2471.49
564,2,0,1,11.7228,2430.34
557,2,0,1,11.7167,2396.35
561,2,0,1,11.71,2349.83
628,2,0,1,11.7055,2324.18
609,2,0,1,11.6928,2247.52
423,2,0,1,11.6869,2191.2
419,2,0,1,11.6822,2156.76
418,2,0,1,11.6669,2071.84
2139,2,0,1,11.663,2050.41
2138,2,0,1,11.6446,1948.97
411,2,0,1,11.631,1874.15
412,2,0,1,11.6285,1855.14
398,2,0,1,11.6151,1780.81
410,2,0,1,11.6148,1779.61
110,2,0,2,12.1854,5064.79,0,0,0
1968,2,0,2,12.1703,4983.75
114,2,0,2,12.1651,4949.43
1719,2,0,2,12.1221,4722.82
1718,2,0,2,12.1066,4635.77
129,2,0,2,12.0822,4499.9
134,2,0,2,12.0758,4465.51
133,2,0,2,12.063,4397.31
138,2,0,2,12.0421,4292.72
184,2,0,2,12.0229,4191.76
440,2,0,2,12.0062,4100.57
451,2,0,2,11.9874,4004.86
1716,2,0,2,11.985,3988.43
462,2,0,2,11.9746,3936.01
1990,2,0,2,11.9668,3882.98
452,2,0,2,11.9618,3850.54
453,2,0,2,11.9504,3763.36
455,2,0,2,11.938,3693.43
454,2,0,2,11.9352,3677.82
457,2,0,2,11.9285,3623.85
456,2,0,2,11.9233,3594.41
458,2,0,2,11.9139,3533.26
459,2,0,2,11.9079,3488.16
1543,2,0,2,11.8986,3425.93
710,2,0,2,11.8789,3310.88
501,2,1,0,13.5796,1510.92,0.0531667,231.897,0.2,1
502,2,1,0,13.5744,1485.38
473,2,1,0,13.5665,1446.3
2141,2,1,0,13.5663,1445.32
1750,2,1,0,13.562,1424.02
477,2,1,0,13.5575,1400.71
453,2,1,0,13.5285,1243.21
446,2,1,0,13.5202,1195.77
442,2,1,0,13.5085,1137.28
1857,2,1,0,13.4997,1091.26
441,2,1,0,13.4936,1062.09
185,2,1,0,13.4826,1004.16
177,2,1,0,13.4703,938.786
184,2,1,0,13.4503,829.279
138,2,1,0,13.4336,739.414
133,2,1,0,13.4197,664.29
134,2,1,0,13.4121,612.333
129,2,1,0,13.405,574.749
1718,2,1,0,13.3791,432.78
1720,2,1,0,13.372,394.625
1719,2,1,0,13.3593,321.152
114,2,1,0,13.3216,117.424
1968,2,1,0,13.3148,79.7523
110,2,1,0,13.3,0
1402,2,1,1,14.0638,3925.73,0.0816667,356.205,0.16,2
1390,2,1,1,14.0546,3875.67
1382,2,1,1,14.0244,3725.93
1362,2,1,1,14.0017,3606.92
1361,2,1,1,13.9967,3579.93
1354,2,1,1,13.9966,3579.74
1355,2,1,1,13.9841,3520.08
2076,2,1,1,13.9823,3510.96
1356,2,1,1,13.9739,3468.25
1357,2,1,1,13.9731,3464.53
1349,2,1,1,13.9596,3396.36
1348,2,1,1,13.959,3393.03
1340,2,1,1,13.9585,3390.49
1339,2,1,1,13.9532,3362.77
1329,2,1,1,13.9422,3304.43
1158,2,1,1,13.9272,3228.1
2048,2,1,1,13.9071,3122.06
1131,2,1,1,13.9015,3093.19
1130,2,1,1,13.8957,3064.26
1129,2,1,1,13.8805,2990.07
1121,2,1,1,13.8645,2904.14
1120,2,1,1,13.8605,2882.96
1094,2,1,1,13.8556,2857.02
1091,2,1,1,13.8455,2806.29
1092,2,1,1,13.8403,2780.39
1074,2,1,1,13.8345,2749.97
1073,2,1,1,13.8261,2705.29
1057,2,1,1,13.8063,2606.3
1042,2,1,1,13.801,2579.4
2030,2,1,1,13.7938,2541.56
1011,2,1,1,13.7935,2540.11
1547,2,1,1,13.7761,2457.47
1546,2,1,1,13.7707,2430.1
975,2,1,1,13.7673,2412.13
2026,2,1,1,13.7608,2377.86
2027,2,1,1,13.7557,2352.02
1998,2,1,1,13.7453,2299.32
1997,2,1,1,13.7367,2255.7
1996,2,1,1,13.7308,2227.41
1995,2,1,1,13.7226,2189.09
1993,2,1,1,13.7135,2145.41
1994,2,1,1,13.7092,2123.93
572,2,1,1,13.7022,2085.28
541,2,1,1,13.69,2024.92
540,2,1,1,13.6796,1971.28
1754,2,1,1,13.6712,1927.61
518,2,1,1,13.6633,1887.64
500,2,1,1,13.6583,1861.85
501,2,1,1,13.6328,1742.82
1016,2,1,2,14.4035,5634.95,0.0881667,384.556,0.22,3
2029,2,1,2,14.3991,5611.2
1043,2,1,2,14.399,5610.79
2158,2,1,2,14.3922,5576.01
2030,2,1,2,14.3883,5556.17
1041,2,1,2,14.3831,5529.59
1059,2,1,2,14.3743,5484.75
1058,2,1,2,14.3693,5459.5
1075,2,1,2,14.3517,5369.43
1072,2,1,2,14.3417,5317.99
1071,2,1,2,14.3315,5267.51
1090,2,1,2,14.3255,5230.29
1089,2,1,2,14.3194,5196.97
1119,2,1,2,14.3108,5151.08
1118,2,1,2,14.3046,5117.49
2044,2,1,2,14.2894,5037.93
2169,2,1,2,14.2814,4996.91
2171,2,1,2,14.2767,4972.76
1549,2,1,2,14.2689,4932.61
1147,2,1,2,14.2615,4894.22
1327,2,1,2,14.2331,4746.25
1343,2,1,2,14.2325,4743.51
1355,2,1,2,14.2057,4604.1
1364,2,1,2,14.2057,4603.89
1362,2,1,2,14.1959,4551.9
1382,2,1,2,14.1758,4444.08
1390,2,1,2,14.1543,4330.9
1402,2,1,2,14.1454,4281.94
110,2,1,3,14.9111,8225.21,0,0,0
111,2,1,3,14.9087,8209.33
1968,2,1,3,14.8993,8144.65
114,2,1,3,14.8937,8109.92
1719,2,1,3,14.8575,7912.3
1718,2,1,3,14.8376,7805.99
129,2,1,3,14.8136,7672.2
134,2,1,3,14.8079,7640.78
133,2,1,3,14.7972,7581.41
138,2,1,3,14.7763,7476.83
184,2,1,3,14.7597,7387.22
440,2,1,3,14.7393,7280
451,2,1,3,14.7228,7193.81
1716,2,1,3,14.7204,7177.38
462,2,1,3,14.7112,7130.31
1990,2,1,3,14.7042,7077.61
463,2,1,3,14.6855,6981.09
474,2,1,3,14.6701,6901.85
2140,2,1,3,14.6611,6860.52
475,2,1,3,14.6561,6836.29
499,2,1,3,14.6484,6796.7
500,2,1,3,14.6438,6773.29
518,2,1,3,14.6392,6749.19
1754,2,1,3,14.6355,6724.26
540,2,1,3,14.6273,6681.79
541,2,1,3,14.6155,6621.97
572,2,1,3,14.6059,6572.3
1994,2,1,3,14.5932,6509.9
1993,2,1,3,14.589,6488.41
1995,2,1,3,14.5763,6430.66
1996,2,1,3,14.5704,6401.48
1997,2,1,3,14.5665,6381.58
2027,2,1,3,14.5393,6251.36
2026,2,1,3,14.5335,6222.88
978,2,1,3,14.5262,6187.74
1010,2,1,3,14.5114,6110.97
1016,2,1,3,14.4916,6019.51
501,3,0,0,11.7939,1433.41,0.0743333,324.22,0.22,1
502,3,0,0,11.7886,1407.87
473,3,0,0,11.779,1361.69
2141,3,0,0,11.7788,1360.71
2140,3,0,0,11.7704,1314.68
475,3,0,0,11.7675,1299.26
474,3,0,0,11.7634,1278.25
463,3,0,0,11.7486,1201.35
1990,3,0,0,11.7351,1126.94
462,3,0,0,11.7264,1072.9
461,3,0,0,11.724,1058.4
1716,3,0,0,11.7158,1015.28
451,3,0,0,11.7114,992.322
440,3,0,0,11.6954,908.617
184,3,0,0,11.6785,816.223
138,3,0,0,11.6628,730.3
133,3,0,0,11.6485,653.53
134,3,0,0,11.6409,601.574
129,3,0,0,11.6333,561.93
1718,3,0,0,11.6069,417.674
1719,3,0,0,11.5902,325.295
114,3,0,0,11.5523,120.486
1968,3,0,0,11.5453,81.9493
110,3,0,0,11.53,0
710,3,0,1,11.998,2453.47,0.0443333,193.369,0.36,2
1543,3,0,1,11.9766,2333.21
459,3,0,1,11.9663,2269.8
488,3,0,1,11.9376,2112.91
2144,3,0,1,11.9209,2022.7
486,3,0,1,11.9196,2016.25
482,3,0,1,11.912,1976.94
2142,3,0,1,11.9069,1949.91
2143,3,0,1,11.9065,1948.14
480,3,0,1,11.9061,1946.24
478,3,0,1,11.9019,1924.17
477,3,0,1,11.8938,1881.98
1750,3,0,1,11.89,1861.72
2141,3,0,1,11.8836,1831.93
473,3,0,1,11.8834,1830.73
502,3,0,1,11.8743,1786.83
501,3,0,1,11.8682,1757.63
1016,3,0,2,12.1692,3369.07,0.0438333,191.188,0.28,3
1548,3,0,2,12.1623,3333.03
1012,3,0,2,12.158,3310.61
1014,3,0,2,12.1576,3308.41
989,3,0,2,12.1471,3252.55
990,3,0,2,12.1371,3202.29
704,3,0,2,12.1257,3144.55
2179,3,0,2,12.1255,3143.68
662,3,0,2,12.1193,3114.04
602,3,0,2,12.1084,3046.34
599,3,0,2,12.1045,3024.12
605,3,0,2,12.1006,3000.37
529,3,0,2,12.0834,2900.36
726,3,0,2,12.0686,2800.27
714,3,0,2,12.0684,2798.41
1543,3,0,2,12.0642,2768.44
710,3,0,2,12.0424,2646.84
1402,3,0,3,12.4763,4918.69,0.085,370.744,0.2,4
1390,3,0,3,12.4662,4864.29
1382,3,0,3,12.443,4743.98
1362,3,0,3,12.4191,4619.7
1361,3,0,3,12.4142,4593.25
1354,3,0,3,12.4141,4593.06
1355,3,0,3,12.4078,4559.22
2076,3,0,3,12.406,4550.11
1356,3,0,3,12.4002,4518.45
1357,3,0,3,12.3994,4514.73
1349,3,0,3,12.3882,4456.01
1348,3,0,3,12.3872,4450.96
1340,3,0,3,12.3867,4448.42
1339,3,0,3,12.3807,4417.99
1329,3,0,3,12.3678,4351.43
1158,3,0,3,12.3537,4278.91
2048,3,0,3,12.3334,4171.91
1131,3,0,3,12.3282,4144.68
1130,3,0,3,12.3224,4115.75
1129,3,0,3,12.303,4024.95
1121,3,0,3,12.2837,3925.02
1095,3,0,3,12.2757,3886.22
1093,3,0,3,12.268,3845.49
1074,3,0,3,12.2614,3809.29
1077,3,0,3,12.2511,3755.24
1080,3,0,3,12.2378,3688.79
1079,3,0,3,12.2301,3650.11
1061,3,0,3,12.2259,3628.82
1063,3,0,3,12.2225,3611.01
1062,3,0,3,12.2214,3603.94
2159,3,0,3,12.2212,3603.04
1045,3,0,3,12.2205,3599.89
1043,3,0,3,12.2174,3584.03
2029,3,0,3,12.2173,3583.62
1016,3,0,3,12.2131,3560.25
410,3,0,4,12.972,7451.77,0.109667,478.333,0.09,5
1986,3,0,4,12.9464,7326.03
883,3,0,4,12.9171,7172.67
882,3,0,4,12.9054,7109.1
2155,3,0,4,12.9016,7090.37
901,3,0,4,12.8681,6915.07
902,3,0,4,12.8543,6841.86
904,3,0,4,12.8396,6764.46
925,3,0,4,12.8168,6639.44
2019,3,0,4,12.8109,6610.13
929,3,0,4,12.8105,6608.15
938,3,0,4,12.7984,6542.02
950,3,0,4,12.7824,6460.99
951,3,0,4,12.776,6427.74
949,3,0,4,12.7644,6368.45
1302,3,0,4,12.7377,6228.78
1307,3,0,4,12.7225,6145
1308,3,0,4,12.7109,6083.95
1309,3,0,4,12.6935,5993.85
1314,3,0,4,12.6929,5990.98
2165,3,0,4,12.6739,5892.71
2071,3,0,4,12.6543,5786.86
1359,3,0,4,12.6344,5679.63
1370,3,0,4,12.6334,5675.18
1360,3,0,4,12.6107,5550.16
1382,3,0,4,12.5932,5457.91
1390,3,0,4,12.5723,5347.28
1402,3,0,4,12.5613,5289.44
110,3,0,5,13.3639,9505.78,0,0,0
1968,3,0,5,13.3488,9424.98
1969,3,0,5,13.3367,9348.63
115,3,0,5,13.3342,9334.21
2113,3,0,5,13.3294,9308.14
2133,3,0,5,13.2094,8630.62
366,3,0,5,13.2057,8603.99
2134,3,0,5,13.1947,8542.45
2136,3,0,5,13.1828,8477.53
393,3,0,5,13.1537,8325.64
401,3,0,5,13.1389,8247.18
400,3,0,5,13.1128,8104.08
411,3,0,5,13.0985,8029.53
412,3,0,5,13.0964,8010.02
398,3,0,5,13.082,7931.31
410,3,0,5,13.0817,7930.1
410,4,0,0,11.7022,1462.66,0.0726667,316.95,0.06,1
398,4,0,0,11.7019,1461.45
397,4,0,0,11.6893,1392.89
390,4,0,0,11.6698,1291.33
382,4,0,0,11.6525,1199.86
376,4,0,0,11.6345,1103.09
369,4,0,0,11.615,998.232
360,4,0,0,11.5927,878.986
361,4,0,0,11.5801,809.873
128,4,0,0,11.5196,481.115
126,4,0,0,11.5123,442.296
125,4,0,0,11.506,408.059
118,4,0,0,11.4731,231.019
1968,4,0,0,11.4453,81.9493
110,4,0,0,11.43,0
710,4,0,1,11.9946,3117.52,0.0443333,193.369,0.36,2
1543,4,0,1,11.9731,2997.25
715,4,0,1,11.9683,2952.99
714,4,0,1,11.9644,2928.98
726,4,0,1,11.9642,2927.1
529,4,0,1,11.9505,2827.61
605,4,0,1,11.9357,2731
603,4,0,1,11.9306,2703.02
604,4,0,1,11.9263,2679.88
596,4,0,1,11.9262,2678.91
580,4,0,1,11.9178,2620.63
574,4,0,1,11.9005,2527.39
573,4,0,1,11.8905,2471.49
564,4,0,1,11.8828,2430.34
557,4,0,1,11.8767,2396.35
561,4,0,1,11.87,2349.83
628,4,0,1,11.8655,2324.18
609,4,0,1,11.8528,2247.52
423,4,0,1,11.8469,2191.2
419,4,0,1,11.8422,2156.76
418,4,0,1,11.8269,2071.84
2139,4,0,1,11.823,2050.41
2138,4,0,1,11.8046,1948.97
411,4,0,1,11.791,1874.15
412,4,0,1,11.7885,1855.14
398,4,0,1,11.7751,1780.81
410,4,0,1,11.7748,1779.61
1402,4,0,2,12.4187,5338.74,0.085,370.744,0.2,3
1390,4,0,2,12.4086,5284.34
1382,4,0,2,12.3861,5167.23
1362,4,0,2,12.3668,5062.4
1361,4,0,2,12.3623,5037.88
1354,4,0,2,12.3623,5037.69
1355,4,0,2,12.3568,5007.65
2076,4,0,2,12.355,4998.54
1356,4,0,2,12.3462,4954.1
1357,4,0,2,12.3454,4950.38
1349,4,0,2,12.3321,4882.98
1348,4,0,2,12.3313,4878.64
1340,4,0,2,12.3308,4876.09
1339,4,0,2,12.3246,4844.97
1329,4,0,2,12.3122,4780.37
1158,4,0,2,12.2949,4694.54
2048,4,0,2,12.2746,4587.66
1131,4,0,2,12.2694,4560.43
1130,4,0,2,12.2636,4531.5
1129,4,0,2,12.2443,4440.71
1121,4,0,2,12.225,4340.78
1095,4,0,2,12.2169,4301.97
1093,4,0,2,12.2092,4261.25
1074,4,0,2,12.2026,4225.05
1077,4,0,2,12.1923,4170.99
1080,4,0,2,12.179,4104.54
1079,4,0,2,12.1714,4065.86
1061,4,0,2,12.1671,4044.57
1063,4,0,2,12.1637,4026.76
1062,4,0,2,12.1626,4019.69
2159,4,0,2,12.1625,4018.79
1045,4,0,2,12.1618,4015.64
1012,4,0,2,12.1545,3974.66
1014,4,0,2,12.1541,3972.45
989,4,0,2,12.1436,3916.59
990,4,0,2,12.1336,3866.33
704,4,0,2,12.1223,3808.59
2179,4,0,2,12.1221,3807.73
662,4,0,2,12.1159,3778.08
602,4,0,2,12.1049,3710.39
599,4,0,2,12.101,3688.16
605,4,0,2,12.0972,3664.41
529,4,0,2,12.0799,3564.4
726,4,0,2,12.0652,3464.31
714,4,0,2,12.065,3462.45
1543,4,0,2,12.0607,3432.49
710,4,0,2,12.0389,3310.88
1016,4,0,3,12.7691,7087.39,0.0438333,191.188,0.28,4
2029,4,0,3,12.7626,7054.38
1043,4,0,3,12.7625,7053.96
2158,4,0,3,12.7534,7009.82
2030,4,0,3,12.7494,6989.98
1041,4,0,3,12.7447,6964.99
1059,4,0,3,12.7365,6923.15
1058,4,0,3,12.7313,6897.09
1056,4,0,3,12.7249,6862.66
1072,4,0,3,12.7073,6771.76
1071,4,0,3,12.6991,6729.65
1090,4,0,3,12.6909,6685.01
1089,4,0,3,12.6842,6649.15
1119,4,0,3,12.6771,6609.92
1118,4,0,3,12.6703,6573.72
2044,4,0,3,12.6542,6490.47
2169,4,0,3,12.6477,6455.59
2171,4,0,3,12.6435,6433.46
2046,4,0,3,12.6373,6402.23
1778,4,0,3,12.6119,6273.72
1327,4,0,3,12.6006,6212.94
1343,4,0,3,12.6,6210.21
1355,4,0,3,12.5753,6079.39
1364,4,0,3,12.5752,6079.18
1362,4,0,3,12.565,6025.55
1382,4,0,3,12.5356,5877.96
1390,4,0,3,12.5147,5767.32
1402,4,0,3,12.5037,5709.48
501,4,0,4,13.0036,8204.08,0.0531667,231.897,0.2,5
1747,4,0,4,12.9969,8171.47
1746,4,0,4,12.9677,8026.97
1745,4,0,4,12.9568,7972.91
1844,4,0,4,12.9362,7872.68
575,4,0,4,12.9335,7856.62
571,4,0,4,12.9297,7836.65
570,4,0,4,12.9251,7814.32
569,4,0,4,12.9194,7786.73
640,4,0,4,12.9141,7759.71
649,4,0,4,12.9076,7728.37
646,4,0,4,12.9012,7697.49
691,4,0,4,12.8934,7660.73
689,4,0,4,12.8696,7549.84
979,4,0,4,12.8599,7505.8
980,4,0,4,12.8547,7479.73
978,4,0,4,12.8511,7461.24
1010,4,0,4,12.8354,7381.09
1016,4,0,4,12.8129,7278.58
110,4,0,5,13.3289,9896.75,0,0,0
1968,4,0,5,13.3139,9815.95
114,4,0,5,13.308,9780.76
1719,4,0,5,13.2727,9587.5
1718,4,0,5,13.2547,9488.96
129,4,0,5,13.2307,9355.21
134,4,0,5,13.2258,9326.7
133,4,0,5,13.2138,9261.86
138,4,0,5,13.1929,9157.28
184,4,0,5,13.1761,9066.89
440,4,0,5,13.1536,8950.51
451,4,0,5,13.1372,8865.09
1716,4,0,5,13.1348,8848.67
462,4,0,5,13.1276,8809.85
1990,4,0,5,13.1198,8756.81
463,4,0,5,13.1026,8666.78
474,4,0,5,13.0888,8593.78
2140,4,0,5,13.0806,8555.95
2141,4,0,5,13.0724,8510.97
473,4,0,5,13.0722,8510.21
502,4,0,5,13.0632,8466.31
501,4,0,5,13.0568,8435.98
410,5,0,0,11.7022,1462.66,0.0726667,316.95,0.06,1
398,5,0,0,11.7019,1461.45
397,5,0,0,11.6893,1392.89
390,5,0,0,11.6698,1291.33
382,5,0,0,11.6525,1199.86
376,5,0,0,11.6345,1103.09
369,5,0,0,11.615,998.232
360,5,0,0,11.5927,878.986
361,5,0,0,11.5801,809.873
128,5,0,0,11.5196,481.115
126,5,0,0,11.5123,442.296
125,5,0,0,11.506,408.059
118,5,0,0,11.4731,231.019
1968,5,0,0,11.4453,81.9493
110,5,0,0,11.43,0
710,5,0,1,11.9946,3117.52,0.0443333,193.369,0.36,2
1543,5,0,1,11.9731,2997.25
715,5,0,1,11.9683,2952.99
714,5,0,1,11.9644,2928.98
726,5,0,1,11.9642,2927.1
529,5,0,1,11.9505,2827.61
605,5,0,1,11.9357,2731
603,5,0,1,11.9306,2703.02
604,5,0,1,11.9263,2679.88
596,5,0,1,11.9262,2678.91
580,5,0,1,11.9178,2620.63
574,5,0,1,11.9005,2527.39
573,5,0,1,11.8905,2471.49
564,5,0,1,11.8828,2430.34
557,5,0,1,11.8767,2396.35
561,5,0,1,11.87,2349.83
628,5,0,1,11.8655,2324.18
609,5,0,1,11.8528,2247.52
423,5,0,1,11.8469,2191.2
419,5,0,1,11.8422,2156.76
418,5,0,1,11.8269,2071.84
2139,5,0,1,11.823,2050.41
2138,5,0,1,11.8046,1948.97
411,5,0,1,11.791,1874.15
412,5,0,1,11.7885,1855.14
398,5,0,1,11.7751,1780.81
410,5,0,1,11.7748,1779.61
501,5,0,2,12.1653,4004.15,0.102667,447.801,0.22,3
1747,5,0,2,12.1585,3971.54
505,5,0,2,12.1534,3945.32
506,5,0,2,12.1359,3864.64
507,5,0,2,12.1286,3829.61
510,5,0,2,12.1178,3778.53
509,5,0,2,12.1126,3753.11
508,5,0,2,12.1077,3726.5
512,5,0,2,12.0999,3687.28
511,5,0,2,12.0961,3668.12
2145,5,0,2,12.0954,3664.9
2146,5,0,2,12.0838,3600.57
529,5,0,2,12.0799,3564.4
726,5,0,2,12.0652,3464.31
714,5,0,2,12.065,3462.45
1543,5,0,2,12.0607,3432.49
710,5,0,2,12.0389,3310.88
1402,5,0,3,12.6748,6528.05,0.085,370.744,0.2,4
1390,5,0,3,12.6647,6473.65
1382,5,0,3,12.6422,6356.54
1362,5,0,3,12.6229,6251.71
1361,5,0,3,12.6184,6227.19
1354,5,0,3,12.6183,6227
1355,5,0,3,12.6129,6196.96
2076,5,0,3,12.6111,6187.84
1356,5,0,3,12.6023,6143.41
1357,5,0,3,12.6015,6139.69
1349,5,0,3,12.5882,6072.29
1348,5,0,3,12.5874,6067.95
1340,5,0,3,12.5869,6065.4
1339,5,0,3,12.5807,6034.28
1329,5,0,3,12.5683,5969.68
1158,5,0,3,12.551,5883.85
2048,5,0,3,12.5308,5777.27
1131,5,0,3,12.5253,5748.9
1130,5,0,3,12.5195,5719.97
1129,5,0,3,12.5007,5631.33
1121,5,0,3,12.4814,5531.4
1095,5,0,3,12.4733,5492.59
1093,5,0,3,12.4656,5451.87
1074,5,0,3,12.4591,5415.67
1073,5,0,3,12.4473,5356.8
1057,5,0,3,12.4291,5264.11
1042,5,0,3,12.4238,5237.73
2030,5,0,3,12.4168,5200.7
1011,5,0,3,12.4167,5199.85
1547,5,0,3,12.4024,5129.73
1546,5,0,3,12.3973,5104.04
975,5,0,3,12.3941,5086.89
2026,5,0,3,12.388,5054.16
2027,5,0,3,12.3804,5018.35
1998,5,0,3,12.3704,4967.25
1997,5,0,3,12.3622,4925.17
1996,5,0,3,12.3559,4895.54
1995,5,0,3,12.3493,4863.46
1993,5,0,3,12.3442,4836.65
1994,5,0,3,12.34,4815.17
572,5,0,3,12.3329,4776.05
541,5,0,3,12.324,4729.48
540,5,0,3,12.3133,4674.57
1754,5,0,3,12.3047,4630.38
518,5,0,3,12.2961,4587.43
500,5,0,3,12.2905,4559
501,5,0,3,12.2679,4451.95
1016,5,0,4,13.0252,8276.7,0.0561667,244.982,0.25,5
2029,5,0,4,13.0186,8243.69
1043,5,0,4,13.0186,8243.27
2158,5,0,4,13.0095,8199.12
2030,5,0,4,13.0055,8179.29
1041,5,0,4,13.0008,8154.3
1059,5,0,4,12.9926,8112.46
1058,5,0,4,12.9874,8086.4
1056,5,0,4,12.981,8051.96
1072,5,0,4,12.9634,7961.06
1071,5,0,4,12.9552,7918.96
1090,5,0,4,12.9469,7874.32
1089,5,0,4,12.9403,7838.46
1119,5,0,4,12.9332,7799.23
1118,5,0,4,12.9264,7763.03
2044,5,0,4,12.9103,7679.78
2169,5,0,4,12.9038,7644.9
2171,5,0,4,12.8996,7622.76
2046,5,0,4,12.8934,7591.54
1778,5,0,4,12.868,7463.03
1327,5,0,4,12.8567,7402.25
1343,5,0,4,12.8561,7399.52
1355,5,0,4,12.8314,7268.7
1364,5,0,4,12.8313,7268.49
1362,5,0,4,12.8211,7214.86
1382,5,0,4,12.7917,7067.27
1390,5,0,4,12.7707,6956.63
1402,5,0,4,12.7598,6898.79
110,5,0,5,13.5032,10718,0,0,0
1968,5,0,5,13.4881,10637.2
114,5,0,5,13.4823,10602
1719,5,0,5,13.4467,10407.2
1718,5,0,5,13.4284,10307.8
129,5,0,5,13.4041,10172.7
134,5,0,5,13.3968,10134.3
133,5,0,5,13.3841,10066.7
138,5,0,5,13.3633,9962.14
184,5,0,5,13.3456,9867.87
440,5,0,5,13.3246,9758.01
451,5,0,5,13.3082,9672.59
1716,5,0,5,13.3058,9656.17
462,5,0,5,13.2986,9617.35
1990,5,0,5,13.2908,9564.31
463,5,0,5,13.2736,9474.27
474,5,0,5,13.2598,9401.28
2140,5,0,5,13.2516,9363.45
475,5,0,5,13.2449,9332.18
499,5,0,5,13.2371,9292.59
500,5,0,5,13.2325,9269.18
518,5,0,5,13.227,9241
1754,5,0,5,13.2138,9179.14
540,5,0,5,13.2052,9135.24
541,5,0,5,13.1945,9080.09
572,5,0,5,13.1858,9034.33
1994,5,0,5,13.1761,8984.05
1993,5,0,5,13.1718,8962.57
1995,5,0,5,13.165,8928.2
1996,5,0,5,13.1589,8898.26
1997,5,0,5,13.155,8878.36
2027,5,0,5,13.1301,8757.58
2026,5,0,5,13.1243,8729.1
978,5,0,5,13.1153,8687.1
1010,5,0,5,13.1015,8614.98
1016,5,0,5,13.0814,8521.68
501,6,0,0,13.5196,1510.92,0.0531667,231.897,0.2,1
502,6,0,0,13.5144,1485.38
473,6,0,0,13.5065,1446.3
2141,6,0,0,13.5063,1445.32
1750,6,0,0,13.502,1424.02
477,6,0,0,13.4975,1400.71
453,6,0,0,13.4685,1243.21
446,6,0,0,13.4602,1195.77
442,6,0,0,13.4485,1137.28
1857,6,0,0,13.4397,1091.26
441,6,0,0,13.4336,1062.09
185,6,0,0,13.4226,1004.16
177,6,0,0,13.4103,938.786
184,6,0,0,13.3903,829.279
138,6,0,0,13.3736,739.414
133,6,0,0,13.3597,664.29
134,6,0,0,13.3521,612.333
129,6,0,0,13.345,574.749
1718,6,0,0,13.3191,432.78
1720,6,0,0,13.312,394.625
1719,6,0,0,13.2993,321.152
114,6,0,0,13.2616,117.424
1968,6,0,0,13.2548,79.7523
110,6,0,0,13.24,0
1402,6,0,1,14.0038,3925.73,0.0816667,356.205,0.16,2
1390,6,0,1,13.9946,3875.67
1382,6,0,1,13.9644,3725.93
1362,6,0,1,13.9417,3606.92
1361,6,0,1,13.9367,3579.93
1354,6,0,1,13.9366,3579.74
1355,6,0,1,13.9241,3520.08
2076,6,0,1,13.9223,3510.96
1356,6,0,1,13.9139,3468.25
1357,6,0,1,13.9131,3464.53
1349,6,0,1,13.8996,3396.36
1348,6,0,1,13.899,3393.03
1340,6,0,1,13.8985,3390.49
1339,6,0,1,13.8932,3362.77
1329,6,0,1,13.8822,3304.43
1158,6,0,1,13.8672,3228.1
2048,6,0,1,13.8471,3122.06
1131,6,0,1,13.8415,3093.19
1130,6,0,1,13.8357,3064.26
1129,6,0,1,13.8205,2990.07
1121,6,0,1,13.8045,2904.14
1120,6,0,1,13.8005,2882.96
1094,6,0,1,13.7956,2857.02
1091,6,0,1,13.7855,2806.29
1092,6,0,1,13.7803,2780.39
1074,6,0,1,13.7745,2749.97
1073,6,0,1,13.7661,2705.29
1057,6,0,1,13.7463,2606.3
1042,6,0,1,13.741,2579.4
2030,6,0,1,13.7338,2541.56
1011,6,0,1,13.7335,2540.11
1547,6,0,1,13.7161,2457.47
1546,6,0,1,13.7107,2430.1
975,6,0,1,13.7073,2412.13
2026,6,0,1,13.7008,2377.86
2027,6,0,1,13.6957,2352.02
1998,6,0,1,13.6853,2299.32
1997,6,0,1,13.6767,2255.7
1996,6,0,1,13.6708,2227.41
1995,6,0,1,13.6626,2189.09
1993,6,0,1,13.6535,2145.41
1994,6,0,1,13.6492,2123.93
572,6,0,1,13.6422,2085.28
541,6,0,1,13.63,2024.92
540,6,0,1,13.6196,1971.28
1754,6,0,1,13.6112,1927.61
518,6,0,1,13.6033,1887.64
500,6,0,1,13.5983,1861.85
501,6,0,1,13.5728,1742.82
1016,6,0,2,14.3435,5634.95,0.0881667,384.556,0.22,3
2029,6,0,2,14.3391,5611.2
1043,6,0,2,14.339,5610.79
2158,6,0,2,14.3322,5576.01
2030,6,0,2,14.3283,5556.17
1041,6,0,2,14.3231,5529.59
1059,6,0,2,14.3143,5484.75
1058,6,0,2,14.3093,5459.5
1075,6,0,2,14.2917,5369.43
1072,6,0,2,14.2817,5317.99
1071,6,0,2,14.2715,5267.51
1090,6,0,2,14.2655,5230.29
1089,6,0,2,14.2594,5196.97
1119,6,0,2,14.2508,5151.08
1118,6,0,2,14.2446,5117.49
2044,6,0,2,14.2294,5037.93
2169,6,0,2,14.2214,4996.91
2171,6,0,2,14.2167,4972.76
1549,6,0,2,14.2089,4932.61
1147,6,0,2,14.2015,4894.22
1327,6,0,2,14.1731,4746.25
1343,6,0,2,14.1725,4743.51
1355,6,0,2,14.1457,4604.1
1364,6,0,2,14.1457,4603.89
1362,6,0,2,14.1359,4551.9
1382,6,0,2,14.1158,4444.08
1390,6,0,2,14.0943,4330.9
1402,6,0,2,14.0854,4281.94
710,6,0,3,14.5924,6945.39,0.0876667,382.376,0.44,4
1543,6,0,3,14.5725,6830.03
715,6,0,3,14.5678,6785.54
714,6,0,3,14.5641,6761.7
726,6,0,3,14.5639,6759.84
529,6,0,3,14.5498,6660.23
605,6,0,3,14.5344,6562.98
603,6,0,3,14.5287,6532
2202,6,0,3,14.5254,6511.46
602,6,0,3,14.5215,6486.87
1851,6,0,3,14.5112,6416.83
1852,6,0,3,14.5035,6381
706,6,0,3,14.4906,6317.85
991,6,0,3,14.4777,6253.38
2028,6,0,3,14.4663,6197.59
1012,6,0,3,14.4525,6127.86
1014,6,0,3,14.452,6125.12
1048,6,0,3,14.4432,6078.95
2159,6,0,3,14.4401,6063.56
1045,6,0,3,14.4394,6060.41
1043,6,0,3,14.4359,6042.93
2029,6,0,3,14.4358,6042.52
1016,6,0,3,14.4316,6019.51
110,6,0,4,14.9746,9063.12,0,0,0
111,6,0,4,14.9723,9047.24
1968,6,0,4,14.9628,8982.55
114,6,0,4,14.9573,8947.82
1719,6,0,4,14.9205,8747.96
1720,6,0,4,14.9055,8665.49
1718,6,0,4,14.8997,8632.94
129,6,0,4,14.8745,8493.87
134,6,0,4,14.8684,8460.9
133,6,0,4,14.856,8394.38
138,6,0,4,14.8352,8289.79
184,6,0,4,14.8188,8201.25
440,6,0,4,14.803,8113.63
451,6,0,4,14.7865,8027.44
1716,6,0,4,14.7841,8011.01
462,6,0,4,14.7749,7963.94
1990,6,0,4,14.7679,7911.25
452,6,0,4,14.7639,7879.18
453,6,0,4,14.7527,7791.96
455,6,0,4,14.7443,7726.47
454,6,0,4,14.7417,7711.82
457,6,0,4,14.7348,7657.95
456,6,0,4,14.7294,7627.57
458,6,0,4,14.7171,7559.67
459,6,0,4,14.7115,7514.45
1543,6,0,4,14.7026,7452.44
710,6,0,4,14.6801,7327.76
410,6,1,0,11.7622,1462.66,0.0726667,316.95,0.06,1
398,6,1,0,11.7619,1461.45
397,6,1,0,11.7493,1392.89
390,6,1,0,11.7298,1291.33
382,6,1,0,11.7125,1199.86
376,6,1,0,11.6945,1103.09
369,6,1,0,11.675,998.232
360,6,1,0,11.6527,878.986
361,6,1,0,11.6401,809.873
128,6,1,0,11.5796,481.115
126,6,1,0,11.5723,442.296
125,6,1,0,11.566,408.059
118,6,1,0,11.5331,231.019
1968,6,1,0,11.5053,81.9493
110,6,1,0,11.49,0
110,6,1,1,12.1197,3360.63,0,0,0
1968,6,1,1,12.1046,3279.59
1969,6,1,1,12.0923,3203.08
115,6,1,1,12.0898,3188.51
2113,6,1,1,12.085,3162.69
2133,6,1,1,11.9641,2480.93
366,6,1,1,11.9604,2454.3
2134,6,1,1,11.9488,2390.2
2136,6,1,1,11.9363,2322.55
393,6,1,1,11.9036,2155.53
392,6,1,1,11.8856,2054.99
400,6,1,1,11.8653,1948.22
411,6,1,1,11.851,1874.15
412,6,1,1,11.8485,1855.14
398,6,1,1,11.8351,1780.81
410,6,1,1,11.8348,1779.61
410,7,0,0,13.3943,1471.19,0.074,322.766,0.11,1
398,7,0,0,13.394,1469.98
397,7,0,0,13.3832,1408.71
390,7,0,0,13.3633,1305.9
382,7,0,0,13.3469,1218.33
376,7,0,0,13.3299,1125.74
369,7,0,0,13.3101,1019.33
360,7,0,0,13.2891,906.015
361,7,0,0,13.2746,828.632
128,7,0,0,13.2195,523.193
126,7,0,0,13.211,479.066
125,7,0,0,13.2018,432.83
118,7,0,0,13.167,247.521
1968,7,0,0,13.1348,79.7523
110,7,0,0,13.12,0
1016,7,0,1,13.6827,2978.6,0.0561667,244.982,0.25,2
1010,7,0,1,13.6736,2930.95
2026,7,0,1,13.6462,2797.16
2027,7,0,1,13.6411,2771.32
1998,7,0,1,13.6307,2718.62
1997,7,0,1,13.6221,2675.01
1996,7,0,1,13.6162,2646.71
1995,7,0,1,13.608,2608.39
1993,7,0,1,13.5989,2564.72
1994,7,0,1,13.5946,2543.23
562,7,0,1,13.5851,2494.18
563,7,0,1,13.5814,2475.26
564,7,0,1,13.5757,2444.42
557,7,0,1,13.5698,2411.34
561,7,0,1,13.5631,2364.8
628,7,0,1,13.5588,2339.43
609,7,0,1,13.5466,2263.63
423,7,0,1,13.5407,2207.31
419,7,0,1,13.5354,2172.47
418,7,0,1,13.5171,2074.91
2139,7,0,1,13.5138,2055.44
2138,7,0,1,13.4974,1962.7
411,7,0,1,13.4851,1893.38
412,7,0,1,13.483,1873.87
398,7,0,1,13.4686,1795.16
410,7,0,1,13.4683,1793.95
1402,7,0,2,14.0035,4590.97,0.0816667,356.205,0.16,3
1390,7,0,2,13.9944,4540.91
1382,7,0,2,13.9689,4410.86
1362,7,0,2,13.9483,4300.86
1361,7,0,2,13.9441,4277.69
1354,7,0,2,13.9441,4277.5
1355,7,0,2,13.9376,4243
2076,7,0,2,13.9358,4233.89
1356,7,0,2,13.9282,4194.54
1357,7,0,2,13.9274,4190.82
1349,7,0,2,13.9147,4125.87
1348,7,0,2,13.9141,4122.44
1340,7,0,2,13.9136,4119.9
1339,7,0,2,13.908,4091.16
1330,7,0,2,13.8873,3982.42
1161,7,0,2,13.8779,3934.51
1162,7,0,2,13.8679,3881.51
1136,7,0,2,13.8492,3783.31
1138,7,0,2,13.8425,3748.95
1137,7,0,2,13.8366,3717.85
1123,7,0,2,13.8229,3651.7
1775,7,0,2,13.8143,3607.71
1102,7,0,2,13.7986,3528.52
1100,7,0,2,13.7844,3459.13
1101,7,0,2,13.7734,3402.48
1082,7,0,2,13.765,3360.52
1079,7,0,2,13.7559,3313.5
1061,7,0,2,13.7516,3292.21
1063,7,0,2,13.7484,3275.37
1062,7,0,2,13.7474,3268.33
2159,7,0,2,13.7472,3267.35
1045,7,0,2,13.7465,3264.2
1043,7,0,2,13.7432,3247.52
2029,7,0,2,13.7431,3247.1
1016,7,0,2,13.7388,3223.58
501,7,0,3,14.5055,7106.11,0.107,466.702,0.18,4
1747,7,0,3,14.4995,7076.89
1746,7,0,3,14.4709,6934.48
540,7,0,3,14.4539,6848.54
541,7,0,3,14.4414,6786.03
572,7,0,3,14.4309,6732.79
567,7,0,3,14.4208,6679.38
565,7,0,3,14.4186,6665.89
562,7,0,3,14.4119,6631.38
639,7,0,3,14.4085,6613.94
638,7,0,3,14.4028,6584.27
637,7,0,3,14.3978,6559.24
685,7,0,3,14.3868,6505.46
687,7,0,3,14.3816,6479.43
971,7,0,3,14.3669,6410.53
972,7,0,3,14.3596,6374.32
973,7,0,3,14.3449,6305.19
1008,7,0,3,14.3352,6257.09
1009,7,0,3,14.323,6195.51
1041,7,0,3,14.3229,6194.82
1059,7,0,3,14.314,6149.99
1058,7,0,3,14.309,6124.74
1075,7,0,3,14.2915,6034.67
1072,7,0,3,14.2815,5983.22
1071,7,0,3,14.2713,5932.75
1090,7,0,3,14.2652,5895.53
1089,7,0,3,14.2591,5862.2
1119,7,0,3,14.2505,5816.31
1118,7,0,3,14.2443,5782.73
2044,7,0,3,14.2291,5703.16
2169,7,0,3,14.2211,5662.14
2171,7,0,3,14.2164,5637.99
1549,7,0,3,14.2087,5597.84
1147,7,0,3,14.2012,5559.46
1327,7,0,3,14.1728,5411.48
1343,7,0,3,14.1722,5408.75
1355,7,0,3,14.1455,5269.33
1364,7,0,3,14.1454,5269.12
1362,7,0,3,14.1356,5217.14
1382,7,0,3,14.1156,5109.31
1390,7,0,3,14.0941,4996.14
1402,7,0,3,14.0852,4947.17
110,7,0,4,14.8862,9062.01,0,0,0
111,7,0,4,14.8838,9046.13
1968,7,0,4,14.8744,8981.46
114,7,0,4,14.8688,8946.72
1719,7,0,4,14.8308,8741.69
1720,7,0,4,14.8158,8659.22
1718,7,0,4,14.81,8626.67
129,7,0,4,14.7848,8487.6
134,7,0,4,14.7788,8454.63
133,7,0,4,14.7664,8388.1
138,7,0,4,14.7455,8283.52
184,7,0,4,14.7292,8194.98
440,7,0,4,14.7133,8107.36
451,7,0,4,14.6968,8021.16
1716,7,0,4,14.6944,8004.74
462,7,0,4,14.6852,7957.67
1990,7,0,4,14.6782,7904.97
463,7,0,4,14.6595,7808.45
474,7,0,4,14.6441,7729.21
2140,7,0,4,14.6351,7687.88
2141,7,0,4,14.6273,7644.68
473,7,0,4,14.627,7643.39
502,7,0,4,14.618,7599.49
501,7,0,4,14.6125,7572.81
710,7,1,0,11.2984,1682.36,0.0443333,193.369,0.36,1
1543,7,1,0,11.2733,1546.36
459,7,1,0,11.2634,1483.42
458,7,1,0,11.2564,1437.75
456,7,1,0,11.2472,1376.86
457,7,1,0,11.2418,1346.64
454,7,1,0,11.2342,1292.68
455,7,1,0,11.2318,1278.37
453,7,1,0,11.2226,1212.8
446,7,1,0,11.214,1164.09
442,7,1,0,11.2058,1120.37
1857,7,1,0,11.1974,1076.3
441,7,1,0,11.1925,1051.98
185,7,1,0,11.1815,993.794
177,7,1,0,11.1689,927.553
184,7,1,0,11.1485,816.223
138,7,1,0,11.1328,730.3
133,7,1,0,11.1185,653.53
134,7,1,0,11.1109,601.574
129,7,1,0,11.1033,561.93
1718,7,1,0,11.0769,417.674
1719,7,1,0,11.0602,325.295
114,7,1,0,11.0223,120.486
1968,7,1,0,11.0153,81.9493
110,7,1,0,11,0
110,7,1,1,11.6492,3629.63,0,0,0
1968,7,1,1,11.6341,3548.6
114,7,1,1,11.6289,3514.27
1719,7,1,1,11.5859,3287.66
1718,7,1,1,11.5705,3200.61
129,7,1,1,11.546,3064.75
134,7,1,1,11.5396,3030.36
133,7,1,1,11.5268,2962.15
138,7,1,1,11.506,2857.57
184,7,1,1,11.4867,2756.61
440,7,1,1,11.4701,2665.42
451,7,1,1,11.4513,2569.71
1716,7,1,1,11.4489,2553.28
462,7,1,1,11.4385,2500.86
1990,7,1,1,11.4306,2447.83
452,7,1,1,11.4256,2415.39
453,7,1,1,11.4143,2328.21
455,7,1,1,11.4019,2258.28
454,7,1,1,11.399,2242.66
457,7,1,1,11.3923,2188.7
456,7,1,1,11.3872,2159.26
458,7,1,1,11.3777,2098.11
459,7,1,1,11.3718,2053.01
1543,7,1,1,11.3625,1990.78
710,7,1,1,11.3428,1875.73
410,8,0,0,13.3943,1471.19,0.074,322.766,0.11,1
398,8,0,0,13.394,1469.98
397,8,0,0,13.3832,1408.71
390,8,0,0,13.3633,1305.9
382,8,0,0,13.3469,1218.33
376,8,0,0,13.3299,1125.74
369,8,0,0,13.3101,1019.33
360,8,0,0,13.2891,906.015
361,8,0,0,13.2746,828.632
128,8,0,0,13.2195,523.193
126,8,0,0,13.211,479.066
125,8,0,0,13.2018,432.83
118,8,0,0,13.167,247.521
1968,8,0,0,13.1348,79.7523
110,8,0,0,13.12,0
1402,8,0,1,13.8949,4038.37,0.1085,473.244,0.18,2
1390,8,0,1,13.8857,3988.31
1389,8,0,1,13.8595,3847.36
1388,8,0,1,13.8394,3752.17
1323,8,0,1,13.8387,3748.39
2072,8,0,1,13.8145,3630.82
1317,8,0,1,13.7947,3524.14
2071,8,0,1,13.784,3460.08
2165,8,0,1,13.7617,3342.68
1314,8,0,1,13.7449,3253.68
2163,8,0,1,13.7302,3173.84
2023,8,0,1,13.7018,3022.47
1787,8,0,1,13.6937,2981.18
1788,8,0,1,13.6929,2977.48
943,8,0,1,13.677,2896.83
934,8,0,1,13.6682,2848.99
933,8,0,1,13.6579,2795.06
936,8,0,1,13.6573,2792.12
1737,8,0,1,13.6458,2728.89
917,8,0,1,13.629,2645.65
916,8,0,1,13.6289,2644.75
906,8,0,1,13.603,2511.66
889,8,0,1,13.5908,2449.74
890,8,0,1,13.5813,2401.78
2013,8,0,1,13.5583,2283.62
1988,8,0,1,13.5393,2183.84
416,8,0,1,13.5178,2077.27
2139,8,0,1,13.5138,2055.44
2138,8,0,1,13.4974,1962.7
411,8,0,1,13.4851,1893.38
412,8,0,1,13.483,1873.87
398,8,0,1,13.4686,1795.16
410,8,0,1,13.4683,1793.95
1016,8,0,2,14.2614,5864.63,0.0881667,384.556,0.22,3
2029,8,0,2,14.257,5840.88
1043,8,0,2,14.257,5840.46
2158,8,0,2,14.2501,5805.68
2030,8,0,2,14.2462,5785.85
1041,8,0,2,14.241,5759.26
1059,8,0,2,14.2322,5714.43
1058,8,0,2,14.2272,5689.18
1075,8,0,2,14.2097,5599.11
1072,8,0,2,14.1996,5547.66
1071,8,0,2,14.1895,5497.19
1090,8,0,2,14.1834,5459.97
1089,8,0,2,14.1773,5426.64
1119,8,0,2,14.1687,5380.76
1118,8,0,2,14.1625,5347.17
2044,8,0,2,14.1473,5267.61
2169,8,0,2,14.1393,5226.59
2171,8,0,2,14.1346,5202.43
1549,8,0,2,14.1268,5162.28
1147,8,0,2,14.1194,5123.9
1327,8,0,2,14.091,4975.93
1343,8,0,2,14.0904,4973.19
1355,8,0,2,14.0636,4833.77
1364,8,0,2,14.0636,4833.56
1362,8,0,2,14.0538,4781.58
1382,8,0,2,14.0337,4673.75
1390,8,0,2,14.0122,4560.58
1402,8,0,2,14.0034,4511.62
501,8,0,3,14.5391,7170.87,0.107,466.702,0.18,4
1747,8,0,3,14.5294,7126.57
1746,8,0,3,14.5015,6987.23
1745,8,0,3,14.4884,6923.94
1844,8,0,3,14.4705,6834.69
575,8,0,3,14.4681,6819.18
571,8,0,3,14.4652,6803.06
570,8,0,3,14.4604,6779.79
569,8,0,3,14.4553,6754.47
640,8,0,3,14.4471,6715.56
649,8,0,3,14.4378,6673.02
646,8,0,3,14.43,6636.51
691,8,0,3,14.4241,6607.6
689,8,0,3,14.402,6503.61
979,8,0,3,14.3935,6464.01
980,8,0,3,14.3877,6435.6
978,8,0,3,14.3841,6417.41
1010,8,0,3,14.3693,6340.65
1016,8,0,3,14.3496,6249.19
110,8,0,4,14.9198,9126.78,0,0,0
111,8,0,4,14.9174,9110.9
1968,8,0,4,14.908,9046.21
114,8,0,4,14.9025,9011.48
1719,8,0,4,14.8645,8806.45
1720,8,0,4,14.8494,8723.98
1718,8,0,4,14.8436,8691.43
129,8,0,4,14.8184,8552.36
134,8,0,4,14.8124,8519.39
133,8,0,4,14.8,8452.87
138,8,0,4,14.7791,8348.28
184,8,0,4,14.7628,8259.74
440,8,0,4,14.747,8172.12
451,8,0,4,14.7304,8085.93
1716,8,0,4,14.728,8069.5
462,8,0,4,14.7189,8022.43
1990,8,0,4,14.7118,7969.73
463,8,0,4,14.6931,7873.21
474,8,0,4,14.6778,7793.97
2140,8,0,4,14.6687,7752.64
2141,8,0,4,14.6609,7709.44
473,8,0,4,14.6607,7708.15
502,8,0,4,14.6516,7664.25
501,8,0,4,14.6461,7637.58
710,8,1,0,11.2984,1682.36,0.0443333,193.369,0.36,1
1543,8,1,0,11.2733,1546.36
459,8,1,0,11.2634,1483.42
458,8,1,0,11.2564,1437.75
456,8,1,0,11.2472,1376.86
457,8,1,0,11.2418,1346.64
454,8,1,0,11.2342,1292.68
455,8,1,0,11.2318,1278.37
453,8,1,0,11.2226,1212.8
446,8,1,0,11.214,1164.09
442,8,1,0,11.2058,1120.37
1857,8,1,0,11.1974,1076.3
441,8,1,0,11.1925,1051.98
185,8,1,0,11.1815,993.794
177,8,1,0,11.1689,927.553
184,8,1,0,11.1485,816.223
138,8,1,0,11.1328,730.3
133,8,1,0,11.1185,653.53
134,8,1,0,11.1109,601.574
129,8,1,0,11.1033,561.93
1718,8,1,0,11.0769,417.674
1719,8,1,0,11.0602,325.295
114,8,1,0,11.0223,120.486
1968,8,1,0,11.0153,81.9493
110,8,1,0,11,0
110,8,1,1,11.6492,3629.63,0,0,0
1968,8,1,1,11.6341,3548.6
114,8,1,1,11.6289,3514.27
1719,8,1,1,11.5859,3287.66
1718,8,1,1,11.5705,3200.61
129,8,1,1,11.546,3064.75
134,8,1,1,11.5396,3030.36
133,8,1,1,11.5268,2962.15
138,8,1,1,11.506,2857.57
184,8,1,1,11.4867,2756.61
440,8,1,1,11.4701,2665.42
451,8,1,1,11.4513,2569.71
1716,8,1,1,11.4489,2553.28
462,8,1,1,11.4385,2500.86
1990,8,1,1,11.4306,2447.83
452,8,1,1,11.4256,2415.39
453,8,1,1,11.4143,2328.21
455,8,1,1,11.4019,2258.28
454,8,1,1,11.399,2242.66
457,8,1,1,11.3923,2188.7
456,8,1,1,11.3872,2159.26
458,8,1,1,11.3777,2098.11
459,8,1,1,11.3718,2053.01
1543,8,1,1,11.3625,1990.78
710,8,1,1,11.3428,1875.73
410,9,0,0,11.5422,1462.66,0.0726667,316.95,0.06,1
398,9,0,0,11.5419,1461.45
397,9,0,0,11.5293,1392.89
390,9,0,0,11.5098,1291.33
382,9,0,0,11.4925,1199.86
376,9,0,0,11.4745,1103.09
369,9,0,0,11.455,998.232
360,9,0,0,11.4327,878.986
361,9,0,0,11.4201,809.873
128,9,0,0,11.3596,481.115
126,9,0,0,11.3523,442.296
125,9,0,0,11.346,408.059
118,9,0,0,11.3131,231.019
1968,9,0,0,11.2853,81.9493
110,9,0,0,11.27,0
710,9,0,1,11.8346,3117.52,0.0443333,193.369,0.36,2
1543,9,0,1,11.8131,2997.25
715,9,0,1,11.8083,2952.99
714,9,0,1,11.8044,2928.98
726,9,0,1,11.8042,2927.1
529,9,0,1,11.7905,2827.61
605,9,0,1,11.7757,2731
603,9,0,1,11.7706,2703.02
604,9,0,1,11.7663,2679.88
596,9,0,1,11.7662,2678.91
580,9,0,1,11.7578,2620.63
574,9,0,1,11.7405,2527.39
573,9,0,1,11.7305,2471.49
564,9,0,1,11.7228,2430.34
557,9,0,1,11.7167,2396.35
561,9,0,1,11.71,2349.83
628,9,0,1,11.7055,2324.18
609,9,0,1,11.6928,2247.52
423,9,0,1,11.6869,2191.2
419,9,0,1,11.6822,2156.76
418,9,0,1,11.6669,2071.84
2139,9,0,1,11.663,2050.41
2138,9,0,1,11.6446,1948.97
411,9,0,1,11.631,1874.15
412,9,0,1,11.6285,1855.14
398,9,0,1,11.6151,1780.81
410,9,0,1,11.6148,1779.61
110,9,0,2,12.1854,5064.79,0,0,0
1968,9,0,2,12.1703,4983.75
114,9,0,2,12.1651,4949.43
1719,9,0,2,12.1221,4722.82
1718,9,0,2,12.1066,4635.77
129,9,0,2,12.0822,4499.9
134,9,0,2,12.0758,4465.51
133,9,0,2,12.063,4397.31
138,9,0,2,12.0421,4292.72
184,9,0,2,12.0229,4191.76
440,9,0,2,12.0062,4100.57
451,9,0,2,11.9874,4004.86
1716,9,0,2,11.985,3988.43
462,9,0,2,11.9746,3936.01
1990,9,0,2,11.9668,3882.98
452,9,0,2,11.9618,3850.54
453,9,0,2,11.9504,3763.36
455,9,0,2,11.938,3693.43
454,9,0,2,11.9352,3677.82
457,9,0,2,11.9285,3623.85
456,9,0,2,11.9233,3594.41
458,9,0,2,11.9139,3533.26
459,9,0,2,11.9079,3488.16
1543,9,0,2,11.8986,3425.93
710,9,0,2,11.8789,3310.88
501,9,1,0,13.5796,1510.92,0.0531667,231.897,0.2,1
502,9,1,0,13.5744,1485.38
473,9,1,0,13.5665,1446.3
2141,9,1,0,13.5663,1445.32
1750,9,1,0,13.562,1424.02
477,9,1,0,13.5575,1400.71
453,9,1,0,13.5285,1243.21
446,9,1,0,13.5202,1195.77
442,9,1,0,13.5085,1137.28
1857,9,1,0,13.4997,1091.26
441,9,1,0,13.4936,1062.09
185,9,1,0,13.4826,1004.16
177,9,1,0,13.4703,938.786
184,9,1,0,13.4503,829.279
138,9,1,0,13.4336,739.414
133,9,1,0,13.4197,664.29
134,9,1,0,13.4121,612.333
129,9,1,0,13.405,574.749
1718,9,1,0,13.3791,432.78
1720,9,1,0,13.372,394.625
1719,9,1,0,13.3593,321.152
114,9,1,0,13.3216,117.424
1968,9,1,0,13.3148,79.7523
110,9,1,0,13.3,0
1016,9,1,1,13.7972,2559.29,0.0561667,244.982,0.25,2
1010,9,1,1,13.7882,2511.64
2026,9,1,1,13.7608,2377.86
2027,9,1,1,13.7557,2352.02
1998,9,1,1,13.7453,2299.32
1997,9,1,1,13.7367,2255.7
1996,9,1,1,13.7308,2227.41
1995,9,1,1,13.7226,2189.09
1993,9,1,1,13.7135,2145.41
1994,9,1,1,13.7092,2123.93
572,9,1,1,13.7022,2085.28
541,9,1,1,13.69,2024.92
540,9,1,1,13.6796,1971.28
1754,9,1,1,13.6712,1927.61
518,9,1,1,13.6633,1887.64
500,9,1,1,13.6583,1861.85
501,9,1,1,13.6328,1742.82
1402,9,1,2,14.1181,4171.66,0.0816667,356.205,0.16,3
1390,9,1,2,14.109,4121.61
1382,9,1,2,14.0834,3991.55
1362,9,1,2,14.0629,3881.56
1361,9,1,2,14.0587,3858.38
1354,9,1,2,14.0587,3858.19
1355,9,1,2,14.0522,3823.7
2076,9,1,2,14.0504,3814.59
1356,9,1,2,14.0428,3775.24
1357,9,1,2,14.042,3771.52
1349,9,1,2,14.0293,3706.57
1348,9,1,2,14.0287,3703.13
1340,9,1,2,14.0282,3700.59
1339,9,1,2,14.0226,3671.86
1330,9,1,2,14.0018,3563.11
1161,9,1,2,13.9925,3515.2
1162,9,1,2,13.9825,3462.21
1136,9,1,2,13.9638,3364.01
1138,9,1,2,13.9571,3329.65
1137,9,1,2,13.9512,3298.54
1123,9,1,2,13.9375,3232.39
1775,9,1,2,13.9289,3188.4
1102,9,1,2,13.9132,3109.22
1100,9,1,2,13.899,3039.82
1101,9,1,2,13.888,2983.18
1082,9,1,2,13.8796,2941.21
1079,9,1,2,13.8705,2894.19
1061,9,1,2,13.8662,2872.91
1063,9,1,2,13.863,2856.07
1062,9,1,2,13.862,2849.03
2159,9,1,2,13.8618,2848.04
1045,9,1,2,13.8611,2844.89
1043,9,1,2,13.8578,2828.21
2029,9,1,2,13.8577,2827.8
1016,9,1,2,13.8534,2804.27
110,9,1,3,14.8347,7948.32,0,0,0
1968,9,1,3,14.817,7856.71
1969,9,1,3,14.8045,7779.85
115,9,1,3,14.802,7765.39
2113,9,1,3,14.7965,7736.2
2133,9,1,3,14.6628,6998.83
366,9,1,3,14.6588,6972.03
2134,9,1,3,14.6496,6914.26
2136,9,1,3,14.6388,6854.11
393,9,1,3,14.6088,6698.35
401,9,1,3,14.5961,6628.9
1739,9,1,3,14.5862,6575.04
1742,9,1,3,14.5797,6540.56
1741,9,1,3,14.5733,6506.07
418,9,1,3,14.5658,6466.55
417,9,1,3,14.563,6450.86
1989,9,1,3,14.545,6358.28
2011,9,1,3,14.5249,6255.21
2156,9,1,3,14.5194,6226.77
2013,9,1,3,14.5187,6223.62
886,9,1,3,14.5077,6169
888,9,1,3,14.4909,6075.87
903,9,1,3,14.4798,6017.61
904,9,1,3,14.4763,5998.75
925,9,1,3,14.4562,5885.54
2019,9,1,3,14.4505,5857.25
929,9,1,3,14.4501,5855.27
938,9,1,3,14.4385,5791
950,9,1,3,14.4236,5714.34
951,9,1,3,14.4127,5662.71
949,9,1,3,14.4004,5600.46
1302,9,1,3,14.3754,5468.03
1307,9,1,3,14.3617,5390.6
1308,9,1,3,14.3505,5331.03
1309,9,1,3,14.3322,5237.67
1314,9,1,3,14.3316,5234.8
2165,9,1,3,14.3161,5151.36
2071,9,1,3,14.2953,5040.21
1317,9,1,3,14.2833,4972.8
2072,9,1,3,14.2643,4870.1
1323,9,1,3,14.2483,4786.41
1388,9,1,3,14.2476,4782.63
1389,9,1,3,14.2389,4734.73
1390,9,1,3,14.2086,4576.84
1402,9,1,3,14.1998,4527.87
410,10,0,0,11.4522,1462.66,0.0726667,316.95,0.06,1
398,10,0,0,11.4519,1461.45
397,10,0,0,11.4393,1392.89
390,10,0,0,11.4198,1291.33
382,10,0,0,11.4025,1199.86
376,10,0,0,11.3845,1103.09
369,10,0,0,11.365,998.232
360,10,0,0,11.3427,878.986
361,10,0,0,11.3301,809.873
128,10,0,0,11.2696,481.115
126,10,0,0,11.2623,442.296
125,10,0,0,11.256,408.059
118,10,0,0,11.2231,231.019
1968,10,0,0,11.1953,81.9493
110,10,0,0,11.18,0
710,10,0,1,11.7446,3117.52,0.0443333,193.369,0.36,2
1543,10,0,1,11.7231,2997.25
715,10,0,1,11.7183,2952.99
714,10,0,1,11.7144,2928.98
726,10,0,1,11.7142,2927.1
529,10,0,1,11.7005,2827.61
605,10,0,1,11.6857,2731
603,10,0,1,11.6806,2703.02
604,10,0,1,11.6763,2679.88
596,10,0,1,11.6762,2678.91
580,10,0,1,11.6678,2620.63
574,10,0,1,11.6505,2527.39
573,10,0,1,11.6405,2471.49
564,10,0,1,11.6328,2430.34
557,10,0,1,11.6267,2396.35
561,10,0,1,11.62,2349.83
628,10,0,1,11.6155,2324.18
609,10,0,1,11.6028,2247.52
423,10,0,1,11.5969,2191.2
419,10,0,1,11.5922,2156.76
418,10,0,1,11.5769,2071.84
2139,10,0,1,11.573,2050.41
2138,10,0,1,11.5546,1948.97
411,10,0,1,11.541,1874.15
412,10,0,1,11.5385,1855.14
398,10,0,1,11.5251,1780.81
410,10,0,1,11.5248,1779.61
110,10,0,2,12.0954,5064.79,0,0,0
1968,10,0,2,12.0803,4983.75
114,10,0,2,12.0751,4949.43
1719,10,0,2,12.0321,4722.82
1718,10,0,2,12.0166,4635.77
129,10,0,2,11.9922,4499.9
134,10,0,2,11.9858,4465.51
133,10,0,2,11.973,4397.31
138,10,0,2,11.9521,4292.72
184,10,0,2,11.9329,4191.76
440,10,0,2,11.9162,4100.57
451,10,0,2,11.8974,4004.86
1716,10,0,2,11.895,3988.43
462,10,0,2,11.8846,3936.01
1990,10,0,2,11.8768,3882.98
452,10,0,2,11.8718,3850.54
453,10,0,2,11.8604,3763.36
455,10,0,2,11.848,3693.43
454,10,0,2,11.8452,3677.82
457,10,0,2,11.8385,3623.85
456,10,0,2,11.8333,3594.41
458,10,0,2,11.8239,3533.26
459,10,0,2,11.8179,3488.16
1543,10,0,2,11.8086,3425.93
710,10,0,2,11.7889,3310.88
1402,10,1,0,14.0634,3372.79,0.0816667,356.205,0.16,1
1390,10,1,0,14.0541,3321.76
1389,10,1,0,14.0255,3170.7
1388,10,1,0,14.0167,3122.71
1370,10,1,0,13.9798,2928.06
1359,10,1,0,13.9789,2923.6
2071,10,1,0,13.9623,2830.9
2165,10,1,0,13.9404,2715.19
1314,10,1,0,13.9231,2623.77
2163,10,1,0,13.9083,2543.94
2023,10,1,0,13.8817,2399.84
1787,10,1,0,13.8736,2358.52
2020,10,1,0,13.8547,2264.44
935,10,1,0,13.8449,2212.99
934,10,1,0,13.8444,2210.39
933,10,1,0,13.8327,2150.9
936,10,1,0,13.8322,2147.96
1737,10,1,0,13.8207,2085.09
917,10,1,0,13.8075,2016.59
916,10,1,0,13.8073,2015.68
906,10,1,0,13.7835,1891.34
889,10,1,0,13.7722,1832.97
890,10,1,0,13.7655,1797.06
2013,10,1,0,13.746,1693.84
1988,10,1,0,13.7284,1599.98
417,10,1,0,13.7079,1495.37
418,10,1,0,13.7039,1474.43
1741,10,1,0,13.6982,1442.44
1740,10,1,0,13.6944,1421.91
1739,10,1,0,13.6897,1395.5
401,10,1,0,13.6791,1338.14
393,10,1,0,13.6659,1266.67
2136,10,1,0,13.6431,1141.76
2134,10,1,0,13.6318,1079.42
360,10,1,0,13.5991,906.015
361,10,1,0,13.5846,828.632
128,10,1,0,13.5295,523.193
126,10,1,0,13.521,479.066
125,10,1,0,13.5118,432.83
118,10,1,0,13.477,247.521
1968,10,1,0,13.4448,79.7523
110,10,1,0,13.43,0
1016,10,1,1,14.4032,5082,0.0881667,384.556,0.22,2
2029,10,1,1,14.3988,5058.25
1043,10,1,1,14.3987,5057.84
2158,10,1,1,14.3919,5023.06
2030,10,1,1,14.3879,5003.22
1041,10,1,1,14.3828,4976.64
1059,10,1,1,14.3739,4931.8
1058,10,1,1,14.3689,4906.55
1075,10,1,1,14.3514,4816.48
1072,10,1,1,14.3414,4765.04
1071,10,1,1,14.3312,4714.56
1090,10,1,1,14.3251,4677.34
1089,10,1,1,14.319,4644.02
1119,10,1,1,14.3104,4598.13
1118,10,1,1,14.3043,4564.54
2044,10,1,1,14.289,4484.98
2169,10,1,1,14.281,4443.96
2171,10,1,1,14.2764,4419.81
1549,10,1,1,14.2686,4379.66
1147,10,1,1,14.2611,4341.27
1327,10,1,1,14.2328,4193.3
1343,10,1,1,14.2322,4190.57
1355,10,1,1,14.2054,4051.15
1364,10,1,1,14.2053,4050.94
1362,10,1,1,14.1955,3998.96
1382,10,1,1,14.1755,3891.13
1390,10,1,1,14.154,3777.96
1402,10,1,1,14.1451,3728.99
110,10,1,2,14.9107,7672.26,0,0,0
111,10,1,2,14.9084,7656.38
1968,10,1,2,14.8989,7591.7
114,10,1,2,14.8934,7556.97
1719,10,1,2,14.8572,7359.36
1718,10,1,2,14.8373,7253.04
129,10,1,2,14.8133,7119.25
134,10,1,2,14.8076,7087.84
133,10,1,2,14.7968,7028.46
138,10,1,2,14.776,6923.88
184,10,1,2,14.7594,6834.28
440,10,1,2,14.739,6727.06
451,10,1,2,14.7225,6640.86
1716,10,1,2,14.72,6624.43
462,10,1,2,14.7109,6577.36
1990,10,1,2,14.7039,6524.67
463,10,1,2,14.6852,6428.15
474,10,1,2,14.6698,6348.91
2140,10,1,2,14.6608,6307.57
475,10,1,2,14.6558,6283.34
499,10,1,2,14.648,6243.75
500,10,1,2,14.6434,6220.35
518,10,1,2,14.6388,6196.24
1754,10,1,2,14.6352,6171.31
540,10,1,2,14.627,6128.84
541,10,1,2,14.6151,6069.02
572,10,1,2,14.6055,6019.35
1994,10,1,2,14.5929,5956.95
1993,10,1,2,14.5886,5935.46
1995,10,1,2,14.576,5877.72
1996,10,1,2,14.5701,5848.54
1997,10,1,2,14.5662,5828.64
2027,10,1,2,14.539,5698.42
2026,10,1,2,14.5332,5669.93
978,10,1,2,14.5259,5634.79
1010,10,1,2,14.511,5558.02
1016,10,1,2,14.4913,5466.56
501,10,2,0,14.0296,1510.92,0.107,466.702,0.18,1
502,10,2,0,14.0244,1485.38
473,10,2,0,14.0165,1446.3
2141,10,2,0,14.0163,1445.32
1750,10,2,0,14.012,1424.02
477,10,2,0,14.0075,1400.71
453,10,2,0,13.9785,1243.21
446,10,2,0,13.9702,1195.77
442,10,2,0,13.9585,1137.28
1857,10,2,0,13.9497,1091.26
441,10,2,0,13.9436,1062.09
185,10,2,0,13.9326,1004.16
177,10,2,0,13.9203,938.786
184,10,2,0,13.9003,829.279
138,10,2,0,13.8836,739.414
133,10,2,0,13.8697,664.29
134,10,2,0,13.8621,612.333
129,10,2,0,13.855,574.749
1718,10,2,0,13.8291,432.78
1720,10,2,0,13.822,394.625
1719,10,2,0,13.8093,321.152
114,10,2,0,13.7716,117.424
1968,10,2,0,13.7648,79.7523
110,10,2,0,13.75,0
110,10,2,1,14.4103,3466.82,0,0,0
111,10,2,1,14.408,3450.94
1968,10,2,1,14.3985,3386.26
114,10,2,1,14.393,3351.53
1719,10,2,1,14.355,3146.49
1720,10,2,1,14.3399,3064.02
1718,10,2,1,14.3342,3031.47
129,10,2,1,14.309,2892.4
134,10,2,1,14.3029,2859.44
133,10,2,1,14.2905,2792.91
138,10,2,1,14.2697,2688.33
184,10,2,1,14.2533,2599.79
440,10,2,1,14.2375,2512.17
451,10,2,1,14.2209,2425.97
1716,10,2,1,14.2185,2409.55
462,10,2,1,14.2094,2362.47
1990,10,2,1,14.2023,2309.78
463,10,2,1,14.1836,2213.26
474,10,2,1,14.1683,2134.02
2140,10,2,1,14.1593,2092.69
2141,10,2,1,14.1514,2049.48
473,10,2,1,14.1512,2048.2
502,10,2,1,14.1421,2004.3
501,10,2,1,14.1366,1977.62
