Nodo,Individuo,Ruta,Segmento,Tiempo viaje,Costo viaje,Tiempo atencion,Costo atencion,Tasa fallo,Demanda
410,0,0,0,11.9722,1462.66,0.0726667,316.95,0.06,1
398,0,0,0,11.9719,1461.45
397,0,0,0,11.9593,1392.89
390,0,0,0,11.9398,1291.33
382,0,0,0,11.9225,1199.86
376,0,0,0,11.9045,1103.09
369,0,0,0,11.885,998.232
360,0,0,0,11.8627,878.986
361,0,0,0,11.8501,809.873
128,0,0,0,11.7896,481.115
126,0,0,0,11.7823,442.296
125,0,0,0,11.776,408.059
118,0,0,0,11.7431,231.019
1968,0,0,0,11.7153,81.9493
110,0,0,0,11.7,0
1402,0,0,1,12.4552,3950.11,0.085,370.744,0.2,2
1390,0,0,1,12.445,3895.71
1382,0,0,1,12.4226,3778.6
1362,0,0,1,12.4032,3673.78
1361,0,0,1,12.3987,3649.26
1354,0,0,1,12.3987,3649.07
2188,0,0,1,12.3923,3615.31
2075,0,0,1,12.3713,3507.36
1822,0,0,1,12.3705,3503.36
1353,0,0,1,12.3615,3457.62
2118,0,0,1,12.34,3341.45
2117,0,0,1,12.3375,3316.82
2164,0,0,1,12.3202,3203.67
1307,0,0,1,12.3036,3116.68
1302,0,0,1,12.287,3026.44
949,0,0,1,12.2642,2903.64
2025,0,0,1,12.2608,2886.18
1598,0,0,1,12.2574,2867.22
948,0,0,1,12.2506,2832.53
928,0,0,1,12.239,2769.48
923,0,0,1,12.2027,2588.73
924,0,0,1,12.1944,2549.42
914,0,0,1,12.174,2442.33
902,0,0,1,12.1678,2407.32
887,0,0,1,12.1511,2322.03
2012,0,0,1,12.1336,2230.38
884,0,0,1,12.1292,2207.45
1987,0,0,1,12.0917,2017.46
413,0,0,1,12.0724,1919.77
414,0,0,1,12.0671,1892.12
410,0,0,1,12.0448,1779.61
1016,0,0,2,12.8055,5698.77,0.0438333,191.188,0.28,3
2029,0,0,2,12.799,5665.75
1043,0,0,2,12.7989,5665.34
2158,0,0,2,12.7898,5621.19
2030,0,0,2,12.7859,5601.35
1041,0,0,2,12.7811,5576.37
1059,0,0,2,12.773,5534.52
1058,0,0,2,12.7678,5508.47
1056,0,0,2,12.7613,5474.03
1072,0,0,2,12.7437,5383.13
1071,0,0,2,12.7355,5341.02
1090,0,0,2,12.7273,5296.38
1089,0,0,2,12.7206,5260.53
1119,0,0,2,12.7136,5221.29
1118,0,0,2,12.7068,5185.09
2044,0,0,2,12.6907,5101.85
2169,0,0,2,12.6841,5066.97
2171,0,0,2,12.6799,5044.83
2046,0,0,2,12.6737,5013.6
1778,0,0,2,12.6483,4885.09
1327,0,0,2,12.6371,4824.32
1343,0,0,2,12.6365,4821.58
1355,0,0,2,12.6117,4690.77
1364,0,0,2,12.6117,4690.56
1362,0,0,2,12.6015,4636.93
1382,0,0,2,12.572,4489.33
1390,0,0,2,12.5511,4378.7
1402,0,0,2,12.5402,4320.85
710,0,0,3,13.0117,6815.76,0.0466667,203.546,0.45,4
1543,0,0,3,12.9893,6691.56
715,0,0,3,12.9845,6647.41
714,0,0,3,12.9805,6623.26
726,0,0,3,12.9803,6621.4
529,0,0,3,12.9662,6521.75
605,0,0,3,12.9513,6425.08
603,0,0,3,12.945,6392.01
2202,0,0,3,12.9416,6371.22
602,0,0,3,12.9372,6345.93
1851,0,0,3,12.9264,6275.39
1852,0,0,3,12.9215,6251.31
706,0,0,3,12.9083,6186.8
991,0,0,3,12.8965,6126.72
2028,0,0,3,12.8858,6074.05
1012,0,0,3,12.8723,6005.34
1045,0,0,3,12.8568,5929.59
1043,0,0,3,12.8537,5913.73
2029,0,0,3,12.8536,5913.32
1016,0,0,3,12.8494,5889.95
501,0,0,4,13.1807,7687.73,0.0531667,231.897,0.2,5
1747,0,0,4,13.1748,7658.71
505,0,0,4,13.1683,7627.22
506,0,0,4,13.1541,7559.45
507,0,0,4,13.1472,7526.06
510,0,0,4,13.1384,7483.31
509,0,0,4,13.1345,7463.11
508,0,0,4,13.1291,7434.34
512,0,0,4,13.1209,7393.3
511,0,0,4,13.1177,7376.55
2145,0,0,4,13.117,7373.34
2146,0,0,4,13.1059,7311.58
529,0,0,4,13.102,7275.53
726,0,0,4,13.0859,7173.99
714,0,0,4,13.0857,7172.11
1543,0,0,4,13.0799,7139.68
710,0,0,4,13.0584,7019.31
110,0,0,5,13.506,9380.4,0,0,0
1968,0,0,5,13.4909,9299.59
114,0,0,5,13.4851,9264.41
1719,0,0,5,13.4498,9071.14
1718,0,0,5,13.4317,8972.6
129,0,0,5,13.4078,8838.85
134,0,0,5,13.4028,8810.34
133,0,0,5,13.3908,8745.51
138,0,0,5,13.37,8640.92
184,0,0,5,13.3532,8550.54
440,0,0,5,13.3306,8434.16
451,0,0,5,13.3143,8348.74
1716,0,0,5,13.3119,8332.31
462,0,0,5,13.3047,8293.49
1990,0,0,5,13.2969,8240.45
463,0,0,5,13.2797,8150.42
474,0,0,5,13.2658,8077.43
2140,0,0,5,13.2577,8039.59
2141,0,0,5,13.2495,7994.61
473,0,0,5,13.2493,7993.85
502,0,0,5,13.2403,7949.95
501,0,0,5,13.2338,7919.63
501,1,0,0,11.7639,1433.41,0.0743333,324.22,0.22,1
502,1,0,0,11.7586,1407.87
473,1,0,0,11.749,1361.69
2141,1,0,0,11.7488,1360.71
2140,1,0,0,11.7404,1314.68
475,1,0,0,11.7375,1299.26
474,1,0,0,11.7334,1278.25
463,1,0,0,11.7186,1201.35
1990,1,0,0,11.7051,1126.94
462,1,0,0,11.6964,1072.9
461,1,0,0,11.694,1058.4
1716,1,0,0,11.6858,1015.28
451,1,0,0,11.6814,992.322
440,1,0,0,11.6655,908.617
184,1,0,0,11.6485,816.223
138,1,0,0,11.6328,730.3
133,1,0,0,11.6185,653.53
134,1,0,0,11.6109,601.574
129,1,0,0,11.6033,561.93
1718,1,0,0,11.5769,417.674
1719,1,0,0,11.5602,325.295
114,1,0,0,11.5223,120.486
1968,1,0,0,11.5153,81.9493
110,1,0,0,11.5,0
710,1,0,1,11.968,2453.47,0.0443333,193.369,0.36,2
1543,1,0,1,11.9466,2333.21
459,1,0,1,11.9363,2269.8
488,1,0,1,11.9076,2112.91
2144,1,0,1,11.8909,2022.7
486,1,0,1,11.8896,2016.25
482,1,0,1,11.882,1976.94
2142,1,0,1,11.8769,1949.91
2143,1,0,1,11.8765,1948.14
480,1,0,1,11.8761,1946.24
478,1,0,1,11.8719,1924.17
477,1,0,1,11.8638,1881.98
1750,1,0,1,11.86,1861.72
2141,1,0,1,11.8536,1831.93
473,1,0,1,11.8534,1830.73
502,1,0,1,11.8443,1786.83
501,1,0,1,11.8382,1757.63
1016,1,0,2,12.1392,3369.07,0.0438333,191.188,0.28,3
1548,1,0,2,12.1323,3333.03
1012,1,0,2,12.128,3310.61
1014,1,0,2,12.1276,3308.41
989,1,0,2,12.1171,3252.55
990,1,0,2,12.1071,3202.29
704,1,0,2,12.0957,3144.55
2179,1,0,2,12.0955,3143.68
662,1,0,2,12.0893,3114.04
602,1,0,2,12.0784,3046.34
599,1,0,2,12.0745,3024.12
605,1,0,2,12.0706,3000.37
529,1,0,2,12.0534,2900.36
726,1,0,2,12.0386,2800.27
714,1,0,2,12.0384,2798.41
1543,1,0,2,12.0342,2768.44
710,1,0,2,12.0124,2646.84
1402,1,0,3,12.4463,4918.69,0.085,370.744,0.2,4
1390,1,0,3,12.4362,4864.29
1382,1,0,3,12.413,4743.98
1362,1,0,3,12.3891,4619.7
1361,1,0,3,12.3842,4593.25
1354,1,0,3,12.3841,4593.06
1355,1,0,3,12.3778,4559.22
2076,1,0,3,12.376,4550.11
1356,1,0,3,12.3702,4518.45
1357,1,0,3,12.3694,4514.73
1349,1,0,3,12.3582,4456.01
1348,1,0,3,12.3572,4450.96
1340,1,0,3,12.3567,4448.42
1339,1,0,3,12.3507,4417.99
1329,1,0,3,12.3378,4351.43
1158,1,0,3,12.3237,4278.91
2048,1,0,3,12.3034,4171.91
1131,1,0,3,12.2982,4144.68
1130,1,0,3,12.2924,4115.75
1129,1,0,3,12.273,4024.95
1121,1,0,3,12.2537,3925.02
1095,1,0,3,12.2457,3886.22
1093,1,0,3,12.238,3845.49
1074,1,0,3,12.2314,3809.29
1077,1,0,3,12.2211,3755.24
1080,1,0,3,12.2078,3688.79
1079,1,0,3,12.2001,3650.11
1061,1,0,3,12.1959,3628.82
1063,1,0,3,12.1925,3611.01
1062,1,0,3,12.1914,3603.94
2159,1,0,3,12.1912,3603.04
1045,1,0,3,12.1905,3599.89
1043,1,0,3,12.1874,3584.03
2029,1,0,3,12.1873,3583.62
1016,1,0,3,12.1831,3560.25
410,1,0,4,12.942,7451.77,0.109667,478.333,0.09,5
1986,1,0,4,12.9164,7326.03
883,1,0,4,12.8871,7172.67
882,1,0,4,12.8754,7109.1
2155,1,0,4,12.8716,7090.37
901,1,0,4,12.8381,6915.07
902,1,0,4,12.8243,6841.86
904,1,0,4,12.8096,6764.46
925,1,0,4,12.7868,6639.44
2019,1,0,4,12.7809,6610.13
929,1,0,4,12.7805,6608.15
938,1,0,4,12.7684,6542.02
950,1,0,4,12.7524,6460.99
951,1,0,4,12.746,6427.74
949,1,0,4,12.7344,6368.45
1302,1,0,4,12.7077,6228.78
1307,1,0,4,12.6925,6145
1308,1,0,4,12.6809,6083.95
1309,1,0,4,12.6635,5993.85
1314,1,0,4,12.6629,5990.98
2165,1,0,4,12.6439,5892.71
2071,1,0,4,12.6243,5786.86
1359,1,0,4,12.6044,5679.63
1370,1,0,4,12.6034,5675.18
1360,1,0,4,12.5807,5550.16
1382,1,0,4,12.5632,5457.91
1390,1,0,4,12.5423,5347.28
1402,1,0,4,12.5313,5289.44
110,1,0,5,13.3339,9505.78,0,0,0
1968,1,0,5,13.3188,9424.98
1969,1,0,5,13.3067,9348.63
115,1,0,5,13.3042,9334.21
2113,1,0,5,13.2994,9308.14
2133,1,0,5,13.1794,8630.62
366,1,0,5,13.1757,8603.99
2134,1,0,5,13.1647,8542.45
2136,1,0,5,13.1528,8477.53
393,1,0,5,13.1237,8325.64
401,1,0,5,13.1089,8247.18
400,1,0,5,13.0828,8104.08
411,1,0,5,13.0685,8029.53
412,1,0,5,13.0664,8010.02
398,1,0,5,13.052,7931.31
410,1,0,5,13.0517,7930.1
710,2,0,0,11.9984,1682.36,0.0443333,193.369,0.36,1
1543,2,0,0,11.9733,1546.36
459,2,0,0,11.9634,1483.42
458,2,0,0,11.9564,1437.75
456,2,0,0,11.9472,1376.86
457,2,0,0,11.9418,1346.64
454,2,0,0,11.9342,1292.68
455,2,0,0,11.9318,1278.37
453,2,0,0,11.9226,1212.8
446,2,0,0,11.914,1164.09
442,2,0,0,11.9058,1120.37
1857,2,0,0,11.8974,1076.3
441,2,0,0,11.8925,1051.98
185,2,0,0,11.8815,993.794
177,2,0,0,11.8689,927.553
184,2,0,0,11.8485,816.223
138,2,0,0,11.8328,730.3
133,2,0,0,11.8185,653.53
134,2,0,0,11.8109,601.574
129,2,0,0,11.8033,561.93
1718,2,0,0,11.7769,417.674
1719,2,0,0,11.7602,325.295
114,2,0,0,11.7223,120.486
1968,2,0,0,11.7153,81.9493
110,2,0,0,11.7,0
1016,2,0,1,12.1696,2597.96,0.0438333,191.188,0.28,2
1548,2,0,1,12.1627,2561.92
1012,2,0,1,12.1584,2539.5
1014,2,0,1,12.158,2537.3
989,2,0,1,12.1475,2481.44
990,2,0,1,12.1374,2431.18
704,2,0,1,12.1261,2373.44
2179,2,0,1,12.1259,2372.58
662,2,0,1,12.1197,2342.93
602,2,0,1,12.1088,2275.24
599,2,0,1,12.1049,2253.01
605,2,0,1,12.101,2229.26
529,2,0,1,12.0838,2129.25
726,2,0,1,12.069,2029.16
714,2,0,1,12.0688,2027.3
1543,2,0,1,12.0646,1997.34
710,2,0,1,12.0428,1875.73
1402,2,0,2,12.4767,4147.58,0.085,370.744,0.2,3
1390,2,0,2,12.4666,4093.18
1382,2,0,2,12.4434,3972.87
1362,2,0,2,12.4195,3848.59
1361,2,0,2,12.4146,3822.14
1354,2,0,2,12.4145,3821.95
1355,2,0,2,12.4082,3788.11
2076,2,0,2,12.4064,3779
1356,2,0,2,12.4006,3747.34
1357,2,0,2,12.3998,3743.62
1349,2,0,2,12.3886,3684.9
1348,2,0,2,12.3876,3679.85
1340,2,0,2,12.3871,3677.31
1339,2,0,2,12.3811,3646.88
1329,2,0,2,12.3682,3580.32
1158,2,0,2,12.3541,3507.8
2048,2,0,2,12.3338,3400.8
1131,2,0,2,12.3285,3373.57
1130,2,0,2,12.3228,3344.64
1129,2,0,2,12.3034,3253.84
1121,2,0,2,12.2841,3153.91
1095,2,0,2,12.2761,3115.11
1093,2,0,2,12.2683,3074.38
1074,2,0,2,12.2618,3038.18
1077,2,0,2,12.2514,2984.13
1080,2,0,2,12.2382,2917.68
1079,2,0,2,12.2305,2879
1061,2,0,2,12.2263,2857.71
1063,2,0,2,12.2228,2839.9
1062,2,0,2,12.2218,2832.83
2159,2,0,2,12.2216,2831.93
1045,2,0,2,12.2209,2828.78
1043,2,0,2,12.2178,2812.92
2029,2,0,2,12.2177,2812.51
1016,2,0,2,12.2135,2789.14
410,2,0,3,12.9724,6680.66,0.109667,478.333,0.09,4
1986,2,0,3,12.9468,6554.92
883,2,0,3,12.9175,6401.56
882,2,0,3,12.9058,6337.99
2155,2,0,3,12.902,6319.27
901,2,0,3,12.8685,6143.96
902,2,0,3,12.8547,6070.75
904,2,0,3,12.84,5993.35
925,2,0,3,12.8172,5868.33
2019,2,0,3,12.8113,5839.03
929,2,0,3,12.8109,5837.04
938,2,0,3,12.7988,5770.91
950,2,0,3,12.7828,5689.89
951,2,0,3,12.7764,5656.63
949,2,0,3,12.7648,5597.34
1302,2,0,3,12.7381,5457.68
1307,2,0,3,12.7229,5373.89
1308,2,0,3,12.7113,5312.84
1309,2,0,3,12.6939,5222.74
1314,2,0,3,12.6933,5219.87
2165,2,0,3,12.6743,5121.6
2071,2,0,3,12.6547,5015.75
1359,2,0,3,12.6348,4908.53
1370,2,0,3,12.6338,4904.07
1360,2,0,3,12.6111,4779.05
1382,2,0,3,12.5936,4686.8
1390,2,0,3,12.5727,4576.17
1402,2,0,3,12.5617,4518.33
501,2,0,4,13.306,8321.89,0.0531667,231.897,0.2,5
502,2,0,4,13.3007,8296.36
499,2,0,4,13.2738,8170.51
500,2,0,4,13.2692,8147.11
518,2,0,4,13.2636,8118.92
519,2,0,4,13.2519,8059.61
514,2,0,4,13.2432,8015.32
515,2,0,4,13.2379,7988.83
513,2,0,4,13.2248,7923.88
395,2,0,4,13.1984,7784.76
394,2,0,4,13.1831,7705.97
2137,2,0,4,13.1611,7591.72
393,2,0,4,13.1541,7554.54
401,2,0,4,13.1392,7476.07
400,2,0,4,13.1132,7332.97
411,2,0,4,13.0988,7258.42
412,2,0,4,13.0968,7238.91
398,2,0,4,13.0824,7160.2
410,2,0,4,13.0821,7158.99
110,2,0,5,13.6313,10014.6,0,0,0
1968,2,0,5,13.6162,9933.76
114,2,0,5,13.6104,9898.57
1719,2,0,5,13.5751,9705.3
1718,2,0,5,13.557,9606.77
129,2,0,5,13.5331,9473.01
134,2,0,5,13.5281,9444.51
133,2,0,5,13.5161,9379.67
138,2,0,5,13.4953,9275.09
184,2,0,5,13.4785,9184.7
440,2,0,5,13.4559,9068.32
451,2,0,5,13.4396,8982.9
1716,2,0,5,13.4372,8966.48
462,2,0,5,13.43,8927.66
1990,2,0,5,13.4222,8874.62
463,2,0,5,13.405,8784.58
474,2,0,5,13.3911,8711.59
2140,2,0,5,13.383,8673.76
2141,2,0,5,13.3748,8628.78
473,2,0,5,13.3746,8628.02
502,2,0,5,13.3656,8584.12
501,2,0,5,13.3591,8553.79
410,3,0,0,11.6922,1462.66,0.0726667,316.95,0.06,1
398,3,0,0,11.6919,1461.45
397,3,0,0,11.6793,1392.89
390,3,0,0,11.6598,1291.33
382,3,0,0,11.6425,1199.86
376,3,0,0,11.6245,1103.09
369,3,0,0,11.605,998.232
360,3,0,0,11.5827,878.986
361,3,0,0,11.5701,809.873
128,3,0,0,11.5096,481.115
126,3,0,0,11.5023,442.296
125,3,0,0,11.496,408.059
118,3,0,0,11.4631,231.019
1968,3,0,0,11.4353,81.9493
110,3,0,0,11.42,0
710,3,0,1,11.9846,3117.52,0.0443333,193.369,0.36,2
1543,3,0,1,11.9631,2997.25
715,3,0,1,11.9583,2952.99
714,3,0,1,11.9544,2928.98
726,3,0,1,11.9542,2927.1
529,3,0,1,11.9405,2827.61
605,3,0,1,11.9257,2731
603,3,0,1,11.9206,2703.02
604,3,0,1,11.9163,2679.88
596,3,0,1,11.9162,2678.91
580,3,0,1,11.9078,2620.63
574,3,0,1,11.8905,2527.39
573,3,0,1,11.8805,2471.49
564,3,0,1,11.8728,2430.34
557,3,0,1,11.8667,2396.35
561,3,0,1,11.86,2349.83
628,3,0,1,11.8555,2324.18
609,3,0,1,11.8428,2247.52
423,3,0,1,11.8369,2191.2
419,3,0,1,11.8322,2156.76
418,3,0,1,11.8169,2071.84
2139,3,0,1,11.813,2050.41
2138,3,0,1,11.7946,1948.97
411,3,0,1,11.781,1874.15
412,3,0,1,11.7785,1855.14
398,3,0,1,11.7651,1780.81
410,3,0,1,11.7648,1779.61
1016,3,0,2,12.1558,4033.11,0.0438333,191.188,0.28,3
1548,3,0,2,12.1488,3997.08
1012,3,0,2,12.1445,3974.66
1014,3,0,2,12.1441,3972.45
989,3,0,2,12.1336,3916.59
990,3,0,2,12.1236,3866.33
704,3,0,2,12.1123,3808.59
2179,3,0,2,12.1121,3807.73
662,3,0,2,12.1059,3778.08
602,3,0,2,12.0949,3710.39
599,3,0,2,12.091,3688.16
605,3,0,2,12.0872,3664.41
529,3,0,2,12.0699,3564.4
726,3,0,2,12.0552,3464.31
714,3,0,2,12.055,3462.45
1543,3,0,2,12.0507,3432.49
710,3,0,2,12.0289,3310.88
1402,3,0,3,12.4629,5582.73,0.085,370.744,0.2,4
1390,3,0,3,12.4528,5528.34
1382,3,0,3,12.4296,5408.02
1362,3,0,3,12.4056,5283.74
1361,3,0,3,12.4007,5257.29
1354,3,0,3,12.4007,5257.1
1355,3,0,3,12.3944,5223.26
2076,3,0,3,12.3925,5214.15
1356,3,0,3,12.3867,5182.49
1357,3,0,3,12.386,5178.77
1349,3,0,3,12.3747,5120.06
1348,3,0,3,12.3737,5115.01
1340,3,0,3,12.3732,5112.46
1339,3,0,3,12.3672,5082.04
1329,3,0,3,12.3543,5015.47
1158,3,0,3,12.3402,4942.95
2048,3,0,3,12.3199,4835.95
1131,3,0,3,12.3147,4808.72
1130,3,0,3,12.3089,4779.79
1129,3,0,3,12.2896,4689
1121,3,0,3,12.2703,4589.06
1095,3,0,3,12.2622,4550.26
1093,3,0,3,12.2545,4509.54
1074,3,0,3,12.248,4473.33
1077,3,0,3,12.2376,4419.28
1080,3,0,3,12.2243,4352.83
1079,3,0,3,12.2167,4314.15
1061,3,0,3,12.2125,4292.86
1063,3,0,3,12.209,4275.05
1062,3,0,3,12.2079,4267.98
2159,3,0,3,12.2078,4267.08
1045,3,0,3,12.2071,4263.93
1043,3,0,3,12.204,4248.07
2029,3,0,3,12.2039,4247.66
1016,3,0,3,12.1996,4224.3
501,3,0,4,12.9793,8152.35,0.102667,447.801,0.22,5
502,3,0,4,12.9741,8126.82
499,3,0,4,12.9495,8010.43
500,3,0,4,12.9449,7987.02
518,3,0,4,12.9389,7957.04
1754,3,0,4,12.9264,7898.05
540,3,0,4,12.9168,7849.65
541,3,0,4,12.9059,7794.07
572,3,0,4,12.8968,7746.59
1994,3,0,4,12.8813,7672.14
1993,3,0,4,12.877,7650.65
1995,3,0,4,12.871,7619.85
1996,3,0,4,12.8648,7589.56
1997,3,0,4,12.8609,7569.66
2027,3,0,4,12.8343,7442.06
2026,3,0,4,12.8286,7413.71
978,3,0,4,12.8228,7385.03
1010,3,0,4,12.8087,7311.3
1011,3,0,4,12.7942,7237.31
1009,3,0,4,12.789,7209.68
1041,3,0,4,12.7889,7208.99
1059,3,0,4,12.7807,7167.15
1058,3,0,4,12.7755,7141.09
1056,3,0,4,12.7691,7106.65
1072,3,0,4,12.7515,7015.75
1071,3,0,4,12.7433,6973.65
1090,3,0,4,12.735,6929.01
1089,3,0,4,12.7284,6893.15
1119,3,0,4,12.7213,6853.92
1118,3,0,4,12.7145,6817.72
2044,3,0,4,12.6984,6734.47
2169,3,0,4,12.6919,6699.59
2171,3,0,4,12.6877,6677.45
2046,3,0,4,12.6815,6646.22
1778,3,0,4,12.6561,6517.71
1327,3,0,4,12.6448,6456.94
1343,3,0,4,12.6442,6454.21
1355,3,0,4,12.6195,6323.39
1364,3,0,4,12.6194,6323.18
1362,3,0,4,12.6092,6269.55
1382,3,0,4,12.5798,6121.95
1390,3,0,4,12.5588,6011.32
1402,3,0,4,12.5479,5953.48
110,3,0,5,13.3541,10060.9,0,0,0
1968,3,0,5,13.3391,9980.12
114,3,0,5,13.3332,9944.93
1719,3,0,5,13.298,9751.67
1718,3,0,5,13.2799,9653.13
129,3,0,5,13.2559,9519.38
134,3,0,5,13.251,9490.87
133,3,0,5,13.239,9426.04
138,3,0,5,13.2181,9321.45
184,3,0,5,13.2013,9231.06
440,3,0,5,13.1788,9114.68
451,3,0,5,13.1624,9029.26
1716,3,0,5,13.16,9012.84
462,3,0,5,13.1528,8974.02
1990,3,0,5,13.145,8920.98
463,3,0,5,13.1278,8830.95
474,3,0,5,13.114,8757.96
2140,3,0,5,13.1058,8720.12
2141,3,0,5,13.0976,8675.14
473,3,0,5,13.0974,8674.38
502,3,0,5,13.0884,8630.48
501,3,0,5,13.082,8600.15
710,4,0,0,11.6584,1682.36,0.0443333,193.369,0.36,1
1543,4,0,0,11.6333,1546.36
459,4,0,0,11.6234,1483.42
458,4,0,0,11.6164,1437.75
456,4,0,0,11.6072,1376.86
457,4,0,0,11.6018,1346.64
454,4,0,0,11.5942,1292.68
455,4,0,0,11.5918,1278.37
453,4,0,0,11.5826,1212.8
446,4,0,0,11.574,1164.09
442,4,0,0,11.5658,1120.37
1857,4,0,0,11.5574,1076.3
441,4,0,0,11.5525,1051.98
185,4,0,0,11.5415,993.794
177,4,0,0,11.5289,927.553
184,4,0,0,11.5085,816.223
138,4,0,0,11.4928,730.3
133,4,0,0,11.4785,653.53
134,4,0,0,11.4709,601.574
129,4,0,0,11.4633,561.93
1718,4,0,0,11.4369,417.674
1719,4,0,0,11.4202,325.295
114,4,0,0,11.3823,120.486
1968,4,0,0,11.3753,81.9493
110,4,0,0,11.36,0
410,4,0,1,11.9419,3297.46,0.0726667,316.95,0.06,2
398,4,0,1,11.9417,3296.25
397,4,0,1,11.9313,3236.47
399,4,0,1,11.9148,3146.48
411,4,0,1,11.9003,3066.94
1537,4,0,1,11.8722,2908.63
418,4,0,1,11.8669,2880.17
419,4,0,1,11.8506,2791.05
423,4,0,1,11.8459,2756.6
609,4,0,1,11.84,2700.28
628,4,0,1,11.8274,2623.84
561,4,0,1,11.8233,2598.8
557,4,0,1,11.8153,2550.72
554,4,0,1,11.8137,2542.26
565,4,0,1,11.8061,2499.32
573,4,0,1,11.8008,2472.73
574,4,0,1,11.7918,2420.94
580,4,0,1,11.7734,2322.66
596,4,0,1,11.7673,2262.81
595,4,0,1,11.7618,2232.4
605,4,0,1,11.7606,2224.41
529,4,0,1,11.7434,2124.38
726,4,0,1,11.7275,2023.19
714,4,0,1,11.7273,2021.3
1543,4,0,1,11.7225,1990.78
710,4,0,1,11.7028,1875.73
1402,4,0,2,12.4249,5784.91,0.085,370.744,0.2,3
1390,4,0,2,12.4148,5730.52
1382,4,0,2,12.3923,5613.41
1362,4,0,2,12.373,5508.58
1361,4,0,2,12.3685,5484.06
1354,4,0,2,12.3685,5483.87
2188,4,0,2,12.362,5450.11
2075,4,0,2,12.3411,5342.16
1822,4,0,2,12.3403,5338.17
1353,4,0,2,12.3313,5292.42
2118,4,0,2,12.3098,5176.26
2117,4,0,2,12.3072,5151.63
2164,4,0,2,12.29,5038.48
1307,4,0,2,12.2734,4951.49
1302,4,0,2,12.2567,4861.24
949,4,0,2,12.234,4738.44
2025,4,0,2,12.2305,4720.99
1598,4,0,2,12.2271,4702.02
948,4,0,2,12.2204,4667.33
928,4,0,2,12.2087,4604.29
923,4,0,2,12.1725,4423.53
924,4,0,2,12.1642,4384.22
914,4,0,2,12.1438,4277.13
902,4,0,2,12.1375,4242.13
887,4,0,2,12.1209,4156.83
2012,4,0,2,12.1034,4065.19
884,4,0,2,12.0989,4042.25
1987,4,0,2,12.0615,3852.27
413,4,0,2,12.0422,3754.57
414,4,0,2,12.0369,3726.93
410,4,0,2,12.0146,3614.41
1016,4,0,3,12.7753,7533.57,0.0438333,191.188,0.28,4
2029,4,0,3,12.7688,7500.56
1043,4,0,3,12.7687,7500.14
2158,4,0,3,12.7596,7455.99
2030,4,0,3,12.7556,7436.16
1041,4,0,3,12.7509,7411.17
1059,4,0,3,12.7427,7369.33
1058,4,0,3,12.7375,7343.27
1056,4,0,3,12.7311,7308.83
1072,4,0,3,12.7135,7217.93
1071,4,0,3,12.7053,7175.83
1090,4,0,3,12.6971,7131.19
1089,4,0,3,12.6904,7095.33
1119,4,0,3,12.6833,7056.1
1118,4,0,3,12.6765,7019.9
2044,4,0,3,12.6604,6936.65
2169,4,0,3,12.6539,6901.77
2171,4,0,3,12.6497,6879.63
2046,4,0,3,12.6435,6848.4
1778,4,0,3,12.6181,6719.89
1327,4,0,3,12.6068,6659.12
1343,4,0,3,12.6062,6656.39
1355,4,0,3,12.5815,6525.57
1364,4,0,3,12.5814,6525.36
1362,4,0,3,12.5712,6471.73
1382,4,0,3,12.5418,6324.13
1390,4,0,3,12.5208,6213.5
1402,4,0,3,12.5099,6155.66
501,4,0,4,13.0098,8650.26,0.0531667,231.897,0.2,5
1747,4,0,4,13.0031,8617.65
1746,4,0,4,12.9739,8473.15
1745,4,0,4,12.963,8419.08
1844,4,0,4,12.9424,8318.85
575,4,0,4,12.9397,8302.8
571,4,0,4,12.9359,8282.83
570,4,0,4,12.9313,8260.5
569,4,0,4,12.9256,8232.9
640,4,0,4,12.9203,8205.88
649,4,0,4,12.9138,8174.55
646,4,0,4,12.9074,8143.67
691,4,0,4,12.8996,8106.91
689,4,0,4,12.8758,7996.02
979,4,0,4,12.8661,7951.98
980,4,0,4,12.8609,7925.91
978,4,0,4,12.8573,7907.42
1010,4,0,4,12.8416,7827.27
1016,4,0,4,12.8191,7724.76
110,4,0,5,13.3351,10342.9,0,0,0
1968,4,0,5,13.32,10262.1
114,4,0,5,13.3142,10226.9
1719,4,0,5,13.2789,10033.7
1718,4,0,5,13.2608,9935.14
129,4,0,5,13.2369,9801.38
134,4,0,5,13.232,9772.88
133,4,0,5,13.22,9708.04
138,4,0,5,13.1991,9603.46
184,4,0,5,13.1823,9513.07
440,4,0,5,13.1598,9396.69
451,4,0,5,13.1434,9311.27
1716,4,0,5,13.141,9294.85
462,4,0,5,13.1338,9256.03
1990,4,0,5,13.126,9202.99
463,4,0,5,13.1088,9112.95
474,4,0,5,13.095,9039.96
2140,4,0,5,13.0868,9002.13
2141,4,0,5,13.0786,8957.15
473,4,0,5,13.0784,8956.39
502,4,0,5,13.0694,8912.49
501,4,0,5,13.063,8882.16
410,5,0,0,11.6922,1462.66,0.0726667,316.95,0.06,1
398,5,0,0,11.6919,1461.45
397,5,0,0,11.6793,1392.89
390,5,0,0,11.6598,1291.33
382,5,0,0,11.6425,1199.86
376,5,0,0,11.6245,1103.09
369,5,0,0,11.605,998.232
360,5,0,0,11.5827,878.986
361,5,0,0,11.5701,809.873
128,5,0,0,11.5096,481.115
126,5,0,0,11.5023,442.296
125,5,0,0,11.496,408.059
118,5,0,0,11.4631,231.019
1968,5,0,0,11.4353,81.9493
110,5,0,0,11.42,0
710,5,0,1,11.9846,3117.52,0.0443333,193.369,0.36,2
1543,5,0,1,11.9631,2997.25
715,5,0,1,11.9583,2952.99
714,5,0,1,11.9544,2928.98
726,5,0,1,11.9542,2927.1
529,5,0,1,11.9405,2827.61
605,5,0,1,11.9257,2731
603,5,0,1,11.9206,2703.02
604,5,0,1,11.9163,2679.88
596,5,0,1,11.9162,2678.91
580,5,0,1,11.9078,2620.63
574,5,0,1,11.8905,2527.39
573,5,0,1,11.8805,2471.49
564,5,0,1,11.8728,2430.34
557,5,0,1,11.8667,2396.35
561,5,0,1,11.86,2349.83
628,5,0,1,11.8555,2324.18
609,5,0,1,11.8428,2247.52
423,5,0,1,11.8369,2191.2
419,5,0,1,11.8322,2156.76
418,5,0,1,11.8169,2071.84
2139,5,0,1,11.813,2050.41
2138,5,0,1,11.7946,1948.97
411,5,0,1,11.781,1874.15
412,5,0,1,11.7785,1855.14
398,5,0,1,11.7651,1780.81
410,5,0,1,11.7648,1779.61
501,5,0,2,12.1553,4004.15,0.102667,447.801,0.22,3
1747,5,0,2,12.1485,3971.54
505,5,0,2,12.1434,3945.32
506,5,0,2,12.1259,3864.64
507,5,0,2,12.1186,3829.61
510,5,0,2,12.1078,3778.53
509,5,0,2,12.1026,3753.11
508,5,0,2,12.0977,3726.5
512,5,0,2,12.0899,3687.28
511,5,0,2,12.0861,3668.12
2145,5,0,2,12.0854,3664.9
2146,5,0,2,12.0738,3600.57
529,5,0,2,12.0699,3564.4
726,5,0,2,12.0552,3464.31
714,5,0,2,12.055,3462.45
1543,5,0,2,12.0507,3432.49
710,5,0,2,12.0289,3310.88
1402,5,0,3,12.6648,6528.05,0.085,370.744,0.2,4
1390,5,0,3,12.6547,6473.65
1382,5,0,3,12.6322,6356.54
1362,5,0,3,12.6129,6251.71
1361,5,0,3,12.6084,6227.19
1354,5,0,3,12.6083,6227
1355,5,0,3,12.6029,6196.96
2076,5,0,3,12.6011,6187.84
1356,5,0,3,12.5923,6143.41
1357,5,0,3,12.5915,6139.69
1349,5,0,3,12.5782,6072.29
1348,5,0,3,12.5774,6067.95
1340,5,0,3,12.5769,6065.4
1339,5,0,3,12.5707,6034.28
1329,5,0,3,12.5583,5969.68
1158,5,0,3,12.541,5883.85
2048,5,0,3,12.5208,5777.27
1131,5,0,3,12.5153,5748.9
1130,5,0,3,12.5095,5719.97
1129,5,0,3,12.4907,5631.33
1121,5,0,3,12.4714,5531.4
1095,5,0,3,12.4633,5492.59
1093,5,0,3,12.4556,5451.87
1074,5,0,3,12.4491,5415.67
1073,5,0,3,12.4373,5356.8
1057,5,0,3,12.4191,5264.11
1042,5,0,3,12.4138,5237.73
2030,5,0,3,12.4068,5200.7
1011,5,0,3,12.4067,5199.85
1547,5,0,3,12.3924,5129.73
1546,5,0,3,12.3873,5104.04
975,5,0,3,12.3841,5086.89
2026,5,0,3,12.378,5054.16
2027,5,0,3,12.3704,5018.35
1998,5,0,3,12.3604,4967.25
1997,5,0,3,12.3522,4925.17
1996,5,0,3,12.3459,4895.54
1995,5,0,3,12.3393,4863.46
1993,5,0,3,12.3342,4836.65
1994,5,0,3,12.33,4815.17
572,5,0,3,12.3229,4776.05
541,5,0,3,12.314,4729.48
540,5,0,3,12.3033,4674.57
1754,5,0,3,12.2947,4630.38
518,5,0,3,12.2861,4587.43
500,5,0,3,12.2805,4559
501,5,0,3,12.2579,4451.95
1016,5,0,4,13.0152,8276.7,0.0561667,244.982,0.25,5
2029,5,0,4,13.0086,8243.69
1043,5,0,4,13.0086,8243.27
2158,5,0,4,12.9995,8199.12
2030,5,0,4,12.9955,8179.29
1041,5,0,4,12.9908,8154.3
1059,5,0,4,12.9826,8112.46
1058,5,0,4,12.9774,8086.4
1056,5,0,4,12.971,8051.96
1072,5,0,4,12.9534,7961.06
1071,5,0,4,12.9452,7918.96
1090,5,0,4,12.9369,7874.32
1089,5,0,4,12.9303,7838.46
1119,5,0,4,12.9232,7799.23
1118,5,0,4,12.9164,7763.03
2044,5,0,4,12.9003,7679.78
2169,5,0,4,12.8938,7644.9
2171,5,0,4,12.8896,7622.76
2046,5,0,4,12.8834,7591.54
1778,5,0,4,12.858,7463.03
1327,5,0,4,12.8467,7402.25
1343,5,0,4,12.8461,7399.52
1355,5,0,4,12.8214,7268.7
1364,5,0,4,12.8213,7268.49
1362,5,0,4,12.8111,7214.86
1382,5,0,4,12.7817,7067.27
1390,5,0,4,12.7607,6956.63
1402,5,0,4,12.7498,6898.79
110,5,0,5,13.4932,10718,0,0,0
1968,5,0,5,13.4781,10637.2
114,5,0,5,13.4723,10602
1719,5,0,5,13.4367,10407.2
1718,5,0,5,13.4184,10307.8
129,5,0,5,13.3941,10172.7
134,5,0,5,13.3868,10134.3
133,5,0,5,13.3741,10066.7
138,5,0,5,13.3533,9962.14
184,5,0,5,13.3356,9867.87
440,5,0,5,13.3146,9758.01
451,5,0,5,13.2982,9672.59
1716,5,0,5,13.2958,9656.17
462,5,0,5,13.2886,9617.35
1990,5,0,5,13.2808,9564.31
463,5,0,5,13.2636,9474.27
474,5,0,5,13.2498,9401.28
2140,5,0,5,13.2416,9363.45
475,5,0,5,13.2349,9332.18
499,5,0,5,13.2271,9292.59
500,5,0,5,13.2225,9269.18
518,5,0,5,13.217,9241
1754,5,0,5,13.2038,9179.14
540,5,0,5,13.1952,9135.24
541,5,0,5,13.1845,9080.09
572,5,0,5,13.1758,9034.33
1994,5,0,5,13.1661,8984.05
1993,5,0,5,13.1618,8962.57
1995,5,0,5,13.155,8928.2
1996,5,0,5,13.1489,8898.26
1997,5,0,5,13.145,8878.36
2027,5,0,5,13.1201,8757.58
2026,5,0,5,13.1143,8729.1
978,5,0,5,13.1053,8687.1
1010,5,0,5,13.0915,8614.98
1016,5,0,5,13.0714,8521.68
410,6,0,0,12.7308,1541.88,0.109667,478.333,0.09,1
398,6,0,0,12.7305,1540.67
397,6,0,0,12.7194,1478.15
390,6,0,0,12.6982,1369.88
382,6,0,0,12.6794,1272
376,6,0,0,12.6616,1176.01
369,6,0,0,12.6425,1072.96
360,6,0,0,12.6206,955.448
361,6,0,0,12.6065,879.675
128,6,0,0,12.5336,498.056
126,6,0,0,12.5263,459.208
125,6,0,0,12.5167,411.058
118,6,0,0,12.4803,219.037
1968,6,0,0,12.4542,77.2014
110,6,0,0,12.44,0
1402,6,0,1,13.2508,4190.72,0.1085,473.244,0.18,2
1390,6,0,1,13.2406,4136.32
1382,6,0,1,13.2182,4019.21
1362,6,0,1,13.1988,3914.38
1361,6,0,1,13.1944,3889.87
1354,6,0,1,13.1943,3889.68
2188,6,0,1,13.1879,3855.92
2075,6,0,1,13.1669,3747.97
1822,6,0,1,13.1661,3743.97
1353,6,0,1,13.1571,3698.23
2118,6,0,1,13.1356,3582.06
2117,6,0,1,13.1331,3557.43
2164,6,0,1,13.1158,3444.28
1307,6,0,1,13.0992,3357.29
1302,6,0,1,13.0826,3267.05
949,6,0,1,13.0598,3144.25
2025,6,0,1,13.0564,3126.79
1598,6,0,1,13.053,3107.83
948,6,0,1,13.0462,3073.14
928,6,0,1,13.0346,3010.09
923,6,0,1,12.9983,2829.34
924,6,0,1,12.9901,2790.02
914,6,0,1,12.9696,2682.94
902,6,0,1,12.9634,2647.93
887,6,0,1,12.9467,2562.64
2012,6,0,1,12.9293,2470.99
884,6,0,1,12.9248,2448.05
1987,6,0,1,12.8874,2258.07
413,6,0,1,12.868,2160.38
414,6,0,1,12.8627,2132.73
410,6,0,1,12.8405,2020.22
1016,6,0,2,13.6224,6038.45,0.0561667,244.982,0.25,3
2029,6,0,2,13.6179,6014.21
1043,6,0,2,13.6178,6013.8
2158,6,0,2,13.6098,5974.21
2030,6,0,2,13.6059,5954.38
1041,6,0,2,13.6003,5925.89
1059,6,0,2,13.5907,5878.17
1058,6,0,2,13.5854,5851.61
1075,6,0,2,13.5685,5763.93
1072,6,0,2,13.5585,5712.58
1071,6,0,2,13.5506,5671.97
1090,6,0,2,13.5422,5626.4
1089,6,0,2,13.5364,5594.46
1119,6,0,2,13.5289,5553.11
1118,6,0,2,13.5222,5517.31
2044,6,0,2,13.5069,5437.45
1128,6,0,2,13.502,5411.22
1148,6,0,2,13.4959,5374.22
1549,6,0,2,13.4864,5329.7
1147,6,0,2,13.4807,5298.78
1327,6,0,2,13.4498,5140.07
1343,6,0,2,13.4492,5137.33
1355,6,0,2,13.4167,4974.06
1364,6,0,2,13.4167,4973.86
1362,6,0,2,13.4066,4920.61
1382,6,0,2,13.389,4823.38
1390,6,0,2,13.3695,4718.63
1402,6,0,2,13.3593,4663.96
501,6,0,3,13.8599,7179.14,0.0531667,231.897,0.2,4
1747,6,0,3,13.854,7150.13
1746,6,0,3,13.8235,7000.15
540,6,0,3,13.8024,6896.99
541,6,0,3,13.7917,6841.84
572,6,0,3,13.783,6796.08
1994,6,0,3,13.7732,6745.81
1993,6,0,3,13.769,6724.32
1995,6,0,3,13.7621,6689.95
1996,6,0,3,13.756,6660.01
1997,6,0,3,13.7521,6640.11
2027,6,0,3,13.7272,6519.34
2026,6,0,3,13.7214,6490.85
978,6,0,3,13.7124,6448.85
1010,6,0,3,13.6987,6376.73
1016,6,0,3,13.6785,6283.44
110,6,0,4,14.1852,8871.81,0,0,0
1968,6,0,4,14.1701,8791.01
114,6,0,4,14.1643,8755.82
1719,6,0,4,14.129,8562.55
1718,6,0,4,14.1109,8464.02
129,6,0,4,14.087,8330.26
134,6,0,4,14.0821,8301.76
133,6,0,4,14.07,8236.92
138,6,0,4,14.0492,8132.34
184,6,0,4,14.0324,8041.95
440,6,0,4,14.0099,7925.57
451,6,0,4,13.9935,7840.15
1716,6,0,4,13.9911,7823.73
462,6,0,4,13.9839,7784.91
1990,6,0,4,13.9761,7731.87
463,6,0,4,13.9589,7641.83
474,6,0,4,13.9451,7568.84
2140,6,0,4,13.9369,7531.01
2141,6,0,4,13.9287,7486.03
473,6,0,4,13.9285,7485.27
502,6,0,4,13.9195,7441.37
501,6,0,4,13.9131,7411.04
710,6,1,0,11.4084,1682.36,0.0443333,193.369,0.36,1
1543,6,1,0,11.3833,1546.36
459,6,1,0,11.3734,1483.42
458,6,1,0,11.3664,1437.75
456,6,1,0,11.3572,1376.86
457,6,1,0,11.3518,1346.64
454,6,1,0,11.3442,1292.68
455,6,1,0,11.3418,1278.37
453,6,1,0,11.3326,1212.8
446,6,1,0,11.324,1164.09
442,6,1,0,11.3158,1120.37
1857,6,1,0,11.3074,1076.3
441,6,1,0,11.3025,1051.98
185,6,1,0,11.2915,993.794
177,6,1,0,11.2789,927.553
184,6,1,0,11.2585,816.223
138,6,1,0,11.2428,730.3
133,6,1,0,11.2285,653.53
134,6,1,0,11.2209,601.574
129,6,1,0,11.2133,561.93
1718,6,1,0,11.1869,417.674
1719,6,1,0,11.1702,325.295
114,6,1,0,11.1323,120.486
1968,6,1,0,11.1253,81.9493
110,6,1,0,11.11,0
110,6,1,1,11.7592,3629.63,0,0,0
1968,6,1,1,11.7441,3548.6
114,6,1,1,11.7389,3514.27
1719,6,1,1,11.6959,3287.66
1718,6,1,1,11.6805,3200.61
129,6,1,1,11.656,3064.75
134,6,1,1,11.6496,3030.36
133,6,1,1,11.6368,2962.15
138,6,1,1,11.616,2857.57
184,6,1,1,11.5967,2756.61
440,6,1,1,11.5801,2665.42
451,6,1,1,11.5613,2569.71
1716,6,1,1,11.5589,2553.28
462,6,1,1,11.5485,2500.86
1990,6,1,1,11.5406,2447.83
452,6,1,1,11.5356,2415.39
453,6,1,1,11.5243,2328.21
455,6,1,1,11.5119,2258.28
454,6,1,1,11.509,2242.66
457,6,1,1,11.5023,2188.7
456,6,1,1,11.4972,2159.26
458,6,1,1,11.4877,2098.11
459,6,1,1,11.4818,2053.01
1543,6,1,1,11.4725,1990.78
710,6,1,1,11.4528,1875.73
410,7,0,0,13.4243,1471.19,0.074,322.766,0.11,1
398,7,0,0,13.424,1469.98
397,7,0,0,13.4132,1408.71
390,7,0,0,13.3933,1305.9
382,7,0,0,13.3769,1218.33
376,7,0,0,13.3599,1125.74
369,7,0,0,13.3401,1019.33
360,7,0,0,13.3191,906.015
361,7,0,0,13.3046,828.632
128,7,0,0,13.2495,523.193
126,7,0,0,13.241,479.066
125,7,0,0,13.2318,432.83
118,7,0,0,13.197,247.521
1968,7,0,0,13.1648,79.7523
110,7,0,0,13.15,0
1016,7,0,1,13.7127,2978.6,0.0561667,244.982,0.25,2
1010,7,0,1,13.7036,2930.95
2026,7,0,1,13.6762,2797.16
2027,7,0,1,13.6711,2771.32
1998,7,0,1,13.6607,2718.62
1997,7,0,1,13.6521,2675.01
1996,7,0,1,13.6462,2646.71
1995,7,0,1,13.638,2608.39
1993,7,0,1,13.6289,2564.72
1994,7,0,1,13.6246,2543.23
562,7,0,1,13.6151,2494.18
563,7,0,1,13.6114,2475.26
564,7,0,1,13.6057,2444.42
557,7,0,1,13.5998,2411.34
561,7,0,1,13.5931,2364.8
628,7,0,1,13.5888,2339.43
609,7,0,1,13.5766,2263.63
423,7,0,1,13.5707,2207.31
419,7,0,1,13.5654,2172.47
418,7,0,1,13.5471,2074.91
2139,7,0,1,13.5438,2055.44
2138,7,0,1,13.5274,1962.7
411,7,0,1,13.5151,1893.38
412,7,0,1,13.513,1873.87
398,7,0,1,13.4986,1795.16
410,7,0,1,13.4983,1793.95
1402,7,0,2,14.0335,4590.97,0.0816667,356.205,0.16,3
1390,7,0,2,14.0244,4540.91
1382,7,0,2,13.9989,4410.86
1362,7,0,2,13.9783,4300.86
1361,7,0,2,13.9741,4277.69
1354,7,0,2,13.9741,4277.5
1355,7,0,2,13.9676,4243
2076,7,0,2,13.9658,4233.89
1356,7,0,2,13.9582,4194.54
1357,7,0,2,13.9574,4190.82
1349,7,0,2,13.9447,4125.87
1348,7,0,2,13.9441,4122.44
1340,7,0,2,13.9436,4119.9
1339,7,0,2,13.938,4091.16
1330,7,0,2,13.9173,3982.42
1161,7,0,2,13.9079,3934.51
1162,7,0,2,13.8979,3881.51
1136,7,0,2,13.8792,3783.31
1138,7,0,2,13.8725,3748.95
1137,7,0,2,13.8666,3717.85
1123,7,0,2,13.8529,3651.7
1775,7,0,2,13.8443,3607.71
1102,7,0,2,13.8286,3528.52
1100,7,0,2,13.8144,3459.13
1101,7,0,2,13.8034,3402.48
1082,7,0,2,13.795,3360.52
1079,7,0,2,13.7859,3313.5
1061,7,0,2,13.7816,3292.21
1063,7,0,2,13.7784,3275.37
1062,7,0,2,13.7774,3268.33
2159,7,0,2,13.7772,3267.35
1045,7,0,2,13.7765,3264.2
1043,7,0,2,13.7732,3247.52
2029,7,0,2,13.7731,3247.1
1016,7,0,2,13.7688,3223.58
501,7,0,3,14.5355,7106.11,0.107,466.702,0.18,4
1747,7,0,3,14.5295,7076.89
1746,7,0,3,14.5009,6934.48
540,7,0,3,14.4839,6848.54
541,7,0,3,14.4714,6786.03
572,7,0,3,14.4609,6732.79
567,7,0,3,14.4508,6679.38
565,7,0,3,14.4486,6665.89
562,7,0,3,14.4419,6631.38
639,7,0,3,14.4385,6613.94
638,7,0,3,14.4328,6584.27
637,7,0,3,14.4278,6559.24
685,7,0,3,14.4168,6505.46
687,7,0,3,14.4116,6479.43
971,7,0,3,14.3969,6410.53
972,7,0,3,14.3896,6374.32
973,7,0,3,14.3749,6305.19
1008,7,0,3,14.3652,6257.09
1009,7,0,3,14.353,6195.51
1041,7,0,3,14.3529,6194.82
1059,7,0,3,14.344,6149.99
1058,7,0,3,14.339,6124.74
1075,7,0,3,14.3215,6034.67
1072,7,0,3,14.3115,5983.22
1071,7,0,3,14.3013,5932.75
1090,7,0,3,14.2952,5895.53
1089,7,0,3,14.2891,5862.2
1119,7,0,3,14.2805,5816.31
1118,7,0,3,14.2743,5782.73
2044,7,0,3,14.2591,5703.16
2169,7,0,3,14.2511,5662.14
2171,7,0,3,14.2464,5637.99
1549,7,0,3,14.2387,5597.84
1147,7,0,3,14.2312,5559.46
1327,7,0,3,14.2028,5411.48
1343,7,0,3,14.2022,5408.75
1355,7,0,3,14.1755,5269.33
1364,7,0,3,14.1754,5269.12
1362,7,0,3,14.1656,5217.14
1382,7,0,3,14.1456,5109.31
1390,7,0,3,14.1241,4996.14
1402,7,0,3,14.1152,4947.17
110,7,0,4,14.9162,9062.01,0,0,0
111,7,0,4,14.9138,9046.13
1968,7,0,4,14.9044,8981.46
114,7,0,4,14.8988,8946.72
1719,7,0,4,14.8608,8741.69
1720,7,0,4,14.8458,8659.22
1718,7,0,4,14.84,8626.67
129,7,0,4,14.8148,8487.6
134,7,0,4,14.8088,8454.63
133,7,0,4,14.7964,8388.1
138,7,0,4,14.7755,8283.52
184,7,0,4,14.7592,8194.98
440,7,0,4,14.7433,8107.36
451,7,0,4,14.7268,8021.16
1716,7,0,4,14.7244,8004.74
462,7,0,4,14.7152,7957.67
1990,7,0,4,14.7082,7904.97
463,7,0,4,14.6895,7808.45
474,7,0,4,14.6741,7729.21
2140,7,0,4,14.6651,7687.88
2141,7,0,4,14.6573,7644.68
473,7,0,4,14.657,7643.39
502,7,0,4,14.648,7599.49
501,7,0,4,14.6425,7572.81
710,7,1,0,11.4084,1682.36,0.0443333,193.369,0.36,1
1543,7,1,0,11.3833,1546.36
459,7,1,0,11.3734,1483.42
458,7,1,0,11.3664,1437.75
456,7,1,0,11.3572,1376.86
457,7,1,0,11.3518,1346.64
454,7,1,0,11.3442,1292.68
455,7,1,0,11.3418,1278.37
453,7,1,0,11.3326,1212.8
446,7,1,0,11.324,1164.09
442,7,1,0,11.3158,1120.37
1857,7,1,0,11.3074,1076.3
441,7,1,0,11.3025,1051.98
185,7,1,0,11.2915,993.794
177,7,1,0,11.2789,927.553
184,7,1,0,11.2585,816.223
138,7,1,0,11.2428,730.3
133,7,1,0,11.2285,653.53
134,7,1,0,11.2209,601.574
129,7,1,0,11.2133,561.93
1718,7,1,0,11.1869,417.674
1719,7,1,0,11.1702,325.295
114,7,1,0,11.1323,120.486
1968,7,1,0,11.1253,81.9493
110,7,1,0,11.11,0
110,7,1,1,11.7592,3629.63,0,0,0
1968,7,1,1,11.7441,3548.6
114,7,1,1,11.7389,3514.27
1719,7,1,1,11.6959,3287.66
1718,7,1,1,11.6805,3200.61
129,7,1,1,11.656,3064.75
134,7,1,1,11.6496,3030.36
133,7,1,1,11.6368,2962.15
138,7,1,1,11.616,2857.57
184,7,1,1,11.5967,2756.61
440,7,1,1,11.5801,2665.42
451,7,1,1,11.5613,2569.71
1716,7,1,1,11.5589,2553.28
462,7,1,1,11.5485,2500.86
1990,7,1,1,11.5406,2447.83
452,7,1,1,11.5356,2415.39
453,7,1,1,11.5243,2328.21
455,7,1,1,11.5119,2258.28
454,7,1,1,11.509,2242.66
457,7,1,1,11.5023,2188.7
456,7,1,1,11.4972,2159.26
458,7,1,1,11.4877,2098.11
459,7,1,1,11.4818,2053.01
1543,7,1,1,11.4725,1990.78
710,7,1,1,11.4528,1875.73
410,8,0,0,13.4243,1471.19,0.074,322.766,0.11,1
398,8,0,0,13.424,1469.98
397,8,0,0,13.4132,1408.71
390,8,0,0,13.3933,1305.9
382,8,0,0,13.3769,1218.33
376,8,0,0,13.3599,1125.74
369,8,0,0,13.3401,1019.33
360,8,0,0,13.3191,906.015
361,8,0,0,13.3046,828.632
128,8,0,0,13.2495,523.193
126,8,0,0,13.241,479.066
125,8,0,0,13.2318,432.83
118,8,0,0,13.197,247.521
1968,8,0,0,13.1648,79.7523
110,8,0,0,13.15,0
1402,8,0,1,13.9249,4038.37,0.1085,473.244,0.18,2
1390,8,0,1,13.9157,3988.31
1389,8,0,1,13.8895,3847.36
1388,8,0,1,13.8694,3752.17
1323,8,0,1,13.8687,3748.39
2072,8,0,1,13.8445,3630.82
1317,8,0,1,13.8247,3524.14
2071,8,0,1,13.814,3460.08
2165,8,0,1,13.7917,3342.68
1314,8,0,1,13.7749,3253.68
2163,8,0,1,13.7602,3173.84
2023,8,0,1,13.7318,3022.47
1787,8,0,1,13.7237,2981.18
1788,8,0,1,13.7229,2977.48
943,8,0,1,13.707,2896.83
934,8,0,1,13.6982,2848.99
933,8,0,1,13.6879,2795.06
936,8,0,1,13.6873,2792.12
1737,8,0,1,13.6758,2728.89
917,8,0,1,13.659,2645.65
916,8,0,1,13.6589,2644.75
906,8,0,1,13.633,2511.66
889,8,0,1,13.6208,2449.74
890,8,0,1,13.6113,2401.78
2013,8,0,1,13.5883,2283.62
1988,8,0,1,13.5693,2183.84
416,8,0,1,13.5478,2077.27
2139,8,0,1,13.5438,2055.44
2138,8,0,1,13.5274,1962.7
411,8,0,1,13.5151,1893.38
412,8,0,1,13.513,1873.87
398,8,0,1,13.4986,1795.16
410,8,0,1,13.4983,1793.95
1016,8,0,2,14.2914,5864.63,0.0881667,384.556,0.22,3
2029,8,0,2,14.287,5840.88
1043,8,0,2,14.287,5840.46
2158,8,0,2,14.2801,5805.68
2030,8,0,2,14.2762,5785.85
1041,8,0,2,14.271,5759.26
1059,8,0,2,14.2622,5714.43
1058,8,0,2,14.2572,5689.18
1075,8,0,2,14.2397,5599.11
1072,8,0,2,14.2296,5547.66
1071,8,0,2,14.2195,5497.19
1090,8,0,2,14.2134,5459.97
1089,8,0,2,14.2073,5426.64
1119,8,0,2,14.1987,5380.76
1118,8,0,2,14.1925,5347.17
2044,8,0,2,14.1773,5267.61
2169,8,0,2,14.1693,5226.59
2171,8,0,2,14.1646,5202.43
1549,8,0,2,14.1568,5162.28
1147,8,0,2,14.1494,5123.9
1327,8,0,2,14.121,4975.93
1343,8,0,2,14.1204,4973.19
1355,8,0,2,14.0936,4833.77
1364,8,0,2,14.0936,4833.56
1362,8,0,2,14.0838,4781.58
1382,8,0,2,14.0637,4673.75
1390,8,0,2,14.0422,4560.58
1402,8,0,2,14.0334,4511.62
501,8,0,3,14.5691,7170.87,0.107,466.702,0.18,4
1747,8,0,3,14.5594,7126.57
1746,8,0,3,14.5315,6987.23
1745,8,0,3,14.5184,6923.94
1844,8,0,3,14.5005,6834.69
575,8,0,3,14.4981,6819.18
571,8,0,3,14.4952,6803.06
570,8,0,3,14.4904,6779.79
569,8,0,3,14.4853,6754.47
640,8,0,3,14.4771,6715.56
649,8,0,3,14.4678,6673.02
646,8,0,3,14.46,6636.51
691,8,0,3,14.4541,6607.6
689,8,0,3,14.432,6503.61
979,8,0,3,14.4235,6464.01
980,8,0,3,14.4177,6435.6
978,8,0,3,14.4141,6417.41
1010,8,0,3,14.3993,6340.65
1016,8,0,3,14.3796,6249.19
110,8,0,4,14.9498,9126.78,0,0,0
111,8,0,4,14.9474,9110.9
1968,8,0,4,14.938,9046.21
114,8,0,4,14.9325,9011.48
1719,8,0,4,14.8945,8806.45
1720,8,0,4,14.8794,8723.98
1718,8,0,4,14.8736,8691.43
129,8,0,4,14.8484,8552.36
134,8,0,4,14.8424,8519.39
133,8,0,4,14.83,8452.87
138,8,0,4,14.8091,8348.28
184,8,0,4,14.7928,8259.74
440,8,0,4,14.777,8172.12
451,8,0,4,14.7604,8085.93
1716,8,0,4,14.758,8069.5
462,8,0,4,14.7489,8022.43
1990,8,0,4,14.7418,7969.73
463,8,0,4,14.7231,7873.21
474,8,0,4,14.7078,7793.97
2140,8,0,4,14.6987,7752.64
2141,8,0,4,14.6909,7709.44
473,8,0,4,14.6907,7708.15
502,8,0,4,14.6816,7664.25
501,8,0,4,14.6761,7637.58
710,8,1,0,11.4084,1682.36,0.0443333,193.369,0.36,1
1543,8,1,0,11.3833,1546.36
459,8,1,0,11.3734,1483.42
458,8,1,0,11.3664,1437.75
456,8,1,0,11.3572,1376.86
457,8,1,0,11.3518,1346.64
454,8,1,0,11.3442,1292.68
455,8,1,0,11.3418,1278.37
453,8,1,0,11.3326,1212.8
446,8,1,0,11.324,1164.09
442,8,1,0,11.3158,1120.37
1857,8,1,0,11.3074,1076.3
441,8,1,0,11.3025,1051.98
185,8,1,0,11.2915,993.794
177,8,1,0,11.2789,927.553
184,8,1,0,11.2585,816.223
138,8,1,0,11.2428,730.3
133,8,1,0,11.2285,653.53
134,8,1,0,11.2209,601.574
129,8,1,0,11.2133,561.93
1718,8,1,0,11.1869,417.674
1719,8,1,0,11.1702,325.295
114,8,1,0,11.1323,120.486
1968,8,1,0,11.1253,81.9493
110,8,1,0,11.11,0
110,8,1,1,11.7592,3629.63,0,0,0
1968,8,1,1,11.7441,3548.6
114,8,1,1,11.7389,3514.27
1719,8,1,1,11.6959,3287.66
1718,8,1,1,11.6805,3200.61
129,8,1,1,11.656,3064.75
134,8,1,1,11.6496,3030.36
133,8,1,1,11.6368,2962.15
138,8,1,1,11.616,2857.57
184,8,1,1,11.5967,2756.61
440,8,1,1,11.5801,2665.42
451,8,1,1,11.5613,2569.71
1716,8,1,1,11.5589,2553.28
462,8,1,1,11.5485,2500.86
1990,8,1,1,11.5406,2447.83
452,8,1,1,11.5356,2415.39
453,8,1,1,11.5243,2328.21
455,8,1,1,11.5119,2258.28
454,8,1,1,11.509,2242.66
457,8,1,1,11.5023,2188.7
456,8,1,1,11.4972,2159.26
458,8,1,1,11.4877,2098.11
459,8,1,1,11.4818,2053.01
1543,8,1,1,11.4725,1990.78
710,8,1,1,11.4528,1875.73
501,9,0,0,13.5996,1510.92,0.0531667,231.897,0.2,1
502,9,0,0,13.5944,1485.38
473,9,0,0,13.5865,1446.3
2141,9,0,0,13.5863,1445.32
1750,9,0,0,13.582,1424.02
477,9,0,0,13.5775,1400.71
453,9,0,0,13.5485,1243.21
446,9,0,0,13.5402,1195.77
442,9,0,0,13.5285,1137.28
1857,9,0,0,13.5197,1091.26
441,9,0,0,13.5136,1062.09
185,9,0,0,13.5026,1004.16
177,9,0,0,13.4903,938.786
184,9,0,0,13.4703,829.279
138,9,0,0,13.4536,739.414
133,9,0,0,13.4397,664.29
134,9,0,0,13.4321,612.333
129,9,0,0,13.425,574.749
1718,9,0,0,13.3991,432.78
1720,9,0,0,13.392,394.625
1719,9,0,0,13.3793,321.152
114,9,0,0,13.3416,117.424
1968,9,0,0,13.3348,79.7523
110,9,0,0,13.32,0
1016,9,0,1,13.8172,2559.29,0.0561667,244.982,0.25,2
1010,9,0,1,13.8082,2511.64
2026,9,0,1,13.7808,2377.86
2027,9,0,1,13.7757,2352.02
1998,9,0,1,13.7653,2299.32
1997,9,0,1,13.7567,2255.7
1996,9,0,1,13.7508,2227.41
1995,9,0,1,13.7426,2189.09
1993,9,0,1,13.7335,2145.41
1994,9,0,1,13.7292,2123.93
572,9,0,1,13.7222,2085.28
541,9,0,1,13.71,2024.92
540,9,0,1,13.6996,1971.28
1754,9,0,1,13.6912,1927.61
518,9,0,1,13.6833,1887.64
500,9,0,1,13.6783,1861.85
501,9,0,1,13.6528,1742.82
1402,9,0,2,14.1381,4171.66,0.0816667,356.205,0.16,3
1390,9,0,2,14.129,4121.61
1382,9,0,2,14.1034,3991.55
1362,9,0,2,14.0829,3881.56
1361,9,0,2,14.0787,3858.38
1354,9,0,2,14.0787,3858.19
1355,9,0,2,14.0722,3823.7
2076,9,0,2,14.0704,3814.59
1356,9,0,2,14.0628,3775.24
1357,9,0,2,14.062,3771.52
1349,9,0,2,14.0493,3706.57
1348,9,0,2,14.0487,3703.13
1340,9,0,2,14.0482,3700.59
1339,9,0,2,14.0426,3671.86
1330,9,0,2,14.0218,3563.11
1161,9,0,2,14.0125,3515.2
1162,9,0,2,14.0025,3462.21
1136,9,0,2,13.9838,3364.01
1138,9,0,2,13.9771,3329.65
1137,9,0,2,13.9712,3298.54
1123,9,0,2,13.9575,3232.39
1775,9,0,2,13.9489,3188.4
1102,9,0,2,13.9332,3109.22
1100,9,0,2,13.919,3039.82
1101,9,0,2,13.908,2983.18
1082,9,0,2,13.8996,2941.21
1079,9,0,2,13.8905,2894.19
1061,9,0,2,13.8862,2872.91
1063,9,0,2,13.883,2856.07
1062,9,0,2,13.882,2849.03
2159,9,0,2,13.8818,2848.04
1045,9,0,2,13.8811,2844.89
1043,9,0,2,13.8778,2828.21
2029,9,0,2,13.8777,2827.8
1016,9,0,2,13.8734,2804.27
110,9,0,3,14.8546,7948.32,0,0,0
1968,9,0,3,14.837,7856.71
1969,9,0,3,14.8245,7779.85
115,9,0,3,14.822,7765.39
2113,9,0,3,14.8165,7736.2
2133,9,0,3,14.6828,6998.83
366,9,0,3,14.6788,6972.03
2134,9,0,3,14.6696,6914.26
2136,9,0,3,14.6588,6854.11
393,9,0,3,14.6288,6698.35
401,9,0,3,14.6161,6628.9
1739,9,0,3,14.6062,6575.04
1742,9,0,3,14.5997,6540.56
1741,9,0,3,14.5933,6506.07
418,9,0,3,14.5858,6466.55
417,9,0,3,14.583,6450.86
1989,9,0,3,14.565,6358.28
2011,9,0,3,14.5449,6255.21
2156,9,0,3,14.5394,6226.77
2013,9,0,3,14.5387,6223.62
886,9,0,3,14.5277,6169
888,9,0,3,14.5109,6075.87
903,9,0,3,14.4998,6017.61
904,9,0,3,14.4963,5998.75
925,9,0,3,14.4762,5885.54
2019,9,0,3,14.4705,5857.25
929,9,0,3,14.4701,5855.27
938,9,0,3,14.4585,5791
950,9,0,3,14.4436,5714.34
951,9,0,3,14.4327,5662.71
949,9,0,3,14.4204,5600.46
1302,9,0,3,14.3954,5468.03
1307,9,0,3,14.3817,5390.6
1308,9,0,3,14.3705,5331.03
1309,9,0,3,14.3522,5237.67
1314,9,0,3,14.3516,5234.8
2165,9,0,3,14.3361,5151.36
2071,9,0,3,14.3153,5040.21
1317,9,0,3,14.3033,4972.8
2072,9,0,3,14.2843,4870.1
1323,9,0,3,14.2683,4786.41
1388,9,0,3,14.2676,4782.63
1389,9,0,3,14.2589,4734.73
1390,9,0,3,14.2286,4576.84
1402,9,0,3,14.2198,4527.87
410,9,1,0,11.4322,1462.66,0.0726667,316.95,0.06,1
398,9,1,0,11.4319,1461.45
397,9,1,0,11.4193,1392.89
390,9,1,0,11.3998,1291.33
382,9,1,0,11.3825,1199.86
376,9,1,0,11.3645,1103.09
369,9,1,0,11.345,998.232
360,9,1,0,11.3227,878.986
361,9,1,0,11.3101,809.873
128,9,1,0,11.2496,481.115
126,9,1,0,11.2423,442.296
125,9,1,0,11.236,408.059
118,9,1,0,11.2031,231.019
1968,9,1,0,11.1753,81.9493
110,9,1,0,11.16,0
710,9,1,1,11.7246,3117.52,0.0443333,193.369,0.36,2
1543,9,1,1,11.7031,2997.25
715,9,1,1,11.6983,2952.99
714,9,1,1,11.6944,2928.98
726,9,1,1,11.6942,2927.1
529,9,1,1,11.6805,2827.61
605,9,1,1,11.6657,2731
603,9,1,1,11.6606,2703.02
604,9,1,1,11.6563,2679.88
596,9,1,1,11.6562,2678.91
580,9,1,1,11.6478,2620.63
574,9,1,1,11.6305,2527.39
573,9,1,1,11.6205,2471.49
564,9,1,1,11.6128,2430.34
557,9,1,1,11.6067,2396.35
561,9,1,1,11.6,2349.83
628,9,1,1,11.5955,2324.18
609,9,1,1,11.5828,2247.52
423,9,1,1,11.5769,2191.2
419,9,1,1,11.5722,2156.76
418,9,1,1,11.5569,2071.84
2139,9,1,1,11.553,2050.41
2138,9,1,1,11.5346,1948.97
411,9,1,1,11.521,1874.15
412,9,1,1,11.5185,1855.14
398,9,1,1,11.5051,1780.81
410,9,1,1,11.5048,1779.61
110,9,1,2,12.0754,5064.79,0,0,0
1968,9,1,2,12.0603,4983.75
114,9,1,2,12.0551,4949.43
1719,9,1,2,12.0121,4722.82
1718,9,1,2,11.9966,4635.77
129,9,1,2,11.9722,4499.9
134,9,1,2,11.9658,4465.51
133,9,1,2,11.953,4397.31
138,9,1,2,11.9321,4292.72
184,9,1,2,11.9129,4191.76
440,9,1,2,11.8962,4100.57
451,9,1,2,11.8774,4004.86
1716,9,1,2,11.875,3988.43
462,9,1,2,11.8646,3936.01
1990,9,1,2,11.8568,3882.98
452,9,1,2,11.8518,3850.54
453,9,1,2,11.8404,3763.36
455,9,1,2,11.828,3693.43
454,9,1,2,11.8252,3677.82
457,9,1,2,11.8185,3623.85
456,9,1,2,11.8133,3594.41
458,9,1,2,11.8039,3533.26
459,9,1,2,11.7979,3488.16
1543,9,1,2,11.7886,3425.93
710,9,1,2,11.7689,3310.88
501,10,0,0,13.5996,1510.92,0.0531667,231.897,0.2,1
502,10,0,0,13.5944,1485.38
473,10,0,0,13.5865,1446.3
2141,10,0,0,13.5863,1445.32
1750,10,0,0,13.582,1424.02
477,10,0,0,13.5775,1400.71
453,10,0,0,13.5485,1243.21
446,10,0,0,13.5402,1195.77
442,10,0,0,13.5285,1137.28
1857,10,0,0,13.5197,1091.26
441,10,0,0,13.5136,1062.09
185,10,0,0,13.5026,1004.16
177,10,0,0,13.4903,938.786
184,10,0,0,13.4703,829.279
138,10,0,0,13.4536,739.414
133,10,0,0,13.4397,664.29
134,10,0,0,13.4321,612.333
129,10,0,0,13.425,574.749
1718,10,0,0,13.3991,432.78
1720,10,0,0,13.392,394.625
1719,10,0,0,13.3793,321.152
114,10,0,0,13.3416,117.424
1968,10,0,0,13.3348,79.7523
110,10,0,0,13.32,0
1402,10,0,1,14.0838,3925.73,0.0816667,356.205,0.16,2
1390,10,0,1,14.0746,3875.67
1382,10,0,1,14.0444,3725.93
1362,10,0,1,14.0217,3606.92
1361,10,0,1,14.0167,3579.93
1354,10,0,1,14.0166,3579.74
1355,10,0,1,14.0041,3520.08
2076,10,0,1,14.0023,3510.96
1356,10,0,1,13.9939,3468.25
1357,10,0,1,13.9931,3464.53
1349,10,0,1,13.9796,3396.36
1348,10,0,1,13.979,3393.03
1340,10,0,1,13.9785,3390.49
1339,10,0,1,13.9732,3362.77
1329,10,0,1,13.9622,3304.43
1158,10,0,1,13.9472,3228.1
2048,10,0,1,13.9271,3122.06
1131,10,0,1,13.9215,3093.19
1130,10,0,1,13.9157,3064.26
1129,10,0,1,13.9005,2990.07
1121,10,0,1,13.8845,2904.14
1120,10,0,1,13.8805,2882.96
1094,10,0,1,13.8756,2857.02
1091,10,0,1,13.8655,2806.29
1092,10,0,1,13.8603,2780.39
1074,10,0,1,13.8545,2749.97
1073,10,0,1,13.8461,2705.29
1057,10,0,1,13.8263,2606.3
1042,10,0,1,13.821,2579.4
2030,10,0,1,13.8138,2541.56
1011,10,0,1,13.8135,2540.11
1547,10,0,1,13.7961,2457.47
1546,10,0,1,13.7907,2430.1
975,10,0,1,13.7873,2412.13
2026,10,0,1,13.7808,2377.86
2027,10,0,1,13.7757,2352.02
1998,10,0,1,13.7653,2299.32
1997,10,0,1,13.7567,2255.7
1996,10,0,1,13.7508,2227.41
1995,10,0,1,13.7426,2189.09
1993,10,0,1,13.7335,2145.41
1994,10,0,1,13.7292,2123.93
572,10,0,1,13.7222,2085.28
541,10,0,1,13.71,2024.92
540,10,0,1,13.6996,1971.28
1754,10,0,1,13.6912,1927.61
518,10,0,1,13.6833,1887.64
500,10,0,1,13.6783,1861.85
501,10,0,1,13.6528,1742.82
1016,10,0,2,14.4235,5634.95,0.0881667,384.556,0.22,3
2029,10,0,2,14.4191,5611.2
1043,10,0,2,14.419,5610.79
2158,10,0,2,14.4122,5576.01
2030,10,0,2,14.4083,5556.17
1041,10,0,2,14.4031,5529.59
1059,10,0,2,14.3943,5484.75
1058,10,0,2,14.3893,5459.5
1075,10,0,2,14.3717,5369.43
1072,10,0,2,14.3617,5317.99
1071,10,0,2,14.3515,5267.51
1090,10,0,2,14.3455,5230.29
1089,10,0,2,14.3394,5196.97
1119,10,0,2,14.3308,5151.08
1118,10,0,2,14.3246,5117.49
2044,10,0,2,14.3094,5037.93
2169,10,0,2,14.3014,4996.91
2171,10,0,2,14.2967,4972.76
1549,10,0,2,14.2889,4932.61
1147,10,0,2,14.2815,4894.22
1327,10,0,2,14.2531,4746.25
1343,10,0,2,14.2525,4743.51
1355,10,0,2,14.2257,4604.1
1364,10,0,2,14.2257,4603.89
1362,10,0,2,14.2159,4551.9
1382,10,0,2,14.1958,4444.08
1390,10,0,2,14.1743,4330.9
1402,10,0,2,14.1654,4281.94
110,10,0,3,14.9311,8225.21,0,0,0
111,10,0,3,14.9287,8209.33
1968,10,0,3,14.9193,8144.65
114,10,0,3,14.9137,8109.92
1719,10,0,3,14.8775,7912.3
1718,10,0,3,14.8576,7805.99
129,10,0,3,14.8336,7672.2
134,10,0,3,14.8279,7640.78
133,10,0,3,14.8172,7581.41
138,10,0,3,14.7963,7476.83
184,10,0,3,14.7797,7387.22
440,10,0,3,14.7593,7280
451,10,0,3,14.7428,7193.81
1716,10,0,3,14.7404,7177.38
462,10,0,3,14.7312,7130.31
1990,10,0,3,14.7242,7077.61
463,10,0,3,14.7055,6981.09
474,10,0,3,14.6901,6901.85
2140,10,0,3,14.6811,6860.52
475,10,0,3,14.6761,6836.29
499,10,0,3,14.6684,6796.7
500,10,0,3,14.6638,6773.29
518,10,0,3,14.6592,6749.19
1754,10,0,3,14.6555,6724.26
540,10,0,3,14.6473,6681.79
541,10,0,3,14.6355,6621.97
572,10,0,3,14.6259,6572.3
1994,10,0,3,14.6132,6509.9
1993,10,0,3,14.609,6488.41
1995,10,0,3,14.5963,6430.66
1996,10,0,3,14.5904,6401.48
1997,10,0,3,14.5865,6381.58
2027,10,0,3,14.5593,6251.36
2026,10,0,3,14.5535,6222.88
978,10,0,3,14.5462,6187.74
1010,10,0,3,14.5314,6110.97
1016,10,0,3,14.5116,6019.51
410,10,1,0,11.4322,1462.66,0.0726667,316.95,0.06,1
398,10,1,0,11.4319,1461.45
397,10,1,0,11.4193,1392.89
390,10,1,0,11.3998,1291.33
382,10,1,0,11.3825,1199.86
376,10,1,0,11.3645,1103.09
369,10,1,0,11.345,998.232
360,10,1,0,11.3227,878.986
361,10,1,0,11.3101,809.873
128,10,1,0,11.2496,481.115
126,10,1,0,11.2423,442.296
125,10,1,0,11.236,408.059
118,10,1,0,11.2031,231.019
1968,10,1,0,11.1753,81.9493
110,10,1,0,11.16,0
710,10,1,1,11.7246,3117.52,0.0443333,193.369,0.36,2
1543,10,1,1,11.7031,2997.25
715,10,1,1,11.6983,2952.99
714,10,1,1,11.6944,2928.98
726,10,1,1,11.6942,2927.1
529,10,1,1,11.6805,2827.61
605,10,1,1,11.6657,2731
603,10,1,1,11.6606,2703.02
604,10,1,1,11.6563,2679.88
596,10,1,1,11.6562,2678.91
580,10,1,1,11.6478,2620.63
574,10,1,1,11.6305,2527.39
573,10,1,1,11.6205,2471.49
564,10,1,1,11.6128,2430.34
557,10,1,1,11.6067,2396.35
561,10,1,1,11.6,2349.83
628,10,1,1,11.5955,2324.18
609,10,1,1,11.5828,2247.52
423,10,1,1,11.5769,2191.2
419,10,1,1,11.5722,2156.76
418,10,1,1,11.5569,2071.84
2139,10,1,1,11.553,2050.41
2138,10,1,1,11.5346,1948.97
411,10,1,1,11.521,1874.15
412,10,1,1,11.5185,1855.14
398,10,1,1,11.5051,1780.81
410,10,1,1,11.5048,1779.61
110,10,1,2,12.0754,5064.79,0,0,0
1968,10,1,2,12.0603,4983.75
114,10,1,2,12.0551,4949.43
1719,10,1,2,12.0121,4722.82
1718,10,1,2,11.9966,4635.77
129,10,1,2,11.9722,4499.9
134,10,1,2,11.9658,4465.51
133,10,1,2,11.953,4397.31
138,10,1,2,11.9321,4292.72
184,10,1,2,11.9129,4191.76
440,10,1,2,11.8962,4100.57
451,10,1,2,11.8774,4004.86
1716,10,1,2,11.875,3988.43
462,10,1,2,11.8646,3936.01
1990,10,1,2,11.8568,3882.98
452,10,1,2,11.8518,3850.54
453,10,1,2,11.8404,3763.36
455,10,1,2,11.828,3693.43
454,10,1,2,11.8252,3677.82
457,10,1,2,11.8185,3623.85
456,10,1,2,11.8133,3594.41
458,10,1,2,11.8039,3533.26
459,10,1,2,11.7979,3488.16
1543,10,1,2,11.7886,3425.93
710,10,1,2,11.7689,3310.88
1402,11,0,0,14.1334,3372.79,0.0816667,356.205,0.16,1
1390,11,0,0,14.1241,3321.76
1389,11,0,0,14.0955,3170.7
1388,11,0,0,14.0867,3122.71
1370,11,0,0,14.0498,2928.06
1359,11,0,0,14.0489,2923.6
2071,11,0,0,14.0323,2830.9
2165,11,0,0,14.0104,2715.19
1314,11,0,0,13.9931,2623.77
2163,11,0,0,13.9783,2543.94
2023,11,0,0,13.9517,2399.84
1787,11,0,0,13.9436,2358.52
2020,11,0,0,13.9247,2264.44
935,11,0,0,13.9149,2212.99
934,11,0,0,13.9144,2210.39
933,11,0,0,13.9027,2150.9
936,11,0,0,13.9022,2147.96
1737,11,0,0,13.8907,2085.09
917,11,0,0,13.8775,2016.59
916,11,0,0,13.8773,2015.68
906,11,0,0,13.8535,1891.34
889,11,0,0,13.8422,1832.97
890,11,0,0,13.8355,1797.06
2013,11,0,0,13.816,1693.84
1988,11,0,0,13.7984,1599.98
417,11,0,0,13.7779,1495.37
418,11,0,0,13.7739,1474.43
1741,11,0,0,13.7682,1442.44
1740,11,0,0,13.7644,1421.91
1739,11,0,0,13.7597,1395.5
401,11,0,0,13.7491,1338.14
393,11,0,0,13.7359,1266.67
2136,11,0,0,13.7131,1141.76
2134,11,0,0,13.7018,1079.42
360,11,0,0,13.6691,906.015
361,11,0,0,13.6546,828.632
128,11,0,0,13.5995,523.193
126,11,0,0,13.591,479.066
125,11,0,0,13.5818,432.83
118,11,0,0,13.547,247.521
1968,11,0,0,13.5148,79.7523
110,11,0,0,13.5,0
1016,11,0,1,14.4732,5082,0.0881667,384.556,0.22,2
2029,11,0,1,14.4688,5058.25
1043,11,0,1,14.4687,5057.84
2158,11,0,1,14.4619,5023.06
2030,11,0,1,14.4579,5003.22
1041,11,0,1,14.4528,4976.64
1059,11,0,1,14.4439,4931.8
1058,11,0,1,14.4389,4906.55
1075,11,0,1,14.4214,4816.48
1072,11,0,1,14.4114,4765.04
1071,11,0,1,14.4012,4714.56
1090,11,0,1,14.3951,4677.34
1089,11,0,1,14.389,4644.02
1119,11,0,1,14.3804,4598.13
1118,11,0,1,14.3743,4564.54
2044,11,0,1,14.359,4484.98
2169,11,0,1,14.351,4443.96
2171,11,0,1,14.3464,4419.81
1549,11,0,1,14.3386,4379.66
1147,11,0,1,14.3311,4341.27
1327,11,0,1,14.3028,4193.3
1343,11,0,1,14.3022,4190.57
1355,11,0,1,14.2754,4051.15
1364,11,0,1,14.2753,4050.94
1362,11,0,1,14.2655,3998.96
1382,11,0,1,14.2455,3891.13
1390,11,0,1,14.224,3777.96
1402,11,0,1,14.2151,3728.99
110,11,0,2,14.9807,7672.26,0,0,0
111,11,0,2,14.9784,7656.38
1968,11,0,2,14.9689,7591.7
114,11,0,2,14.9634,7556.97
1719,11,0,2,14.9272,7359.36
1718,11,0,2,14.9073,7253.04
129,11,0,2,14.8833,7119.25
134,11,0,2,14.8776,7087.84
133,11,0,2,14.8668,7028.46
138,11,0,2,14.846,6923.88
184,11,0,2,14.8294,6834.28
440,11,0,2,14.809,6727.06
451,11,0,2,14.7925,6640.86
1716,11,0,2,14.79,6624.43
462,11,0,2,14.7809,6577.36
1990,11,0,2,14.7739,6524.67
463,11,0,2,14.7552,6428.15
474,11,0,2,14.7398,6348.91
2140,11,0,2,14.7308,6307.57
475,11,0,2,14.7258,6283.34
499,11,0,2,14.718,6243.75
500,11,0,2,14.7134,6220.35
518,11,0,2,14.7088,6196.24
1754,11,0,2,14.7052,6171.31
540,11,0,2,14.697,6128.84
541,11,0,2,14.6851,6069.02
572,11,0,2,14.6755,6019.35
1994,11,0,2,14.6629,5956.95
1993,11,0,2,14.6586,5935.46
1995,11,0,2,14.646,5877.72
1996,11,0,2,14.6401,5848.54
1997,11,0,2,14.6362,5828.64
2027,11,0,2,14.609,5698.42
2026,11,0,2,14.6032,5669.93
978,11,0,2,14.5959,5634.79
1010,11,0,2,14.581,5558.02
1016,11,0,2,14.5613,5466.56
410,11,1,0,11.3922,1462.66,0.0726667,316.95,0.06,1
398,11,1,0,11.3919,1461.45
397,11,1,0,11.3793,1392.89
390,11,1,0,11.3598,1291.33
382,11,1,0,11.3425,1199.86
376,11,1,0,11.3245,1103.09
369,11,1,0,11.305,998.232
360,11,1,0,11.2827,878.986
361,11,1,0,11.2701,809.873
128,11,1,0,11.2096,481.115
126,11,1,0,11.2023,442.296
125,11,1,0,11.196,408.059
118,11,1,0,11.1631,231.019
1968,11,1,0,11.1353,81.9493
110,11,1,0,11.12,0
710,11,1,1,11.6846,3117.52,0.0443333,193.369,0.36,2
1543,11,1,1,11.6631,2997.25
715,11,1,1,11.6583,2952.99
714,11,1,1,11.6544,2928.98
726,11,1,1,11.6542,2927.1
529,11,1,1,11.6405,2827.61
605,11,1,1,11.6257,2731
603,11,1,1,11.6206,2703.02
604,11,1,1,11.6163,2679.88
596,11,1,1,11.6162,2678.91
580,11,1,1,11.6078,2620.63
574,11,1,1,11.5905,2527.39
573,11,1,1,11.5805,2471.49
564,11,1,1,11.5728,2430.34
557,11,1,1,11.5667,2396.35
561,11,1,1,11.56,2349.83
628,11,1,1,11.5555,2324.18
609,11,1,1,11.5428,2247.52
423,11,1,1,11.5369,2191.2
419,11,1,1,11.5322,2156.76
418,11,1,1,11.5169,2071.84
2139,11,1,1,11.513,2050.41
2138,11,1,1,11.4946,1948.97
411,11,1,1,11.481,1874.15
412,11,1,1,11.4785,1855.14
398,11,1,1,11.4651,1780.81
410,11,1,1,11.4648,1779.61
110,11,1,2,12.0354,5064.79,0,0,0
1968,11,1,2,12.0203,4983.75
114,11,1,2,12.0151,4949.43
1719,11,1,2,11.9721,4722.82
1718,11,1,2,11.9566,4635.77
129,11,1,2,11.9322,4499.9
134,11,1,2,11.9258,4465.51
133,11,1,2,11.913,4397.31
138,11,1,2,11.8921,4292.72
184,11,1,2,11.8729,4191.76
440,11,1,2,11.8562,4100.57
451,11,1,2,11.8374,4004.86
1716,11,1,2,11.835,3988.43
462,11,1,2,11.8246,3936.01
1990,11,1,2,11.8168,3882.98
452,11,1,2,11.8118,3850.54
453,11,1,2,11.8004,3763.36
455,11,1,2,11.788,3693.43
454,11,1,2,11.7852,3677.82
457,11,1,2,11.7785,3623.85
456,11,1,2,11.7733,3594.41
458,11,1,2,11.7639,3533.26
459,11,1,2,11.7579,3488.16
1543,11,1,2,11.7486,3425.93
710,11,1,2,11.7289,3310.88
501,11,2,0,13.0821,1508.45,0.0531667,231.897,0.2,1
502,11,2,0,13.0769,1482.92
473,11,2,0,13.0667,1434.29
2141,11,2,0,13.0665,1433.31
2140,11,2,0,13.0534,1367.84
475,11,2,0,13.0475,1339.48
474,11,2,0,13.0434,1318.65
463,11,2,0,13.0261,1231.14
1990,11,2,0,13.0076,1135.57
462,11,2,0,12.9981,1080.35
461,11,2,0,12.9956,1065.62
1716,11,2,0,12.9872,1021.71
451,11,2,0,12.9826,997.904
440,11,2,0,12.9656,909.841
184,11,2,0,12.9497,821.613
138,11,2,0,12.9324,728.996
133,11,2,0,12.9171,647.895
134,11,2,0,12.9095,595.939
129,11,2,0,12.9014,554.222
1718,11,2,0,12.878,423.217
1719,11,2,0,12.8589,320.2
114,11,2,0,12.8204,112.847
1968,11,2,0,12.8142,77.2014
110,11,2,0,12.8,0
110,11,2,1,13.4075,3201.12,0,0,0
1968,11,2,1,13.3924,3120.32
114,11,2,1,13.3865,3085.13
1719,11,2,1,13.3513,2891.86
1718,11,2,1,13.3332,2793.33
129,11,2,1,13.3092,2659.57
134,11,2,1,13.3043,2631.07
133,11,2,1,13.2923,2566.23
138,11,2,1,13.2714,2461.65
184,11,2,1,13.2547,2371.26
440,11,2,1,13.2321,2254.88
451,11,2,1,13.2158,2169.46
1716,11,2,1,13.2134,2153.04
462,11,2,1,13.2062,2114.22
1990,11,2,1,13.1983,2061.18
463,11,2,1,13.1812,1971.14
474,11,2,1,13.1673,1898.15
2140,11,2,1,13.1591,1860.32
2141,11,2,1,13.1509,1815.34
473,11,2,1,13.1508,1814.58
502,11,2,1,13.1417,1770.68
501,11,2,1,13.1353,1740.35
1402,12,0,0,14.0234,3372.79,0.0816667,356.205,0.16,1
1390,12,0,0,14.0141,3321.76
1389,12,0,0,13.9855,3170.7
1388,12,0,0,13.9767,3122.71
1370,12,0,0,13.9398,2928.06
1359,12,0,0,13.9389,2923.6
2071,12,0,0,13.9223,2830.9
2165,12,0,0,13.9004,2715.19
1314,12,0,0,13.8831,2623.77
2163,12,0,0,13.8683,2543.94
2023,12,0,0,13.8417,2399.84
1787,12,0,0,13.8336,2358.52
2020,12,0,0,13.8147,2264.44
935,12,0,0,13.8049,2212.99
934,12,0,0,13.8044,2210.39
933,12,0,0,13.7927,2150.9
936,12,0,0,13.7922,2147.96
1737,12,0,0,13.7807,2085.09
917,12,0,0,13.7675,2016.59
916,12,0,0,13.7673,2015.68
906,12,0,0,13.7435,1891.34
889,12,0,0,13.7322,1832.97
890,12,0,0,13.7255,1797.06
2013,12,0,0,13.706,1693.84
1988,12,0,0,13.6884,1599.98
417,12,0,0,13.6679,1495.37
418,12,0,0,13.6639,1474.43
1741,12,0,0,13.6582,1442.44
1740,12,0,0,13.6544,1421.91
1739,12,0,0,13.6497,1395.5
401,12,0,0,13.6391,1338.14
393,12,0,0,13.6259,1266.67
2136,12,0,0,13.6031,1141.76
2134,12,0,0,13.5918,1079.42
360,12,0,0,13.5591,906.015
361,12,0,0,13.5446,828.632
128,12,0,0,13.4895,523.193
126,12,0,0,13.481,479.066
125,12,0,0,13.4718,432.83
118,12,0,0,13.437,247.521
1968,12,0,0,13.4048,79.7523
110,12,0,0,13.39,0
1016,12,0,1,14.3632,5082,0.0881667,384.556,0.22,2
2029,12,0,1,14.3588,5058.25
1043,12,0,1,14.3587,5057.84
2158,12,0,1,14.3519,5023.06
2030,12,0,1,14.3479,5003.22
1041,12,0,1,14.3428,4976.64
1059,12,0,1,14.3339,4931.8
1058,12,0,1,14.3289,4906.55
1075,12,0,1,14.3114,4816.48
1072,12,0,1,14.3014,4765.04
1071,12,0,1,14.2912,4714.56
1090,12,0,1,14.2851,4677.34
1089,12,0,1,14.279,4644.02
1119,12,0,1,14.2704,4598.13
1118,12,0,1,14.2643,4564.54
2044,12,0,1,14.249,4484.98
2169,12,0,1,14.241,4443.96
2171,12,0,1,14.2364,4419.81
1549,12,0,1,14.2286,4379.66
1147,12,0,1,14.2211,4341.27
1327,12,0,1,14.1928,4193.3
1343,12,0,1,14.1922,4190.57
1355,12,0,1,14.1654,4051.15
1364,12,0,1,14.1653,4050.94
1362,12,0,1,14.1555,3998.96
1382,12,0,1,14.1355,3891.13
1390,12,0,1,14.114,3777.96
1402,12,0,1,14.1051,3728.99
110,12,0,2,14.8707,7672.26,0,0,0
111,12,0,2,14.8684,7656.38
1968,12,0,2,14.8589,7591.7
114,12,0,2,14.8534,7556.97
1719,12,0,2,14.8172,7359.36
1718,12,0,2,14.7973,7253.04
129,12,0,2,14.7733,7119.25
134,12,0,2,14.7676,7087.84
133,12,0,2,14.7568,7028.46
138,12,0,2,14.736,6923.88
184,12,0,2,14.7194,6834.28
440,12,0,2,14.699,6727.06
451,12,0,2,14.6825,6640.86
1716,12,0,2,14.68,6624.43
462,12,0,2,14.6709,6577.36
1990,12,0,2,14.6639,6524.67
463,12,0,2,14.6452,6428.15
474,12,0,2,14.6298,6348.91
2140,12,0,2,14.6208,6307.57
475,12,0,2,14.6158,6283.34
499,12,0,2,14.608,6243.75
500,12,0,2,14.6034,6220.35
518,12,0,2,14.5988,6196.24
1754,12,0,2,14.5952,6171.31
540,12,0,2,14.587,6128.84
541,12,0,2,14.5751,6069.02
572,12,0,2,14.5655,6019.35
1994,12,0,2,14.5529,5956.95
1993,12,0,2,14.5486,5935.46
1995,12,0,2,14.536,5877.72
1996,12,0,2,14.5301,5848.54
1997,12,0,2,14.5262,5828.64
2027,12,0,2,14.499,5698.42
2026,12,0,2,14.4932,5669.93
978,12,0,2,14.4859,5634.79
1010,12,0,2,14.471,5558.02
1016,12,0,2,14.4513,5466.56
410,12,1,0,11.4222,1462.66,0.0726667,316.95,0.06,1
398,12,1,0,11.4219,1461.45
397,12,1,0,11.4093,1392.89
390,12,1,0,11.3898,1291.33
382,12,1,0,11.3725,1199.86
376,12,1,0,11.3545,1103.09
369,12,1,0,11.335,998.232
360,12,1,0,11.3127,878.986
361,12,1,0,11.3001,809.873
128,12,1,0,11.2396,481.115
126,12,1,0,11.2323,442.296
125,12,1,0,11.226,408.059
118,12,1,0,11.1931,231.019
1968,12,1,0,11.1653,81.9493
110,12,1,0,11.15,0
710,12,1,1,11.7146,3117.52,0.0443333,193.369,0.36,2
1543,12,1,1,11.6931,2997.25
715,12,1,1,11.6883,2952.99
714,12,1,1,11.6844,2928.98
726,12,1,1,11.6842,2927.1
529,12,1,1,11.6705,2827.61
605,12,1,1,11.6557,2731
603,12,1,1,11.6506,2703.02
604,12,1,1,11.6463,2679.88
596,12,1,1,11.6462,2678.91
580,12,1,1,11.6378,2620.63
574,12,1,1,11.6205,2527.39
573,12,1,1,11.6105,2471.49
564,12,1,1,11.6028,2430.34
557,12,1,1,11.5967,2396.35
561,12,1,1,11.59,2349.83
628,12,1,1,11.5855,2324.18
609,12,1,1,11.5728,2247.52
423,12,1,1,11.5669,2191.2
419,12,1,1,11.5622,2156.76
418,12,1,1,11.5469,2071.84
2139,12,1,1,11.543,2050.41
2138,12,1,1,11.5246,1948.97
411,12,1,1,11.511,1874.15
412,12,1,1,11.5085,1855.14
398,12,1,1,11.4951,1780.81
410,12,1,1,11.4948,1779.61
110,12,1,2,12.0654,5064.79,0,0,0
1968,12,1,2,12.0503,4983.75
114,12,1,2,12.0451,4949.43
1719,12,1,2,12.0021,4722.82
1718,12,1,2,11.9866,4635.77
129,12,1,2,11.9622,4499.9
134,12,1,2,11.9558,4465.51
133,12,1,2,11.943,4397.31
138,12,1,2,11.9221,4292.72
184,12,1,2,11.9029,4191.76
440,12,1,2,11.8862,4100.57
451,12,1,2,11.8674,4004.86
1716,12,1,2,11.865,3988.43
462,12,1,2,11.8546,3936.01
1990,12,1,2,11.8468,3882.98
452,12,1,2,11.8418,3850.54
453,12,1,2,11.8304,3763.36
455,12,1,2,11.818,3693.43
454,12,1,2,11.8152,3677.82
457,12,1,2,11.8085,3623.85
456,12,1,2,11.8033,3594.41
458,12,1,2,11.7939,3533.26
459,12,1,2,11.7879,3488.16
1543,12,1,2,11.7786,3425.93
710,12,1,2,11.7589,3310.88
501,12,2,0,14.0696,1510.92,0.107,466.702,0.18,1
502,12,2,0,14.0644,1485.38
473,12,2,0,14.0565,1446.3
2141,12,2,0,14.0563,1445.32
1750,12,2,0,14.052,1424.02
477,12,2,0,14.0475,1400.71
453,12,2,0,14.0185,1243.21
446,12,2,0,14.0102,1195.77
442,12,2,0,13.9985,1137.28
1857,12,2,0,13.9897,1091.26
441,12,2,0,13.9836,1062.09
185,12,2,0,13.9726,1004.16
177,12,2,0,13.9603,938.786
184,12,2,0,13.9403,829.279
138,12,2,0,13.9236,739.414
133,12,2,0,13.9097,664.29
134,12,2,0,13.9021,612.333
129,12,2,0,13.895,574.749
1718,12,2,0,13.8691,432.78
1720,12,2,0,13.862,394.625
1719,12,2,0,13.8493,321.152
114,12,2,0,13.8116,117.424
1968,12,2,0,13.8048,79.7523
110,12,2,0,13.79,0
110,12,2,1,14.4503,3466.82,0,0,0
111,12,2,1,14.448,3450.94
1968,12,2,1,14.4385,3386.26
114,12,2,1,14.433,3351.53
1719,12,2,1,14.395,3146.49
1720,12,2,1,14.3799,3064.02
1718,12,2,1,14.3742,3031.47
129,12,2,1,14.349,2892.4
134,12,2,1,14.3429,2859.44
133,12,2,1,14.3305,2792.91
138,12,2,1,14.3097,2688.33
184,12,2,1,14.2933,2599.79
440,12,2,1,14.2775,2512.17
451,12,2,1,14.2609,2425.97
1716,12,2,1,14.2585,2409.55
462,12,2,1,14.2494,2362.47
1990,12,2,1,14.2423,2309.78
463,12,2,1,14.2236,2213.26
474,12,2,1,14.2083,2134.02
2140,12,2,1,14.1993,2092.69
2141,12,2,1,14.1914,2049.48
473,12,2,1,14.1912,2048.2
502,12,2,1,14.1821,2004.3
501,12,2,1,14.1766,1977.62
