Nodo,Individuo,Ruta,Segmento,Tiempo viaje,Costo viaje,Tiempo atencion,Costo atencion,Tasa fallo,Demanda
410,0,0,0,11.9922,1462.66,0.0726667,316.95,0.06,1
398,0,0,0,11.9919,1461.45
397,0,0,0,11.9793,1392.89
390,0,0,0,11.9598,1291.33
382,0,0,0,11.9425,1199.86
376,0,0,0,11.9245,1103.09
369,0,0,0,11.905,998.232
360,0,0,0,11.8827,878.986
361,0,0,0,11.8701,809.873
128,0,0,0,11.8096,481.115
126,0,0,0,11.8023,442.296
125,0,0,0,11.796,408.059
118,0,0,0,11.7631,231.019
1968,0,0,0,11.7353,81.9493
110,0,0,0,11.72,0
1402,0,0,1,12.4752,3950.11,0.085,370.744,0.2,2
1390,0,0,1,12.465,3895.71
1382,0,0,1,12.4426,3778.6
1362,0,0,1,12.4232,3673.78
1361,0,0,1,12.4187,3649.26
1354,0,0,1,12.4187,3649.07
2188,0,0,1,12.4123,3615.31
2075,0,0,1,12.3913,3507.36
1822,0,0,1,12.3905,3503.36
1353,0,0,1,12.3815,3457.62
2118,0,0,1,12.36,3341.45
2117,0,0,1,12.3575,3316.82
2164,0,0,1,12.3402,3203.67
1307,0,0,1,12.3236,3116.68
1302,0,0,1,12.307,3026.44
949,0,0,1,12.2842,2903.64
2025,0,0,1,12.2808,2886.18
1598,0,0,1,12.2774,2867.22
948,0,0,1,12.2706,2832.53
928,0,0,1,12.259,2769.48
923,0,0,1,12.2227,2588.73
924,0,0,1,12.2144,2549.42
914,0,0,1,12.194,2442.33
902,0,0,1,12.1878,2407.32
887,0,0,1,12.1711,2322.03
2012,0,0,1,12.1536,2230.38
884,0,0,1,12.1492,2207.45
1987,0,0,1,12.1117,2017.46
413,0,0,1,12.0924,1919.77
414,0,0,1,12.0871,1892.12
410,0,0,1,12.0648,1779.61
1016,0,0,2,12.8255,5698.77,0.0438333,191.188,0.28,3
2029,0,0,2,12.819,5665.75
1043,0,0,2,12.8189,5665.34
2158,0,0,2,12.8098,5621.19
2030,0,0,2,12.8059,5601.35
1041,0,0,2,12.8011,5576.37
1059,0,0,2,12.793,5534.52
1058,0,0,2,12.7878,5508.47
1056,0,0,2,12.7813,5474.03
1072,0,0,2,12.7637,5383.13
1071,0,0,2,12.7555,5341.02
1090,0,0,2,12.7473,5296.38
1089,0,0,2,12.7406,5260.53
1119,0,0,2,12.7336,5221.29
1118,0,0,2,12.7268,5185.09
2044,0,0,2,12.7107,5101.85
2169,0,0,2,12.7041,5066.97
2171,0,0,2,12.6999,5044.83
2046,0,0,2,12.6937,5013.6
1778,0,0,2,12.6683,4885.09
1327,0,0,2,12.6571,4824.32
1343,0,0,2,12.6565,4821.58
1355,0,0,2,12.6317,4690.77
1364,0,0,2,12.6317,4690.56
1362,0,0,2,12.6215,4636.93
1382,0,0,2,12.592,4489.33
1390,0,0,2,12.5711,4378.7
1402,0,0,2,12.5602,4320.85
710,0,0,3,13.0317,6815.76,0.0466667,203.546,0.45,4
1543,0,0,3,13.0093,6691.56
715,0,0,3,13.0045,6647.41
714,0,0,3,13.0005,6623.26
726,0,0,3,13.0003,6621.4
529,0,0,3,12.9862,6521.75
605,0,0,3,12.9713,6425.08
603,0,0,3,12.965,6392.01
2202,0,0,3,12.9616,6371.22
602,0,0,3,12.9572,6345.93
1851,0,0,3,12.9464,6275.39
1852,0,0,3,12.9415,6251.31
706,0,0,3,12.9283,6186.8
991,0,0,3,12.9165,6126.72
2028,0,0,3,12.9058,6074.05
1012,0,0,3,12.8923,6005.34
1045,0,0,3,12.8768,5929.59
1043,0,0,3,12.8737,5913.73
2029,0,0,3,12.8736,5913.32
1016,0,0,3,12.8694,5889.95
501,0,0,4,13.2007,7687.73,0.0531667,231.897,0.2,5
1747,0,0,4,13.1948,7658.71
505,0,0,4,13.1883,7627.22
506,0,0,4,13.1741,7559.45
507,0,0,4,13.1672,7526.06
510,0,0,4,13.1584,7483.31
509,0,0,4,13.1545,7463.11
508,0,0,4,13.1491,7434.34
512,0,0,4,13.1409,7393.3
511,0,0,4,13.1377,7376.55
2145,0,0,4,13.137,7373.34
2146,0,0,4,13.1259,7311.58
529,0,0,4,13.122,7275.53
726,0,0,4,13.1059,7173.99
714,0,0,4,13.1057,7172.11
1543,0,0,4,13.0999,7139.68
710,0,0,4,13.0784,7019.31
110,0,0,5,13.526,9380.4,0,0,0
1968,0,0,5,13.5109,9299.59
114,0,0,5,13.5051,9264.41
1719,0,0,5,13.4698,9071.14
1718,0,0,5,13.4517,8972.6
129,0,0,5,13.4278,8838.85
134,0,0,5,13.4228,8810.34
133,0,0,5,13.4108,8745.51
138,0,0,5,13.39,8640.92
184,0,0,5,13.3732,8550.54
440,0,0,5,13.3506,8434.16
451,0,0,5,13.3343,8348.74
1716,0,0,5,13.3319,8332.31
462,0,0,5,13.3247,8293.49
1990,0,0,5,13.3169,8240.45
463,0,0,5,13.2997,8150.42
474,0,0,5,13.2858,8077.43
2140,0,0,5,13.2777,8039.59
2141,0,0,5,13.2695,7994.61
473,0,0,5,13.2693,7993.85
502,0,0,5,13.2603,7949.95
501,0,0,5,13.2538,7919.63
501,1,0,0,11.7539,1433.41,0.0743333,324.22,0.22,1
502,1,0,0,11.7486,1407.87
473,1,0,0,11.739,1361.69
2141,1,0,0,11.7388,1360.71
2140,1,0,0,11.7304,1314.68
475,1,0,0,11.7275,1299.26
474,1,0,0,11.7234,1278.25
463,1,0,0,11.7086,1201.35
1990,1,0,0,11.6951,1126.94
462,1,0,0,11.6864,1072.9
461,1,0,0,11.684,1058.4
1716,1,0,0,11.6758,1015.28
451,1,0,0,11.6714,992.322
440,1,0,0,11.6554,908.617
184,1,0,0,11.6385,816.223
138,1,0,0,11.6228,730.3
133,1,0,0,11.6085,653.53
134,1,0,0,11.6009,601.574
129,1,0,0,11.5933,561.93
1718,1,0,0,11.5669,417.674
1719,1,0,0,11.5502,325.295
114,1,0,0,11.5123,120.486
1968,1,0,0,11.5053,81.9493
110,1,0,0,11.49,0
710,1,0,1,11.958,2453.47,0.0443333,193.369,0.36,2
1543,1,0,1,11.9366,2333.21
459,1,0,1,11.9263,2269.8
488,1,0,1,11.8976,2112.91
2144,1,0,1,11.8809,2022.7
486,1,0,1,11.8796,2016.25
482,1,0,1,11.872,1976.94
2142,1,0,1,11.8669,1949.91
2143,1,0,1,11.8665,1948.14
480,1,0,1,11.8661,1946.24
478,1,0,1,11.8619,1924.17
477,1,0,1,11.8538,1881.98
1750,1,0,1,11.85,1861.72
2141,1,0,1,11.8436,1831.93
473,1,0,1,11.8434,1830.73
502,1,0,1,11.8343,1786.83
501,1,0,1,11.8282,1757.63
1016,1,0,2,12.1292,3369.07,0.0438333,191.188,0.28,3
1548,1,0,2,12.1223,3333.03
1012,1,0,2,12.118,3310.61
1014,1,0,2,12.1176,3308.41
989,1,0,2,12.1071,3252.55
990,1,0,2,12.0971,3202.29
704,1,0,2,12.0857,3144.55
2179,1,0,2,12.0855,3143.68
662,1,0,2,12.0793,3114.04
602,1,0,2,12.0684,3046.34
599,1,0,2,12.0645,3024.12
605,1,0,2,12.0606,3000.37
529,1,0,2,12.0434,2900.36
726,1,0,2,12.0286,2800.27
714,1,0,2,12.0284,2798.41
1543,1,0,2,12.0242,2768.44
710,1,0,2,12.0024,2646.84
1402,1,0,3,12.4363,4918.69,0.085,370.744,0.2,4
1390,1,0,3,12.4262,4864.29
1382,1,0,3,12.403,4743.98
1362,1,0,3,12.3791,4619.7
1361,1,0,3,12.3742,4593.25
1354,1,0,3,12.3741,4593.06
1355,1,0,3,12.3678,4559.22
2076,1,0,3,12.366,4550.11
1356,1,0,3,12.3602,4518.45
1357,1,0,3,12.3594,4514.73
1349,1,0,3,12.3482,4456.01
1348,1,0,3,12.3472,4450.96
1340,1,0,3,12.3467,4448.42
1339,1,0,3,12.3407,4417.99
1329,1,0,3,12.3278,4351.43
1158,1,0,3,12.3137,4278.91
2048,1,0,3,12.2934,4171.91
1131,1,0,3,12.2882,4144.68
1130,1,0,3,12.2824,4115.75
1129,1,0,3,12.263,4024.95
1121,1,0,3,12.2437,3925.02
1095,1,0,3,12.2357,3886.22
1093,1,0,3,12.228,3845.49
1074,1,0,3,12.2214,3809.29
1077,1,0,3,12.2111,3755.24
1080,1,0,3,12.1978,3688.79
1079,1,0,3,12.1901,3650.11
1061,1,0,3,12.1859,3628.82
1063,1,0,3,12.1825,3611.01
1062,1,0,3,12.1814,3603.94
2159,1,0,3,12.1812,3603.04
1045,1,0,3,12.1805,3599.89
1043,1,0,3,12.1774,3584.03
2029,1,0,3,12.1773,3583.62
1016,1,0,3,12.1731,3560.25
410,1,0,4,12.932,7451.77,0.109667,478.333,0.09,5
1986,1,0,4,12.9064,7326.03
883,1,0,4,12.8771,7172.67
882,1,0,4,12.8654,7109.1
2155,1,0,4,12.8616,7090.37
901,1,0,4,12.8281,6915.07
902,1,0,4,12.8143,6841.86
904,1,0,4,12.7996,6764.46
925,1,0,4,12.7768,6639.44
2019,1,0,4,12.7709,6610.13
929,1,0,4,12.7705,6608.15
938,1,0,4,12.7584,6542.02
950,1,0,4,12.7424,6460.99
951,1,0,4,12.736,6427.74
949,1,0,4,12.7244,6368.45
1302,1,0,4,12.6977,6228.78
1307,1,0,4,12.6825,6145
1308,1,0,4,12.6709,6083.95
1309,1,0,4,12.6535,5993.85
1314,1,0,4,12.6529,5990.98
2165,1,0,4,12.6339,5892.71
2071,1,0,4,12.6143,5786.86
1359,1,0,4,12.5944,5679.63
1370,1,0,4,12.5934,5675.18
1360,1,0,4,12.5707,5550.16
1382,1,0,4,12.5532,5457.91
1390,1,0,4,12.5323,5347.28
1402,1,0,4,12.5213,5289.44
110,1,0,5,13.3239,9505.78,0,0,0
1968,1,0,5,13.3088,9424.98
1969,1,0,5,13.2967,9348.63
115,1,0,5,13.2942,9334.21
2113,1,0,5,13.2894,9308.14
2133,1,0,5,13.1694,8630.62
366,1,0,5,13.1657,8603.99
2134,1,0,5,13.1547,8542.45
2136,1,0,5,13.1428,8477.53
393,1,0,5,13.1137,8325.64
401,1,0,5,13.0989,8247.18
400,1,0,5,13.0728,8104.08
411,1,0,5,13.0585,8029.53
412,1,0,5,13.0564,8010.02
398,1,0,5,13.042,7931.31
410,1,0,5,13.0417,7930.1
710,2,0,0,11.9984,1682.36,0.0443333,193.369,0.36,1
1543,2,0,0,11.9733,1546.36
459,2,0,0,11.9634,1483.42
458,2,0,0,11.9564,1437.75
456,2,0,0,11.9472,1376.86
457,2,0,0,11.9418,1346.64
454,2,0,0,11.9342,1292.68
455,2,0,0,11.9318,1278.37
453,2,0,0,11.9226,1212.8
446,2,0,0,11.914,1164.09
442,2,0,0,11.9058,1120.37
1857,2,0,0,11.8974,1076.3
441,2,0,0,11.8925,1051.98
185,2,0,0,11.8815,993.794
177,2,0,0,11.8689,927.553
184,2,0,0,11.8485,816.223
138,2,0,0,11.8328,730.3
133,2,0,0,11.8185,653.53
134,2,0,0,11.8109,601.574
129,2,0,0,11.8033,561.93
1718,2,0,0,11.7769,417.674
1719,2,0,0,11.7602,325.295
114,2,0,0,11.7223,120.486
1968,2,0,0,11.7153,81.9493
110,2,0,0,11.7,0
1016,2,0,1,12.1696,2597.96,0.0438333,191.188,0.28,2
1548,2,0,1,12.1627,2561.92
1012,2,0,1,12.1584,2539.5
1014,2,0,1,12.158,2537.3
989,2,0,1,12.1475,2481.44
990,2,0,1,12.1374,2431.18
704,2,0,1,12.1261,2373.44
2179,2,0,1,12.1259,2372.58
662,2,0,1,12.1197,2342.93
602,2,0,1,12.1088,2275.24
599,2,0,1,12.1049,2253.01
605,2,0,1,12.101,2229.26
529,2,0,1,12.0838,2129.25
726,2,0,1,12.069,2029.16
714,2,0,1,12.0688,2027.3
1543,2,0,1,12.0646,1997.34
710,2,0,1,12.0428,1875.73
1402,2,0,2,12.4767,4147.58,0.085,370.744,0.2,3
1390,2,0,2,12.4666,4093.18
1382,2,0,2,12.4434,3972.87
1362,2,0,2,12.4195,3848.59
1361,2,0,2,12.4146,3822.14
1354,2,0,2,12.4145,3821.95
1355,2,0,2,12.4082,3788.11
2076,2,0,2,12.4064,3779
1356,2,0,2,12.4006,3747.34
1357,2,0,2,12.3998,3743.62
1349,2,0,2,12.3886,3684.9
1348,2,0,2,12.3876,3679.85
1340,2,0,2,12.3871,3677.31
1339,2,0,2,12.3811,3646.88
1329,2,0,2,12.3682,3580.32
1158,2,0,2,12.3541,3507.8
2048,2,0,2,12.3338,3400.8
1131,2,0,2,12.3285,3373.57
1130,2,0,2,12.3228,3344.64
1129,2,0,2,12.3034,3253.84
1121,2,0,2,12.2841,3153.91
1095,2,0,2,12.2761,3115.11
1093,2,0,2,12.2683,3074.38
1074,2,0,2,12.2618,3038.18
1077,2,0,2,12.2514,2984.13
1080,2,0,2,12.2382,2917.68
1079,2,0,2,12.2305,2879
1061,2,0,2,12.2263,2857.71
1063,2,0,2,12.2228,2839.9
1062,2,0,2,12.2218,2832.83
2159,2,0,2,12.2216,2831.93
1045,2,0,2,12.2209,2828.78
1043,2,0,2,12.2178,2812.92
2029,2,0,2,12.2177,2812.51
1016,2,0,2,12.2135,2789.14
410,2,0,3,12.9724,6680.66,0.109667,478.333,0.09,4
1986,2,0,3,12.9468,6554.92
883,2,0,3,12.9175,6401.56
882,2,0,3,12.9058,6337.99
2155,2,0,3,12.902,6319.27
901,2,0,3,12.8685,6143.96
902,2,0,3,12.8547,6070.75
904,2,0,3,12.84,5993.35
925,2,0,3,12.8172,5868.33
2019,2,0,3,12.8113,5839.03
929,2,0,3,12.8109,5837.04
938,2,0,3,12.7988,5770.91
950,2,0,3,12.7828,5689.89
951,2,0,3,12.7764,5656.63
949,2,0,3,12.7648,5597.34
1302,2,0,3,12.7381,5457.68
1307,2,0,3,12.7229,5373.89
1308,2,0,3,12.7113,5312.84
1309,2,0,3,12.6939,5222.74
1314,2,0,3,12.6933,5219.87
2165,2,0,3,12.6743,5121.6
2071,2,0,3,12.6547,5015.75
1359,2,0,3,12.6348,4908.53
1370,2,0,3,12.6338,4904.07
1360,2,0,3,12.6111,4779.05
1382,2,0,3,12.5936,4686.8
1390,2,0,3,12.5727,4576.17
1402,2,0,3,12.5617,4518.33
501,2,0,4,13.306,8321.89,0.0531667,231.897,0.2,5
502,2,0,4,13.3007,8296.36
499,2,0,4,13.2738,8170.51
500,2,0,4,13.2692,8147.11
518,2,0,4,13.2636,8118.92
519,2,0,4,13.2519,8059.61
514,2,0,4,13.2432,8015.32
515,2,0,4,13.2379,7988.83
513,2,0,4,13.2248,7923.88
395,2,0,4,13.1984,7784.76
394,2,0,4,13.1831,7705.97
2137,2,0,4,13.1611,7591.72
393,2,0,4,13.1541,7554.54
401,2,0,4,13.1392,7476.07
400,2,0,4,13.1132,7332.97
411,2,0,4,13.0988,7258.42
412,2,0,4,13.0968,7238.91
398,2,0,4,13.0824,7160.2
410,2,0,4,13.0821,7158.99
110,2,0,5,13.6313,10014.6,0,0,0
1968,2,0,5,13.6162,9933.76
114,2,0,5,13.6104,9898.57
1719,2,0,5,13.5751,9705.3
1718,2,0,5,13.557,9606.77
129,2,0,5,13.5331,9473.01
134,2,0,5,13.5281,9444.51
133,2,0,5,13.5161,9379.67
138,2,0,5,13.4953,9275.09
184,2,0,5,13.4785,9184.7
440,2,0,5,13.4559,9068.32
451,2,0,5,13.4396,8982.9
1716,2,0,5,13.4372,8966.48
462,2,0,5,13.43,8927.66
1990,2,0,5,13.4222,8874.62
463,2,0,5,13.405,8784.58
474,2,0,5,13.3911,8711.59
2140,2,0,5,13.383,8673.76
2141,2,0,5,13.3748,8628.78
473,2,0,5,13.3746,8628.02
502,2,0,5,13.3656,8584.12
501,2,0,5,13.3591,8553.79
410,3,0,0,11.6922,1462.66,0.0726667,316.95,0.06,1
398,3,0,0,11.6919,1461.45
397,3,0,0,11.6793,1392.89
390,3,0,0,11.6598,1291.33
382,3,0,0,11.6425,1199.86
376,3,0,0,11.6245,1103.09
369,3,0,0,11.605,998.232
360,3,0,0,11.5827,878.986
361,3,0,0,11.5701,809.873
128,3,0,0,11.5096,481.115
126,3,0,0,11.5023,442.296
125,3,0,0,11.496,408.059
118,3,0,0,11.4631,231.019
1968,3,0,0,11.4353,81.9493
110,3,0,0,11.42,0
710,3,0,1,11.9846,3117.52,0.0443333,193.369,0.36,2
1543,3,0,1,11.9631,2997.25
715,3,0,1,11.9583,2952.99
714,3,0,1,11.9544,2928.98
726,3,0,1,11.9542,2927.1
529,3,0,1,11.9405,2827.61
605,3,0,1,11.9257,2731
603,3,0,1,11.9206,2703.02
604,3,0,1,11.9163,2679.88
596,3,0,1,11.9162,2678.91
580,3,0,1,11.9078,2620.63
574,3,0,1,11.8905,2527.39
573,3,0,1,11.8805,2471.49
564,3,0,1,11.8728,2430.34
557,3,0,1,11.8667,2396.35
561,3,0,1,11.86,2349.83
628,3,0,1,11.8555,2324.18
609,3,0,1,11.8428,2247.52
423,3,0,1,11.8369,2191.2
419,3,0,1,11.8322,2156.76
418,3,0,1,11.8169,2071.84
2139,3,0,1,11.813,2050.41
2138,3,0,1,11.7946,1948.97
411,3,0,1,11.781,1874.15
412,3,0,1,11.7785,1855.14
398,3,0,1,11.7651,1780.81
410,3,0,1,11.7648,1779.61
1016,3,0,2,12.1558,4033.11,0.0438333,191.188,0.28,3
1548,3,0,2,12.1488,3997.08
1012,3,0,2,12.1445,3974.66
1014,3,0,2,12.1441,3972.45
989,3,0,2,12.1336,3916.59
990,3,0,2,12.1236,3866.33
704,3,0,2,12.1123,3808.59
2179,3,0,2,12.1121,3807.73
662,3,0,2,12.1059,3778.08
602,3,0,2,12.0949,3710.39
599,3,0,2,12.091,3688.16
605,3,0,2,12.0872,3664.41
529,3,0,2,12.0699,3564.4
726,3,0,2,12.0552,3464.31
714,3,0,2,12.055,3462.45
1543,3,0,2,12.0507,3432.49
710,3,0,2,12.0289,3310.88
1402,3,0,3,12.4629,5582.73,0.085,370.744,0.2,4
1390,3,0,3,12.4528,5528.34
1382,3,0,3,12.4296,5408.02
1362,3,0,3,12.4056,5283.74
1361,3,0,3,12.4007,5257.29
1354,3,0,3,12.4007,5257.1
1355,3,0,3,12.3944,5223.26
2076,3,0,3,12.3925,5214.15
1356,3,0,3,12.3867,5182.49
1357,3,0,3,12.386,5178.77
1349,3,0,3,12.3747,5120.06
1348,3,0,3,12.3737,5115.01
1340,3,0,3,12.3732,5112.46
1339,3,0,3,12.3672,5082.04
1329,3,0,3,12.3543,5015.47
1158,3,0,3,12.3402,4942.95
2048,3,0,3,12.3199,4835.95
1131,3,0,3,12.3147,4808.72
1130,3,0,3,12.3089,4779.79
1129,3,0,3,12.2896,4689
1121,3,0,3,12.2703,4589.06
1095,3,0,3,12.2622,4550.26
1093,3,0,3,12.2545,4509.54
1074,3,0,3,12.248,4473.33
1077,3,0,3,12.2376,4419.28
1080,3,0,3,12.2243,4352.83
1079,3,0,3,12.2167,4314.15
1061,3,0,3,12.2125,4292.86
1063,3,0,3,12.209,4275.05
1062,3,0,3,12.2079,4267.98
2159,3,0,3,12.2078,4267.08
1045,3,0,3,12.2071,4263.93
1043,3,0,3,12.204,4248.07
2029,3,0,3,12.2039,4247.66
1016,3,0,3,12.1996,4224.3
501,3,0,4,12.9793,8152.35,0.102667,447.801,0.22,5
502,3,0,4,12.9741,8126.82
499,3,0,4,12.9495,8010.43
500,3,0,4,12.9449,7987.02
518,3,0,4,12.9389,7957.04
1754,3,0,4,12.9264,7898.05
540,3,0,4,12.9168,7849.65
541,3,0,4,12.9059,7794.07
572,3,0,4,12.8968,7746.59
1994,3,0,4,12.8813,7672.14
1993,3,0,4,12.877,7650.65
1995,3,0,4,12.871,7619.85
1996,3,0,4,12.8648,7589.56
1997,3,0,4,12.8609,7569.66
2027,3,0,4,12.8343,7442.06
2026,3,0,4,12.8286,7413.71
978,3,0,4,12.8228,7385.03
1010,3,0,4,12.8087,7311.3
1011,3,0,4,12.7942,7237.31
1009,3,0,4,12.789,7209.68
1041,3,0,4,12.7889,7208.99
1059,3,0,4,12.7807,7167.15
1058,3,0,4,12.7755,7141.09
1056,3,0,4,12.7691,7106.65
1072,3,0,4,12.7515,7015.75
1071,3,0,4,12.7433,6973.65
1090,3,0,4,12.735,6929.01
1089,3,0,4,12.7284,6893.15
1119,3,0,4,12.7213,6853.92
1118,3,0,4,12.7145,6817.72
2044,3,0,4,12.6984,6734.47
2169,3,0,4,12.6919,6699.59
2171,3,0,4,12.6877,6677.45
2046,3,0,4,12.6815,6646.22
1778,3,0,4,12.6561,6517.71
1327,3,0,4,12.6448,6456.94
1343,3,0,4,12.6442,6454.21
1355,3,0,4,12.6195,6323.39
1364,3,0,4,12.6194,6323.18
1362,3,0,4,12.6092,6269.55
1382,3,0,4,12.5798,6121.95
1390,3,0,4,12.5588,6011.32
1402,3,0,4,12.5479,5953.48
110,3,0,5,13.3541,10060.9,0,0,0
1968,3,0,5,13.3391,9980.12
114,3,0,5,13.3332,9944.93
1719,3,0,5,13.298,9751.67
1718,3,0,5,13.2799,9653.13
129,3,0,5,13.2559,9519.38
134,3,0,5,13.251,9490.87
133,3,0,5,13.239,9426.04
138,3,0,5,13.2181,9321.45
184,3,0,5,13.2013,9231.06
440,3,0,5,13.1788,9114.68
451,3,0,5,13.1624,9029.26
1716,3,0,5,13.16,9012.84
462,3,0,5,13.1528,8974.02
1990,3,0,5,13.145,8920.98
463,3,0,5,13.1278,8830.95
474,3,0,5,13.114,8757.96
2140,3,0,5,13.1058,8720.12
2141,3,0,5,13.0976,8675.14
473,3,0,5,13.0974,8674.38
502,3,0,5,13.0884,8630.48
501,3,0,5,13.082,8600.15
710,4,0,0,11.6684,1682.36,0.0443333,193.369,0.36,1
1543,4,0,0,11.6433,1546.36
459,4,0,0,11.6334,1483.42
458,4,0,0,11.6264,1437.75
456,4,0,0,11.6172,1376.86
457,4,0,0,11.6118,1346.64
454,4,0,0,11.6042,1292.68
455,4,0,0,11.6018,1278.37
453,4,0,0,11.5926,1212.8
446,4,0,0,11.584,1164.09
442,4,0,0,11.5758,1120.37
1857,4,0,0,11.5674,1076.3
441,4,0,0,11.5625,1051.98
185,4,0,0,11.5515,993.794
177,4,0,0,11.5389,927.553
184,4,0,0,11.5185,816.223
138,4,0,0,11.5028,730.3
133,4,0,0,11.4885,653.53
134,4,0,0,11.4809,601.574
129,4,0,0,11.4733,561.93
1718,4,0,0,11.4469,417.674
1719,4,0,0,11.4302,325.295
114,4,0,0,11.3923,120.486
1968,4,0,0,11.3853,81.9493
110,4,0,0,11.37,0
410,4,0,1,11.9519,3297.46,0.0726667,316.95,0.06,2
398,4,0,1,11.9517,3296.25
397,4,0,1,11.9413,3236.47
399,4,0,1,11.9248,3146.48
411,4,0,1,11.9103,3066.94
1537,4,0,1,11.8822,2908.63
418,4,0,1,11.8769,2880.17
419,4,0,1,11.8606,2791.05
423,4,0,1,11.8559,2756.6
609,4,0,1,11.85,2700.28
628,4,0,1,11.8374,2623.84
561,4,0,1,11.8333,2598.8
557,4,0,1,11.8253,2550.72
554,4,0,1,11.8237,2542.26
565,4,0,1,11.8161,2499.32
573,4,0,1,11.8108,2472.73
574,4,0,1,11.8018,2420.94
580,4,0,1,11.7834,2322.66
596,4,0,1,11.7773,2262.81
595,4,0,1,11.7718,2232.4
605,4,0,1,11.7706,2224.41
529,4,0,1,11.7534,2124.38
726,4,0,1,11.7375,2023.19
714,4,0,1,11.7373,2021.3
1543,4,0,1,11.7325,1990.78
710,4,0,1,11.7128,1875.73
1402,4,0,2,12.4349,5784.91,0.085,370.744,0.2,3
1390,4,0,2,12.4248,5730.52
1382,4,0,2,12.4023,5613.41
1362,4,0,2,12.383,5508.58
1361,4,0,2,12.3785,5484.06
1354,4,0,2,12.3785,5483.87
2188,4,0,2,12.372,5450.11
2075,4,0,2,12.3511,5342.16
1822,4,0,2,12.3503,5338.17
1353,4,0,2,12.3413,5292.42
2118,4,0,2,12.3198,5176.26
2117,4,0,2,12.3172,5151.63
2164,4,0,2,12.3,5038.48
1307,4,0,2,12.2834,4951.49
1302,4,0,2,12.2667,4861.24
949,4,0,2,12.244,4738.44
2025,4,0,2,12.2405,4720.99
1598,4,0,2,12.2371,4702.02
948,4,0,2,12.2304,4667.33
928,4,0,2,12.2187,4604.29
923,4,0,2,12.1825,4423.53
924,4,0,2,12.1742,4384.22
914,4,0,2,12.1538,4277.13
902,4,0,2,12.1475,4242.13
887,4,0,2,12.1309,4156.83
2012,4,0,2,12.1134,4065.19
884,4,0,2,12.1089,4042.25
1987,4,0,2,12.0715,3852.27
413,4,0,2,12.0522,3754.57
414,4,0,2,12.0469,3726.93
410,4,0,2,12.0246,3614.41
1016,4,0,3,12.7853,7533.57,0.0438333,191.188,0.28,4
2029,4,0,3,12.7788,7500.56
1043,4,0,3,12.7787,7500.14
2158,4,0,3,12.7696,7455.99
2030,4,0,3,12.7656,7436.16
1041,4,0,3,12.7609,7411.17
1059,4,0,3,12.7527,7369.33
1058,4,0,3,12.7475,7343.27
1056,4,0,3,12.7411,7308.83
1072,4,0,3,12.7235,7217.93
1071,4,0,3,12.7153,7175.83
1090,4,0,3,12.7071,7131.19
1089,4,0,3,12.7004,7095.33
1119,4,0,3,12.6933,7056.1
1118,4,0,3,12.6865,7019.9
2044,4,0,3,12.6704,6936.65
2169,4,0,3,12.6639,6901.77
2171,4,0,3,12.6597,6879.63
2046,4,0,3,12.6535,6848.4
1778,4,0,3,12.6281,6719.89
1327,4,0,3,12.6168,6659.12
1343,4,0,3,12.6162,6656.39
1355,4,0,3,12.5915,6525.57
1364,4,0,3,12.5914,6525.36
1362,4,0,3,12.5812,6471.73
1382,4,0,3,12.5518,6324.13
1390,4,0,3,12.5308,6213.5
1402,4,0,3,12.5199,6155.66
501,4,0,4,13.0198,8650.26,0.0531667,231.897,0.2,5
1747,4,0,4,13.0131,8617.65
1746,4,0,4,12.9839,8473.15
1745,4,0,4,12.973,8419.08
1844,4,0,4,12.9524,8318.85
575,4,0,4,12.9497,8302.8
571,4,0,4,12.9459,8282.83
570,4,0,4,12.9413,8260.5
569,4,0,4,12.9356,8232.9
640,4,0,4,12.9303,8205.88
649,4,0,4,12.9238,8174.55
646,4,0,4,12.9174,8143.67
691,4,0,4,12.9096,8106.91
689,4,0,4,12.8858,7996.02
979,4,0,4,12.8761,7951.98
980,4,0,4,12.8709,7925.91
978,4,0,4,12.8673,7907.42
1010,4,0,4,12.8516,7827.27
1016,4,0,4,12.8291,7724.76
110,4,0,5,13.3451,10342.9,0,0,0
1968,4,0,5,13.33,10262.1
114,4,0,5,13.3242,10226.9
1719,4,0,5,13.2889,10033.7
1718,4,0,5,13.2708,9935.14
129,4,0,5,13.2469,9801.38
134,4,0,5,13.242,9772.88
133,4,0,5,13.23,9708.04
138,4,0,5,13.2091,9603.46
184,4,0,5,13.1923,9513.07
440,4,0,5,13.1698,9396.69
451,4,0,5,13.1534,9311.27
1716,4,0,5,13.151,9294.85
462,4,0,5,13.1438,9256.03
1990,4,0,5,13.136,9202.99
463,4,0,5,13.1188,9112.95
474,4,0,5,13.105,9039.96
2140,4,0,5,13.0968,9002.13
2141,4,0,5,13.0886,8957.15
473,4,0,5,13.0884,8956.39
502,4,0,5,13.0794,8912.49
501,4,0,5,13.073,8882.16
410,5,0,0,11.6922,1462.66,0.0726667,316.95,0.06,1
398,5,0,0,11.6919,1461.45
397,5,0,0,11.6793,1392.89
390,5,0,0,11.6598,1291.33
382,5,0,0,11.6425,1199.86
376,5,0,0,11.6245,1103.09
369,5,0,0,11.605,998.232
360,5,0,0,11.5827,878.986
361,5,0,0,11.5701,809.873
128,5,0,0,11.5096,481.115
126,5,0,0,11.5023,442.296
125,5,0,0,11.496,408.059
118,5,0,0,11.4631,231.019
1968,5,0,0,11.4353,81.9493
110,5,0,0,11.42,0
710,5,0,1,11.9846,3117.52,0.0443333,193.369,0.36,2
1543,5,0,1,11.9631,2997.25
715,5,0,1,11.9583,2952.99
714,5,0,1,11.9544,2928.98
726,5,0,1,11.9542,2927.1
529,5,0,1,11.9405,2827.61
605,5,0,1,11.9257,2731
603,5,0,1,11.9206,2703.02
604,5,0,1,11.9163,2679.88
596,5,0,1,11.9162,2678.91
580,5,0,1,11.9078,2620.63
574,5,0,1,11.8905,2527.39
573,5,0,1,11.8805,2471.49
564,5,0,1,11.8728,2430.34
557,5,0,1,11.8667,2396.35
561,5,0,1,11.86,2349.83
628,5,0,1,11.8555,2324.18
609,5,0,1,11.8428,2247.52
423,5,0,1,11.8369,2191.2
419,5,0,1,11.8322,2156.76
418,5,0,1,11.8169,2071.84
2139,5,0,1,11.813,2050.41
2138,5,0,1,11.7946,1948.97
411,5,0,1,11.781,1874.15
412,5,0,1,11.7785,1855.14
398,5,0,1,11.7651,1780.81
410,5,0,1,11.7648,1779.61
501,5,0,2,12.1553,4004.15,0.102667,447.801,0.22,3
1747,5,0,2,12.1485,3971.54
505,5,0,2,12.1434,3945.32
506,5,0,2,12.1259,3864.64
507,5,0,2,12.1186,3829.61
510,5,0,2,12.1078,3778.53
509,5,0,2,12.1026,3753.11
508,5,0,2,12.0977,3726.5
512,5,0,2,12.0899,3687.28
511,5,0,2,12.0861,3668.12
2145,5,0,2,12.0854,3664.9
2146,5,0,2,12.0738,3600.57
529,5,0,2,12.0699,3564.4
726,5,0,2,12.0552,3464.31
714,5,0,2,12.055,3462.45
1543,5,0,2,12.0507,3432.49
710,5,0,2,12.0289,3310.88
1402,5,0,3,12.6648,6528.05,0.085,370.744,0.2,4
1390,5,0,3,12.6547,6473.65
1382,5,0,3,12.6322,6356.54
1362,5,0,3,12.6129,6251.71
1361,5,0,3,12.6084,6227.19
1354,5,0,3,12.6083,6227
1355,5,0,3,12.6029,6196.96
2076,5,0,3,12.6011,6187.84
1356,5,0,3,12.5923,6143.41
1357,5,0,3,12.5915,6139.69
1349,5,0,3,12.5782,6072.29
1348,5,0,3,12.5774,6067.95
1340,5,0,3,12.5769,6065.4
1339,5,0,3,12.5707,6034.28
1329,5,0,3,12.5583,5969.68
1158,5,0,3,12.541,5883.85
2048,5,0,3,12.5208,5777.27
1131,5,0,3,12.5153,5748.9
1130,5,0,3,12.5095,5719.97
1129,5,0,3,12.4907,5631.33
1121,5,0,3,12.4714,5531.4
1095,5,0,3,12.4633,5492.59
1093,5,0,3,12.4556,5451.87
1074,5,0,3,12.4491,5415.67
1073,5,0,3,12.4373,5356.8
1057,5,0,3,12.4191,5264.11
1042,5,0,3,12.4138,5237.73
2030,5,0,3,12.4068,5200.7
1011,5,0,3,12.4067,5199.85
1547,5,0,3,12.3924,5129.73
1546,5,0,3,12.3873,5104.04
975,5,0,3,12.3841,5086.89
2026,5,0,3,12.378,5054.16
2027,5,0,3,12.3704,5018.35
1998,5,0,3,12.3604,4967.25
1997,5,0,3,12.3522,4925.17
1996,5,0,3,12.3459,4895.54
1995,5,0,3,12.3393,4863.46
1993,5,0,3,12.3342,4836.65
1994,5,0,3,12.33,4815.17
572,5,0,3,12.3229,4776.05
541,5,0,3,12.314,4729.48
540,5,0,3,12.3033,4674.57
1754,5,0,3,12.2947,4630.38
518,5,0,3,12.2861,4587.43
500,5,0,3,12.2805,4559
501,5,0,3,12.2579,4451.95
1016,5,0,4,13.0152,8276.7,0.0561667,244.982,0.25,5
2029,5,0,4,13.0086,8243.69
1043,5,0,4,13.0086,8243.27
2158,5,0,4,12.9995,8199.12
2030,5,0,4,12.9955,8179.29
1041,5,0,4,12.9908,8154.3
1059,5,0,4,12.9826,8112.46
1058,5,0,4,12.9774,8086.4
1056,5,0,4,12.971,8051.96
1072,5,0,4,12.9534,7961.06
1071,5,0,4,12.9452,7918.96
1090,5,0,4,12.9369,7874.32
1089,5,0,4,12.9303,7838.46
1119,5,0,4,12.9232,7799.23
1118,5,0,4,12.9164,7763.03
2044,5,0,4,12.9003,7679.78
2169,5,0,4,12.8938,7644.9
2171,5,0,4,12.8896,7622.76
2046,5,0,4,12.8834,7591.54
1778,5,0,4,12.858,7463.03
1327,5,0,4,12.8467,7402.25
1343,5,0,4,12.8461,7399.52
1355,5,0,4,12.8214,7268.7
1364,5,0,4,12.8213,7268.49
1362,5,0,4,12.8111,7214.86
1382,5,0,4,12.7817,7067.27
1390,5,0,4,12.7607,6956.63
1402,5,0,4,12.7498,6898.79
110,5,0,5,13.4932,10718,0,0,0
1968,5,0,5,13.4781,10637.2
114,5,0,5,13.4723,10602
1719,5,0,5,13.4367,10407.2
1718,5,0,5,13.4184,10307.8
129,5,0,5,13.3941,10172.7
134,5,0,5,13.3868,10134.3
133,5,0,5,13.3741,10066.7
138,5,0,5,13.3533,9962.14
184,5,0,5,13.3356,9867.87
440,5,0,5,13.3146,9758.01
451,5,0,5,13.2982,9672.59
1716,5,0,5,13.2958,9656.17
462,5,0,5,13.2886,9617.35
1990,5,0,5,13.2808,9564.31
463,5,0,5,13.2636,9474.27
474,5,0,5,13.2498,9401.28
2140,5,0,5,13.2416,9363.45
475,5,0,5,13.2349,9332.18
499,5,0,5,13.2271,9292.59
500,5,0,5,13.2225,9269.18
518,5,0,5,13.217,9241
1754,5,0,5,13.2038,9179.14
540,5,0,5,13.1952,9135.24
541,5,0,5,13.1845,9080.09
572,5,0,5,13.1758,9034.33
1994,5,0,5,13.1661,8984.05
1993,5,0,5,13.1618,8962.57
1995,5,0,5,13.155,8928.2
1996,5,0,5,13.1489,8898.26
1997,5,0,5,13.145,8878.36
2027,5,0,5,13.1201,8757.58
2026,5,0,5,13.1143,8729.1
978,5,0,5,13.1053,8687.1
1010,5,0,5,13.0915,8614.98
1016,5,0,5,13.0714,8521.68
410,6,0,0,12.6908,1541.88,0.109667,478.333,0.09,1
398,6,0,0,12.6905,1540.67
397,6,0,0,12.6794,1478.15
390,6,0,0,12.6582,1369.88
382,6,0,0,12.6394,1272
376,6,0,0,12.6216,1176.01
369,6,0,0,12.6025,1072.96
360,6,0,0,12.5806,955.448
361,6,0,0,12.5665,879.675
128,6,0,0,12.4936,498.056
126,6,0,0,12.4863,459.208
125,6,0,0,12.4767,411.058
118,6,0,0,12.4403,219.037
1968,6,0,0,12.4142,77.2014
110,6,0,0,12.4,0
1402,6,0,1,13.2108,4190.72,0.1085,473.244,0.18,2
1390,6,0,1,13.2006,4136.32
1382,6,0,1,13.1782,4019.21
1362,6,0,1,13.1588,3914.38
1361,6,0,1,13.1544,3889.87
1354,6,0,1,13.1543,3889.68
2188,6,0,1,13.1479,3855.92
2075,6,0,1,13.1269,3747.97
1822,6,0,1,13.1261,3743.97
1353,6,0,1,13.1171,3698.23
2118,6,0,1,13.0956,3582.06
2117,6,0,1,13.0931,3557.43
2164,6,0,1,13.0758,3444.28
1307,6,0,1,13.0592,3357.29
1302,6,0,1,13.0426,3267.05
949,6,0,1,13.0198,3144.25
2025,6,0,1,13.0164,3126.79
1598,6,0,1,13.013,3107.83
948,6,0,1,13.0062,3073.14
928,6,0,1,12.9946,3010.09
923,6,0,1,12.9583,2829.34
924,6,0,1,12.9501,2790.02
914,6,0,1,12.9296,2682.94
902,6,0,1,12.9234,2647.93
887,6,0,1,12.9067,2562.64
2012,6,0,1,12.8893,2470.99
884,6,0,1,12.8848,2448.05
1987,6,0,1,12.8474,2258.07
413,6,0,1,12.828,2160.38
414,6,0,1,12.8227,2132.73
410,6,0,1,12.8005,2020.22
1016,6,0,2,13.5824,6038.45,0.0561667,244.982,0.25,3
2029,6,0,2,13.5779,6014.21
1043,6,0,2,13.5778,6013.8
2158,6,0,2,13.5698,5974.21
2030,6,0,2,13.5659,5954.38
1041,6,0,2,13.5603,5925.89
1059,6,0,2,13.5507,5878.17
1058,6,0,2,13.5454,5851.61
1075,6,0,2,13.5285,5763.93
1072,6,0,2,13.5185,5712.58
1071,6,0,2,13.5106,5671.97
1090,6,0,2,13.5022,5626.4
1089,6,0,2,13.4964,5594.46
1119,6,0,2,13.4889,5553.11
1118,6,0,2,13.4822,5517.31
2044,6,0,2,13.4669,5437.45
1128,6,0,2,13.462,5411.22
1148,6,0,2,13.4559,5374.22
1549,6,0,2,13.4464,5329.7
1147,6,0,2,13.4407,5298.78
1327,6,0,2,13.4098,5140.07
1343,6,0,2,13.4092,5137.33
1355,6,0,2,13.3767,4974.06
1364,6,0,2,13.3767,4973.86
1362,6,0,2,13.3666,4920.61
1382,6,0,2,13.349,4823.38
1390,6,0,2,13.3295,4718.63
1402,6,0,2,13.3193,4663.96
501,6,0,3,13.8199,7179.14,0.0531667,231.897,0.2,4
1747,6,0,3,13.814,7150.13
1746,6,0,3,13.7835,7000.15
540,6,0,3,13.7624,6896.99
541,6,0,3,13.7517,6841.84
572,6,0,3,13.743,6796.08
1994,6,0,3,13.7332,6745.81
1993,6,0,3,13.729,6724.32
1995,6,0,3,13.7221,6689.95
1996,6,0,3,13.716,6660.01
1997,6,0,3,13.7121,6640.11
2027,6,0,3,13.6872,6519.34
2026,6,0,3,13.6814,6490.85
978,6,0,3,13.6724,6448.85
1010,6,0,3,13.6587,6376.73
1016,6,0,3,13.6385,6283.44
110,6,0,4,14.1452,8871.81,0,0,0
1968,6,0,4,14.1301,8791.01
114,6,0,4,14.1243,8755.82
1719,6,0,4,14.089,8562.55
1718,6,0,4,14.0709,8464.02
129,6,0,4,14.047,8330.26
134,6,0,4,14.0421,8301.76
133,6,0,4,14.03,8236.92
138,6,0,4,14.0092,8132.34
184,6,0,4,13.9924,8041.95
440,6,0,4,13.9699,7925.57
451,6,0,4,13.9535,7840.15
1716,6,0,4,13.9511,7823.73
462,6,0,4,13.9439,7784.91
1990,6,0,4,13.9361,7731.87
463,6,0,4,13.9189,7641.83
474,6,0,4,13.9051,7568.84
2140,6,0,4,13.8969,7531.01
2141,6,0,4,13.8887,7486.03
473,6,0,4,13.8885,7485.27
502,6,0,4,13.8795,7441.37
501,6,0,4,13.8731,7411.04
710,6,1,0,11.7584,1682.36,0.0443333,193.369,0.36,1
1543,6,1,0,11.7333,1546.36
459,6,1,0,11.7234,1483.42
458,6,1,0,11.7164,1437.75
456,6,1,0,11.7072,1376.86
457,6,1,0,11.7018,1346.64
454,6,1,0,11.6942,1292.68
455,6,1,0,11.6918,1278.37
453,6,1,0,11.6826,1212.8
446,6,1,0,11.674,1164.09
442,6,1,0,11.6658,1120.37
1857,6,1,0,11.6574,1076.3
441,6,1,0,11.6525,1051.98
185,6,1,0,11.6415,993.794
177,6,1,0,11.6289,927.553
184,6,1,0,11.6085,816.223
138,6,1,0,11.5928,730.3
133,6,1,0,11.5785,653.53
134,6,1,0,11.5709,601.574
129,6,1,0,11.5633,561.93
1718,6,1,0,11.5369,417.674
1719,6,1,0,11.5202,325.295
114,6,1,0,11.4823,120.486
1968,6,1,0,11.4753,81.9493
110,6,1,0,11.46,0
110,6,1,1,12.1092,3629.63,0,0,0
1968,6,1,1,12.0941,3548.6
114,6,1,1,12.0889,3514.27
1719,6,1,1,12.0459,3287.66
1718,6,1,1,12.0305,3200.61
129,6,1,1,12.006,3064.75
134,6,1,1,11.9996,3030.36
133,6,1,1,11.9868,2962.15
138,6,1,1,11.966,2857.57
184,6,1,1,11.9467,2756.61
440,6,1,1,11.9301,2665.42
451,6,1,1,11.9113,2569.71
1716,6,1,1,11.9089,2553.28
462,6,1,1,11.8985,2500.86
1990,6,1,1,11.8906,2447.83
452,6,1,1,11.8856,2415.39
453,6,1,1,11.8743,2328.21
455,6,1,1,11.8619,2258.28
454,6,1,1,11.859,2242.66
457,6,1,1,11.8523,2188.7
456,6,1,1,11.8472,2159.26
458,6,1,1,11.8377,2098.11
459,6,1,1,11.8318,2053.01
1543,6,1,1,11.8225,1990.78
710,6,1,1,11.8028,1875.73
410,7,0,0,13.4243,1471.19,0.074,322.766,0.11,1
398,7,0,0,13.424,1469.98
397,7,0,0,13.4132,1408.71
390,7,0,0,13.3933,1305.9
382,7,0,0,13.3769,1218.33
376,7,0,0,13.3599,1125.74
369,7,0,0,13.3401,1019.33
360,7,0,0,13.3191,906.015
361,7,0,0,13.3046,828.632
128,7,0,0,13.2495,523.193
126,7,0,0,13.241,479.066
125,7,0,0,13.2318,432.83
118,7,0,0,13.197,247.521
1968,7,0,0,13.1648,79.7523
110,7,0,0,13.15,0
1016,7,0,1,13.7127,2978.6,0.0561667,244.982,0.25,2
1010,7,0,1,13.7036,2930.95
2026,7,0,1,13.6762,2797.16
2027,7,0,1,13.6711,2771.32
1998,7,0,1,13.6607,2718.62
1997,7,0,1,13.6521,2675.01
1996,7,0,1,13.6462,2646.71
1995,7,0,1,13.638,2608.39
1993,7,0,1,13.6289,2564.72
1994,7,0,1,13.6246,2543.23
562,7,0,1,13.6151,2494.18
563,7,0,1,13.6114,2475.26
564,7,0,1,13.6057,2444.42
557,7,0,1,13.5998,2411.34
561,7,0,1,13.5931,2364.8
628,7,0,1,13.5888,2339.43
609,7,0,1,13.5766,2263.63
423,7,0,1,13.5707,2207.31
419,7,0,1,13.5654,2172.47
418,7,0,1,13.5471,2074.91
2139,7,0,1,13.5438,2055.44
2138,7,0,1,13.5274,1962.7
411,7,0,1,13.5151,1893.38
412,7,0,1,13.513,1873.87
398,7,0,1,13.4986,1795.16
410,7,0,1,13.4983,1793.95
1402,7,0,2,14.0335,4590.97,0.0816667,356.205,0.16,3
1390,7,0,2,14.0244,4540.91
1382,7,0,2,13.9989,4410.86
1362,7,0,2,13.9783,4300.86
1361,7,0,2,13.9741,4277.69
1354,7,0,2,13.9741,4277.5
1355,7,0,2,13.9676,4243
2076,7,0,2,13.9658,4233.89
1356,7,0,2,13.9582,4194.54
1357,7,0,2,13.9574,4190.82
1349,7,0,2,13.9447,4125.87
1348,7,0,2,13.9441,4122.44
1340,7,0,2,13.9436,4119.9
1339,7,0,2,13.938,4091.16
1330,7,0,2,13.9173,3982.42
1161,7,0,2,13.9079,3934.51
1162,7,0,2,13.8979,3881.51
1136,7,0,2,13.8792,3783.31
1138,7,0,2,13.8725,3748.95
1137,7,0,2,13.8666,3717.85
1123,7,0,2,13.8529,3651.7
1775,7,0,2,13.8443,3607.71
1102,7,0,2,13.8286,3528.52
1100,7,0,2,13.8144,3459.13
1101,7,0,2,13.8034,3402.48
1082,7,0,2,13.795,3360.52
1079,7,0,2,13.7859,3313.5
1061,7,0,2,13.7816,3292.21
1063,7,0,2,13.7784,3275.37
1062,7,0,2,13.7774,3268.33
2159,7,0,2,13.7772,3267.35
1045,7,0,2,13.7765,3264.2
1043,7,0,2,13.7732,3247.52
2029,7,0,2,13.7731,3247.1
1016,7,0,2,13.7688,3223.58
501,7,0,3,14.5355,7106.11,0.107,466.702,0.18,4
1747,7,0,3,14.5295,7076.89
1746,7,0,3,14.5009,6934.48
540,7,0,3,14.4839,6848.54
541,7,0,3,14.4714,6786.03
572,7,0,3,14.4609,6732.79
567,7,0,3,14.4508,6679.38
565,7,0,3,14.4486,6665.89
562,7,0,3,14.4419,6631.38
639,7,0,3,14.4385,6613.94
638,7,0,3,14.4328,6584.27
637,7,0,3,14.4278,6559.24
685,7,0,3,14.4168,6505.46
687,7,0,3,14.4116,6479.43
971,7,0,3,14.3969,6410.53
972,7,0,3,14.3896,6374.32
973,7,0,3,14.3749,6305.19
1008,7,0,3,14.3652,6257.09
1009,7,0,3,14.353,6195.51
1041,7,0,3,14.3529,6194.82
1059,7,0,3,14.344,6149.99
1058,7,0,3,14.339,6124.74
1075,7,0,3,14.3215,6034.67
1072,7,0,3,14.3115,5983.22
1071,7,0,3,14.3013,5932.75
1090,7,0,3,14.2952,5895.53
1089,7,0,3,14.2891,5862.2
1119,7,0,3,14.2805,5816.31
1118,7,0,3,14.2743,5782.73
2044,7,0,3,14.2591,5703.16
2169,7,0,3,14.2511,5662.14
2171,7,0,3,14.2464,5637.99
1549,7,0,3,14.2387,5597.84
1147,7,0,3,14.2312,5559.46
1327,7,0,3,14.2028,5411.48
1343,7,0,3,14.2022,5408.75
1355,7,0,3,14.1755,5269.33
1364,7,0,3,14.1754,5269.12
1362,7,0,3,14.1656,5217.14
1382,7,0,3,14.1456,5109.31
1390,7,0,3,14.1241,4996.14
1402,7,0,3,14.1152,4947.17
110,7,0,4,14.9162,9062.01,0,0,0
111,7,0,4,14.9138,9046.13
1968,7,0,4,14.9044,8981.46
114,7,0,4,14.8988,8946.72
1719,7,0,4,14.8608,8741.69
1720,7,0,4,14.8458,8659.22
1718,7,0,4,14.84,8626.67
129,7,0,4,14.8148,8487.6
134,7,0,4,14.8088,8454.63
133,7,0,4,14.7964,8388.1
138,7,0,4,14.7755,8283.52
184,7,0,4,14.7592,8194.98
440,7,0,4,14.7433,8107.36
451,7,0,4,14.7268,8021.16
1716,7,0,4,14.7244,8004.74
462,7,0,4,14.7152,7957.67
1990,7,0,4,14.7082,7904.97
463,7,0,4,14.6895,7808.45
474,7,0,4,14.6741,7729.21
2140,7,0,4,14.6651,7687.88
2141,7,0,4,14.6573,7644.68
473,7,0,4,14.657,7643.39
502,7,0,4,14.648,7599.49
501,7,0,4,14.6425,7572.81
710,7,1,0,11.6384,1682.36,0.0443333,193.369,0.36,1
1543,7,1,0,11.6133,1546.36
459,7,1,0,11.6034,1483.42
458,7,1,0,11.5964,1437.75
456,7,1,0,11.5872,1376.86
457,7,1,0,11.5818,1346.64
454,7,1,0,11.5742,1292.68
455,7,1,0,11.5718,1278.37
453,7,1,0,11.5626,1212.8
446,7,1,0,11.554,1164.09
442,7,1,0,11.5458,1120.37
1857,7,1,0,11.5374,1076.3
441,7,1,0,11.5325,1051.98
185,7,1,0,11.5215,993.794
177,7,1,0,11.5089,927.553
184,7,1,0,11.4885,816.223
138,7,1,0,11.4728,730.3
133,7,1,0,11.4585,653.53
134,7,1,0,11.4509,601.574
129,7,1,0,11.4433,561.93
1718,7,1,0,11.4169,417.674
1719,7,1,0,11.4002,325.295
114,7,1,0,11.3623,120.486
1968,7,1,0,11.3553,81.9493
110,7,1,0,11.34,0
110,7,1,1,11.9892,3629.63,0,0,0
1968,7,1,1,11.9741,3548.6
114,7,1,1,11.9689,3514.27
1719,7,1,1,11.9259,3287.66
1718,7,1,1,11.9105,3200.61
129,7,1,1,11.886,3064.75
134,7,1,1,11.8796,3030.36
133,7,1,1,11.8668,2962.15
138,7,1,1,11.846,2857.57
184,7,1,1,11.8267,2756.61
440,7,1,1,11.8101,2665.42
451,7,1,1,11.7913,2569.71
1716,7,1,1,11.7889,2553.28
462,7,1,1,11.7785,2500.86
1990,7,1,1,11.7706,2447.83
452,7,1,1,11.7656,2415.39
453,7,1,1,11.7543,2328.21
455,7,1,1,11.7419,2258.28
454,7,1,1,11.739,2242.66
457,7,1,1,11.7323,2188.7
456,7,1,1,11.7272,2159.26
458,7,1,1,11.7177,2098.11
459,7,1,1,11.7118,2053.01
1543,7,1,1,11.7025,1990.78
710,7,1,1,11.6828,1875.73
410,8,0,0,13.4243,1471.19,0.074,322.766,0.11,1
398,8,0,0,13.424,1469.98
397,8,0,0,13.4132,1408.71
390,8,0,0,13.3933,1305.9
382,8,0,0,13.3769,1218.33
376,8,0,0,13.3599,1125.74
369,8,0,0,13.3401,1019.33
360,8,0,0,13.3191,906.015
361,8,0,0,13.3046,828.632
128,8,0,0,13.2495,523.193
126,8,0,0,13.241,479.066
125,8,0,0,13.2318,432.83
118,8,0,0,13.197,247.521
1968,8,0,0,13.1648,79.7523
110,8,0,0,13.15,0
1402,8,0,1,13.9249,4038.37,0.1085,473.244,0.18,2
1390,8,0,1,13.9157,3988.31
1389,8,0,1,13.8895,3847.36
1388,8,0,1,13.8694,3752.17
1323,8,0,1,13.8687,3748.39
2072,8,0,1,13.8445,3630.82
1317,8,0,1,13.8247,3524.14
2071,8,0,1,13.814,3460.08
2165,8,0,1,13.7917,3342.68
1314,8,0,1,13.7749,3253.68
2163,8,0,1,13.7602,3173.84
2023,8,0,1,13.7318,3022.47
1787,8,0,1,13.7237,2981.18
1788,8,0,1,13.7229,2977.48
943,8,0,1,13.707,2896.83
934,8,0,1,13.6982,2848.99
933,8,0,1,13.6879,2795.06
936,8,0,1,13.6873,2792.12
1737,8,0,1,13.6758,2728.89
917,8,0,1,13.659,2645.65
916,8,0,1,13.6589,2644.75
906,8,0,1,13.633,2511.66
889,8,0,1,13.6208,2449.74
890,8,0,1,13.6113,2401.78
2013,8,0,1,13.5883,2283.62
1988,8,0,1,13.5693,2183.84
416,8,0,1,13.5478,2077.27
2139,8,0,1,13.5438,2055.44
2138,8,0,1,13.5274,1962.7
411,8,0,1,13.5151,1893.38
412,8,0,1,13.513,1873.87
398,8,0,1,13.4986,1795.16
410,8,0,1,13.4983,1793.95
1016,8,0,2,14.2914,5864.63,0.0881667,384.556,0.22,3
2029,8,0,2,14.287,5840.88
1043,8,0,2,14.287,5840.46
2158,8,0,2,14.2801,5805.68
2030,8,0,2,14.2762,5785.85
1041,8,0,2,14.271,5759.26
1059,8,0,2,14.2622,5714.43
1058,8,0,2,14.2572,5689.18
1075,8,0,2,14.2397,5599.11
1072,8,0,2,14.2296,5547.66
1071,8,0,2,14.2195,5497.19
1090,8,0,2,14.2134,5459.97
1089,8,0,2,14.2073,5426.64
1119,8,0,2,14.1987,5380.76
1118,8,0,2,14.1925,5347.17
2044,8,0,2,14.1773,5267.61
2169,8,0,2,14.1693,5226.59
2171,8,0,2,14.1646,5202.43
1549,8,0,2,14.1568,5162.28
1147,8,0,2,14.1494,5123.9
1327,8,0,2,14.121,4975.93
1343,8,0,2,14.1204,4973.19
1355,8,0,2,14.0936,4833.77
1364,8,0,2,14.0936,4833.56
1362,8,0,2,14.0838,4781.58
1382,8,0,2,14.0637,4673.75
1390,8,0,2,14.0422,4560.58
1402,8,0,2,14.0334,4511.62
501,8,0,3,14.5691,7170.87,0.107,466.702,0.18,4
1747,8,0,3,14.5594,7126.57
1746,8,0,3,14.5315,6987.23
1745,8,0,3,14.5184,6923.94
1844,8,0,3,14.5005,6834.69
575,8,0,3,14.4981,6819.18
571,8,0,3,14.4952,6803.06
570,8,0,3,14.4904,6779.79
569,8,0,3,14.4853,6754.47
640,8,0,3,14.4771,6715.56
649,8,0,3,14.4678,6673.02
646,8,0,3,14.46,6636.51
691,8,0,3,14.4541,6607.6
689,8,0,3,14.432,6503.61
979,8,0,3,14.4235,6464.01
980,8,0,3,14.4177,6435.6
978,8,0,3,14.4141,6417.41
1010,8,0,3,14.3993,6340.65
1016,8,0,3,14.3796,6249.19
110,8,0,4,14.9498,9126.78,0,0,0
111,8,0,4,14.9474,9110.9
1968,8,0,4,14.938,9046.21
114,8,0,4,14.9325,9011.48
1719,8,0,4,14.8945,8806.45
1720,8,0,4,14.8794,8723.98
1718,8,0,4,14.8736,8691.43
129,8,0,4,14.8484,8552.36
134,8,0,4,14.8424,8519.39
133,8,0,4,14.83,8452.87
138,8,0,4,14.8091,8348.28
184,8,0,4,14.7928,8259.74
440,8,0,4,14.777,8172.12
451,8,0,4,14.7604,8085.93
1716,8,0,4,14.758,8069.5
462,8,0,4,14.7489,8022.43
1990,8,0,4,14.7418,7969.73
463,8,0,4,14.7231,7873.21
474,8,0,4,14.7078,7793.97
2140,8,0,4,14.6987,7752.64
2141,8,0,4,14.6909,7709.44
473,8,0,4,14.6907,7708.15
502,8,0,4,14.6816,7664.25
501,8,0,4,14.6761,7637.58
710,8,1,0,11.4384,1682.36,0.0443333,193.369,0.36,1
1543,8,1,0,11.4133,1546.36
459,8,1,0,11.4034,1483.42
458,8,1,0,11.3964,1437.75
456,8,1,0,11.3872,1376.86
457,8,1,0,11.3818,1346.64
454,8,1,0,11.3742,1292.68
455,8,1,0,11.3718,1278.37
453,8,1,0,11.3626,1212.8
446,8,1,0,11.354,1164.09
442,8,1,0,11.3458,1120.37
1857,8,1,0,11.3374,1076.3
441,8,1,0,11.3325,1051.98
185,8,1,0,11.3215,993.794
177,8,1,0,11.3089,927.553
184,8,1,0,11.2885,816.223
138,8,1,0,11.2728,730.3
133,8,1,0,11.2585,653.53
134,8,1,0,11.2509,601.574
129,8,1,0,11.2433,561.93
1718,8,1,0,11.2169,417.674
1719,8,1,0,11.2002,325.295
114,8,1,0,11.1623,120.486
1968,8,1,0,11.1553,81.9493
110,8,1,0,11.14,0
110,8,1,1,11.7892,3629.63,0,0,0
1968,8,1,1,11.7741,3548.6
114,8,1,1,11.7689,3514.27
1719,8,1,1,11.7259,3287.66
1718,8,1,1,11.7105,3200.61
129,8,1,1,11.686,3064.75
134,8,1,1,11.6796,3030.36
133,8,1,1,11.6668,2962.15
138,8,1,1,11.646,2857.57
184,8,1,1,11.6267,2756.61
440,8,1,1,11.6101,2665.42
451,8,1,1,11.5913,2569.71
1716,8,1,1,11.5889,2553.28
462,8,1,1,11.5785,2500.86
1990,8,1,1,11.5706,2447.83
452,8,1,1,11.5656,2415.39
453,8,1,1,11.5543,2328.21
455,8,1,1,11.5419,2258.28
454,8,1,1,11.539,2242.66
457,8,1,1,11.5323,2188.7
456,8,1,1,11.5272,2159.26
458,8,1,1,11.5177,2098.11
459,8,1,1,11.5118,2053.01
1543,8,1,1,11.5025,1990.78
710,8,1,1,11.4828,1875.73
501,9,0,0,13.5896,1510.92,0.0531667,231.897,0.2,1
502,9,0,0,13.5844,1485.38
473,9,0,0,13.5765,1446.3
2141,9,0,0,13.5763,1445.32
1750,9,0,0,13.572,1424.02
477,9,0,0,13.5675,1400.71
453,9,0,0,13.5385,1243.21
446,9,0,0,13.5302,1195.77
442,9,0,0,13.5185,1137.28
1857,9,0,0,13.5097,1091.26
441,9,0,0,13.5036,1062.09
185,9,0,0,13.4926,1004.16
177,9,0,0,13.4803,938.786
184,9,0,0,13.4603,829.279
138,9,0,0,13.4436,739.414
133,9,0,0,13.4297,664.29
134,9,0,0,13.4221,612.333
129,9,0,0,13.415,574.749
1718,9,0,0,13.3891,432.78
1720,9,0,0,13.382,394.625
1719,9,0,0,13.3693,321.152
114,9,0,0,13.3316,117.424
1968,9,0,0,13.3248,79.7523
110,9,0,0,13.31,0
1016,9,0,1,13.8072,2559.29,0.0561667,244.982,0.25,2
1010,9,0,1,13.7982,2511.64
2026,9,0,1,13.7708,2377.86
2027,9,0,1,13.7657,2352.02
1998,9,0,1,13.7553,2299.32
1997,9,0,1,13.7467,2255.7
1996,9,0,1,13.7408,2227.41
1995,9,0,1,13.7326,2189.09
1993,9,0,1,13.7235,2145.41
1994,9,0,1,13.7192,2123.93
572,9,0,1,13.7122,2085.28
541,9,0,1,13.7,2024.92
540,9,0,1,13.6896,1971.28
1754,9,0,1,13.6812,1927.61
518,9,0,1,13.6733,1887.64
500,9,0,1,13.6683,1861.85
501,9,0,1,13.6428,1742.82
1402,9,0,2,14.1281,4171.66,0.0816667,356.205,0.16,3
1390,9,0,2,14.119,4121.61
1382,9,0,2,14.0934,3991.55
1362,9,0,2,14.0729,3881.56
1361,9,0,2,14.0687,3858.38
1354,9,0,2,14.0687,3858.19
1355,9,0,2,14.0622,3823.7
2076,9,0,2,14.0604,3814.59
1356,9,0,2,14.0528,3775.24
1357,9,0,2,14.052,3771.52
1349,9,0,2,14.0393,3706.57
1348,9,0,2,14.0387,3703.13
1340,9,0,2,14.0382,3700.59
1339,9,0,2,14.0326,3671.86
1330,9,0,2,14.0118,3563.11
1161,9,0,2,14.0025,3515.2
1162,9,0,2,13.9925,3462.21
1136,9,0,2,13.9738,3364.01
1138,9,0,2,13.9671,3329.65
1137,9,0,2,13.9612,3298.54
1123,9,0,2,13.9475,3232.39
1775,9,0,2,13.9389,3188.4
1102,9,0,2,13.9232,3109.22
1100,9,0,2,13.909,3039.82
1101,9,0,2,13.898,2983.18
1082,9,0,2,13.8896,2941.21
1079,9,0,2,13.8805,2894.19
1061,9,0,2,13.8762,2872.91
1063,9,0,2,13.873,2856.07
1062,9,0,2,13.872,2849.03
2159,9,0,2,13.8718,2848.04
1045,9,0,2,13.8711,2844.89
1043,9,0,2,13.8678,2828.21
2029,9,0,2,13.8677,2827.8
1016,9,0,2,13.8634,2804.27
110,9,0,3,14.8447,7948.32,0,0,0
1968,9,0,3,14.8271,7856.71
1969,9,0,3,14.8145,7779.85
115,9,0,3,14.812,7765.39
2113,9,0,3,14.8065,7736.2
2133,9,0,3,14.6728,6998.83
366,9,0,3,14.6688,6972.03
2134,9,0,3,14.6596,6914.26
2136,9,0,3,14.6488,6854.11
393,9,0,3,14.6188,6698.35
401,9,0,3,14.6061,6628.9
1739,9,0,3,14.5962,6575.04
1742,9,0,3,14.5897,6540.56
1741,9,0,3,14.5833,6506.07
418,9,0,3,14.5758,6466.55
417,9,0,3,14.573,6450.86
1989,9,0,3,14.555,6358.28
2011,9,0,3,14.5349,6255.21
2156,9,0,3,14.5294,6226.77
2013,9,0,3,14.5287,6223.62
886,9,0,3,14.5177,6169
888,9,0,3,14.5009,6075.87
903,9,0,3,14.4898,6017.61
904,9,0,3,14.4863,5998.75
925,9,0,3,14.4662,5885.54
2019,9,0,3,14.4605,5857.25
929,9,0,3,14.4601,5855.27
938,9,0,3,14.4485,5791
950,9,0,3,14.4336,5714.34
951,9,0,3,14.4227,5662.71
949,9,0,3,14.4104,5600.46
1302,9,0,3,14.3854,5468.03
1307,9,0,3,14.3717,5390.6
1308,9,0,3,14.3605,5331.03
1309,9,0,3,14.3422,5237.67
1314,9,0,3,14.3416,5234.8
2165,9,0,3,14.3261,5151.36
2071,9,0,3,14.3053,5040.21
1317,9,0,3,14.2933,4972.8
2072,9,0,3,14.2743,4870.1
1323,9,0,3,14.2583,4786.41
1388,9,0,3,14.2576,4782.63
1389,9,0,3,14.2489,4734.73
1390,9,0,3,14.2186,4576.84
1402,9,0,3,14.2098,4527.87
410,9,1,0,11.5822,1462.66,0.0726667,316.95,0.06,1
398,9,1,0,11.5819,1461.45
397,9,1,0,11.5693,1392.89
390,9,1,0,11.5498,1291.33
382,9,1,0,11.5325,1199.86
376,9,1,0,11.5145,1103.09
369,9,1,0,11.495,998.232
360,9,1,0,11.4727,878.986
361,9,1,0,11.4601,809.873
128,9,1,0,11.3996,481.115
126,9,1,0,11.3923,442.296
125,9,1,0,11.386,408.059
118,9,1,0,11.3531,231.019
1968,9,1,0,11.3253,81.9493
110,9,1,0,11.31,0
710,9,1,1,11.8746,3117.52,0.0443333,193.369,0.36,2
1543,9,1,1,11.8531,2997.25
715,9,1,1,11.8483,2952.99
714,9,1,1,11.8444,2928.98
726,9,1,1,11.8442,2927.1
529,9,1,1,11.8305,2827.61
605,9,1,1,11.8157,2731
603,9,1,1,11.8106,2703.02
604,9,1,1,11.8063,2679.88
596,9,1,1,11.8062,2678.91
580,9,1,1,11.7978,2620.63
574,9,1,1,11.7805,2527.39
573,9,1,1,11.7705,2471.49
564,9,1,1,11.7628,2430.34
557,9,1,1,11.7567,2396.35
561,9,1,1,11.75,2349.83
628,9,1,1,11.7455,2324.18
609,9,1,1,11.7328,2247.52
423,9,1,1,11.7269,2191.2
419,9,1,1,11.7222,2156.76
418,9,1,1,11.7069,2071.84
2139,9,1,1,11.703,2050.41
2138,9,1,1,11.6846,1948.97
411,9,1,1,11.671,1874.15
412,9,1,1,11.6685,1855.14
398,9,1,1,11.6551,1780.81
410,9,1,1,11.6548,1779.61
110,9,1,2,12.2254,5064.79,0,0,0
1968,9,1,2,12.2103,4983.75
114,9,1,2,12.2051,4949.43
1719,9,1,2,12.1621,4722.82
1718,9,1,2,12.1466,4635.77
129,9,1,2,12.1222,4499.9
134,9,1,2,12.1158,4465.51
133,9,1,2,12.103,4397.31
138,9,1,2,12.0821,4292.72
184,9,1,2,12.0629,4191.76
440,9,1,2,12.0462,4100.57
451,9,1,2,12.0274,4004.86
1716,9,1,2,12.025,3988.43
462,9,1,2,12.0146,3936.01
1990,9,1,2,12.0068,3882.98
452,9,1,2,12.0018,3850.54
453,9,1,2,11.9904,3763.36
455,9,1,2,11.978,3693.43
454,9,1,2,11.9752,3677.82
457,9,1,2,11.9685,3623.85
456,9,1,2,11.9633,3594.41
458,9,1,2,11.9539,3533.26
459,9,1,2,11.9479,3488.16
1543,9,1,2,11.9386,3425.93
710,9,1,2,11.9189,3310.88
501,10,0,0,13.5896,1510.92,0.0531667,231.897,0.2,1
502,10,0,0,13.5844,1485.38
473,10,0,0,13.5765,1446.3
2141,10,0,0,13.5763,1445.32
1750,10,0,0,13.572,1424.02
477,10,0,0,13.5675,1400.71
453,10,0,0,13.5385,1243.21
446,10,0,0,13.5302,1195.77
442,10,0,0,13.5185,1137.28
1857,10,0,0,13.5097,1091.26
441,10,0,0,13.5036,1062.09
185,10,0,0,13.4926,1004.16
177,10,0,0,13.4803,938.786
184,10,0,0,13.4603,829.279
138,10,0,0,13.4436,739.414
133,10,0,0,13.4297,664.29
134,10,0,0,13.4221,612.333
129,10,0,0,13.415,574.749
1718,10,0,0,13.3891,432.78
1720,10,0,0,13.382,394.625
1719,10,0,0,13.3693,321.152
114,10,0,0,13.3316,117.424
1968,10,0,0,13.3248,79.7523
110,10,0,0,13.31,0
1402,10,0,1,14.0738,3925.73,0.0816667,356.205,0.16,2
1390,10,0,1,14.0646,3875.67
1382,10,0,1,14.0344,3725.93
1362,10,0,1,14.0117,3606.92
1361,10,0,1,14.0067,3579.93
1354,10,0,1,14.0066,3579.74
1355,10,0,1,13.9941,3520.08
2076,10,0,1,13.9923,3510.96
1356,10,0,1,13.9839,3468.25
1357,10,0,1,13.9831,3464.53
1349,10,0,1,13.9696,3396.36
1348,10,0,1,13.969,3393.03
1340,10,0,1,13.9685,3390.49
1339,10,0,1,13.9632,3362.77
1329,10,0,1,13.9522,3304.43
1158,10,0,1,13.9372,3228.1
2048,10,0,1,13.9171,3122.06
1131,10,0,1,13.9115,3093.19
1130,10,0,1,13.9057,3064.26
1129,10,0,1,13.8905,2990.07
1121,10,0,1,13.8745,2904.14
1120,10,0,1,13.8705,2882.96
1094,10,0,1,13.8656,2857.02
1091,10,0,1,13.8555,2806.29
1092,10,0,1,13.8503,2780.39
1074,10,0,1,13.8445,2749.97
1073,10,0,1,13.8361,2705.29
1057,10,0,1,13.8163,2606.3
1042,10,0,1,13.811,2579.4
2030,10,0,1,13.8038,2541.56
1011,10,0,1,13.8035,2540.11
1547,10,0,1,13.7861,2457.47
1546,10,0,1,13.7807,2430.1
975,10,0,1,13.7773,2412.13
2026,10,0,1,13.7708,2377.86
2027,10,0,1,13.7657,2352.02
1998,10,0,1,13.7553,2299.32
1997,10,0,1,13.7467,2255.7
1996,10,0,1,13.7408,2227.41
1995,10,0,1,13.7326,2189.09
1993,10,0,1,13.7235,2145.41
1994,10,0,1,13.7192,2123.93
572,10,0,1,13.7122,2085.28
541,10,0,1,13.7,2024.92
540,10,0,1,13.6896,1971.28
1754,10,0,1,13.6812,1927.61
518,10,0,1,13.6733,1887.64
500,10,0,1,13.6683,1861.85
501,10,0,1,13.6428,1742.82
1016,10,0,2,14.4135,5634.95,0.0881667,384.556,0.22,3
2029,10,0,2,14.4091,5611.2
1043,10,0,2,14.409,5610.79
2158,10,0,2,14.4022,5576.01
2030,10,0,2,14.3983,5556.17
1041,10,0,2,14.3931,5529.59
1059,10,0,2,14.3843,5484.75
1058,10,0,2,14.3793,5459.5
1075,10,0,2,14.3617,5369.43
1072,10,0,2,14.3517,5317.99
1071,10,0,2,14.3415,5267.51
1090,10,0,2,14.3355,5230.29
1089,10,0,2,14.3294,5196.97
1119,10,0,2,14.3208,5151.08
1118,10,0,2,14.3146,5117.49
2044,10,0,2,14.2994,5037.93
2169,10,0,2,14.2914,4996.91
2171,10,0,2,14.2867,4972.76
1549,10,0,2,14.2789,4932.61
1147,10,0,2,14.2715,4894.22
1327,10,0,2,14.2431,4746.25
1343,10,0,2,14.2425,4743.51
1355,10,0,2,14.2157,4604.1
1364,10,0,2,14.2157,4603.89
1362,10,0,2,14.2059,4551.9
1382,10,0,2,14.1858,4444.08
1390,10,0,2,14.1643,4330.9
1402,10,0,2,14.1554,4281.94
110,10,0,3,14.9211,8225.21,0,0,0
111,10,0,3,14.9187,8209.33
1968,10,0,3,14.9093,8144.65
114,10,0,3,14.9037,8109.92
1719,10,0,3,14.8675,7912.3
1718,10,0,3,14.8476,7805.99
129,10,0,3,14.8236,7672.2
134,10,0,3,14.8179,7640.78
133,10,0,3,14.8072,7581.41
138,10,0,3,14.7863,7476.83
184,10,0,3,14.7697,7387.22
440,10,0,3,14.7493,7280
451,10,0,3,14.7328,7193.81
1716,10,0,3,14.7304,7177.38
462,10,0,3,14.7212,7130.31
1990,10,0,3,14.7142,7077.61
463,10,0,3,14.6955,6981.09
474,10,0,3,14.6801,6901.85
2140,10,0,3,14.6711,6860.52
475,10,0,3,14.6661,6836.29
499,10,0,3,14.6584,6796.7
500,10,0,3,14.6538,6773.29
518,10,0,3,14.6492,6749.19
1754,10,0,3,14.6455,6724.26
540,10,0,3,14.6373,6681.79
541,10,0,3,14.6255,6621.97
572,10,0,3,14.6159,6572.3
1994,10,0,3,14.6032,6509.9
1993,10,0,3,14.599,6488.41
1995,10,0,3,14.5863,6430.66
1996,10,0,3,14.5804,6401.48
1997,10,0,3,14.5765,6381.58
2027,10,0,3,14.5493,6251.36
2026,10,0,3,14.5435,6222.88
978,10,0,3,14.5362,6187.74
1010,10,0,3,14.5214,6110.97
1016,10,0,3,14.5016,6019.51
410,10,1,0,11.4322,1462.66,0.0726667,316.95,0.06,1
398,10,1,0,11.4319,1461.45
397,10,1,0,11.4193,1392.89
390,10,1,0,11.3998,1291.33
382,10,1,0,11.3825,1199.86
376,10,1,0,11.3645,1103.09
369,10,1,0,11.345,998.232
360,10,1,0,11.3227,878.986
361,10,1,0,11.3101,809.873
128,10,1,0,11.2496,481.115
126,10,1,0,11.2423,442.296
125,10,1,0,11.236,408.059
118,10,1,0,11.2031,231.019
1968,10,1,0,11.1753,81.9493
110,10,1,0,11.16,0
710,10,1,1,11.7246,3117.52,0.0443333,193.369,0.36,2
1543,10,1,1,11.7031,2997.25
715,10,1,1,11.6983,2952.99
714,10,1,1,11.6944,2928.98
726,10,1,1,11.6942,2927.1
529,10,1,1,11.6805,2827.61
605,10,1,1,11.6657,2731
603,10,1,1,11.6606,2703.02
604,10,1,1,11.6563,2679.88
596,10,1,1,11.6562,2678.91
580,10,1,1,11.6478,2620.63
574,10,1,1,11.6305,2527.39
573,10,1,1,11.6205,2471.49
564,10,1,1,11.6128,2430.34
557,10,1,1,11.6067,2396.35
561,10,1,1,11.6,2349.83
628,10,1,1,11.5955,2324.18
609,10,1,1,11.5828,2247.52
423,10,1,1,11.5769,2191.2
419,10,1,1,11.5722,2156.76
418,10,1,1,11.5569,2071.84
2139,10,1,1,11.553,2050.41
2138,10,1,1,11.5346,1948.97
411,10,1,1,11.521,1874.15
412,10,1,1,11.5185,1855.14
398,10,1,1,11.5051,1780.81
410,10,1,1,11.5048,1779.61
110,10,1,2,12.0754,5064.79,0,0,0
1968,10,1,2,12.0603,4983.75
114,10,1,2,12.0551,4949.43
1719,10,1,2,12.0121,4722.82
1718,10,1,2,11.9966,4635.77
129,10,1,2,11.9722,4499.9
134,10,1,2,11.9658,4465.51
133,10,1,2,11.953,4397.31
138,10,1,2,11.9321,4292.72
184,10,1,2,11.9129,4191.76
440,10,1,2,11.8962,4100.57
451,10,1,2,11.8774,4004.86
1716,10,1,2,11.875,3988.43
462,10,1,2,11.8646,3936.01
1990,10,1,2,11.8568,3882.98
452,10,1,2,11.8518,3850.54
453,10,1,2,11.8404,3763.36
455,10,1,2,11.828,3693.43
454,10,1,2,11.8252,3677.82
457,10,1,2,11.8185,3623.85
456,10,1,2,11.8133,3594.41
458,10,1,2,11.8039,3533.26
459,10,1,2,11.7979,3488.16
1543,10,1,2,11.7886,3425.93
710,10,1,2,11.7689,3310.88
1402,11,0,0,14.0234,3372.79,0.0816667,356.205,0.16,1
1390,11,0,0,14.0141,3321.76
1389,11,0,0,13.9855,3170.7
1388,11,0,0,13.9767,3122.71
1370,11,0,0,13.9398,2928.06
1359,11,0,0,13.9389,2923.6
2071,11,0,0,13.9223,2830.9
2165,11,0,0,13.9004,2715.19
1314,11,0,0,13.8831,2623.77
2163,11,0,0,13.8683,2543.94
2023,11,0,0,13.8417,2399.84
1787,11,0,0,13.8336,2358.52
2020,11,0,0,13.8147,2264.44
935,11,0,0,13.8049,2212.99
934,11,0,0,13.8044,2210.39
933,11,0,0,13.7927,2150.9
936,11,0,0,13.7922,2147.96
1737,11,0,0,13.7807,2085.09
917,11,0,0,13.7675,2016.59
916,11,0,0,13.7673,2015.68
906,11,0,0,13.7435,1891.34
889,11,0,0,13.7322,1832.97
890,11,0,0,13.7255,1797.06
2013,11,0,0,13.706,1693.84
1988,11,0,0,13.6884,1599.98
417,11,0,0,13.6679,1495.37
418,11,0,0,13.6639,1474.43
1741,11,0,0,13.6582,1442.44
1740,11,0,0,13.6544,1421.91
1739,11,0,0,13.6497,1395.5
401,11,0,0,13.6391,1338.14
393,11,0,0,13.6259,1266.67
2136,11,0,0,13.6031,1141.76
2134,11,0,0,13.5918,1079.42
360,11,0,0,13.5591,906.015
361,11,0,0,13.5446,828.632
128,11,0,0,13.4895,523.193
126,11,0,0,13.481,479.066
125,11,0,0,13.4718,432.83
118,11,0,0,13.437,247.521
1968,11,0,0,13.4048,79.7523
110,11,0,0,13.39,0
1016,11,0,1,14.3632,5082,0.0881667,384.556,0.22,2
2029,11,0,1,14.3588,5058.25
1043,11,0,1,14.3587,5057.84
2158,11,0,1,14.3519,5023.06
2030,11,0,1,14.3479,5003.22
1041,11,0,1,14.3428,4976.64
1059,11,0,1,14.3339,4931.8
1058,11,0,1,14.3289,4906.55
1075,11,0,1,14.3114,4816.48
1072,11,0,1,14.3014,4765.04
1071,11,0,1,14.2912,4714.56
1090,11,0,1,14.2851,4677.34
1089,11,0,1,14.279,4644.02
1119,11,0,1,14.2704,4598.13
1118,11,0,1,14.2643,4564.54
2044,11,0,1,14.249,4484.98
2169,11,0,1,14.241,4443.96
2171,11,0,1,14.2364,4419.81
1549,11,0,1,14.2286,4379.66
1147,11,0,1,14.2211,4341.27
1327,11,0,1,14.1928,4193.3
1343,11,0,1,14.1922,4190.57
1355,11,0,1,14.1654,4051.15
1364,11,0,1,14.1653,4050.94
1362,11,0,1,14.1555,3998.96
1382,11,0,1,14.1355,3891.13
1390,11,0,1,14.114,3777.96
1402,11,0,1,14.1051,3728.99
110,11,0,2,14.8707,7672.26,0,0,0
111,11,0,2,14.8684,7656.38
1968,11,0,2,14.8589,7591.7
114,11,0,2,14.8534,7556.97
1719,11,0,2,14.8172,7359.36
1718,11,0,2,14.7973,7253.04
129,11,0,2,14.7733,7119.25
134,11,0,2,14.7676,7087.84
133,11,0,2,14.7568,7028.46
138,11,0,2,14.736,6923.88
184,11,0,2,14.7194,6834.28
440,11,0,2,14.699,6727.06
451,11,0,2,14.6825,6640.86
1716,11,0,2,14.68,6624.43
462,11,0,2,14.6709,6577.36
1990,11,0,2,14.6639,6524.67
463,11,0,2,14.6452,6428.15
474,11,0,2,14.6298,6348.91
2140,11,0,2,14.6208,6307.57
475,11,0,2,14.6158,6283.34
499,11,0,2,14.608,6243.75
500,11,0,2,14.6034,6220.35
518,11,0,2,14.5988,6196.24
1754,11,0,2,14.5952,6171.31
540,11,0,2,14.587,6128.84
541,11,0,2,14.5751,6069.02
572,11,0,2,14.5655,6019.35
1994,11,0,2,14.5529,5956.95
1993,11,0,2,14.5486,5935.46
1995,11,0,2,14.536,5877.72
1996,11,0,2,14.5301,5848.54
1997,11,0,2,14.5262,5828.64
2027,11,0,2,14.499,5698.42
2026,11,0,2,14.4932,5669.93
978,11,0,2,14.4859,5634.79
1010,11,0,2,14.471,5558.02
1016,11,0,2,14.4513,5466.56
410,11,1,0,11.3922,1462.66,0.0726667,316.95,0.06,1
398,11,1,0,11.3919,1461.45
397,11,1,0,11.3793,1392.89
390,11,1,0,11.3598,1291.33
382,11,1,0,11.3425,1199.86
376,11,1,0,11.3245,1103.09
369,11,1,0,11.305,998.232
360,11,1,0,11.2827,878.986
361,11,1,0,11.2701,809.873
128,11,1,0,11.2096,481.115
126,11,1,0,11.2023,442.296
125,11,1,0,11.196,408.059
118,11,1,0,11.1631,231.019
1968,11,1,0,11.1353,81.9493
110,11,1,0,11.12,0
710,11,1,1,11.6846,3117.52,0.0443333,193.369,0.36,2
1543,11,1,1,11.6631,2997.25
715,11,1,1,11.6583,2952.99
714,11,1,1,11.6544,2928.98
726,11,1,1,11.6542,2927.1
529,11,1,1,11.6405,2827.61
605,11,1,1,11.6257,2731
603,11,1,1,11.6206,2703.02
604,11,1,1,11.6163,2679.88
596,11,1,1,11.6162,2678.91
580,11,1,1,11.6078,2620.63
574,11,1,1,11.5905,2527.39
573,11,1,1,11.5805,2471.49
564,11,1,1,11.5728,2430.34
557,11,1,1,11.5667,2396.35
561,11,1,1,11.56,2349.83
628,11,1,1,11.5555,2324.18
609,11,1,1,11.5428,2247.52
423,11,1,1,11.5369,2191.2
419,11,1,1,11.5322,2156.76
418,11,1,1,11.5169,2071.84
2139,11,1,1,11.513,2050.41
2138,11,1,1,11.4946,1948.97
411,11,1,1,11.481,1874.15
412,11,1,1,11.4785,1855.14
398,11,1,1,11.4651,1780.81
410,11,1,1,11.4648,1779.61
110,11,1,2,12.0354,5064.79,0,0,0
1968,11,1,2,12.0203,4983.75
114,11,1,2,12.0151,4949.43
1719,11,1,2,11.9721,4722.82
1718,11,1,2,11.9566,4635.77
129,11,1,2,11.9322,4499.9
134,11,1,2,11.9258,4465.51
133,11,1,2,11.913,4397.31
138,11,1,2,11.8921,4292.72
184,11,1,2,11.8729,4191.76
440,11,1,2,11.8562,4100.57
451,11,1,2,11.8374,4004.86
1716,11,1,2,11.835,3988.43
462,11,1,2,11.8246,3936.01
1990,11,1,2,11.8168,3882.98
452,11,1,2,11.8118,3850.54
453,11,1,2,11.8004,3763.36
455,11,1,2,11.788,3693.43
454,11,1,2,11.7852,3677.82
457,11,1,2,11.7785,3623.85
456,11,1,2,11.7733,3594.41
458,11,1,2,11.7639,3533.26
459,11,1,2,11.7579,3488.16
1543,11,1,2,11.7486,3425.93
710,11,1,2,11.7289,3310.88
501,11,2,0,13.0821,1508.45,0.0531667,231.897,0.2,1
502,11,2,0,13.0769,1482.92
473,11,2,0,13.0667,1434.29
2141,11,2,0,13.0665,1433.31
2140,11,2,0,13.0534,1367.84
475,11,2,0,13.0475,1339.48
474,11,2,0,13.0434,1318.65
463,11,2,0,13.0261,1231.14
1990,11,2,0,13.0076,1135.57
462,11,2,0,12.9981,1080.35
461,11,2,0,12.9956,1065.62
1716,11,2,0,12.9872,1021.71
451,11,2,0,12.9826,997.904
440,11,2,0,12.9656,909.841
184,11,2,0,12.9497,821.613
138,11,2,0,12.9324,728.996
133,11,2,0,12.9171,647.895
134,11,2,0,12.9095,595.939
129,11,2,0,12.9014,554.222
1718,11,2,0,12.878,423.217
1719,11,2,0,12.8589,320.2
114,11,2,0,12.8204,112.847
1968,11,2,0,12.8142,77.2014
110,11,2,0,12.8,0
110,11,2,1,13.4075,3201.12,0,0,0
1968,11,2,1,13.3924,3120.32
114,11,2,1,13.3865,3085.13
1719,11,2,1,13.3513,2891.86
1718,11,2,1,13.3332,2793.33
129,11,2,1,13.3092,2659.57
134,11,2,1,13.3043,2631.07
133,11,2,1,13.2923,2566.23
138,11,2,1,13.2714,2461.65
184,11,2,1,13.2547,2371.26
440,11,2,1,13.2321,2254.88
451,11,2,1,13.2158,2169.46
1716,11,2,1,13.2134,2153.04
462,11,2,1,13.2062,2114.22
1990,11,2,1,13.1983,2061.18
463,11,2,1,13.1812,1971.14
474,11,2,1,13.1673,1898.15
2140,11,2,1,13.1591,1860.32
2141,11,2,1,13.1509,1815.34
473,11,2,1,13.1508,1814.58
502,11,2,1,13.1417,1770.68
501,11,2,1,13.1353,1740.35
1402,12,0,0,14.0234,3372.79,0.0816667,356.205,0.16,1
1390,12,0,0,14.0141,3321.76
1389,12,0,0,13.9855,3170.7
1388,12,0,0,13.9767,3122.71
1370,12,0,0,13.9398,2928.06
1359,12,0,0,13.9389,2923.6
2071,12,0,0,13.9223,2830.9
2165,12,0,0,13.9004,2715.19
1314,12,0,0,13.8831,2623.77
2163,12,0,0,13.8683,2543.94
2023,12,0,0,13.8417,2399.84
1787,12,0,0,13.8336,2358.52
2020,12,0,0,13.8147,2264.44
935,12,0,0,13.8049,2212.99
934,12,0,0,13.8044,2210.39
933,12,0,0,13.7927,2150.9
936,12,0,0,13.7922,2147.96
1737,12,0,0,13.7807,2085.09
917,12,0,0,13.7675,2016.59
916,12,0,0,13.7673,2015.68
906,12,0,0,13.7435,1891.34
889,12,0,0,13.7322,1832.97
890,12,0,0,13.7255,1797.06
2013,12,0,0,13.706,1693.84
1988,12,0,0,13.6884,1599.98
417,12,0,0,13.6679,1495.37
418,12,0,0,13.6639,1474.43
1741,12,0,0,13.6582,1442.44
1740,12,0,0,13.6544,1421.91
1739,12,0,0,13.6497,1395.5
401,12,0,0,13.6391,1338.14
393,12,0,0,13.6259,1266.67
2136,12,0,0,13.6031,1141.76
2134,12,0,0,13.5918,1079.42
360,12,0,0,13.5591,906.015
361,12,0,0,13.5446,828.632
128,12,0,0,13.4895,523.193
126,12,0,0,13.481,479.066
125,12,0,0,13.4718,432.83
118,12,0,0,13.437,247.521
1968,12,0,0,13.4048,79.7523
110,12,0,0,13.39,0
1016,12,0,1,14.3632,5082,0.0881667,384.556,0.22,2
2029,12,0,1,14.3588,5058.25
1043,12,0,1,14.3587,5057.84
2158,12,0,1,14.3519,5023.06
2030,12,0,1,14.3479,5003.22
1041,12,0,1,14.3428,4976.64
1059,12,0,1,14.3339,4931.8
1058,12,0,1,14.3289,4906.55
1075,12,0,1,14.3114,4816.48
1072,12,0,1,14.3014,4765.04
1071,12,0,1,14.2912,4714.56
1090,12,0,1,14.2851,4677.34
1089,12,0,1,14.279,4644.02
1119,12,0,1,14.2704,4598.13
1118,12,0,1,14.2643,4564.54
2044,12,0,1,14.249,4484.98
2169,12,0,1,14.241,4443.96
2171,12,0,1,14.2364,4419.81
1549,12,0,1,14.2286,4379.66
1147,12,0,1,14.2211,4341.27
1327,12,0,1,14.1928,4193.3
1343,12,0,1,14.1922,4190.57
1355,12,0,1,14.1654,4051.15
1364,12,0,1,14.1653,4050.94
1362,12,0,1,14.1555,3998.96
1382,12,0,1,14.1355,3891.13
1390,12,0,1,14.114,3777.96
1402,12,0,1,14.1051,3728.99
110,12,0,2,14.8707,7672.26,0,0,0
111,12,0,2,14.8684,7656.38
1968,12,0,2,14.8589,7591.7
114,12,0,2,14.8534,7556.97
1719,12,0,2,14.8172,7359.36
1718,12,0,2,14.7973,7253.04
129,12,0,2,14.7733,7119.25
134,12,0,2,14.7676,7087.84
133,12,0,2,14.7568,7028.46
138,12,0,2,14.736,6923.88
184,12,0,2,14.7194,6834.28
440,12,0,2,14.699,6727.06
451,12,0,2,14.6825,6640.86
1716,12,0,2,14.68,6624.43
462,12,0,2,14.6709,6577.36
1990,12,0,2,14.6639,6524.67
463,12,0,2,14.6452,6428.15
474,12,0,2,14.6298,6348.91
2140,12,0,2,14.6208,6307.57
475,12,0,2,14.6158,6283.34
499,12,0,2,14.608,6243.75
500,12,0,2,14.6034,6220.35
518,12,0,2,14.5988,6196.24
1754,12,0,2,14.5952,6171.31
540,12,0,2,14.587,6128.84
541,12,0,2,14.5751,6069.02
572,12,0,2,14.5655,6019.35
1994,12,0,2,14.5529,5956.95
1993,12,0,2,14.5486,5935.46
1995,12,0,2,14.536,5877.72
1996,12,0,2,14.5301,5848.54
1997,12,0,2,14.5262,5828.64
2027,12,0,2,14.499,5698.42
2026,12,0,2,14.4932,5669.93
978,12,0,2,14.4859,5634.79
1010,12,0,2,14.471,5558.02
1016,12,0,2,14.4513,5466.56
410,12,1,0,11.3922,1462.66,0.0726667,316.95,0.06,1
398,12,1,0,11.3919,1461.45
397,12,1,0,11.3793,1392.89
390,12,1,0,11.3598,1291.33
382,12,1,0,11.3425,1199.86
376,12,1,0,11.3245,1103.09
369,12,1,0,11.305,998.232
360,12,1,0,11.2827,878.986
361,12,1,0,11.2701,809.873
128,12,1,0,11.2096,481.115
126,12,1,0,11.2023,442.296
125,12,1,0,11.196,408.059
118,12,1,0,11.1631,231.019
1968,12,1,0,11.1353,81.9493
110,12,1,0,11.12,0
710,12,1,1,11.6846,3117.52,0.0443333,193.369,0.36,2
1543,12,1,1,11.6631,2997.25
715,12,1,1,11.6583,2952.99
714,12,1,1,11.6544,2928.98
726,12,1,1,11.6542,2927.1
529,12,1,1,11.6405,2827.61
605,12,1,1,11.6257,2731
603,12,1,1,11.6206,2703.02
604,12,1,1,11.6163,2679.88
596,12,1,1,11.6162,2678.91
580,12,1,1,11.6078,2620.63
574,12,1,1,11.5905,2527.39
573,12,1,1,11.5805,2471.49
564,12,1,1,11.5728,2430.34
557,12,1,1,11.5667,2396.35
561,12,1,1,11.56,2349.83
628,12,1,1,11.5555,2324.18
609,12,1,1,11.5428,2247.52
423,12,1,1,11.5369,2191.2
419,12,1,1,11.5322,2156.76
418,12,1,1,11.5169,2071.84
2139,12,1,1,11.513,2050.41
2138,12,1,1,11.4946,1948.97
411,12,1,1,11.481,1874.15
412,12,1,1,11.4785,1855.14
398,12,1,1,11.4651,1780.81
410,12,1,1,11.4648,1779.61
110,12,1,2,12.0354,5064.79,0,0,0
1968,12,1,2,12.0203,4983.75
114,12,1,2,12.0151,4949.43
1719,12,1,2,11.9721,4722.82
1718,12,1,2,11.9566,4635.77
129,12,1,2,11.9322,4499.9
134,12,1,2,11.9258,4465.51
133,12,1,2,11.913,4397.31
138,12,1,2,11.8921,4292.72
184,12,1,2,11.8729,4191.76
440,12,1,2,11.8562,4100.57
451,12,1,2,11.8374,4004.86
1716,12,1,2,11.835,3988.43
462,12,1,2,11.8246,3936.01
1990,12,1,2,11.8168,3882.98
452,12,1,2,11.8118,3850.54
453,12,1,2,11.8004,3763.36
455,12,1,2,11.788,3693.43
454,12,1,2,11.7852,3677.82
457,12,1,2,11.7785,3623.85
456,12,1,2,11.7733,3594.41
458,12,1,2,11.7639,3533.26
459,12,1,2,11.7579,3488.16
1543,12,1,2,11.7486,3425.93
710,12,1,2,11.7289,3310.88
501,12,2,0,14.0696,1510.92,0.107,466.702,0.18,1
502,12,2,0,14.0644,1485.38
473,12,2,0,14.0565,1446.3
2141,12,2,0,14.0563,1445.32
1750,12,2,0,14.052,1424.02
477,12,2,0,14.0475,1400.71
453,12,2,0,14.0185,1243.21
446,12,2,0,14.0102,1195.77
442,12,2,0,13.9985,1137.28
1857,12,2,0,13.9897,1091.26
441,12,2,0,13.9836,1062.09
185,12,2,0,13.9726,1004.16
177,12,2,0,13.9603,938.786
184,12,2,0,13.9403,829.279
138,12,2,0,13.9236,739.414
133,12,2,0,13.9097,664.29
134,12,2,0,13.9021,612.333
129,12,2,0,13.895,574.749
1718,12,2,0,13.8691,432.78
1720,12,2,0,13.862,394.625
1719,12,2,0,13.8493,321.152
114,12,2,0,13.8116,117.424
1968,12,2,0,13.8048,79.7523
110,12,2,0,13.79,0
110,12,2,1,14.4503,3466.82,0,0,0
111,12,2,1,14.448,3450.94
1968,12,2,1,14.4385,3386.26
114,12,2,1,14.433,3351.53
1719,12,2,1,14.395,3146.49
1720,12,2,1,14.3799,3064.02
1718,12,2,1,14.3742,3031.47
129,12,2,1,14.349,2892.4
134,12,2,1,14.3429,2859.44
133,12,2,1,14.3305,2792.91
138,12,2,1,14.3097,2688.33
184,12,2,1,14.2933,2599.79
440,12,2,1,14.2775,2512.17
451,12,2,1,14.2609,2425.97
1716,12,2,1,14.2585,2409.55
462,12,2,1,14.2494,2362.47
1990,12,2,1,14.2423,2309.78
463,12,2,1,14.2236,2213.26
474,12,2,1,14.2083,2134.02
2140,12,2,1,14.1993,2092.69
2141,12,2,1,14.1914,2049.48
473,12,2,1,14.1912,2048.2
502,12,2,1,14.1821,2004.3
501,12,2,1,14.1766,1977.62
