Nodo,Individuo,Ruta,Segmento,Tiempo viaje,Costo viaje,Tiempo atencion,Costo atencion,Tasa fallo,Demanda
410,0,0,0,11.9722,1462.66,0.0726667,316.95,0.06,1
398,0,0,0,11.9719,1461.45
397,0,0,0,11.9593,1392.89
390,0,0,0,11.9398,1291.33
382,0,0,0,11.9225,1199.86
376,0,0,0,11.9045,1103.09
369,0,0,0,11.885,998.232
360,0,0,0,11.8627,878.986
361,0,0,0,11.8501,809.873
128,0,0,0,11.7896,481.115
126,0,0,0,11.7823,442.296
125,0,0,0,11.776,408.059
118,0,0,0,11.7431,231.019
1968,0,0,0,11.7153,81.9493
110,0,0,0,11.7,0
1402,0,0,1,12.4552,3950.11,0.085,370.744,0.2,2
1390,0,0,1,12.445,3895.71
1382,0,0,1,12.4226,3778.6
1362,0,0,1,12.4032,3673.78
1361,0,0,1,12.3987,3649.26
1354,0,0,1,12.3987,3649.07
2188,0,0,1,12.3923,3615.31
2075,0,0,1,12.3713,3507.36
1822,0,0,1,12.3705,3503.36
1353,0,0,1,12.3615,3457.62
2118,0,0,1,12.34,3341.45
2117,0,0,1,12.3375,3316.82
2164,0,0,1,12.3202,3203.67
1307,0,0,1,12.3036,3116.68
1302,0,0,1,12.287,3026.44
949,0,0,1,12.2642,2903.64
2025,0,0,1,12.2608,2886.18
1598,0,0,1,12.2574,2867.22
948,0,0,1,12.2506,2832.53
928,0,0,1,12.239,2769.48
923,0,0,1,12.2027,2588.73
924,0,0,1,12.1944,2549.42
914,0,0,1,12.174,2442.33
902,0,0,1,12.1678,2407.32
887,0,0,1,12.1511,2322.03
2012,0,0,1,12.1336,2230.38
884,0,0,1,12.1292,2207.45
1987,0,0,1,12.0917,2017.46
413,0,0,1,12.0724,1919.77
414,0,0,1,12.0671,1892.12
410,0,0,1,12.0448,1779.61
1016,0,0,2,12.8055,5698.77,0.0438333,191.188,0.28,3
2029,0,0,2,12.799,5665.75
1043,0,0,2,12.7989,5665.34
2158,0,0,2,12.7898,5621.19
2030,0,0,2,12.7859,5601.35
1041,0,0,2,12.7811,5576.37
1059,0,0,2,12.773,5534.52
1058,0,0,2,12.7678,5508.47
1056,0,0,2,12.7613,5474.03
1072,0,0,2,12.7437,5383.13
1071,0,0,2,12.7355,5341.02
1090,0,0,2,12.7273,5296.38
1089,0,0,2,12.7206,5260.53
1119,0,0,2,12.7136,5221.29
1118,0,0,2,12.7068,5185.09
2044,0,0,2,12.6907,5101.85
2169,0,0,2,12.6841,5066.97
2171,0,0,2,12.6799,5044.83
2046,0,0,2,12.6737,5013.6
1778,0,0,2,12.6483,4885.09
1327,0,0,2,12.6371,4824.32
1343,0,0,2,12.6365,4821.58
1355,0,0,2,12.6117,4690.77
1364,0,0,2,12.6117,4690.56
1362,0,0,2,12.6015,4636.93
1382,0,0,2,12.572,4489.33
1390,0,0,2,12.5511,4378.7
1402,0,0,2,12.5402,4320.85
710,0,0,3,13.0117,6815.76,0.0466667,203.546,0.45,4
1543,0,0,3,12.9893,6691.56
715,0,0,3,12.9845,6647.41
714,0,0,3,12.9805,6623.26
726,0,0,3,12.9803,6621.4
529,0,0,3,12.9662,6521.75
605,0,0,3,12.9513,6425.08
603,0,0,3,12.945,6392.01
2202,0,0,3,12.9416,6371.22
602,0,0,3,12.9372,6345.93
1851,0,0,3,12.9264,6275.39
1852,0,0,3,12.9215,6251.31
706,0,0,3,12.9083,6186.8
991,0,0,3,12.8965,6126.72
2028,0,0,3,12.8858,6074.05
1012,0,0,3,12.8723,6005.34
1045,0,0,3,12.8568,5929.59
1043,0,0,3,12.8537,5913.73
2029,0,0,3,12.8536,5913.32
1016,0,0,3,12.8494,5889.95
501,0,0,4,13.1807,7687.73,0.0531667,231.897,0.2,5
1747,0,0,4,13.1748,7658.71
505,0,0,4,13.1683,7627.22
506,0,0,4,13.1541,7559.45
507,0,0,4,13.1472,7526.06
510,0,0,4,13.1384,7483.31
509,0,0,4,13.1345,7463.11
508,0,0,4,13.1291,7434.34
512,0,0,4,13.1209,7393.3
511,0,0,4,13.1177,7376.55
2145,0,0,4,13.117,7373.34
2146,0,0,4,13.1059,7311.58
529,0,0,4,13.102,7275.53
726,0,0,4,13.0859,7173.99
714,0,0,4,13.0857,7172.11
1543,0,0,4,13.0799,7139.68
710,0,0,4,13.0584,7019.31
110,0,0,5,13.506,9380.4,0,0,0
1968,0,0,5,13.4909,9299.59
114,0,0,5,13.4851,9264.41
1719,0,0,5,13.4498,9071.14
1718,0,0,5,13.4317,8972.6
129,0,0,5,13.4078,8838.85
134,0,0,5,13.4028,8810.34
133,0,0,5,13.3908,8745.51
138,0,0,5,13.37,8640.92
184,0,0,5,13.3532,8550.54
440,0,0,5,13.3306,8434.16
451,0,0,5,13.3143,8348.74
1716,0,0,5,13.3119,8332.31
462,0,0,5,13.3047,8293.49
1990,0,0,5,13.2969,8240.45
463,0,0,5,13.2797,8150.42
474,0,0,5,13.2658,8077.43
2140,0,0,5,13.2577,8039.59
2141,0,0,5,13.2495,7994.61
473,0,0,5,13.2493,7993.85
502,0,0,5,13.2403,7949.95
501,0,0,5,13.2338,7919.63
1402,1,0,0,14.0134,3372.79,0.0816667,356.205,0.16,1
1390,1,0,0,14.0041,3321.76
1389,1,0,0,13.9755,3170.7
1388,1,0,0,13.9667,3122.71
1370,1,0,0,13.9298,2928.06
1359,1,0,0,13.9289,2923.6
2071,1,0,0,13.9123,2830.9
2165,1,0,0,13.8904,2715.19
1314,1,0,0,13.8731,2623.77
2163,1,0,0,13.8583,2543.94
2023,1,0,0,13.8317,2399.84
1787,1,0,0,13.8236,2358.52
2020,1,0,0,13.8047,2264.44
935,1,0,0,13.7949,2212.99
934,1,0,0,13.7944,2210.39
933,1,0,0,13.7827,2150.9
936,1,0,0,13.7822,2147.96
1737,1,0,0,13.7707,2085.09
917,1,0,0,13.7575,2016.59
916,1,0,0,13.7573,2015.68
906,1,0,0,13.7335,1891.34
889,1,0,0,13.7222,1832.97
890,1,0,0,13.7155,1797.06
2013,1,0,0,13.696,1693.84
1988,1,0,0,13.6784,1599.98
417,1,0,0,13.6579,1495.37
418,1,0,0,13.6539,1474.43
1741,1,0,0,13.6482,1442.44
1740,1,0,0,13.6444,1421.91
1739,1,0,0,13.6397,1395.5
401,1,0,0,13.6291,1338.14
393,1,0,0,13.6159,1266.67
2136,1,0,0,13.5931,1141.76
2134,1,0,0,13.5818,1079.42
360,1,0,0,13.5491,906.015
361,1,0,0,13.5346,828.632
128,1,0,0,13.4795,523.193
126,1,0,0,13.471,479.066
125,1,0,0,13.4618,432.83
118,1,0,0,13.427,247.521
1968,1,0,0,13.3948,79.7523
110,1,0,0,13.38,0
1016,1,0,1,14.3532,5082,0.0881667,384.556,0.22,2
2029,1,0,1,14.3488,5058.25
1043,1,0,1,14.3487,5057.84
2158,1,0,1,14.3419,5023.06
2030,1,0,1,14.3379,5003.22
1041,1,0,1,14.3328,4976.64
1059,1,0,1,14.3239,4931.8
1058,1,0,1,14.3189,4906.55
1075,1,0,1,14.3014,4816.48
1072,1,0,1,14.2914,4765.04
1071,1,0,1,14.2812,4714.56
1090,1,0,1,14.2751,4677.34
1089,1,0,1,14.269,4644.02
1119,1,0,1,14.2604,4598.13
1118,1,0,1,14.2543,4564.54
2044,1,0,1,14.239,4484.98
2169,1,0,1,14.231,4443.96
2171,1,0,1,14.2264,4419.81
1549,1,0,1,14.2186,4379.66
1147,1,0,1,14.2111,4341.27
1327,1,0,1,14.1828,4193.3
1343,1,0,1,14.1822,4190.57
1355,1,0,1,14.1554,4051.15
1364,1,0,1,14.1553,4050.94
1362,1,0,1,14.1455,3998.96
1382,1,0,1,14.1255,3891.13
1390,1,0,1,14.104,3777.96
1402,1,0,1,14.0951,3728.99
110,1,0,2,14.8607,7672.26,0,0,0
111,1,0,2,14.8584,7656.38
1968,1,0,2,14.8489,7591.7
114,1,0,2,14.8434,7556.97
1719,1,0,2,14.8072,7359.36
1718,1,0,2,14.7873,7253.04
129,1,0,2,14.7633,7119.25
134,1,0,2,14.7576,7087.84
133,1,0,2,14.7468,7028.46
138,1,0,2,14.726,6923.88
184,1,0,2,14.7094,6834.28
440,1,0,2,14.689,6727.06
451,1,0,2,14.6725,6640.86
1716,1,0,2,14.67,6624.43
462,1,0,2,14.6609,6577.36
1990,1,0,2,14.6539,6524.67
463,1,0,2,14.6352,6428.15
474,1,0,2,14.6198,6348.91
2140,1,0,2,14.6108,6307.57
475,1,0,2,14.6058,6283.34
499,1,0,2,14.598,6243.75
500,1,0,2,14.5934,6220.35
518,1,0,2,14.5888,6196.24
1754,1,0,2,14.5852,6171.31
540,1,0,2,14.577,6128.84
541,1,0,2,14.5651,6069.02
572,1,0,2,14.5555,6019.35
1994,1,0,2,14.5429,5956.95
1993,1,0,2,14.5386,5935.46
1995,1,0,2,14.526,5877.72
1996,1,0,2,14.5201,5848.54
1997,1,0,2,14.5162,5828.64
2027,1,0,2,14.489,5698.42
2026,1,0,2,14.4832,5669.93
978,1,0,2,14.4759,5634.79
1010,1,0,2,14.461,5558.02
1016,1,0,2,14.4413,5466.56
410,1,1,0,11.4622,1462.66,0.0726667,316.95,0.06,1
398,1,1,0,11.4619,1461.45
397,1,1,0,11.4493,1392.89
390,1,1,0,11.4298,1291.33
382,1,1,0,11.4125,1199.86
376,1,1,0,11.3945,1103.09
369,1,1,0,11.375,998.232
360,1,1,0,11.3527,878.986
361,1,1,0,11.3401,809.873
128,1,1,0,11.2796,481.115
126,1,1,0,11.2723,442.296
125,1,1,0,11.266,408.059
118,1,1,0,11.2331,231.019
1968,1,1,0,11.2053,81.9493
110,1,1,0,11.19,0
710,1,1,1,11.7546,3117.52,0.0443333,193.369,0.36,2
1543,1,1,1,11.7331,2997.25
715,1,1,1,11.7283,2952.99
714,1,1,1,11.7244,2928.98
726,1,1,1,11.7242,2927.1
529,1,1,1,11.7105,2827.61
605,1,1,1,11.6957,2731
603,1,1,1,11.6906,2703.02
604,1,1,1,11.6863,2679.88
596,1,1,1,11.6862,2678.91
580,1,1,1,11.6778,2620.63
574,1,1,1,11.6605,2527.39
573,1,1,1,11.6505,2471.49
564,1,1,1,11.6428,2430.34
557,1,1,1,11.6367,2396.35
561,1,1,1,11.63,2349.83
628,1,1,1,11.6255,2324.18
609,1,1,1,11.6128,2247.52
423,1,1,1,11.6069,2191.2
419,1,1,1,11.6022,2156.76
418,1,1,1,11.5869,2071.84
2139,1,1,1,11.583,2050.41
2138,1,1,1,11.5646,1948.97
411,1,1,1,11.551,1874.15
412,1,1,1,11.5485,1855.14
398,1,1,1,11.5351,1780.81
410,1,1,1,11.5348,1779.61
110,1,1,2,12.1054,5064.79,0,0,0
1968,1,1,2,12.0903,4983.75
114,1,1,2,12.0851,4949.43
1719,1,1,2,12.0421,4722.82
1718,1,1,2,12.0266,4635.77
129,1,1,2,12.0022,4499.9
134,1,1,2,11.9958,4465.51
133,1,1,2,11.983,4397.31
138,1,1,2,11.9621,4292.72
184,1,1,2,11.9429,4191.76
440,1,1,2,11.9262,4100.57
451,1,1,2,11.9074,4004.86
1716,1,1,2,11.905,3988.43
462,1,1,2,11.8946,3936.01
1990,1,1,2,11.8868,3882.98
452,1,1,2,11.8818,3850.54
453,1,1,2,11.8704,3763.36
455,1,1,2,11.858,3693.43
454,1,1,2,11.8552,3677.82
457,1,1,2,11.8485,3623.85
456,1,1,2,11.8433,3594.41
458,1,1,2,11.8339,3533.26
459,1,1,2,11.8279,3488.16
1543,1,1,2,11.8186,3425.93
710,1,1,2,11.7989,3310.88
501,1,2,0,13.2021,1508.45,0.0531667,231.897,0.2,1
502,1,2,0,13.1969,1482.92
473,1,2,0,13.1867,1434.29
2141,1,2,0,13.1865,1433.31
2140,1,2,0,13.1734,1367.84
475,1,2,0,13.1675,1339.48
474,1,2,0,13.1634,1318.65
463,1,2,0,13.1461,1231.14
1990,1,2,0,13.1276,1135.57
462,1,2,0,13.1181,1080.35
461,1,2,0,13.1156,1065.62
1716,1,2,0,13.1072,1021.71
451,1,2,0,13.1026,997.904
440,1,2,0,13.0856,909.841
184,1,2,0,13.0697,821.613
138,1,2,0,13.0524,728.996
133,1,2,0,13.0371,647.895
134,1,2,0,13.0295,595.939
129,1,2,0,13.0214,554.222
1718,1,2,0,12.998,423.217
1719,1,2,0,12.9789,320.2
114,1,2,0,12.9404,112.847
1968,1,2,0,12.9342,77.2014
110,1,2,0,12.92,0
110,1,2,1,13.5275,3201.12,0,0,0
1968,1,2,1,13.5124,3120.32
114,1,2,1,13.5065,3085.13
1719,1,2,1,13.4713,2891.86
1718,1,2,1,13.4532,2793.33
129,1,2,1,13.4292,2659.57
134,1,2,1,13.4243,2631.07
133,1,2,1,13.4123,2566.23
138,1,2,1,13.3914,2461.65
184,1,2,1,13.3747,2371.26
440,1,2,1,13.3521,2254.88
451,1,2,1,13.3358,2169.46
1716,1,2,1,13.3334,2153.04
462,1,2,1,13.3262,2114.22
1990,1,2,1,13.3183,2061.18
463,1,2,1,13.3012,1971.14
474,1,2,1,13.2873,1898.15
2140,1,2,1,13.2791,1860.32
2141,1,2,1,13.2709,1815.34
473,1,2,1,13.2708,1814.58
502,1,2,1,13.2617,1770.68
501,1,2,1,13.2553,1740.35
501,2,0,0,13.5796,1510.92,0.0531667,231.897,0.2,1
502,2,0,0,13.5744,1485.38
473,2,0,0,13.5665,1446.3
2141,2,0,0,13.5663,1445.32
1750,2,0,0,13.562,1424.02
477,2,0,0,13.5575,1400.71
453,2,0,0,13.5285,1243.21
446,2,0,0,13.5202,1195.77
442,2,0,0,13.5085,1137.28
1857,2,0,0,13.4997,1091.26
441,2,0,0,13.4936,1062.09
185,2,0,0,13.4826,1004.16
177,2,0,0,13.4703,938.786
184,2,0,0,13.4503,829.279
138,2,0,0,13.4336,739.414
133,2,0,0,13.4197,664.29
134,2,0,0,13.4121,612.333
129,2,0,0,13.405,574.749
1718,2,0,0,13.3791,432.78
1720,2,0,0,13.372,394.625
1719,2,0,0,13.3593,321.152
114,2,0,0,13.3216,117.424
1968,2,0,0,13.3148,79.7523
110,2,0,0,13.3,0
1402,2,0,1,14.0638,3925.73,0.0816667,356.205,0.16,2
1390,2,0,1,14.0546,3875.67
1382,2,0,1,14.0244,3725.93
1362,2,0,1,14.0017,3606.92
1361,2,0,1,13.9967,3579.93
1354,2,0,1,13.9966,3579.74
1355,2,0,1,13.9841,3520.08
2076,2,0,1,13.9823,3510.96
1356,2,0,1,13.9739,3468.25
1357,2,0,1,13.9731,3464.53
1349,2,0,1,13.9596,3396.36
1348,2,0,1,13.959,3393.03
1340,2,0,1,13.9585,3390.49
1339,2,0,1,13.9532,3362.77
1329,2,0,1,13.9422,3304.43
1158,2,0,1,13.9272,3228.1
2048,2,0,1,13.9071,3122.06
1131,2,0,1,13.9015,3093.19
1130,2,0,1,13.8957,3064.26
1129,2,0,1,13.8805,2990.07
1121,2,0,1,13.8645,2904.14
1120,2,0,1,13.8605,2882.96
1094,2,0,1,13.8556,2857.02
1091,2,0,1,13.8455,2806.29
1092,2,0,1,13.8403,2780.39
1074,2,0,1,13.8345,2749.97
1073,2,0,1,13.8261,2705.29
1057,2,0,1,13.8063,2606.3
1042,2,0,1,13.801,2579.4
2030,2,0,1,13.7938,2541.56
1011,2,0,1,13.7935,2540.11
1547,2,0,1,13.7761,2457.47
1546,2,0,1,13.7707,2430.1
975,2,0,1,13.7673,2412.13
2026,2,0,1,13.7608,2377.86
2027,2,0,1,13.7557,2352.02
1998,2,0,1,13.7453,2299.32
1997,2,0,1,13.7367,2255.7
1996,2,0,1,13.7308,2227.41
1995,2,0,1,13.7226,2189.09
1993,2,0,1,13.7135,2145.41
1994,2,0,1,13.7092,2123.93
572,2,0,1,13.7022,2085.28
541,2,0,1,13.69,2024.92
540,2,0,1,13.6796,1971.28
1754,2,0,1,13.6712,1927.61
518,2,0,1,13.6633,1887.64
500,2,0,1,13.6583,1861.85
501,2,0,1,13.6328,1742.82
1016,2,0,2,14.4035,5634.95,0.0881667,384.556,0.22,3
2029,2,0,2,14.3991,5611.2
1043,2,0,2,14.399,5610.79
2158,2,0,2,14.3922,5576.01
2030,2,0,2,14.3883,5556.17
1041,2,0,2,14.3831,5529.59
1059,2,0,2,14.3743,5484.75
1058,2,0,2,14.3693,5459.5
1075,2,0,2,14.3517,5369.43
1072,2,0,2,14.3417,5317.99
1071,2,0,2,14.3315,5267.51
1090,2,0,2,14.3255,5230.29
1089,2,0,2,14.3194,5196.97
1119,2,0,2,14.3108,5151.08
1118,2,0,2,14.3046,5117.49
2044,2,0,2,14.2894,5037.93
2169,2,0,2,14.2814,4996.91
2171,2,0,2,14.2767,4972.76
1549,2,0,2,14.2689,4932.61
1147,2,0,2,14.2615,4894.22
1327,2,0,2,14.2331,4746.25
1343,2,0,2,14.2325,4743.51
1355,2,0,2,14.2057,4604.1
1364,2,0,2,14.2057,4603.89
1362,2,0,2,14.1959,4551.9
1382,2,0,2,14.1758,4444.08
1390,2,0,2,14.1543,4330.9
1402,2,0,2,14.1454,4281.94
110,2,0,3,14.9111,8225.21,0,0,0
111,2,0,3,14.9087,8209.33
1968,2,0,3,14.8993,8144.65
114,2,0,3,14.8937,8109.92
1719,2,0,3,14.8575,7912.3
1718,2,0,3,14.8376,7805.99
129,2,0,3,14.8136,7672.2
134,2,0,3,14.8079,7640.78
133,2,0,3,14.7972,7581.41
138,2,0,3,14.7763,7476.83
184,2,0,3,14.7597,7387.22
440,2,0,3,14.7393,7280
451,2,0,3,14.7228,7193.81
1716,2,0,3,14.7204,7177.38
462,2,0,3,14.7112,7130.31
1990,2,0,3,14.7042,7077.61
463,2,0,3,14.6855,6981.09
474,2,0,3,14.6701,6901.85
2140,2,0,3,14.6611,6860.52
475,2,0,3,14.6561,6836.29
499,2,0,3,14.6484,6796.7
500,2,0,3,14.6438,6773.29
518,2,0,3,14.6392,6749.19
1754,2,0,3,14.6355,6724.26
540,2,0,3,14.6273,6681.79
541,2,0,3,14.6155,6621.97
572,2,0,3,14.6059,6572.3
1994,2,0,3,14.5932,6509.9
1993,2,0,3,14.589,6488.41
1995,2,0,3,14.5763,6430.66
1996,2,0,3,14.5704,6401.48
1997,2,0,3,14.5665,6381.58
2027,2,0,3,14.5393,6251.36
2026,2,0,3,14.5335,6222.88
978,2,0,3,14.5262,6187.74
1010,2,0,3,14.5114,6110.97
1016,2,0,3,14.4916,6019.51
410,2,1,0,11.2722,1462.66,0.0726667,316.95,0.06,1
398,2,1,0,11.2719,1461.45
397,2,1,0,11.2593,1392.89
390,2,1,0,11.2398,1291.33
382,2,1,0,11.2225,1199.86
376,2,1,0,11.2045,1103.09
369,2,1,0,11.185,998.232
360,2,1,0,11.1627,878.986
361,2,1,0,11.1501,809.873
128,2,1,0,11.0896,481.115
126,2,1,0,11.0823,442.296
125,2,1,0,11.076,408.059
118,2,1,0,11.0431,231.019
1968,2,1,0,11.0153,81.9493
110,2,1,0,11,0
710,2,1,1,11.5646,3117.52,0.0443333,193.369,0.36,2
1543,2,1,1,11.5431,2997.25
715,2,1,1,11.5383,2952.99
714,2,1,1,11.5344,2928.98
726,2,1,1,11.5342,2927.1
529,2,1,1,11.5205,2827.61
605,2,1,1,11.5057,2731
603,2,1,1,11.5006,2703.02
604,2,1,1,11.4963,2679.88
596,2,1,1,11.4962,2678.91
580,2,1,1,11.4878,2620.63
574,2,1,1,11.4705,2527.39
573,2,1,1,11.4605,2471.49
564,2,1,1,11.4528,2430.34
557,2,1,1,11.4467,2396.35
561,2,1,1,11.44,2349.83
628,2,1,1,11.4355,2324.18
609,2,1,1,11.4228,2247.52
423,2,1,1,11.4169,2191.2
419,2,1,1,11.4122,2156.76
418,2,1,1,11.3969,2071.84
2139,2,1,1,11.393,2050.41
2138,2,1,1,11.3746,1948.97
411,2,1,1,11.361,1874.15
412,2,1,1,11.3585,1855.14
398,2,1,1,11.3451,1780.81
410,2,1,1,11.3448,1779.61
110,2,1,2,11.9154,5064.79,0,0,0
1968,2,1,2,11.9003,4983.75
114,2,1,2,11.8951,4949.43
1719,2,1,2,11.8521,4722.82
1718,2,1,2,11.8366,4635.77
129,2,1,2,11.8122,4499.9
134,2,1,2,11.8058,4465.51
133,2,1,2,11.793,4397.31
138,2,1,2,11.7721,4292.72
184,2,1,2,11.7529,4191.76
440,2,1,2,11.7362,4100.57
451,2,1,2,11.7174,4004.86
1716,2,1,2,11.715,3988.43
462,2,1,2,11.7046,3936.01
1990,2,1,2,11.6968,3882.98
452,2,1,2,11.6918,3850.54
453,2,1,2,11.6804,3763.36
455,2,1,2,11.668,3693.43
454,2,1,2,11.6652,3677.82
457,2,1,2,11.6585,3623.85
456,2,1,2,11.6533,3594.41
458,2,1,2,11.6439,3533.26
459,2,1,2,11.6379,3488.16
1543,2,1,2,11.6286,3425.93
710,2,1,2,11.6089,3310.88
410,3,0,0,11.7022,1462.66,0.0726667,316.95,0.06,1
398,3,0,0,11.7019,1461.45
397,3,0,0,11.6893,1392.89
390,3,0,0,11.6698,1291.33
382,3,0,0,11.6525,1199.86
376,3,0,0,11.6345,1103.09
369,3,0,0,11.615,998.232
360,3,0,0,11.5927,878.986
361,3,0,0,11.5801,809.873
128,3,0,0,11.5196,481.115
126,3,0,0,11.5123,442.296
125,3,0,0,11.506,408.059
118,3,0,0,11.4731,231.019
1968,3,0,0,11.4453,81.9493
110,3,0,0,11.43,0
710,3,0,1,11.9946,3117.52,0.0443333,193.369,0.36,2
1543,3,0,1,11.9731,2997.25
715,3,0,1,11.9683,2952.99
714,3,0,1,11.9644,2928.98
726,3,0,1,11.9642,2927.1
529,3,0,1,11.9505,2827.61
605,3,0,1,11.9357,2731
603,3,0,1,11.9306,2703.02
604,3,0,1,11.9263,2679.88
596,3,0,1,11.9262,2678.91
580,3,0,1,11.9178,2620.63
574,3,0,1,11.9005,2527.39
573,3,0,1,11.8905,2471.49
564,3,0,1,11.8828,2430.34
557,3,0,1,11.8767,2396.35
561,3,0,1,11.87,2349.83
628,3,0,1,11.8655,2324.18
609,3,0,1,11.8528,2247.52
423,3,0,1,11.8469,2191.2
419,3,0,1,11.8422,2156.76
418,3,0,1,11.8269,2071.84
2139,3,0,1,11.823,2050.41
2138,3,0,1,11.8046,1948.97
411,3,0,1,11.791,1874.15
412,3,0,1,11.7885,1855.14
398,3,0,1,11.7751,1780.81
410,3,0,1,11.7748,1779.61
1402,3,0,2,12.4187,5338.74,0.085,370.744,0.2,3
1390,3,0,2,12.4086,5284.34
1382,3,0,2,12.3861,5167.23
1362,3,0,2,12.3668,5062.4
1361,3,0,2,12.3623,5037.88
1354,3,0,2,12.3623,5037.69
1355,3,0,2,12.3568,5007.65
2076,3,0,2,12.355,4998.54
1356,3,0,2,12.3462,4954.1
1357,3,0,2,12.3454,4950.38
1349,3,0,2,12.3321,4882.98
1348,3,0,2,12.3313,4878.64
1340,3,0,2,12.3308,4876.09
1339,3,0,2,12.3246,4844.97
1329,3,0,2,12.3122,4780.37
1158,3,0,2,12.2949,4694.54
2048,3,0,2,12.2746,4587.66
1131,3,0,2,12.2694,4560.43
1130,3,0,2,12.2636,4531.5
1129,3,0,2,12.2443,4440.71
1121,3,0,2,12.225,4340.78
1095,3,0,2,12.2169,4301.97
1093,3,0,2,12.2092,4261.25
1074,3,0,2,12.2026,4225.05
1077,3,0,2,12.1923,4170.99
1080,3,0,2,12.179,4104.54
1079,3,0,2,12.1714,4065.86
1061,3,0,2,12.1671,4044.57
1063,3,0,2,12.1637,4026.76
1062,3,0,2,12.1626,4019.69
2159,3,0,2,12.1625,4018.79
1045,3,0,2,12.1618,4015.64
1012,3,0,2,12.1545,3974.66
1014,3,0,2,12.1541,3972.45
989,3,0,2,12.1436,3916.59
990,3,0,2,12.1336,3866.33
704,3,0,2,12.1223,3808.59
2179,3,0,2,12.1221,3807.73
662,3,0,2,12.1159,3778.08
602,3,0,2,12.1049,3710.39
599,3,0,2,12.101,3688.16
605,3,0,2,12.0972,3664.41
529,3,0,2,12.0799,3564.4
726,3,0,2,12.0652,3464.31
714,3,0,2,12.065,3462.45
1543,3,0,2,12.0607,3432.49
710,3,0,2,12.0389,3310.88
1016,3,0,3,12.7691,7087.39,0.0438333,191.188,0.28,4
2029,3,0,3,12.7626,7054.38
1043,3,0,3,12.7625,7053.96
2158,3,0,3,12.7534,7009.82
2030,3,0,3,12.7494,6989.98
1041,3,0,3,12.7447,6964.99
1059,3,0,3,12.7365,6923.15
1058,3,0,3,12.7313,6897.09
1056,3,0,3,12.7249,6862.66
1072,3,0,3,12.7073,6771.76
1071,3,0,3,12.6991,6729.65
1090,3,0,3,12.6909,6685.01
1089,3,0,3,12.6842,6649.15
1119,3,0,3,12.6771,6609.92
1118,3,0,3,12.6703,6573.72
2044,3,0,3,12.6542,6490.47
2169,3,0,3,12.6477,6455.59
2171,3,0,3,12.6435,6433.46
2046,3,0,3,12.6373,6402.23
1778,3,0,3,12.6119,6273.72
1327,3,0,3,12.6006,6212.94
1343,3,0,3,12.6,6210.21
1355,3,0,3,12.5753,6079.39
1364,3,0,3,12.5752,6079.18
1362,3,0,3,12.565,6025.55
1382,3,0,3,12.5356,5877.96
1390,3,0,3,12.5147,5767.32
1402,3,0,3,12.5037,5709.48
501,3,0,4,13.0036,8204.08,0.0531667,231.897,0.2,5
1747,3,0,4,12.9969,8171.47
1746,3,0,4,12.9677,8026.97
1745,3,0,4,12.9568,7972.91
1844,3,0,4,12.9362,7872.68
575,3,0,4,12.9335,7856.62
571,3,0,4,12.9297,7836.65
570,3,0,4,12.9251,7814.32
569,3,0,4,12.9194,7786.73
640,3,0,4,12.9141,7759.71
649,3,0,4,12.9076,7728.37
646,3,0,4,12.9012,7697.49
691,3,0,4,12.8934,7660.73
689,3,0,4,12.8696,7549.84
979,3,0,4,12.8599,7505.8
980,3,0,4,12.8547,7479.73
978,3,0,4,12.8511,7461.24
1010,3,0,4,12.8354,7381.09
1016,3,0,4,12.8129,7278.58
110,3,0,5,13.3289,9896.75,0,0,0
1968,3,0,5,13.3139,9815.95
114,3,0,5,13.308,9780.76
1719,3,0,5,13.2727,9587.5
1718,3,0,5,13.2547,9488.96
129,3,0,5,13.2307,9355.21
134,3,0,5,13.2258,9326.7
133,3,0,5,13.2138,9261.86
138,3,0,5,13.1929,9157.28
184,3,0,5,13.1761,9066.89
440,3,0,5,13.1536,8950.51
451,3,0,5,13.1372,8865.09
1716,3,0,5,13.1348,8848.67
462,3,0,5,13.1276,8809.85
1990,3,0,5,13.1198,8756.81
463,3,0,5,13.1026,8666.78
474,3,0,5,13.0888,8593.78
2140,3,0,5,13.0806,8555.95
2141,3,0,5,13.0724,8510.97
473,3,0,5,13.0722,8510.21
502,3,0,5,13.0632,8466.31
501,3,0,5,13.0568,8435.98
501,4,0,0,11.7639,1433.41,0.0743333,324.22,0.22,1
502,4,0,0,11.7586,1407.87
473,4,0,0,11.749,1361.69
2141,4,0,0,11.7488,1360.71
2140,4,0,0,11.7404,1314.68
475,4,0,0,11.7375,1299.26
474,4,0,0,11.7334,1278.25
463,4,0,0,11.7186,1201.35
1990,4,0,0,11.7051,1126.94
462,4,0,0,11.6964,1072.9
461,4,0,0,11.694,1058.4
1716,4,0,0,11.6858,1015.28
451,4,0,0,11.6814,992.322
440,4,0,0,11.6655,908.617
184,4,0,0,11.6485,816.223
138,4,0,0,11.6328,730.3
133,4,0,0,11.6185,653.53
134,4,0,0,11.6109,601.574
129,4,0,0,11.6033,561.93
1718,4,0,0,11.5769,417.674
1719,4,0,0,11.5602,325.295
114,4,0,0,11.5223,120.486
1968,4,0,0,11.5153,81.9493
110,4,0,0,11.5,0
710,4,0,1,11.968,2453.47,0.0443333,193.369,0.36,2
1543,4,0,1,11.9466,2333.21
459,4,0,1,11.9363,2269.8
488,4,0,1,11.9076,2112.91
2144,4,0,1,11.8909,2022.7
486,4,0,1,11.8896,2016.25
482,4,0,1,11.882,1976.94
2142,4,0,1,11.8769,1949.91
2143,4,0,1,11.8765,1948.14
480,4,0,1,11.8761,1946.24
478,4,0,1,11.8719,1924.17
477,4,0,1,11.8638,1881.98
1750,4,0,1,11.86,1861.72
2141,4,0,1,11.8536,1831.93
473,4,0,1,11.8534,1830.73
502,4,0,1,11.8443,1786.83
501,4,0,1,11.8382,1757.63
1016,4,0,2,12.1392,3369.07,0.0438333,191.188,0.28,3
1548,4,0,2,12.1323,3333.03
1012,4,0,2,12.128,3310.61
1014,4,0,2,12.1276,3308.41
989,4,0,2,12.1171,3252.55
990,4,0,2,12.1071,3202.29
704,4,0,2,12.0957,3144.55
2179,4,0,2,12.0955,3143.68
662,4,0,2,12.0893,3114.04
602,4,0,2,12.0784,3046.34
599,4,0,2,12.0745,3024.12
605,4,0,2,12.0706,3000.37
529,4,0,2,12.0534,2900.36
726,4,0,2,12.0386,2800.27
714,4,0,2,12.0384,2798.41
1543,4,0,2,12.0342,2768.44
710,4,0,2,12.0124,2646.84
1402,4,0,3,12.4463,4918.69,0.085,370.744,0.2,4
1390,4,0,3,12.4362,4864.29
1382,4,0,3,12.413,4743.98
1362,4,0,3,12.3891,4619.7
1361,4,0,3,12.3842,4593.25
1354,4,0,3,12.3841,4593.06
1355,4,0,3,12.3778,4559.22
2076,4,0,3,12.376,4550.11
1356,4,0,3,12.3702,4518.45
1357,4,0,3,12.3694,4514.73
1349,4,0,3,12.3582,4456.01
1348,4,0,3,12.3572,4450.96
1340,4,0,3,12.3567,4448.42
1339,4,0,3,12.3507,4417.99
1329,4,0,3,12.3378,4351.43
1158,4,0,3,12.3237,4278.91
2048,4,0,3,12.3034,4171.91
1131,4,0,3,12.2982,4144.68
1130,4,0,3,12.2924,4115.75
1129,4,0,3,12.273,4024.95
1121,4,0,3,12.2537,3925.02
1095,4,0,3,12.2457,3886.22
1093,4,0,3,12.238,3845.49
1074,4,0,3,12.2314,3809.29
1077,4,0,3,12.2211,3755.24
1080,4,0,3,12.2078,3688.79
1079,4,0,3,12.2001,3650.11
1061,4,0,3,12.1959,3628.82
1063,4,0,3,12.1925,3611.01
1062,4,0,3,12.1914,3603.94
2159,4,0,3,12.1912,3603.04
1045,4,0,3,12.1905,3599.89
1043,4,0,3,12.1874,3584.03
2029,4,0,3,12.1873,3583.62
1016,4,0,3,12.1831,3560.25
410,4,0,4,12.942,7451.77,0.109667,478.333,0.09,5
1986,4,0,4,12.9164,7326.03
883,4,0,4,12.8871,7172.67
882,4,0,4,12.8754,7109.1
2155,4,0,4,12.8716,7090.37
901,4,0,4,12.8381,6915.07
902,4,0,4,12.8243,6841.86
904,4,0,4,12.8096,6764.46
925,4,0,4,12.7868,6639.44
2019,4,0,4,12.7809,6610.13
929,4,0,4,12.7805,6608.15
938,4,0,4,12.7684,6542.02
950,4,0,4,12.7524,6460.99
951,4,0,4,12.746,6427.74
949,4,0,4,12.7344,6368.45
1302,4,0,4,12.7077,6228.78
1307,4,0,4,12.6925,6145
1308,4,0,4,12.6809,6083.95
1309,4,0,4,12.6635,5993.85
1314,4,0,4,12.6629,5990.98
2165,4,0,4,12.6439,5892.71
2071,4,0,4,12.6243,5786.86
1359,4,0,4,12.6044,5679.63
1370,4,0,4,12.6034,5675.18
1360,4,0,4,12.5807,5550.16
1382,4,0,4,12.5632,5457.91
1390,4,0,4,12.5423,5347.28
1402,4,0,4,12.5313,5289.44
110,4,0,5,13.3339,9505.78,0,0,0
1968,4,0,5,13.3188,9424.98
1969,4,0,5,13.3067,9348.63
115,4,0,5,13.3042,9334.21
2113,4,0,5,13.2994,9308.14
2133,4,0,5,13.1794,8630.62
366,4,0,5,13.1757,8603.99
2134,4,0,5,13.1647,8542.45
2136,4,0,5,13.1528,8477.53
393,4,0,5,13.1237,8325.64
401,4,0,5,13.1089,8247.18
400,4,0,5,13.0828,8104.08
411,4,0,5,13.0685,8029.53
412,4,0,5,13.0664,8010.02
398,4,0,5,13.052,7931.31
410,4,0,5,13.0517,7930.1
710,5,0,0,13.5525,1706.65,0.0466667,203.546,0.45,1
1543,5,0,0,13.5294,1579.59
459,5,0,0,13.5202,1517.38
458,5,0,0,13.5127,1471.15
456,5,0,0,13.5034,1410.12
457,5,0,0,13.4975,1377.61
454,5,0,0,13.4898,1323.63
455,5,0,0,13.4872,1308.67
453,5,0,0,13.4785,1243.21
446,5,0,0,13.4702,1195.77
442,5,0,0,13.4585,1137.28
1857,5,0,0,13.4497,1091.26
441,5,0,0,13.4436,1062.09
185,5,0,0,13.4326,1004.16
177,5,0,0,13.4203,938.786
184,5,0,0,13.4003,829.279
138,5,0,0,13.3836,739.414
133,5,0,0,13.3697,664.29
134,5,0,0,13.3621,612.333
129,5,0,0,13.355,574.749
1718,5,0,0,13.3291,432.78
1720,5,0,0,13.322,394.625
1719,5,0,0,13.3093,321.152
114,5,0,0,13.2716,117.424
1968,5,0,0,13.2648,79.7523
110,5,0,0,13.25,0
1402,5,0,1,14.0003,4027.57,0.0816667,356.205,0.16,2
1390,5,0,1,13.9911,3977.52
1382,5,0,1,13.9609,3827.77
1362,5,0,1,13.9382,3708.77
1361,5,0,1,13.9332,3681.77
1354,5,0,1,13.9331,3681.58
1355,5,0,1,13.9206,3621.92
2076,5,0,1,13.9188,3612.81
1356,5,0,1,13.9104,3570.09
1357,5,0,1,13.9096,3566.38
1349,5,0,1,13.8961,3498.2
1348,5,0,1,13.8955,3494.87
1340,5,0,1,13.895,3492.33
1339,5,0,1,13.8897,3464.61
1329,5,0,1,13.8787,3406.27
1158,5,0,1,13.8637,3329.94
2048,5,0,1,13.8436,3223.82
1151,5,0,1,13.8338,3171.97
1134,5,0,1,13.828,3141.99
1133,5,0,1,13.823,3115.82
1122,5,0,1,13.8116,3058.27
1096,5,0,1,13.786,2931.66
1099,5,0,1,13.7812,2907
1098,5,0,1,13.7739,2870.34
1101,5,0,1,13.7545,2772.1
1082,5,0,1,13.7461,2730.13
1079,5,0,1,13.737,2683.11
1061,5,0,1,13.7327,2661.83
1063,5,0,1,13.7295,2644.99
1062,5,0,1,13.7285,2637.95
2159,5,0,1,13.7283,2636.96
1045,5,0,1,13.7276,2633.81
1012,5,0,1,13.7204,2592.83
2028,5,0,1,13.7123,2547.36
989,5,0,1,13.7089,2531.63
990,5,0,1,13.6988,2481.36
991,5,0,1,13.6963,2469.01
706,5,0,1,13.6892,2429.55
704,5,0,1,13.6866,2416.78
2179,5,0,1,13.6864,2415.92
662,5,0,1,13.6802,2386.27
602,5,0,1,13.669,2318.13
599,5,0,1,13.6645,2293.43
605,5,0,1,13.6593,2265.31
529,5,0,1,13.6428,2166.41
726,5,0,1,13.6266,2064.88
714,5,0,1,13.6264,2063
1543,5,0,1,13.6206,2030.56
710,5,0,1,13.5991,1910.19
1016,5,0,2,14.34,5736.79,0.0881667,384.556,0.22,3
2029,5,0,2,14.3356,5713.04
1043,5,0,2,14.3356,5712.63
2158,5,0,2,14.3287,5677.85
2030,5,0,2,14.3248,5658.01
1041,5,0,2,14.3196,5631.43
1059,5,0,2,14.3108,5586.59
1058,5,0,2,14.3058,5561.34
1075,5,0,2,14.2882,5471.27
1072,5,0,2,14.2782,5419.83
1071,5,0,2,14.268,5369.35
1090,5,0,2,14.262,5332.13
1089,5,0,2,14.2559,5298.81
1119,5,0,2,14.2473,5252.92
1118,5,0,2,14.2411,5219.33
2044,5,0,2,14.2259,5139.77
2169,5,0,2,14.2179,5098.75
2171,5,0,2,14.2132,5074.6
1549,5,0,2,14.2054,5034.45
1147,5,0,2,14.198,4996.06
1327,5,0,2,14.1696,4848.09
1343,5,0,2,14.169,4845.36
1355,5,0,2,14.1422,4705.94
1364,5,0,2,14.1422,4705.73
1362,5,0,2,14.1324,4653.75
1382,5,0,2,14.1123,4545.92
1390,5,0,2,14.0908,4432.75
1402,5,0,2,14.0819,4383.78
501,5,0,3,14.6177,7043.04,0.107,466.702,0.18,4
1747,5,0,3,14.608,6998.73
1746,5,0,3,14.5801,6859.39
1745,5,0,3,14.567,6796.1
1844,5,0,3,14.5491,6706.86
575,5,0,3,14.5467,6691.35
571,5,0,3,14.5438,6675.23
570,5,0,3,14.539,6651.95
569,5,0,3,14.5338,6626.63
640,5,0,3,14.5257,6587.72
649,5,0,3,14.5164,6545.19
646,5,0,3,14.5086,6508.67
691,5,0,3,14.5027,6479.77
689,5,0,3,14.4806,6375.77
979,5,0,3,14.4721,6336.17
980,5,0,3,14.4662,6307.77
978,5,0,3,14.4627,6289.58
1010,5,0,3,14.4479,6212.81
1016,5,0,3,14.4282,6121.35
110,5,0,4,14.9984,8998.94,0,0,0
111,5,0,4,14.996,8983.06
1968,5,0,4,14.9866,8918.38
114,5,0,4,14.981,8883.65
1719,5,0,4,14.9431,8678.61
1720,5,0,4,14.928,8596.14
1718,5,0,4,14.9222,8563.59
129,5,0,4,14.897,8424.52
134,5,0,4,14.891,8391.56
133,5,0,4,14.8786,8325.03
138,5,0,4,14.8577,8220.45
184,5,0,4,14.8414,8131.91
440,5,0,4,14.8256,8044.29
451,5,0,4,14.809,7958.09
1716,5,0,4,14.8066,7941.67
462,5,0,4,14.7975,7894.59
1990,5,0,4,14.7904,7841.9
463,5,0,4,14.7717,7745.38
474,5,0,4,14.7564,7666.14
2140,5,0,4,14.7473,7624.8
2141,5,0,4,14.7395,7581.6
473,5,0,4,14.7392,7580.32
502,5,0,4,14.7302,7536.42
501,5,0,4,14.7247,7509.74
410,5,1,0,11.3622,1462.66,0.0726667,316.95,0.06,1
398,5,1,0,11.3619,1461.45
397,5,1,0,11.3493,1392.89
390,5,1,0,11.3298,1291.33
382,5,1,0,11.3125,1199.86
376,5,1,0,11.2945,1103.09
369,5,1,0,11.275,998.232
360,5,1,0,11.2527,878.986
361,5,1,0,11.2401,809.873
128,5,1,0,11.1796,481.115
126,5,1,0,11.1723,442.296
125,5,1,0,11.166,408.059
118,5,1,0,11.1331,231.019
1968,5,1,0,11.1053,81.9493
110,5,1,0,11.09,0
110,5,1,1,11.7197,3360.63,0,0,0
1968,5,1,1,11.7046,3279.59
1969,5,1,1,11.6923,3203.08
115,5,1,1,11.6898,3188.51
2113,5,1,1,11.685,3162.69
2133,5,1,1,11.5641,2480.93
366,5,1,1,11.5604,2454.3
2134,5,1,1,11.5488,2390.2
2136,5,1,1,11.5363,2322.55
393,5,1,1,11.5036,2155.53
392,5,1,1,11.4856,2054.99
400,5,1,1,11.4653,1948.22
411,5,1,1,11.451,1874.15
412,5,1,1,11.4485,1855.14
398,5,1,1,11.4351,1780.81
410,5,1,1,11.4348,1779.61
501,6,0,0,13.5796,1510.92,0.0531667,231.897,0.2,1
502,6,0,0,13.5744,1485.38
473,6,0,0,13.5665,1446.3
2141,6,0,0,13.5663,1445.32
1750,6,0,0,13.562,1424.02
477,6,0,0,13.5575,1400.71
453,6,0,0,13.5285,1243.21
446,6,0,0,13.5202,1195.77
442,6,0,0,13.5085,1137.28
1857,6,0,0,13.4997,1091.26
441,6,0,0,13.4936,1062.09
185,6,0,0,13.4826,1004.16
177,6,0,0,13.4703,938.786
184,6,0,0,13.4503,829.279
138,6,0,0,13.4336,739.414
133,6,0,0,13.4197,664.29
134,6,0,0,13.4121,612.333
129,6,0,0,13.405,574.749
1718,6,0,0,13.3791,432.78
1720,6,0,0,13.372,394.625
1719,6,0,0,13.3593,321.152
114,6,0,0,13.3216,117.424
1968,6,0,0,13.3148,79.7523
110,6,0,0,13.3,0
1016,6,0,1,13.7972,2559.29,0.0561667,244.982,0.25,2
1010,6,0,1,13.7882,2511.64
2026,6,0,1,13.7608,2377.86
2027,6,0,1,13.7557,2352.02
1998,6,0,1,13.7453,2299.32
1997,6,0,1,13.7367,2255.7
1996,6,0,1,13.7308,2227.41
1995,6,0,1,13.7226,2189.09
1993,6,0,1,13.7135,2145.41
1994,6,0,1,13.7092,2123.93
572,6,0,1,13.7022,2085.28
541,6,0,1,13.69,2024.92
540,6,0,1,13.6796,1971.28
1754,6,0,1,13.6712,1927.61
518,6,0,1,13.6633,1887.64
500,6,0,1,13.6583,1861.85
501,6,0,1,13.6328,1742.82
1402,6,0,2,14.1181,4171.66,0.0816667,356.205,0.16,3
1390,6,0,2,14.109,4121.61
1382,6,0,2,14.0834,3991.55
1362,6,0,2,14.0629,3881.56
1361,6,0,2,14.0587,3858.38
1354,6,0,2,14.0587,3858.19
1355,6,0,2,14.0522,3823.7
2076,6,0,2,14.0504,3814.59
1356,6,0,2,14.0428,3775.24
1357,6,0,2,14.042,3771.52
1349,6,0,2,14.0293,3706.57
1348,6,0,2,14.0287,3703.13
1340,6,0,2,14.0282,3700.59
1339,6,0,2,14.0226,3671.86
1330,6,0,2,14.0018,3563.11
1161,6,0,2,13.9925,3515.2
1162,6,0,2,13.9825,3462.21
1136,6,0,2,13.9638,3364.01
1138,6,0,2,13.9571,3329.65
1137,6,0,2,13.9512,3298.54
1123,6,0,2,13.9375,3232.39
1775,6,0,2,13.9289,3188.4
1102,6,0,2,13.9132,3109.22
1100,6,0,2,13.899,3039.82
1101,6,0,2,13.888,2983.18
1082,6,0,2,13.8796,2941.21
1079,6,0,2,13.8705,2894.19
1061,6,0,2,13.8662,2872.91
1063,6,0,2,13.863,2856.07
1062,6,0,2,13.862,2849.03
2159,6,0,2,13.8618,2848.04
1045,6,0,2,13.8611,2844.89
1043,6,0,2,13.8578,2828.21
2029,6,0,2,13.8577,2827.8
1016,6,0,2,13.8534,2804.27
110,6,0,3,14.8347,7948.32,0,0,0
1968,6,0,3,14.817,7856.71
1969,6,0,3,14.8045,7779.85
115,6,0,3,14.802,7765.39
2113,6,0,3,14.7965,7736.2
2133,6,0,3,14.6628,6998.83
366,6,0,3,14.6588,6972.03
2134,6,0,3,14.6496,6914.26
2136,6,0,3,14.6388,6854.11
393,6,0,3,14.6088,6698.35
401,6,0,3,14.5961,6628.9
1739,6,0,3,14.5862,6575.04
1742,6,0,3,14.5797,6540.56
1741,6,0,3,14.5733,6506.07
418,6,0,3,14.5658,6466.55
417,6,0,3,14.563,6450.86
1989,6,0,3,14.545,6358.28
2011,6,0,3,14.5249,6255.21
2156,6,0,3,14.5194,6226.77
2013,6,0,3,14.5187,6223.62
886,6,0,3,14.5077,6169
888,6,0,3,14.4909,6075.87
903,6,0,3,14.4798,6017.61
904,6,0,3,14.4763,5998.75
925,6,0,3,14.4562,5885.54
2019,6,0,3,14.4505,5857.25
929,6,0,3,14.4501,5855.27
938,6,0,3,14.4385,5791
950,6,0,3,14.4236,5714.34
951,6,0,3,14.4127,5662.71
949,6,0,3,14.4004,5600.46
1302,6,0,3,14.3754,5468.03
1307,6,0,3,14.3617,5390.6
1308,6,0,3,14.3505,5331.03
1309,6,0,3,14.3322,5237.67
1314,6,0,3,14.3316,5234.8
2165,6,0,3,14.3161,5151.36
2071,6,0,3,14.2953,5040.21
1317,6,0,3,14.2833,4972.8
2072,6,0,3,14.2643,4870.1
1323,6,0,3,14.2483,4786.41
1388,6,0,3,14.2476,4782.63
1389,6,0,3,14.2389,4734.73
1390,6,0,3,14.2086,4576.84
1402,6,0,3,14.1998,4527.87
410,6,1,0,11.2722,1462.66,0.0726667,316.95,0.06,1
398,6,1,0,11.2719,1461.45
397,6,1,0,11.2593,1392.89
390,6,1,0,11.2398,1291.33
382,6,1,0,11.2225,1199.86
376,6,1,0,11.2045,1103.09
369,6,1,0,11.185,998.232
360,6,1,0,11.1627,878.986
361,6,1,0,11.1501,809.873
128,6,1,0,11.0896,481.115
126,6,1,0,11.0823,442.296
125,6,1,0,11.076,408.059
118,6,1,0,11.0431,231.019
1968,6,1,0,11.0153,81.9493
110,6,1,0,11,0
710,6,1,1,11.5646,3117.52,0.0443333,193.369,0.36,2
1543,6,1,1,11.5431,2997.25
715,6,1,1,11.5383,2952.99
714,6,1,1,11.5344,2928.98
726,6,1,1,11.5342,2927.1
529,6,1,1,11.5205,2827.61
605,6,1,1,11.5057,2731
603,6,1,1,11.5006,2703.02
604,6,1,1,11.4963,2679.88
596,6,1,1,11.4962,2678.91
580,6,1,1,11.4878,2620.63
574,6,1,1,11.4705,2527.39
573,6,1,1,11.4605,2471.49
564,6,1,1,11.4528,2430.34
557,6,1,1,11.4467,2396.35
561,6,1,1,11.44,2349.83
628,6,1,1,11.4355,2324.18
609,6,1,1,11.4228,2247.52
423,6,1,1,11.4169,2191.2
419,6,1,1,11.4122,2156.76
418,6,1,1,11.3969,2071.84
2139,6,1,1,11.393,2050.41
2138,6,1,1,11.3746,1948.97
411,6,1,1,11.361,1874.15
412,6,1,1,11.3585,1855.14
398,6,1,1,11.3451,1780.81
410,6,1,1,11.3448,1779.61
110,6,1,2,11.9154,5064.79,0,0,0
1968,6,1,2,11.9003,4983.75
114,6,1,2,11.8951,4949.43
1719,6,1,2,11.8521,4722.82
1718,6,1,2,11.8366,4635.77
129,6,1,2,11.8122,4499.9
134,6,1,2,11.8058,4465.51
133,6,1,2,11.793,4397.31
138,6,1,2,11.7721,4292.72
184,6,1,2,11.7529,4191.76
440,6,1,2,11.7362,4100.57
451,6,1,2,11.7174,4004.86
1716,6,1,2,11.715,3988.43
462,6,1,2,11.7046,3936.01
1990,6,1,2,11.6968,3882.98
452,6,1,2,11.6918,3850.54
453,6,1,2,11.6804,3763.36
455,6,1,2,11.668,3693.43
454,6,1,2,11.6652,3677.82
457,6,1,2,11.6585,3623.85
456,6,1,2,11.6533,3594.41
458,6,1,2,11.6439,3533.26
459,6,1,2,11.6379,3488.16
1543,6,1,2,11.6286,3425.93
710,6,1,2,11.6089,3310.88
1402,7,0,0,14.0134,3372.79,0.0816667,356.205,0.16,1
1390,7,0,0,14.0041,3321.76
1389,7,0,0,13.9755,3170.7
1388,7,0,0,13.9667,3122.71
1370,7,0,0,13.9298,2928.06
1359,7,0,0,13.9289,2923.6
2071,7,0,0,13.9123,2830.9
2165,7,0,0,13.8904,2715.19
1314,7,0,0,13.8731,2623.77
2163,7,0,0,13.8583,2543.94
2023,7,0,0,13.8317,2399.84
1787,7,0,0,13.8236,2358.52
2020,7,0,0,13.8047,2264.44
935,7,0,0,13.7949,2212.99
934,7,0,0,13.7944,2210.39
933,7,0,0,13.7827,2150.9
936,7,0,0,13.7822,2147.96
1737,7,0,0,13.7707,2085.09
917,7,0,0,13.7575,2016.59
916,7,0,0,13.7573,2015.68
906,7,0,0,13.7335,1891.34
889,7,0,0,13.7222,1832.97
890,7,0,0,13.7155,1797.06
2013,7,0,0,13.696,1693.84
1988,7,0,0,13.6784,1599.98
417,7,0,0,13.6579,1495.37
418,7,0,0,13.6539,1474.43
1741,7,0,0,13.6482,1442.44
1740,7,0,0,13.6444,1421.91
1739,7,0,0,13.6397,1395.5
401,7,0,0,13.6291,1338.14
393,7,0,0,13.6159,1266.67
2136,7,0,0,13.5931,1141.76
2134,7,0,0,13.5818,1079.42
360,7,0,0,13.5491,906.015
361,7,0,0,13.5346,828.632
128,7,0,0,13.4795,523.193
126,7,0,0,13.471,479.066
125,7,0,0,13.4618,432.83
118,7,0,0,13.427,247.521
1968,7,0,0,13.3948,79.7523
110,7,0,0,13.38,0
1016,7,0,1,14.3532,5082,0.0881667,384.556,0.22,2
2029,7,0,1,14.3488,5058.25
1043,7,0,1,14.3487,5057.84
2158,7,0,1,14.3419,5023.06
2030,7,0,1,14.3379,5003.22
1041,7,0,1,14.3328,4976.64
1059,7,0,1,14.3239,4931.8
1058,7,0,1,14.3189,4906.55
1075,7,0,1,14.3014,4816.48
1072,7,0,1,14.2914,4765.04
1071,7,0,1,14.2812,4714.56
1090,7,0,1,14.2751,4677.34
1089,7,0,1,14.269,4644.02
1119,7,0,1,14.2604,4598.13
1118,7,0,1,14.2543,4564.54
2044,7,0,1,14.239,4484.98
2169,7,0,1,14.231,4443.96
2171,7,0,1,14.2264,4419.81
1549,7,0,1,14.2186,4379.66
1147,7,0,1,14.2111,4341.27
1327,7,0,1,14.1828,4193.3
1343,7,0,1,14.1822,4190.57
1355,7,0,1,14.1554,4051.15
1364,7,0,1,14.1553,4050.94
1362,7,0,1,14.1455,3998.96
1382,7,0,1,14.1255,3891.13
1390,7,0,1,14.104,3777.96
1402,7,0,1,14.0951,3728.99
110,7,0,2,14.8607,7672.26,0,0,0
111,7,0,2,14.8584,7656.38
1968,7,0,2,14.8489,7591.7
114,7,0,2,14.8434,7556.97
1719,7,0,2,14.8072,7359.36
1718,7,0,2,14.7873,7253.04
129,7,0,2,14.7633,7119.25
134,7,0,2,14.7576,7087.84
133,7,0,2,14.7468,7028.46
138,7,0,2,14.726,6923.88
184,7,0,2,14.7094,6834.28
440,7,0,2,14.689,6727.06
451,7,0,2,14.6725,6640.86
1716,7,0,2,14.67,6624.43
462,7,0,2,14.6609,6577.36
1990,7,0,2,14.6539,6524.67
463,7,0,2,14.6352,6428.15
474,7,0,2,14.6198,6348.91
2140,7,0,2,14.6108,6307.57
475,7,0,2,14.6058,6283.34
499,7,0,2,14.598,6243.75
500,7,0,2,14.5934,6220.35
518,7,0,2,14.5888,6196.24
1754,7,0,2,14.5852,6171.31
540,7,0,2,14.577,6128.84
541,7,0,2,14.5651,6069.02
572,7,0,2,14.5555,6019.35
1994,7,0,2,14.5429,5956.95
1993,7,0,2,14.5386,5935.46
1995,7,0,2,14.526,5877.72
1996,7,0,2,14.5201,5848.54
1997,7,0,2,14.5162,5828.64
2027,7,0,2,14.489,5698.42
2026,7,0,2,14.4832,5669.93
978,7,0,2,14.4759,5634.79
1010,7,0,2,14.461,5558.02
1016,7,0,2,14.4413,5466.56
410,7,1,0,11.3822,1462.66,0.0726667,316.95,0.06,1
398,7,1,0,11.3819,1461.45
397,7,1,0,11.3693,1392.89
390,7,1,0,11.3498,1291.33
382,7,1,0,11.3325,1199.86
376,7,1,0,11.3145,1103.09
369,7,1,0,11.295,998.232
360,7,1,0,11.2727,878.986
361,7,1,0,11.2601,809.873
128,7,1,0,11.1996,481.115
126,7,1,0,11.1923,442.296
125,7,1,0,11.186,408.059
118,7,1,0,11.1531,231.019
1968,7,1,0,11.1253,81.9493
110,7,1,0,11.11,0
710,7,1,1,11.6746,3117.52,0.0443333,193.369,0.36,2
1543,7,1,1,11.6531,2997.25
715,7,1,1,11.6483,2952.99
714,7,1,1,11.6444,2928.98
726,7,1,1,11.6442,2927.1
529,7,1,1,11.6305,2827.61
605,7,1,1,11.6157,2731
603,7,1,1,11.6106,2703.02
604,7,1,1,11.6063,2679.88
596,7,1,1,11.6062,2678.91
580,7,1,1,11.5978,2620.63
574,7,1,1,11.5805,2527.39
573,7,1,1,11.5705,2471.49
564,7,1,1,11.5628,2430.34
557,7,1,1,11.5567,2396.35
561,7,1,1,11.55,2349.83
628,7,1,1,11.5455,2324.18
609,7,1,1,11.5328,2247.52
423,7,1,1,11.5269,2191.2
419,7,1,1,11.5222,2156.76
418,7,1,1,11.5069,2071.84
2139,7,1,1,11.503,2050.41
2138,7,1,1,11.4846,1948.97
411,7,1,1,11.471,1874.15
412,7,1,1,11.4685,1855.14
398,7,1,1,11.4551,1780.81
410,7,1,1,11.4548,1779.61
110,7,1,2,12.0254,5064.79,0,0,0
1968,7,1,2,12.0103,4983.75
114,7,1,2,12.0051,4949.43
1719,7,1,2,11.9621,4722.82
1718,7,1,2,11.9466,4635.77
129,7,1,2,11.9222,4499.9
134,7,1,2,11.9158,4465.51
133,7,1,2,11.903,4397.31
138,7,1,2,11.8821,4292.72
184,7,1,2,11.8629,4191.76
440,7,1,2,11.8462,4100.57
451,7,1,2,11.8274,4004.86
1716,7,1,2,11.825,3988.43
462,7,1,2,11.8146,3936.01
1990,7,1,2,11.8068,3882.98
452,7,1,2,11.8018,3850.54
453,7,1,2,11.7904,3763.36
455,7,1,2,11.778,3693.43
454,7,1,2,11.7752,3677.82
457,7,1,2,11.7685,3623.85
456,7,1,2,11.7633,3594.41
458,7,1,2,11.7539,3533.26
459,7,1,2,11.7479,3488.16
1543,7,1,2,11.7386,3425.93
710,7,1,2,11.7189,3310.88
501,7,2,0,14.0396,1510.92,0.107,466.702,0.18,1
502,7,2,0,14.0344,1485.38
473,7,2,0,14.0265,1446.3
2141,7,2,0,14.0263,1445.32
1750,7,2,0,14.022,1424.02
477,7,2,0,14.0175,1400.71
453,7,2,0,13.9885,1243.21
446,7,2,0,13.9802,1195.77
442,7,2,0,13.9685,1137.28
1857,7,2,0,13.9597,1091.26
441,7,2,0,13.9536,1062.09
185,7,2,0,13.9426,1004.16
177,7,2,0,13.9303,938.786
184,7,2,0,13.9103,829.279
138,7,2,0,13.8936,739.414
133,7,2,0,13.8797,664.29
134,7,2,0,13.8721,612.333
129,7,2,0,13.865,574.749
1718,7,2,0,13.8391,432.78
1720,7,2,0,13.832,394.625
1719,7,2,0,13.8193,321.152
114,7,2,0,13.7816,117.424
1968,7,2,0,13.7748,79.7523
110,7,2,0,13.76,0
110,7,2,1,14.4203,3466.82,0,0,0
111,7,2,1,14.418,3450.94
1968,7,2,1,14.4085,3386.26
114,7,2,1,14.403,3351.53
1719,7,2,1,14.365,3146.49
1720,7,2,1,14.3499,3064.02
1718,7,2,1,14.3442,3031.47
129,7,2,1,14.319,2892.4
134,7,2,1,14.3129,2859.44
133,7,2,1,14.3005,2792.91
138,7,2,1,14.2797,2688.33
184,7,2,1,14.2633,2599.79
440,7,2,1,14.2475,2512.17
451,7,2,1,14.2309,2425.97
1716,7,2,1,14.2285,2409.55
462,7,2,1,14.2194,2362.47
1990,7,2,1,14.2123,2309.78
463,7,2,1,14.1936,2213.26
474,7,2,1,14.1783,2134.02
2140,7,2,1,14.1693,2092.69
2141,7,2,1,14.1614,2049.48
473,7,2,1,14.1612,2048.2
502,7,2,1,14.1521,2004.3
501,7,2,1,14.1466,1977.62
410,8,0,0,13.3943,1471.19,0.074,322.766,0.11,1
398,8,0,0,13.394,1469.98
397,8,0,0,13.3832,1408.71
390,8,0,0,13.3633,1305.9
382,8,0,0,13.3469,1218.33
376,8,0,0,13.3299,1125.74
369,8,0,0,13.3101,1019.33
360,8,0,0,13.2891,906.015
361,8,0,0,13.2746,828.632
128,8,0,0,13.2195,523.193
126,8,0,0,13.211,479.066
125,8,0,0,13.2018,432.83
118,8,0,0,13.167,247.521
1968,8,0,0,13.1348,79.7523
110,8,0,0,13.12,0
1402,8,0,1,13.8949,4038.37,0.1085,473.244,0.18,2
1390,8,0,1,13.8857,3988.31
1389,8,0,1,13.8595,3847.36
1388,8,0,1,13.8394,3752.17
1323,8,0,1,13.8387,3748.39
2072,8,0,1,13.8145,3630.82
1317,8,0,1,13.7947,3524.14
2071,8,0,1,13.784,3460.08
2165,8,0,1,13.7617,3342.68
1314,8,0,1,13.7449,3253.68
2163,8,0,1,13.7302,3173.84
2023,8,0,1,13.7018,3022.47
1787,8,0,1,13.6937,2981.18
1788,8,0,1,13.6929,2977.48
943,8,0,1,13.677,2896.83
934,8,0,1,13.6682,2848.99
933,8,0,1,13.6579,2795.06
936,8,0,1,13.6573,2792.12
1737,8,0,1,13.6458,2728.89
917,8,0,1,13.629,2645.65
916,8,0,1,13.6289,2644.75
906,8,0,1,13.603,2511.66
889,8,0,1,13.5908,2449.74
890,8,0,1,13.5813,2401.78
2013,8,0,1,13.5583,2283.62
1988,8,0,1,13.5393,2183.84
416,8,0,1,13.5178,2077.27
2139,8,0,1,13.5138,2055.44
2138,8,0,1,13.4974,1962.7
411,8,0,1,13.4851,1893.38
412,8,0,1,13.483,1873.87
398,8,0,1,13.4686,1795.16
410,8,0,1,13.4683,1793.95
1016,8,0,2,14.2614,5864.63,0.0881667,384.556,0.22,3
2029,8,0,2,14.257,5840.88
1043,8,0,2,14.257,5840.46
2158,8,0,2,14.2501,5805.68
2030,8,0,2,14.2462,5785.85
1041,8,0,2,14.241,5759.26
1059,8,0,2,14.2322,5714.43
1058,8,0,2,14.2272,5689.18
1075,8,0,2,14.2097,5599.11
1072,8,0,2,14.1996,5547.66
1071,8,0,2,14.1895,5497.19
1090,8,0,2,14.1834,5459.97
1089,8,0,2,14.1773,5426.64
1119,8,0,2,14.1687,5380.76
1118,8,0,2,14.1625,5347.17
2044,8,0,2,14.1473,5267.61
2169,8,0,2,14.1393,5226.59
2171,8,0,2,14.1346,5202.43
1549,8,0,2,14.1268,5162.28
1147,8,0,2,14.1194,5123.9
1327,8,0,2,14.091,4975.93
1343,8,0,2,14.0904,4973.19
1355,8,0,2,14.0636,4833.77
1364,8,0,2,14.0636,4833.56
1362,8,0,2,14.0538,4781.58
1382,8,0,2,14.0337,4673.75
1390,8,0,2,14.0122,4560.58
1402,8,0,2,14.0034,4511.62
501,8,0,3,14.5391,7170.87,0.107,466.702,0.18,4
1747,8,0,3,14.5294,7126.57
1746,8,0,3,14.5015,6987.23
1745,8,0,3,14.4884,6923.94
1844,8,0,3,14.4705,6834.69
575,8,0,3,14.4681,6819.18
571,8,0,3,14.4652,6803.06
570,8,0,3,14.4604,6779.79
569,8,0,3,14.4553,6754.47
640,8,0,3,14.4471,6715.56
649,8,0,3,14.4378,6673.02
646,8,0,3,14.43,6636.51
691,8,0,3,14.4241,6607.6
689,8,0,3,14.402,6503.61
979,8,0,3,14.3935,6464.01
980,8,0,3,14.3877,6435.6
978,8,0,3,14.3841,6417.41
1010,8,0,3,14.3693,6340.65
1016,8,0,3,14.3496,6249.19
110,8,0,4,14.9198,9126.78,0,0,0
111,8,0,4,14.9174,9110.9
1968,8,0,4,14.908,9046.21
114,8,0,4,14.9025,9011.48
1719,8,0,4,14.8645,8806.45
1720,8,0,4,14.8494,8723.98
1718,8,0,4,14.8436,8691.43
129,8,0,4,14.8184,8552.36
134,8,0,4,14.8124,8519.39
133,8,0,4,14.8,8452.87
138,8,0,4,14.7791,8348.28
184,8,0,4,14.7628,8259.74
440,8,0,4,14.747,8172.12
451,8,0,4,14.7304,8085.93
1716,8,0,4,14.728,8069.5
462,8,0,4,14.7189,8022.43
1990,8,0,4,14.7118,7969.73
463,8,0,4,14.6931,7873.21
474,8,0,4,14.6778,7793.97
2140,8,0,4,14.6687,7752.64
2141,8,0,4,14.6609,7709.44
473,8,0,4,14.6607,7708.15
502,8,0,4,14.6516,7664.25
501,8,0,4,14.6461,7637.58
710,8,1,0,11.7184,1682.36,0.0443333,193.369,0.36,1
1543,8,1,0,11.6933,1546.36
459,8,1,0,11.6834,1483.42
458,8,1,0,11.6764,1437.75
456,8,1,0,11.6672,1376.86
457,8,1,0,11.6618,1346.64
454,8,1,0,11.6542,1292.68
455,8,1,0,11.6518,1278.37
453,8,1,0,11.6426,1212.8
446,8,1,0,11.634,1164.09
442,8,1,0,11.6258,1120.37
1857,8,1,0,11.6174,1076.3
441,8,1,0,11.6125,1051.98
185,8,1,0,11.6015,993.794
177,8,1,0,11.5889,927.553
184,8,1,0,11.5685,816.223
138,8,1,0,11.5528,730.3
133,8,1,0,11.5385,653.53
134,8,1,0,11.5309,601.574
129,8,1,0,11.5233,561.93
1718,8,1,0,11.4969,417.674
1719,8,1,0,11.4802,325.295
114,8,1,0,11.4423,120.486
1968,8,1,0,11.4353,81.9493
110,8,1,0,11.42,0
110,8,1,1,12.0692,3629.63,0,0,0
1968,8,1,1,12.0541,3548.6
114,8,1,1,12.0489,3514.27
1719,8,1,1,12.0059,3287.66
1718,8,1,1,11.9905,3200.61
129,8,1,1,11.966,3064.75
134,8,1,1,11.9596,3030.36
133,8,1,1,11.9468,2962.15
138,8,1,1,11.926,2857.57
184,8,1,1,11.9067,2756.61
440,8,1,1,11.8901,2665.42
451,8,1,1,11.8713,2569.71
1716,8,1,1,11.8689,2553.28
462,8,1,1,11.8585,2500.86
1990,8,1,1,11.8506,2447.83
452,8,1,1,11.8456,2415.39
453,8,1,1,11.8343,2328.21
455,8,1,1,11.8219,2258.28
454,8,1,1,11.819,2242.66
457,8,1,1,11.8123,2188.7
456,8,1,1,11.8072,2159.26
458,8,1,1,11.7977,2098.11
459,8,1,1,11.7918,2053.01
1543,8,1,1,11.7825,1990.78
710,8,1,1,11.7628,1875.73
410,9,0,0,11.6822,1462.66,0.0726667,316.95,0.06,1
398,9,0,0,11.6819,1461.45
397,9,0,0,11.6693,1392.89
390,9,0,0,11.6498,1291.33
382,9,0,0,11.6325,1199.86
376,9,0,0,11.6145,1103.09
369,9,0,0,11.595,998.232
360,9,0,0,11.5727,878.986
361,9,0,0,11.5601,809.873
128,9,0,0,11.4996,481.115
126,9,0,0,11.4923,442.296
125,9,0,0,11.486,408.059
118,9,0,0,11.4531,231.019
1968,9,0,0,11.4253,81.9493
110,9,0,0,11.41,0
710,9,0,1,11.9746,3117.52,0.0443333,193.369,0.36,2
1543,9,0,1,11.9531,2997.25
715,9,0,1,11.9483,2952.99
714,9,0,1,11.9444,2928.98
726,9,0,1,11.9442,2927.1
529,9,0,1,11.9305,2827.61
605,9,0,1,11.9157,2731
603,9,0,1,11.9106,2703.02
604,9,0,1,11.9063,2679.88
596,9,0,1,11.9062,2678.91
580,9,0,1,11.8978,2620.63
574,9,0,1,11.8805,2527.39
573,9,0,1,11.8705,2471.49
564,9,0,1,11.8628,2430.34
557,9,0,1,11.8567,2396.35
561,9,0,1,11.85,2349.83
628,9,0,1,11.8455,2324.18
609,9,0,1,11.8328,2247.52
423,9,0,1,11.8269,2191.2
419,9,0,1,11.8222,2156.76
418,9,0,1,11.8069,2071.84
2139,9,0,1,11.803,2050.41
2138,9,0,1,11.7846,1948.97
411,9,0,1,11.771,1874.15
412,9,0,1,11.7685,1855.14
398,9,0,1,11.7551,1780.81
410,9,0,1,11.7548,1779.61
501,9,0,2,12.1453,4004.15,0.102667,447.801,0.22,3
1747,9,0,2,12.1385,3971.54
505,9,0,2,12.1334,3945.32
506,9,0,2,12.1159,3864.64
507,9,0,2,12.1086,3829.61
510,9,0,2,12.0978,3778.53
509,9,0,2,12.0926,3753.11
508,9,0,2,12.0877,3726.5
512,9,0,2,12.0799,3687.28
511,9,0,2,12.0761,3668.12
2145,9,0,2,12.0754,3664.9
2146,9,0,2,12.0638,3600.57
529,9,0,2,12.0599,3564.4
726,9,0,2,12.0452,3464.31
714,9,0,2,12.045,3462.45
1543,9,0,2,12.0407,3432.49
710,9,0,2,12.0189,3310.88
1402,9,0,3,12.6548,6528.05,0.085,370.744,0.2,4
1390,9,0,3,12.6447,6473.65
1382,9,0,3,12.6222,6356.54
1362,9,0,3,12.6029,6251.71
1361,9,0,3,12.5984,6227.19
1354,9,0,3,12.5983,6227
1355,9,0,3,12.5929,6196.96
2076,9,0,3,12.5911,6187.84
1356,9,0,3,12.5823,6143.41
1357,9,0,3,12.5815,6139.69
1349,9,0,3,12.5682,6072.29
1348,9,0,3,12.5674,6067.95
1340,9,0,3,12.5669,6065.4
1339,9,0,3,12.5607,6034.28
1329,9,0,3,12.5483,5969.68
1158,9,0,3,12.531,5883.85
2048,9,0,3,12.5108,5777.27
1131,9,0,3,12.5053,5748.9
1130,9,0,3,12.4995,5719.97
1129,9,0,3,12.4807,5631.33
1121,9,0,3,12.4614,5531.4
1095,9,0,3,12.4533,5492.59
1093,9,0,3,12.4456,5451.87
1074,9,0,3,12.4391,5415.67
1073,9,0,3,12.4273,5356.8
1057,9,0,3,12.4091,5264.11
1042,9,0,3,12.4038,5237.73
2030,9,0,3,12.3968,5200.7
1011,9,0,3,12.3967,5199.85
1547,9,0,3,12.3824,5129.73
1546,9,0,3,12.3773,5104.04
975,9,0,3,12.3741,5086.89
2026,9,0,3,12.368,5054.16
2027,9,0,3,12.3604,5018.35
1998,9,0,3,12.3504,4967.25
1997,9,0,3,12.3422,4925.17
1996,9,0,3,12.3359,4895.54
1995,9,0,3,12.3293,4863.46
1993,9,0,3,12.3242,4836.65
1994,9,0,3,12.32,4815.17
572,9,0,3,12.3129,4776.05
541,9,0,3,12.304,4729.48
540,9,0,3,12.2933,4674.57
1754,9,0,3,12.2847,4630.38
518,9,0,3,12.2761,4587.43
500,9,0,3,12.2705,4559
501,9,0,3,12.2479,4451.95
1016,9,0,4,13.0052,8276.7,0.0561667,244.982,0.25,5
2029,9,0,4,12.9986,8243.69
1043,9,0,4,12.9986,8243.27
2158,9,0,4,12.9895,8199.12
2030,9,0,4,12.9855,8179.29
1041,9,0,4,12.9808,8154.3
1059,9,0,4,12.9726,8112.46
1058,9,0,4,12.9674,8086.4
1056,9,0,4,12.961,8051.96
1072,9,0,4,12.9434,7961.06
1071,9,0,4,12.9352,7918.96
1090,9,0,4,12.9269,7874.32
1089,9,0,4,12.9203,7838.46
1119,9,0,4,12.9132,7799.23
1118,9,0,4,12.9064,7763.03
2044,9,0,4,12.8903,7679.78
2169,9,0,4,12.8838,7644.9
2171,9,0,4,12.8796,7622.76
2046,9,0,4,12.8734,7591.54
1778,9,0,4,12.848,7463.03
1327,9,0,4,12.8367,7402.25
1343,9,0,4,12.8361,7399.52
1355,9,0,4,12.8114,7268.7
1364,9,0,4,12.8113,7268.49
1362,9,0,4,12.8011,7214.86
1382,9,0,4,12.7717,7067.27
1390,9,0,4,12.7507,6956.63
1402,9,0,4,12.7398,6898.79
110,9,0,5,13.4832,10718,0,0,0
1968,9,0,5,13.4681,10637.2
114,9,0,5,13.4623,10602
1719,9,0,5,13.4267,10407.2
1718,9,0,5,13.4084,10307.8
129,9,0,5,13.3841,10172.7
134,9,0,5,13.3768,10134.3
133,9,0,5,13.3641,10066.7
138,9,0,5,13.3433,9962.14
184,9,0,5,13.3256,9867.87
440,9,0,5,13.3046,9758.01
451,9,0,5,13.2882,9672.59
1716,9,0,5,13.2858,9656.17
462,9,0,5,13.2786,9617.35
1990,9,0,5,13.2708,9564.31
463,9,0,5,13.2536,9474.27
474,9,0,5,13.2398,9401.28
2140,9,0,5,13.2316,9363.45
475,9,0,5,13.2249,9332.18
499,9,0,5,13.2171,9292.59
500,9,0,5,13.2125,9269.18
518,9,0,5,13.207,9241
1754,9,0,5,13.1938,9179.14
540,9,0,5,13.1852,9135.24
541,9,0,5,13.1745,9080.09
572,9,0,5,13.1658,9034.33
1994,9,0,5,13.1561,8984.05
1993,9,0,5,13.1518,8962.57
1995,9,0,5,13.145,8928.2
1996,9,0,5,13.1389,8898.26
1997,9,0,5,13.135,8878.36
2027,9,0,5,13.1101,8757.58
2026,9,0,5,13.1043,8729.1
978,9,0,5,13.0953,8687.1
1010,9,0,5,13.0815,8614.98
1016,9,0,5,13.0614,8521.68
710,10,0,0,11.7084,1682.36,0.0443333,193.369,0.36,1
1543,10,0,0,11.6833,1546.36
459,10,0,0,11.6734,1483.42
458,10,0,0,11.6664,1437.75
456,10,0,0,11.6572,1376.86
457,10,0,0,11.6518,1346.64
454,10,0,0,11.6442,1292.68
455,10,0,0,11.6418,1278.37
453,10,0,0,11.6326,1212.8
446,10,0,0,11.624,1164.09
442,10,0,0,11.6158,1120.37
1857,10,0,0,11.6074,1076.3
441,10,0,0,11.6025,1051.98
185,10,0,0,11.5915,993.794
177,10,0,0,11.5789,927.553
184,10,0,0,11.5585,816.223
138,10,0,0,11.5428,730.3
133,10,0,0,11.5285,653.53
134,10,0,0,11.5209,601.574
129,10,0,0,11.5133,561.93
1718,10,0,0,11.4869,417.674
1719,10,0,0,11.4702,325.295
114,10,0,0,11.4323,120.486
1968,10,0,0,11.4253,81.9493
110,10,0,0,11.41,0
410,10,0,1,11.9919,3297.46,0.0726667,316.95,0.06,2
398,10,0,1,11.9917,3296.25
397,10,0,1,11.9813,3236.47
399,10,0,1,11.9648,3146.48
411,10,0,1,11.9503,3066.94
1537,10,0,1,11.9222,2908.63
418,10,0,1,11.9169,2880.17
419,10,0,1,11.9006,2791.05
423,10,0,1,11.8959,2756.6
609,10,0,1,11.89,2700.28
628,10,0,1,11.8774,2623.84
561,10,0,1,11.8733,2598.8
557,10,0,1,11.8653,2550.72
554,10,0,1,11.8637,2542.26
565,10,0,1,11.8561,2499.32
573,10,0,1,11.8508,2472.73
574,10,0,1,11.8418,2420.94
580,10,0,1,11.8234,2322.66
596,10,0,1,11.8173,2262.81
595,10,0,1,11.8118,2232.4
605,10,0,1,11.8106,2224.41
529,10,0,1,11.7934,2124.38
726,10,0,1,11.7775,2023.19
714,10,0,1,11.7773,2021.3
1543,10,0,1,11.7725,1990.78
710,10,0,1,11.7528,1875.73
1402,10,0,2,12.4749,5784.91,0.085,370.744,0.2,3
1390,10,0,2,12.4648,5730.52
1382,10,0,2,12.4423,5613.41
1362,10,0,2,12.423,5508.58
1361,10,0,2,12.4185,5484.06
1354,10,0,2,12.4185,5483.87
2188,10,0,2,12.412,5450.11
2075,10,0,2,12.3911,5342.16
1822,10,0,2,12.3903,5338.17
1353,10,0,2,12.3813,5292.42
2118,10,0,2,12.3598,5176.26
2117,10,0,2,12.3572,5151.63
2164,10,0,2,12.34,5038.48
1307,10,0,2,12.3234,4951.49
1302,10,0,2,12.3067,4861.24
949,10,0,2,12.284,4738.44
2025,10,0,2,12.2805,4720.99
1598,10,0,2,12.2771,4702.02
948,10,0,2,12.2704,4667.33
928,10,0,2,12.2587,4604.29
923,10,0,2,12.2225,4423.53
924,10,0,2,12.2142,4384.22
914,10,0,2,12.1938,4277.13
902,10,0,2,12.1875,4242.13
887,10,0,2,12.1709,4156.83
2012,10,0,2,12.1534,4065.19
884,10,0,2,12.1489,4042.25
1987,10,0,2,12.1115,3852.27
413,10,0,2,12.0922,3754.57
414,10,0,2,12.0869,3726.93
410,10,0,2,12.0646,3614.41
1016,10,0,3,12.8253,7533.57,0.0438333,191.188,0.28,4
2029,10,0,3,12.8188,7500.56
1043,10,0,3,12.8187,7500.14
2158,10,0,3,12.8096,7455.99
2030,10,0,3,12.8056,7436.16
1041,10,0,3,12.8009,7411.17
1059,10,0,3,12.7927,7369.33
1058,10,0,3,12.7875,7343.27
1056,10,0,3,12.7811,7308.83
1072,10,0,3,12.7635,7217.93
1071,10,0,3,12.7553,7175.83
1090,10,0,3,12.7471,7131.19
1089,10,0,3,12.7404,7095.33
1119,10,0,3,12.7333,7056.1
1118,10,0,3,12.7265,7019.9
2044,10,0,3,12.7104,6936.65
2169,10,0,3,12.7039,6901.77
2171,10,0,3,12.6997,6879.63
2046,10,0,3,12.6935,6848.4
1778,10,0,3,12.6681,6719.89
1327,10,0,3,12.6568,6659.12
1343,10,0,3,12.6562,6656.39
1355,10,0,3,12.6315,6525.57
1364,10,0,3,12.6314,6525.36
1362,10,0,3,12.6212,6471.73
1382,10,0,3,12.5918,6324.13
1390,10,0,3,12.5708,6213.5
1402,10,0,3,12.5599,6155.66
501,10,0,4,13.0598,8650.26,0.0531667,231.897,0.2,5
1747,10,0,4,13.0531,8617.65
1746,10,0,4,13.0239,8473.15
1745,10,0,4,13.013,8419.08
1844,10,0,4,12.9924,8318.85
575,10,0,4,12.9897,8302.8
571,10,0,4,12.9859,8282.83
570,10,0,4,12.9813,8260.5
569,10,0,4,12.9756,8232.9
640,10,0,4,12.9703,8205.88
649,10,0,4,12.9638,8174.55
646,10,0,4,12.9574,8143.67
691,10,0,4,12.9496,8106.91
689,10,0,4,12.9258,7996.02
979,10,0,4,12.9161,7951.98
980,10,0,4,12.9109,7925.91
978,10,0,4,12.9073,7907.42
1010,10,0,4,12.8916,7827.27
1016,10,0,4,12.8691,7724.76
110,10,0,5,13.3851,10342.9,0,0,0
1968,10,0,5,13.37,10262.1
114,10,0,5,13.3642,10226.9
1719,10,0,5,13.3289,10033.7
1718,10,0,5,13.3108,9935.14
129,10,0,5,13.2869,9801.38
134,10,0,5,13.282,9772.88
133,10,0,5,13.27,9708.04
138,10,0,5,13.2491,9603.46
184,10,0,5,13.2323,9513.07
440,10,0,5,13.2098,9396.69
451,10,0,5,13.1934,9311.27
1716,10,0,5,13.191,9294.85
462,10,0,5,13.1838,9256.03
1990,10,0,5,13.176,9202.99
463,10,0,5,13.1588,9112.95
474,10,0,5,13.145,9039.96
2140,10,0,5,13.1368,9002.13
2141,10,0,5,13.1286,8957.15
473,10,0,5,13.1284,8956.39
502,10,0,5,13.1194,8912.49
501,10,0,5,13.113,8882.16
410,11,0,0,13.3943,1471.19,0.074,322.766,0.11,1
398,11,0,0,13.394,1469.98
397,11,0,0,13.3832,1408.71
390,11,0,0,13.3633,1305.9
382,11,0,0,13.3469,1218.33
376,11,0,0,13.3299,1125.74
369,11,0,0,13.3101,1019.33
360,11,0,0,13.2891,906.015
361,11,0,0,13.2746,828.632
128,11,0,0,13.2195,523.193
126,11,0,0,13.211,479.066
125,11,0,0,13.2018,432.83
118,11,0,0,13.167,247.521
1968,11,0,0,13.1348,79.7523
110,11,0,0,13.12,0
1016,11,0,1,13.6827,2978.6,0.0561667,244.982,0.25,2
1010,11,0,1,13.6736,2930.95
2026,11,0,1,13.6462,2797.16
2027,11,0,1,13.6411,2771.32
1998,11,0,1,13.6307,2718.62
1997,11,0,1,13.6221,2675.01
1996,11,0,1,13.6162,2646.71
1995,11,0,1,13.608,2608.39
1993,11,0,1,13.5989,2564.72
1994,11,0,1,13.5946,2543.23
562,11,0,1,13.5851,2494.18
563,11,0,1,13.5814,2475.26
564,11,0,1,13.5757,2444.42
557,11,0,1,13.5698,2411.34
561,11,0,1,13.5631,2364.8
628,11,0,1,13.5588,2339.43
609,11,0,1,13.5466,2263.63
423,11,0,1,13.5407,2207.31
419,11,0,1,13.5354,2172.47
418,11,0,1,13.5171,2074.91
2139,11,0,1,13.5138,2055.44
2138,11,0,1,13.4974,1962.7
411,11,0,1,13.4851,1893.38
412,11,0,1,13.483,1873.87
398,11,0,1,13.4686,1795.16
410,11,0,1,13.4683,1793.95
1402,11,0,2,14.0035,4590.97,0.0816667,356.205,0.16,3
1390,11,0,2,13.9944,4540.91
1382,11,0,2,13.9689,4410.86
1362,11,0,2,13.9483,4300.86
1361,11,0,2,13.9441,4277.69
1354,11,0,2,13.9441,4277.5
1355,11,0,2,13.9376,4243
2076,11,0,2,13.9358,4233.89
1356,11,0,2,13.9282,4194.54
1357,11,0,2,13.9274,4190.82
1349,11,0,2,13.9147,4125.87
1348,11,0,2,13.9141,4122.44
1340,11,0,2,13.9136,4119.9
1339,11,0,2,13.908,4091.16
1330,11,0,2,13.8873,3982.42
1161,11,0,2,13.8779,3934.51
1162,11,0,2,13.8679,3881.51
1136,11,0,2,13.8492,3783.31
1138,11,0,2,13.8425,3748.95
1137,11,0,2,13.8366,3717.85
1123,11,0,2,13.8229,3651.7
1775,11,0,2,13.8143,3607.71
1102,11,0,2,13.7986,3528.52
1100,11,0,2,13.7844,3459.13
1101,11,0,2,13.7734,3402.48
1082,11,0,2,13.765,3360.52
1079,11,0,2,13.7559,3313.5
1061,11,0,2,13.7516,3292.21
1063,11,0,2,13.7484,3275.37
1062,11,0,2,13.7474,3268.33
2159,11,0,2,13.7472,3267.35
1045,11,0,2,13.7465,3264.2
1043,11,0,2,13.7432,3247.52
2029,11,0,2,13.7431,3247.1
1016,11,0,2,13.7388,3223.58
501,11,0,3,14.5055,7106.11,0.107,466.702,0.18,4
1747,11,0,3,14.4995,7076.89
1746,11,0,3,14.4709,6934.48
540,11,0,3,14.4539,6848.54
541,11,0,3,14.4414,6786.03
572,11,0,3,14.4309,6732.79
567,11,0,3,14.4208,6679.38
565,11,0,3,14.4186,6665.89
562,11,0,3,14.4119,6631.38
639,11,0,3,14.4085,6613.94
638,11,0,3,14.4028,6584.27
637,11,0,3,14.3978,6559.24
685,11,0,3,14.3868,6505.46
687,11,0,3,14.3816,6479.43
971,11,0,3,14.3669,6410.53
972,11,0,3,14.3596,6374.32
973,11,0,3,14.3449,6305.19
1008,11,0,3,14.3352,6257.09
1009,11,0,3,14.323,6195.51
1041,11,0,3,14.3229,6194.82
1059,11,0,3,14.314,6149.99
1058,11,0,3,14.309,6124.74
1075,11,0,3,14.2915,6034.67
1072,11,0,3,14.2815,5983.22
1071,11,0,3,14.2713,5932.75
1090,11,0,3,14.2652,5895.53
1089,11,0,3,14.2591,5862.2
1119,11,0,3,14.2505,5816.31
1118,11,0,3,14.2443,5782.73
2044,11,0,3,14.2291,5703.16
2169,11,0,3,14.2211,5662.14
2171,11,0,3,14.2164,5637.99
1549,11,0,3,14.2087,5597.84
1147,11,0,3,14.2012,5559.46
1327,11,0,3,14.1728,5411.48
1343,11,0,3,14.1722,5408.75
1355,11,0,3,14.1455,5269.33
1364,11,0,3,14.1454,5269.12
1362,11,0,3,14.1356,5217.14
1382,11,0,3,14.1156,5109.31
1390,11,0,3,14.0941,4996.14
1402,11,0,3,14.0852,4947.17
110,11,0,4,14.8862,9062.01,0,0,0
111,11,0,4,14.8838,9046.13
1968,11,0,4,14.8744,8981.46
114,11,0,4,14.8688,8946.72
1719,11,0,4,14.8308,8741.69
1720,11,0,4,14.8158,8659.22
1718,11,0,4,14.81,8626.67
129,11,0,4,14.7848,8487.6
134,11,0,4,14.7788,8454.63
133,11,0,4,14.7664,8388.1
138,11,0,4,14.7455,8283.52
184,11,0,4,14.7292,8194.98
440,11,0,4,14.7133,8107.36
451,11,0,4,14.6968,8021.16
1716,11,0,4,14.6944,8004.74
462,11,0,4,14.6852,7957.67
1990,11,0,4,14.6782,7904.97
463,11,0,4,14.6595,7808.45
474,11,0,4,14.6441,7729.21
2140,11,0,4,14.6351,7687.88
2141,11,0,4,14.6273,7644.68
473,11,0,4,14.627,7643.39
502,11,0,4,14.618,7599.49
501,11,0,4,14.6125,7572.81
710,11,1,0,11.8684,1682.36,0.0443333,193.369,0.36,1
1543,11,1,0,11.8433,1546.36
459,11,1,0,11.8334,1483.42
458,11,1,0,11.8264,1437.75
456,11,1,0,11.8172,1376.86
457,11,1,0,11.8118,1346.64
454,11,1,0,11.8042,1292.68
455,11,1,0,11.8018,1278.37
453,11,1,0,11.7926,1212.8
446,11,1,0,11.784,1164.09
442,11,1,0,11.7758,1120.37
1857,11,1,0,11.7674,1076.3
441,11,1,0,11.7625,1051.98
185,11,1,0,11.7515,993.794
177,11,1,0,11.7389,927.553
184,11,1,0,11.7185,816.223
138,11,1,0,11.7028,730.3
133,11,1,0,11.6885,653.53
134,11,1,0,11.6809,601.574
129,11,1,0,11.6733,561.93
1718,11,1,0,11.6469,417.674
1719,11,1,0,11.6302,325.295
114,11,1,0,11.5923,120.486
1968,11,1,0,11.5853,81.9493
110,11,1,0,11.57,0
110,11,1,1,12.2192,3629.63,0,0,0
1968,11,1,1,12.2041,3548.6
114,11,1,1,12.1989,3514.27
1719,11,1,1,12.1559,3287.66
1718,11,1,1,12.1405,3200.61
129,11,1,1,12.116,3064.75
134,11,1,1,12.1096,3030.36
133,11,1,1,12.0968,2962.15
138,11,1,1,12.076,2857.57
184,11,1,1,12.0567,2756.61
440,11,1,1,12.0401,2665.42
451,11,1,1,12.0213,2569.71
1716,11,1,1,12.0189,2553.28
462,11,1,1,12.0085,2500.86
1990,11,1,1,12.0006,2447.83
452,11,1,1,11.9956,2415.39
453,11,1,1,11.9843,2328.21
455,11,1,1,11.9719,2258.28
454,11,1,1,11.969,2242.66
457,11,1,1,11.9623,2188.7
456,11,1,1,11.9572,2159.26
458,11,1,1,11.9477,2098.11
459,11,1,1,11.9418,2053.01
1543,11,1,1,11.9325,1990.78
710,11,1,1,11.9128,1875.73
