Nodo,Individuo,Ruta,Segmento,Tiempo viaje,Costo viaje,Tiempo atencion,Costo atencion,Tasa fallo,Demanda
501,0,0,0,11.7639,1433.41,0.0743333,324.22,0.22,1
502,0,0,0,11.7586,1407.87
473,0,0,0,11.749,1361.69
2141,0,0,0,11.7488,1360.71
2140,0,0,0,11.7404,1314.68
475,0,0,0,11.7375,1299.26
474,0,0,0,11.7334,1278.25
463,0,0,0,11.7186,1201.35
1990,0,0,0,11.7051,1126.94
462,0,0,0,11.6964,1072.9
461,0,0,0,11.694,1058.4
1716,0,0,0,11.6858,1015.28
451,0,0,0,11.6814,992.322
440,0,0,0,11.6655,908.617
184,0,0,0,11.6485,816.223
138,0,0,0,11.6328,730.3
133,0,0,0,11.6185,653.53
134,0,0,0,11.6109,601.574
129,0,0,0,11.6033,561.93
1718,0,0,0,11.5769,417.674
1719,0,0,0,11.5602,325.295
114,0,0,0,11.5223,120.486
1968,0,0,0,11.5153,81.9493
110,0,0,0,11.5,0
710,0,0,1,11.968,2453.47,0.0443333,193.369,0.36,2
1543,0,0,1,11.9466,2333.21
459,0,0,1,11.9363,2269.8
488,0,0,1,11.9076,2112.91
2144,0,0,1,11.8909,2022.7
486,0,0,1,11.8896,2016.25
482,0,0,1,11.882,1976.94
2142,0,0,1,11.8769,1949.91
2143,0,0,1,11.8765,1948.14
480,0,0,1,11.8761,1946.24
478,0,0,1,11.8719,1924.17
477,0,0,1,11.8638,1881.98
1750,0,0,1,11.86,1861.72
2141,0,0,1,11.8536,1831.93
473,0,0,1,11.8534,1830.73
502,0,0,1,11.8443,1786.83
501,0,0,1,11.8382,1757.63
1016,0,0,2,12.1392,3369.07,0.0438333,191.188,0.28,3
1548,0,0,2,12.1323,3333.03
1012,0,0,2,12.128,3310.61
1014,0,0,2,12.1276,3308.41
989,0,0,2,12.1171,3252.55
990,0,0,2,12.1071,3202.29
704,0,0,2,12.0957,3144.55
2179,0,0,2,12.0955,3143.68
662,0,0,2,12.0893,3114.04
602,0,0,2,12.0784,3046.34
599,0,0,2,12.0745,3024.12
605,0,0,2,12.0706,3000.37
529,0,0,2,12.0534,2900.36
726,0,0,2,12.0386,2800.27
714,0,0,2,12.0384,2798.41
1543,0,0,2,12.0342,2768.44
710,0,0,2,12.0124,2646.84
1402,0,0,3,12.4463,4918.69,0.085,370.744,0.2,4
1390,0,0,3,12.4362,4864.29
1382,0,0,3,12.413,4743.98
1362,0,0,3,12.3891,4619.7
1361,0,0,3,12.3842,4593.25
1354,0,0,3,12.3841,4593.06
1355,0,0,3,12.3778,4559.22
2076,0,0,3,12.376,4550.11
1356,0,0,3,12.3702,4518.45
1357,0,0,3,12.3694,4514.73
1349,0,0,3,12.3582,4456.01
1348,0,0,3,12.3572,4450.96
1340,0,0,3,12.3567,4448.42
1339,0,0,3,12.3507,4417.99
1329,0,0,3,12.3378,4351.43
1158,0,0,3,12.3237,4278.91
2048,0,0,3,12.3034,4171.91
1131,0,0,3,12.2982,4144.68
1130,0,0,3,12.2924,4115.75
1129,0,0,3,12.273,4024.95
1121,0,0,3,12.2537,3925.02
1095,0,0,3,12.2457,3886.22
1093,0,0,3,12.238,3845.49
1074,0,0,3,12.2314,3809.29
1077,0,0,3,12.2211,3755.24
1080,0,0,3,12.2078,3688.79
1079,0,0,3,12.2001,3650.11
1061,0,0,3,12.1959,3628.82
1063,0,0,3,12.1925,3611.01
1062,0,0,3,12.1914,3603.94
2159,0,0,3,12.1912,3603.04
1045,0,0,3,12.1905,3599.89
1043,0,0,3,12.1874,3584.03
2029,0,0,3,12.1873,3583.62
1016,0,0,3,12.1831,3560.25
410,0,0,4,12.942,7451.77,0.109667,478.333,0.09,5
1986,0,0,4,12.9164,7326.03
883,0,0,4,12.8871,7172.67
882,0,0,4,12.8754,7109.1
2155,0,0,4,12.8716,7090.37
901,0,0,4,12.8381,6915.07
902,0,0,4,12.8243,6841.86
904,0,0,4,12.8096,6764.46
925,0,0,4,12.7868,6639.44
2019,0,0,4,12.7809,6610.13
929,0,0,4,12.7805,6608.15
938,0,0,4,12.7684,6542.02
950,0,0,4,12.7524,6460.99
951,0,0,4,12.746,6427.74
949,0,0,4,12.7344,6368.45
1302,0,0,4,12.7077,6228.78
1307,0,0,4,12.6925,6145
1308,0,0,4,12.6809,6083.95
1309,0,0,4,12.6635,5993.85
1314,0,0,4,12.6629,5990.98
2165,0,0,4,12.6439,5892.71
2071,0,0,4,12.6243,5786.86
1359,0,0,4,12.6044,5679.63
1370,0,0,4,12.6034,5675.18
1360,0,0,4,12.5807,5550.16
1382,0,0,4,12.5632,5457.91
1390,0,0,4,12.5423,5347.28
1402,0,0,4,12.5313,5289.44
110,0,0,5,13.3339,9505.78,0,0,0
1968,0,0,5,13.3188,9424.98
1969,0,0,5,13.3067,9348.63
115,0,0,5,13.3042,9334.21
2113,0,0,5,13.2994,9308.14
2133,0,0,5,13.1794,8630.62
366,0,0,5,13.1757,8603.99
2134,0,0,5,13.1647,8542.45
2136,0,0,5,13.1528,8477.53
393,0,0,5,13.1237,8325.64
401,0,0,5,13.1089,8247.18
400,0,0,5,13.0828,8104.08
411,0,0,5,13.0685,8029.53
412,0,0,5,13.0664,8010.02
398,0,0,5,13.052,7931.31
410,0,0,5,13.0517,7930.1
1402,1,0,0,13.6834,3372.79,0.1085,473.244,0.18,1
1390,1,0,0,13.6741,3321.76
1389,1,0,0,13.6455,3170.7
1388,1,0,0,13.6367,3122.71
1370,1,0,0,13.5998,2928.06
1359,1,0,0,13.5989,2923.6
2071,1,0,0,13.5823,2830.9
2165,1,0,0,13.5604,2715.19
1314,1,0,0,13.5431,2623.77
2163,1,0,0,13.5283,2543.94
2023,1,0,0,13.5017,2399.84
1787,1,0,0,13.4936,2358.52
2020,1,0,0,13.4747,2264.44
935,1,0,0,13.4649,2212.99
934,1,0,0,13.4644,2210.39
933,1,0,0,13.4527,2150.9
936,1,0,0,13.4522,2147.96
1737,1,0,0,13.4407,2085.09
917,1,0,0,13.4275,2016.59
916,1,0,0,13.4273,2015.68
906,1,0,0,13.4035,1891.34
889,1,0,0,13.3922,1832.97
890,1,0,0,13.3855,1797.06
2013,1,0,0,13.366,1693.84
1988,1,0,0,13.3484,1599.98
417,1,0,0,13.3279,1495.37
418,1,0,0,13.3239,1474.43
1741,1,0,0,13.3182,1442.44
1740,1,0,0,13.3144,1421.91
1739,1,0,0,13.3097,1395.5
401,1,0,0,13.2991,1338.14
393,1,0,0,13.2859,1266.67
2136,1,0,0,13.2631,1141.76
2134,1,0,0,13.2518,1079.42
360,1,0,0,13.2191,906.015
361,1,0,0,13.2046,828.632
128,1,0,0,13.1495,523.193
126,1,0,0,13.141,479.066
125,1,0,0,13.1318,432.83
118,1,0,0,13.097,247.521
1968,1,0,0,13.0648,79.7523
110,1,0,0,13.05,0
1016,1,0,1,14.055,5220.52,0.0881667,384.556,0.22,2
2029,1,0,1,14.0506,5196.28
1043,1,0,1,14.0505,5195.87
2158,1,0,1,14.0425,5156.28
2030,1,0,1,14.0385,5136.45
1041,1,0,1,14.033,5107.96
1059,1,0,1,14.0234,5060.24
1058,1,0,1,14.0181,5033.67
1075,1,0,1,14.0011,4945.99
1072,1,0,1,13.9911,4894.65
1071,1,0,1,13.9833,4854.04
1090,1,0,1,13.9749,4808.47
1089,1,0,1,13.9691,4776.53
1119,1,0,1,13.9615,4735.18
1118,1,0,1,13.9548,4699.38
2044,1,0,1,13.9395,4619.51
1128,1,0,1,13.9347,4593.28
1148,1,0,1,13.9286,4556.29
1549,1,0,1,13.9191,4511.76
1147,1,0,1,13.9134,4480.85
1327,1,0,1,13.8825,4322.13
1343,1,0,1,13.8819,4319.4
1355,1,0,1,13.8494,4156.13
1364,1,0,1,13.8494,4155.92
1362,1,0,1,13.8393,4102.68
1382,1,0,1,13.8217,4005.45
1390,1,0,1,13.8021,3900.69
1402,1,0,1,13.7919,3846.03
501,1,0,2,14.3327,6526.77,0.107,466.702,0.18,3
1747,1,0,2,14.3231,6482.46
1746,1,0,2,14.2951,6343.12
1745,1,0,2,14.282,6279.83
1844,1,0,2,14.2641,6190.58
575,1,0,2,14.2617,6175.08
571,1,0,2,14.2588,6158.95
570,1,0,2,14.254,6135.68
569,1,0,2,14.2489,6110.36
640,1,0,2,14.2407,6071.45
649,1,0,2,14.2315,6028.91
646,1,0,2,14.2236,5992.4
691,1,0,2,14.2177,5963.49
689,1,0,2,14.1956,5859.5
979,1,0,2,14.1871,5819.9
980,1,0,2,14.1813,5791.49
978,1,0,2,14.1777,5773.31
1010,1,0,2,14.1629,5696.54
1016,1,0,2,14.1432,5605.08
110,1,0,3,14.7134,8482.67,0,0,0
111,1,0,3,14.7111,8466.79
1968,1,0,3,14.7016,8402.11
114,1,0,3,14.6961,8367.38
1719,1,0,3,14.6581,8162.34
1720,1,0,3,14.6431,8079.87
1718,1,0,3,14.6373,8047.32
129,1,0,3,14.6121,7908.25
134,1,0,3,14.606,7875.28
133,1,0,3,14.5936,7808.76
138,1,0,3,14.5728,7704.17
184,1,0,3,14.5564,7615.63
440,1,0,3,14.5406,7528.01
451,1,0,3,14.524,7441.82
1716,1,0,3,14.5216,7425.39
462,1,0,3,14.5125,7378.32
1990,1,0,3,14.5054,7325.63
463,1,0,3,14.4867,7229.11
474,1,0,3,14.4714,7149.87
2140,1,0,3,14.4624,7108.53
2141,1,0,3,14.4546,7065.33
473,1,0,3,14.4543,7064.04
502,1,0,3,14.4452,7020.14
501,1,0,3,14.4397,6993.47
410,1,1,0,11.6022,1462.66,0.0726667,316.95,0.06,1
398,1,1,0,11.6019,1461.45
397,1,1,0,11.5893,1392.89
390,1,1,0,11.5698,1291.33
382,1,1,0,11.5525,1199.86
376,1,1,0,11.5345,1103.09
369,1,1,0,11.515,998.232
360,1,1,0,11.4927,878.986
361,1,1,0,11.4801,809.873
128,1,1,0,11.4196,481.115
126,1,1,0,11.4123,442.296
125,1,1,0,11.406,408.059
118,1,1,0,11.3731,231.019
1968,1,1,0,11.3453,81.9493
110,1,1,0,11.33,0
710,1,1,1,11.8946,3117.52,0.0443333,193.369,0.36,2
1543,1,1,1,11.8731,2997.25
715,1,1,1,11.8683,2952.99
714,1,1,1,11.8644,2928.98
726,1,1,1,11.8642,2927.1
529,1,1,1,11.8505,2827.61
605,1,1,1,11.8357,2731
603,1,1,1,11.8306,2703.02
604,1,1,1,11.8263,2679.88
596,1,1,1,11.8262,2678.91
580,1,1,1,11.8178,2620.63
574,1,1,1,11.8005,2527.39
573,1,1,1,11.7905,2471.49
564,1,1,1,11.7828,2430.34
557,1,1,1,11.7767,2396.35
561,1,1,1,11.77,2349.83
628,1,1,1,11.7655,2324.18
609,1,1,1,11.7528,2247.52
423,1,1,1,11.7469,2191.2
419,1,1,1,11.7422,2156.76
418,1,1,1,11.7269,2071.84
2139,1,1,1,11.723,2050.41
2138,1,1,1,11.7046,1948.97
411,1,1,1,11.691,1874.15
412,1,1,1,11.6885,1855.14
398,1,1,1,11.6751,1780.81
410,1,1,1,11.6748,1779.61
110,1,1,2,12.2454,5064.79,0,0,0
1968,1,1,2,12.2303,4983.75
114,1,1,2,12.2251,4949.43
1719,1,1,2,12.1821,4722.82
1718,1,1,2,12.1666,4635.77
129,1,1,2,12.1422,4499.9
134,1,1,2,12.1358,4465.51
133,1,1,2,12.123,4397.31
138,1,1,2,12.1021,4292.72
184,1,1,2,12.0829,4191.76
440,1,1,2,12.0662,4100.57
451,1,1,2,12.0474,4004.86
1716,1,1,2,12.045,3988.43
462,1,1,2,12.0346,3936.01
1990,1,1,2,12.0268,3882.98
452,1,1,2,12.0218,3850.54
453,1,1,2,12.0104,3763.36
455,1,1,2,11.998,3693.43
454,1,1,2,11.9952,3677.82
457,1,1,2,11.9885,3623.85
456,1,1,2,11.9833,3594.41
458,1,1,2,11.9739,3533.26
459,1,1,2,11.9679,3488.16
1543,1,1,2,11.9586,3425.93
710,1,1,2,11.9389,3310.88
410,2,0,0,11.7022,1462.66,0.0726667,316.95,0.06,1
398,2,0,0,11.7019,1461.45
397,2,0,0,11.6893,1392.89
390,2,0,0,11.6698,1291.33
382,2,0,0,11.6525,1199.86
376,2,0,0,11.6345,1103.09
369,2,0,0,11.615,998.232
360,2,0,0,11.5927,878.986
361,2,0,0,11.5801,809.873
128,2,0,0,11.5196,481.115
126,2,0,0,11.5123,442.296
125,2,0,0,11.506,408.059
118,2,0,0,11.4731,231.019
1968,2,0,0,11.4453,81.9493
110,2,0,0,11.43,0
710,2,0,1,11.9946,3117.52,0.0443333,193.369,0.36,2
1543,2,0,1,11.9731,2997.25
715,2,0,1,11.9683,2952.99
714,2,0,1,11.9644,2928.98
726,2,0,1,11.9642,2927.1
529,2,0,1,11.9505,2827.61
605,2,0,1,11.9357,2731
603,2,0,1,11.9306,2703.02
604,2,0,1,11.9263,2679.88
596,2,0,1,11.9262,2678.91
580,2,0,1,11.9178,2620.63
574,2,0,1,11.9005,2527.39
573,2,0,1,11.8905,2471.49
564,2,0,1,11.8828,2430.34
557,2,0,1,11.8767,2396.35
561,2,0,1,11.87,2349.83
628,2,0,1,11.8655,2324.18
609,2,0,1,11.8528,2247.52
423,2,0,1,11.8469,2191.2
419,2,0,1,11.8422,2156.76
418,2,0,1,11.8269,2071.84
2139,2,0,1,11.823,2050.41
2138,2,0,1,11.8046,1948.97
411,2,0,1,11.791,1874.15
412,2,0,1,11.7885,1855.14
398,2,0,1,11.7751,1780.81
410,2,0,1,11.7748,1779.61
501,2,0,2,12.1653,4004.15,0.102667,447.801,0.22,3
1747,2,0,2,12.1585,3971.54
505,2,0,2,12.1534,3945.32
506,2,0,2,12.1359,3864.64
507,2,0,2,12.1286,3829.61
510,2,0,2,12.1178,3778.53
509,2,0,2,12.1126,3753.11
508,2,0,2,12.1077,3726.5
512,2,0,2,12.0999,3687.28
511,2,0,2,12.0961,3668.12
2145,2,0,2,12.0954,3664.9
2146,2,0,2,12.0838,3600.57
529,2,0,2,12.0799,3564.4
726,2,0,2,12.0652,3464.31
714,2,0,2,12.065,3462.45
1543,2,0,2,12.0607,3432.49
710,2,0,2,12.0389,3310.88
1402,2,0,3,12.6748,6528.05,0.085,370.744,0.2,4
1390,2,0,3,12.6647,6473.65
1382,2,0,3,12.6422,6356.54
1362,2,0,3,12.6229,6251.71
1361,2,0,3,12.6184,6227.19
1354,2,0,3,12.6183,6227
1355,2,0,3,12.6129,6196.96
2076,2,0,3,12.6111,6187.84
1356,2,0,3,12.6023,6143.41
1357,2,0,3,12.6015,6139.69
1349,2,0,3,12.5882,6072.29
1348,2,0,3,12.5874,6067.95
1340,2,0,3,12.5869,6065.4
1339,2,0,3,12.5807,6034.28
1329,2,0,3,12.5683,5969.68
1158,2,0,3,12.551,5883.85
2048,2,0,3,12.5308,5777.27
1131,2,0,3,12.5253,5748.9
1130,2,0,3,12.5195,5719.97
1129,2,0,3,12.5007,5631.33
1121,2,0,3,12.4814,5531.4
1095,2,0,3,12.4733,5492.59
1093,2,0,3,12.4656,5451.87
1074,2,0,3,12.4591,5415.67
1073,2,0,3,12.4473,5356.8
1057,2,0,3,12.4291,5264.11
1042,2,0,3,12.4238,5237.73
2030,2,0,3,12.4168,5200.7
1011,2,0,3,12.4167,5199.85
1547,2,0,3,12.4024,5129.73
1546,2,0,3,12.3973,5104.04
975,2,0,3,12.3941,5086.89
2026,2,0,3,12.388,5054.16
2027,2,0,3,12.3804,5018.35
1998,2,0,3,12.3704,4967.25
1997,2,0,3,12.3622,4925.17
1996,2,0,3,12.3559,4895.54
1995,2,0,3,12.3493,4863.46
1993,2,0,3,12.3442,4836.65
1994,2,0,3,12.34,4815.17
572,2,0,3,12.3329,4776.05
541,2,0,3,12.324,4729.48
540,2,0,3,12.3133,4674.57
1754,2,0,3,12.3047,4630.38
518,2,0,3,12.2961,4587.43
500,2,0,3,12.2905,4559
501,2,0,3,12.2679,4451.95
1016,2,0,4,13.0252,8276.7,0.0561667,244.982,0.25,5
2029,2,0,4,13.0186,8243.69
1043,2,0,4,13.0186,8243.27
2158,2,0,4,13.0095,8199.12
2030,2,0,4,13.0055,8179.29
1041,2,0,4,13.0008,8154.3
1059,2,0,4,12.9926,8112.46
1058,2,0,4,12.9874,8086.4
1056,2,0,4,12.981,8051.96
1072,2,0,4,12.9634,7961.06
1071,2,0,4,12.9552,7918.96
1090,2,0,4,12.9469,7874.32
1089,2,0,4,12.9403,7838.46
1119,2,0,4,12.9332,7799.23
1118,2,0,4,12.9264,7763.03
2044,2,0,4,12.9103,7679.78
2169,2,0,4,12.9038,7644.9
2171,2,0,4,12.8996,7622.76
2046,2,0,4,12.8934,7591.54
1778,2,0,4,12.868,7463.03
1327,2,0,4,12.8567,7402.25
1343,2,0,4,12.8561,7399.52
1355,2,0,4,12.8314,7268.7
1364,2,0,4,12.8313,7268.49
1362,2,0,4,12.8211,7214.86
1382,2,0,4,12.7917,7067.27
1390,2,0,4,12.7707,6956.63
1402,2,0,4,12.7598,6898.79
110,2,0,5,13.5032,10718,0,0,0
1968,2,0,5,13.4881,10637.2
114,2,0,5,13.4823,10602
1719,2,0,5,13.4467,10407.2
1718,2,0,5,13.4284,10307.8
129,2,0,5,13.4041,10172.7
134,2,0,5,13.3968,10134.3
133,2,0,5,13.3841,10066.7
138,2,0,5,13.3633,9962.14
184,2,0,5,13.3456,9867.87
440,2,0,5,13.3246,9758.01
451,2,0,5,13.3082,9672.59
1716,2,0,5,13.3058,9656.17
462,2,0,5,13.2986,9617.35
1990,2,0,5,13.2908,9564.31
463,2,0,5,13.2736,9474.27
474,2,0,5,13.2598,9401.28
2140,2,0,5,13.2516,9363.45
475,2,0,5,13.2449,9332.18
499,2,0,5,13.2371,9292.59
500,2,0,5,13.2325,9269.18
518,2,0,5,13.227,9241
1754,2,0,5,13.2138,9179.14
540,2,0,5,13.2052,9135.24
541,2,0,5,13.1945,9080.09
572,2,0,5,13.1858,9034.33
1994,2,0,5,13.1761,8984.05
1993,2,0,5,13.1718,8962.57
1995,2,0,5,13.165,8928.2
1996,2,0,5,13.1589,8898.26
1997,2,0,5,13.155,8878.36
2027,2,0,5,13.1301,8757.58
2026,2,0,5,13.1243,8729.1
978,2,0,5,13.1153,8687.1
1010,2,0,5,13.1015,8614.98
1016,2,0,5,13.0814,8521.68
710,3,0,0,13.5525,1706.65,0.0466667,203.546,0.45,1
1543,3,0,0,13.5294,1579.59
459,3,0,0,13.5202,1517.38
458,3,0,0,13.5127,1471.15
456,3,0,0,13.5034,1410.12
457,3,0,0,13.4975,1377.61
454,3,0,0,13.4898,1323.63
455,3,0,0,13.4872,1308.67
453,3,0,0,13.4785,1243.21
446,3,0,0,13.4702,1195.77
442,3,0,0,13.4585,1137.28
1857,3,0,0,13.4497,1091.26
441,3,0,0,13.4436,1062.09
185,3,0,0,13.4326,1004.16
177,3,0,0,13.4203,938.786
184,3,0,0,13.4003,829.279
138,3,0,0,13.3836,739.414
133,3,0,0,13.3697,664.29
134,3,0,0,13.3621,612.333
129,3,0,0,13.355,574.749
1718,3,0,0,13.3291,432.78
1720,3,0,0,13.322,394.625
1719,3,0,0,13.3093,321.152
114,3,0,0,13.2716,117.424
1968,3,0,0,13.2648,79.7523
110,3,0,0,13.25,0
1402,3,0,1,14.0003,4027.57,0.0816667,356.205,0.16,2
1390,3,0,1,13.9911,3977.52
1382,3,0,1,13.9609,3827.77
1362,3,0,1,13.9382,3708.77
1361,3,0,1,13.9332,3681.77
1354,3,0,1,13.9331,3681.58
1355,3,0,1,13.9206,3621.92
2076,3,0,1,13.9188,3612.81
1356,3,0,1,13.9104,3570.09
1357,3,0,1,13.9096,3566.38
1349,3,0,1,13.8961,3498.2
1348,3,0,1,13.8955,3494.87
1340,3,0,1,13.895,3492.33
1339,3,0,1,13.8897,3464.61
1329,3,0,1,13.8787,3406.27
1158,3,0,1,13.8637,3329.94
2048,3,0,1,13.8436,3223.82
1151,3,0,1,13.8338,3171.97
1134,3,0,1,13.828,3141.99
1133,3,0,1,13.823,3115.82
1122,3,0,1,13.8116,3058.27
1096,3,0,1,13.786,2931.66
1099,3,0,1,13.7812,2907
1098,3,0,1,13.7739,2870.34
1101,3,0,1,13.7545,2772.1
1082,3,0,1,13.7461,2730.13
1079,3,0,1,13.737,2683.11
1061,3,0,1,13.7327,2661.83
1063,3,0,1,13.7295,2644.99
1062,3,0,1,13.7285,2637.95
2159,3,0,1,13.7283,2636.96
1045,3,0,1,13.7276,2633.81
1012,3,0,1,13.7204,2592.83
2028,3,0,1,13.7123,2547.36
989,3,0,1,13.7089,2531.63
990,3,0,1,13.6988,2481.36
991,3,0,1,13.6963,2469.01
706,3,0,1,13.6892,2429.55
704,3,0,1,13.6866,2416.78
2179,3,0,1,13.6864,2415.92
662,3,0,1,13.6802,2386.27
602,3,0,1,13.669,2318.13
599,3,0,1,13.6645,2293.43
605,3,0,1,13.6593,2265.31
529,3,0,1,13.6428,2166.41
726,3,0,1,13.6266,2064.88
714,3,0,1,13.6264,2063
1543,3,0,1,13.6206,2030.56
710,3,0,1,13.5991,1910.19
1016,3,0,2,14.34,5736.79,0.0881667,384.556,0.22,3
2029,3,0,2,14.3356,5713.04
1043,3,0,2,14.3356,5712.63
2158,3,0,2,14.3287,5677.85
2030,3,0,2,14.3248,5658.01
1041,3,0,2,14.3196,5631.43
1059,3,0,2,14.3108,5586.59
1058,3,0,2,14.3058,5561.34
1075,3,0,2,14.2882,5471.27
1072,3,0,2,14.2782,5419.83
1071,3,0,2,14.268,5369.35
1090,3,0,2,14.262,5332.13
1089,3,0,2,14.2559,5298.81
1119,3,0,2,14.2473,5252.92
1118,3,0,2,14.2411,5219.33
2044,3,0,2,14.2259,5139.77
2169,3,0,2,14.2179,5098.75
2171,3,0,2,14.2132,5074.6
1549,3,0,2,14.2054,5034.45
1147,3,0,2,14.198,4996.06
1327,3,0,2,14.1696,4848.09
1343,3,0,2,14.169,4845.36
1355,3,0,2,14.1422,4705.94
1364,3,0,2,14.1422,4705.73
1362,3,0,2,14.1324,4653.75
1382,3,0,2,14.1123,4545.92
1390,3,0,2,14.0908,4432.75
1402,3,0,2,14.0819,4383.78
501,3,0,3,14.6177,7043.04,0.107,466.702,0.18,4
1747,3,0,3,14.608,6998.73
1746,3,0,3,14.5801,6859.39
1745,3,0,3,14.567,6796.1
1844,3,0,3,14.5491,6706.86
575,3,0,3,14.5467,6691.35
571,3,0,3,14.5438,6675.23
570,3,0,3,14.539,6651.95
569,3,0,3,14.5338,6626.63
640,3,0,3,14.5257,6587.72
649,3,0,3,14.5164,6545.19
646,3,0,3,14.5086,6508.67
691,3,0,3,14.5027,6479.77
689,3,0,3,14.4806,6375.77
979,3,0,3,14.4721,6336.17
980,3,0,3,14.4662,6307.77
978,3,0,3,14.4627,6289.58
1010,3,0,3,14.4479,6212.81
1016,3,0,3,14.4282,6121.35
110,3,0,4,14.9984,8998.94,0,0,0
111,3,0,4,14.996,8983.06
1968,3,0,4,14.9866,8918.38
114,3,0,4,14.981,8883.65
1719,3,0,4,14.9431,8678.61
1720,3,0,4,14.928,8596.14
1718,3,0,4,14.9222,8563.59
129,3,0,4,14.897,8424.52
134,3,0,4,14.891,8391.56
133,3,0,4,14.8786,8325.03
138,3,0,4,14.8577,8220.45
184,3,0,4,14.8414,8131.91
440,3,0,4,14.8256,8044.29
451,3,0,4,14.809,7958.09
1716,3,0,4,14.8066,7941.67
462,3,0,4,14.7975,7894.59
1990,3,0,4,14.7904,7841.9
463,3,0,4,14.7717,7745.38
474,3,0,4,14.7564,7666.14
2140,3,0,4,14.7473,7624.8
2141,3,0,4,14.7395,7581.6
473,3,0,4,14.7392,7580.32
502,3,0,4,14.7302,7536.42
501,3,0,4,14.7247,7509.74
410,3,1,0,11.6622,1462.66,0.0726667,316.95,0.06,1
398,3,1,0,11.6619,1461.45
397,3,1,0,11.6493,1392.89
390,3,1,0,11.6298,1291.33
382,3,1,0,11.6125,1199.86
376,3,1,0,11.5945,1103.09
369,3,1,0,11.575,998.232
360,3,1,0,11.5527,878.986
361,3,1,0,11.5401,809.873
128,3,1,0,11.4796,481.115
126,3,1,0,11.4723,442.296
125,3,1,0,11.466,408.059
118,3,1,0,11.4331,231.019
1968,3,1,0,11.4053,81.9493
110,3,1,0,11.39,0
110,3,1,1,12.0197,3360.63,0,0,0
1968,3,1,1,12.0046,3279.59
1969,3,1,1,11.9923,3203.08
115,3,1,1,11.9898,3188.51
2113,3,1,1,11.985,3162.69
2133,3,1,1,11.8641,2480.93
366,3,1,1,11.8604,2454.3
2134,3,1,1,11.8488,2390.2
2136,3,1,1,11.8363,2322.55
393,3,1,1,11.8036,2155.53
392,3,1,1,11.7856,2054.99
400,3,1,1,11.7653,1948.22
411,3,1,1,11.751,1874.15
412,3,1,1,11.7485,1855.14
398,3,1,1,11.7351,1780.81
410,3,1,1,11.7348,1779.61
410,4,0,0,11.7022,1462.66,0.0726667,316.95,0.06,1
398,4,0,0,11.7019,1461.45
397,4,0,0,11.6893,1392.89
390,4,0,0,11.6698,1291.33
382,4,0,0,11.6525,1199.86
376,4,0,0,11.6345,1103.09
369,4,0,0,11.615,998.232
360,4,0,0,11.5927,878.986
361,4,0,0,11.5801,809.873
128,4,0,0,11.5196,481.115
126,4,0,0,11.5123,442.296
125,4,0,0,11.506,408.059
118,4,0,0,11.4731,231.019
1968,4,0,0,11.4453,81.9493
110,4,0,0,11.43,0
710,4,0,1,11.9946,3117.52,0.0443333,193.369,0.36,2
1543,4,0,1,11.9731,2997.25
715,4,0,1,11.9683,2952.99
714,4,0,1,11.9644,2928.98
726,4,0,1,11.9642,2927.1
529,4,0,1,11.9505,2827.61
605,4,0,1,11.9357,2731
603,4,0,1,11.9306,2703.02
604,4,0,1,11.9263,2679.88
596,4,0,1,11.9262,2678.91
580,4,0,1,11.9178,2620.63
574,4,0,1,11.9005,2527.39
573,4,0,1,11.8905,2471.49
564,4,0,1,11.8828,2430.34
557,4,0,1,11.8767,2396.35
561,4,0,1,11.87,2349.83
628,4,0,1,11.8655,2324.18
609,4,0,1,11.8528,2247.52
423,4,0,1,11.8469,2191.2
419,4,0,1,11.8422,2156.76
418,4,0,1,11.8269,2071.84
2139,4,0,1,11.823,2050.41
2138,4,0,1,11.8046,1948.97
411,4,0,1,11.791,1874.15
412,4,0,1,11.7885,1855.14
398,4,0,1,11.7751,1780.81
410,4,0,1,11.7748,1779.61
1402,4,0,2,12.4187,5338.74,0.085,370.744,0.2,3
1390,4,0,2,12.4086,5284.34
1382,4,0,2,12.3861,5167.23
1362,4,0,2,12.3668,5062.4
1361,4,0,2,12.3623,5037.88
1354,4,0,2,12.3623,5037.69
1355,4,0,2,12.3568,5007.65
2076,4,0,2,12.355,4998.54
1356,4,0,2,12.3462,4954.1
1357,4,0,2,12.3454,4950.38
1349,4,0,2,12.3321,4882.98
1348,4,0,2,12.3313,4878.64
1340,4,0,2,12.3308,4876.09
1339,4,0,2,12.3246,4844.97
1329,4,0,2,12.3122,4780.37
1158,4,0,2,12.2949,4694.54
2048,4,0,2,12.2746,4587.66
1131,4,0,2,12.2694,4560.43
1130,4,0,2,12.2636,4531.5
1129,4,0,2,12.2443,4440.71
1121,4,0,2,12.225,4340.78
1095,4,0,2,12.2169,4301.97
1093,4,0,2,12.2092,4261.25
1074,4,0,2,12.2026,4225.05
1077,4,0,2,12.1923,4170.99
1080,4,0,2,12.179,4104.54
1079,4,0,2,12.1714,4065.86
1061,4,0,2,12.1671,4044.57
1063,4,0,2,12.1637,4026.76
1062,4,0,2,12.1626,4019.69
2159,4,0,2,12.1625,4018.79
1045,4,0,2,12.1618,4015.64
1012,4,0,2,12.1545,3974.66
1014,4,0,2,12.1541,3972.45
989,4,0,2,12.1436,3916.59
990,4,0,2,12.1336,3866.33
704,4,0,2,12.1223,3808.59
2179,4,0,2,12.1221,3807.73
662,4,0,2,12.1159,3778.08
602,4,0,2,12.1049,3710.39
599,4,0,2,12.101,3688.16
605,4,0,2,12.0972,3664.41
529,4,0,2,12.0799,3564.4
726,4,0,2,12.0652,3464.31
714,4,0,2,12.065,3462.45
1543,4,0,2,12.0607,3432.49
710,4,0,2,12.0389,3310.88
1016,4,0,3,12.7691,7087.39,0.0438333,191.188,0.28,4
2029,4,0,3,12.7626,7054.38
1043,4,0,3,12.7625,7053.96
2158,4,0,3,12.7534,7009.82
2030,4,0,3,12.7494,6989.98
1041,4,0,3,12.7447,6964.99
1059,4,0,3,12.7365,6923.15
1058,4,0,3,12.7313,6897.09
1056,4,0,3,12.7249,6862.66
1072,4,0,3,12.7073,6771.76
1071,4,0,3,12.6991,6729.65
1090,4,0,3,12.6909,6685.01
1089,4,0,3,12.6842,6649.15
1119,4,0,3,12.6771,6609.92
1118,4,0,3,12.6703,6573.72
2044,4,0,3,12.6542,6490.47
2169,4,0,3,12.6477,6455.59
2171,4,0,3,12.6435,6433.46
2046,4,0,3,12.6373,6402.23
1778,4,0,3,12.6119,6273.72
1327,4,0,3,12.6006,6212.94
1343,4,0,3,12.6,6210.21
1355,4,0,3,12.5753,6079.39
1364,4,0,3,12.5752,6079.18
1362,4,0,3,12.565,6025.55
1382,4,0,3,12.5356,5877.96
1390,4,0,3,12.5147,5767.32
1402,4,0,3,12.5037,5709.48
501,4,0,4,13.0036,8204.08,0.0531667,231.897,0.2,5
1747,4,0,4,12.9969,8171.47
1746,4,0,4,12.9677,8026.97
1745,4,0,4,12.9568,7972.91
1844,4,0,4,12.9362,7872.68
575,4,0,4,12.9335,7856.62
571,4,0,4,12.9297,7836.65
570,4,0,4,12.9251,7814.32
569,4,0,4,12.9194,7786.73
640,4,0,4,12.9141,7759.71
649,4,0,4,12.9076,7728.37
646,4,0,4,12.9012,7697.49
691,4,0,4,12.8934,7660.73
689,4,0,4,12.8696,7549.84
979,4,0,4,12.8599,7505.8
980,4,0,4,12.8547,7479.73
978,4,0,4,12.8511,7461.24
1010,4,0,4,12.8354,7381.09
1016,4,0,4,12.8129,7278.58
110,4,0,5,13.3289,9896.75,0,0,0
1968,4,0,5,13.3139,9815.95
114,4,0,5,13.308,9780.76
1719,4,0,5,13.2727,9587.5
1718,4,0,5,13.2547,9488.96
129,4,0,5,13.2307,9355.21
134,4,0,5,13.2258,9326.7
133,4,0,5,13.2138,9261.86
138,4,0,5,13.1929,9157.28
184,4,0,5,13.1761,9066.89
440,4,0,5,13.1536,8950.51
451,4,0,5,13.1372,8865.09
1716,4,0,5,13.1348,8848.67
462,4,0,5,13.1276,8809.85
1990,4,0,5,13.1198,8756.81
463,4,0,5,13.1026,8666.78
474,4,0,5,13.0888,8593.78
2140,4,0,5,13.0806,8555.95
2141,4,0,5,13.0724,8510.97
473,4,0,5,13.0722,8510.21
502,4,0,5,13.0632,8466.31
501,4,0,5,13.0568,8435.98
501,5,0,0,13.5296,1510.92,0.0531667,231.897,0.2,1
502,5,0,0,13.5244,1485.38
473,5,0,0,13.5165,1446.3
2141,5,0,0,13.5163,1445.32
1750,5,0,0,13.512,1424.02
477,5,0,0,13.5075,1400.71
453,5,0,0,13.4785,1243.21
446,5,0,0,13.4702,1195.77
442,5,0,0,13.4585,1137.28
1857,5,0,0,13.4497,1091.26
441,5,0,0,13.4436,1062.09
185,5,0,0,13.4326,1004.16
177,5,0,0,13.4203,938.786
184,5,0,0,13.4003,829.279
138,5,0,0,13.3836,739.414
133,5,0,0,13.3697,664.29
134,5,0,0,13.3621,612.333
129,5,0,0,13.355,574.749
1718,5,0,0,13.3291,432.78
1720,5,0,0,13.322,394.625
1719,5,0,0,13.3093,321.152
114,5,0,0,13.2716,117.424
1968,5,0,0,13.2648,79.7523
110,5,0,0,13.25,0
1402,5,0,1,14.0138,3925.73,0.0816667,356.205,0.16,2
1390,5,0,1,14.0046,3875.67
1382,5,0,1,13.9744,3725.93
1362,5,0,1,13.9517,3606.92
1361,5,0,1,13.9467,3579.93
1354,5,0,1,13.9466,3579.74
1355,5,0,1,13.9341,3520.08
2076,5,0,1,13.9323,3510.96
1356,5,0,1,13.9239,3468.25
1357,5,0,1,13.9231,3464.53
1349,5,0,1,13.9096,3396.36
1348,5,0,1,13.909,3393.03
1340,5,0,1,13.9085,3390.49
1339,5,0,1,13.9032,3362.77
1329,5,0,1,13.8922,3304.43
1158,5,0,1,13.8772,3228.1
2048,5,0,1,13.8571,3122.06
1131,5,0,1,13.8515,3093.19
1130,5,0,1,13.8457,3064.26
1129,5,0,1,13.8305,2990.07
1121,5,0,1,13.8145,2904.14
1120,5,0,1,13.8105,2882.96
1094,5,0,1,13.8056,2857.02
1091,5,0,1,13.7955,2806.29
1092,5,0,1,13.7903,2780.39
1074,5,0,1,13.7845,2749.97
1073,5,0,1,13.7761,2705.29
1057,5,0,1,13.7563,2606.3
1042,5,0,1,13.751,2579.4
2030,5,0,1,13.7438,2541.56
1011,5,0,1,13.7435,2540.11
1547,5,0,1,13.7261,2457.47
1546,5,0,1,13.7207,2430.1
975,5,0,1,13.7173,2412.13
2026,5,0,1,13.7108,2377.86
2027,5,0,1,13.7057,2352.02
1998,5,0,1,13.6953,2299.32
1997,5,0,1,13.6867,2255.7
1996,5,0,1,13.6808,2227.41
1995,5,0,1,13.6726,2189.09
1993,5,0,1,13.6635,2145.41
1994,5,0,1,13.6592,2123.93
572,5,0,1,13.6522,2085.28
541,5,0,1,13.64,2024.92
540,5,0,1,13.6296,1971.28
1754,5,0,1,13.6212,1927.61
518,5,0,1,13.6133,1887.64
500,5,0,1,13.6083,1861.85
501,5,0,1,13.5828,1742.82
1016,5,0,2,14.3535,5634.95,0.0881667,384.556,0.22,3
2029,5,0,2,14.3491,5611.2
1043,5,0,2,14.349,5610.79
2158,5,0,2,14.3422,5576.01
2030,5,0,2,14.3383,5556.17
1041,5,0,2,14.3331,5529.59
1059,5,0,2,14.3243,5484.75
1058,5,0,2,14.3193,5459.5
1075,5,0,2,14.3017,5369.43
1072,5,0,2,14.2917,5317.99
1071,5,0,2,14.2815,5267.51
1090,5,0,2,14.2755,5230.29
1089,5,0,2,14.2694,5196.97
1119,5,0,2,14.2608,5151.08
1118,5,0,2,14.2546,5117.49
2044,5,0,2,14.2394,5037.93
2169,5,0,2,14.2314,4996.91
2171,5,0,2,14.2267,4972.76
1549,5,0,2,14.2189,4932.61
1147,5,0,2,14.2115,4894.22
1327,5,0,2,14.1831,4746.25
1343,5,0,2,14.1825,4743.51
1355,5,0,2,14.1557,4604.1
1364,5,0,2,14.1557,4603.89
1362,5,0,2,14.1459,4551.9
1382,5,0,2,14.1258,4444.08
1390,5,0,2,14.1043,4330.9
1402,5,0,2,14.0954,4281.94
110,5,0,3,14.8611,8225.21,0,0,0
111,5,0,3,14.8587,8209.33
1968,5,0,3,14.8493,8144.65
114,5,0,3,14.8437,8109.92
1719,5,0,3,14.8075,7912.3
1718,5,0,3,14.7876,7805.99
129,5,0,3,14.7636,7672.2
134,5,0,3,14.7579,7640.78
133,5,0,3,14.7472,7581.41
138,5,0,3,14.7263,7476.83
184,5,0,3,14.7097,7387.22
440,5,0,3,14.6893,7280
451,5,0,3,14.6728,7193.81
1716,5,0,3,14.6704,7177.38
462,5,0,3,14.6612,7130.31
1990,5,0,3,14.6542,7077.61
463,5,0,3,14.6355,6981.09
474,5,0,3,14.6201,6901.85
2140,5,0,3,14.6111,6860.52
475,5,0,3,14.6061,6836.29
499,5,0,3,14.5984,6796.7
500,5,0,3,14.5938,6773.29
518,5,0,3,14.5892,6749.19
1754,5,0,3,14.5855,6724.26
540,5,0,3,14.5773,6681.79
541,5,0,3,14.5655,6621.97
572,5,0,3,14.5559,6572.3
1994,5,0,3,14.5432,6509.9
1993,5,0,3,14.539,6488.41
1995,5,0,3,14.5263,6430.66
1996,5,0,3,14.5204,6401.48
1997,5,0,3,14.5165,6381.58
2027,5,0,3,14.4893,6251.36
2026,5,0,3,14.4835,6222.88
978,5,0,3,14.4762,6187.74
1010,5,0,3,14.4614,6110.97
1016,5,0,3,14.4416,6019.51
410,5,1,0,11.4022,1462.66,0.0726667,316.95,0.06,1
398,5,1,0,11.4019,1461.45
397,5,1,0,11.3893,1392.89
390,5,1,0,11.3698,1291.33
382,5,1,0,11.3525,1199.86
376,5,1,0,11.3345,1103.09
369,5,1,0,11.315,998.232
360,5,1,0,11.2927,878.986
361,5,1,0,11.2801,809.873
128,5,1,0,11.2196,481.115
126,5,1,0,11.2123,442.296
125,5,1,0,11.206,408.059
118,5,1,0,11.1731,231.019
1968,5,1,0,11.1453,81.9493
110,5,1,0,11.13,0
710,5,1,1,11.6946,3117.52,0.0443333,193.369,0.36,2
1543,5,1,1,11.6731,2997.25
715,5,1,1,11.6683,2952.99
714,5,1,1,11.6644,2928.98
726,5,1,1,11.6642,2927.1
529,5,1,1,11.6505,2827.61
605,5,1,1,11.6357,2731
603,5,1,1,11.6306,2703.02
604,5,1,1,11.6263,2679.88
596,5,1,1,11.6262,2678.91
580,5,1,1,11.6178,2620.63
574,5,1,1,11.6005,2527.39
573,5,1,1,11.5905,2471.49
564,5,1,1,11.5828,2430.34
557,5,1,1,11.5767,2396.35
561,5,1,1,11.57,2349.83
628,5,1,1,11.5655,2324.18
609,5,1,1,11.5528,2247.52
423,5,1,1,11.5469,2191.2
419,5,1,1,11.5422,2156.76
418,5,1,1,11.5269,2071.84
2139,5,1,1,11.523,2050.41
2138,5,1,1,11.5046,1948.97
411,5,1,1,11.491,1874.15
412,5,1,1,11.4885,1855.14
398,5,1,1,11.4751,1780.81
410,5,1,1,11.4748,1779.61
110,5,1,2,12.0454,5064.79,0,0,0
1968,5,1,2,12.0303,4983.75
114,5,1,2,12.0251,4949.43
1719,5,1,2,11.9821,4722.82
1718,5,1,2,11.9666,4635.77
129,5,1,2,11.9422,4499.9
134,5,1,2,11.9358,4465.51
133,5,1,2,11.923,4397.31
138,5,1,2,11.9021,4292.72
184,5,1,2,11.8829,4191.76
440,5,1,2,11.8662,4100.57
451,5,1,2,11.8474,4004.86
1716,5,1,2,11.845,3988.43
462,5,1,2,11.8346,3936.01
1990,5,1,2,11.8268,3882.98
452,5,1,2,11.8218,3850.54
453,5,1,2,11.8104,3763.36
455,5,1,2,11.798,3693.43
454,5,1,2,11.7952,3677.82
457,5,1,2,11.7885,3623.85
456,5,1,2,11.7833,3594.41
458,5,1,2,11.7739,3533.26
459,5,1,2,11.7679,3488.16
1543,5,1,2,11.7586,3425.93
710,5,1,2,11.7389,3310.88
501,6,0,0,13.5296,1510.92,0.0531667,231.897,0.2,1
502,6,0,0,13.5244,1485.38
473,6,0,0,13.5165,1446.3
2141,6,0,0,13.5163,1445.32
1750,6,0,0,13.512,1424.02
477,6,0,0,13.5075,1400.71
453,6,0,0,13.4785,1243.21
446,6,0,0,13.4702,1195.77
442,6,0,0,13.4585,1137.28
1857,6,0,0,13.4497,1091.26
441,6,0,0,13.4436,1062.09
185,6,0,0,13.4326,1004.16
177,6,0,0,13.4203,938.786
184,6,0,0,13.4003,829.279
138,6,0,0,13.3836,739.414
133,6,0,0,13.3697,664.29
134,6,0,0,13.3621,612.333
129,6,0,0,13.355,574.749
1718,6,0,0,13.3291,432.78
1720,6,0,0,13.322,394.625
1719,6,0,0,13.3093,321.152
114,6,0,0,13.2716,117.424
1968,6,0,0,13.2648,79.7523
110,6,0,0,13.25,0
1016,6,0,1,13.7472,2559.29,0.0561667,244.982,0.25,2
1010,6,0,1,13.7382,2511.64
2026,6,0,1,13.7108,2377.86
2027,6,0,1,13.7057,2352.02
1998,6,0,1,13.6953,2299.32
1997,6,0,1,13.6867,2255.7
1996,6,0,1,13.6808,2227.41
1995,6,0,1,13.6726,2189.09
1993,6,0,1,13.6635,2145.41
1994,6,0,1,13.6592,2123.93
572,6,0,1,13.6522,2085.28
541,6,0,1,13.64,2024.92
540,6,0,1,13.6296,1971.28
1754,6,0,1,13.6212,1927.61
518,6,0,1,13.6133,1887.64
500,6,0,1,13.6083,1861.85
501,6,0,1,13.5828,1742.82
1402,6,0,2,14.0681,4171.66,0.0816667,356.205,0.16,3
1390,6,0,2,14.059,4121.61
1382,6,0,2,14.0334,3991.55
1362,6,0,2,14.0129,3881.56
1361,6,0,2,14.0087,3858.38
1354,6,0,2,14.0087,3858.19
1355,6,0,2,14.0022,3823.7
2076,6,0,2,14.0004,3814.59
1356,6,0,2,13.9928,3775.24
1357,6,0,2,13.992,3771.52
1349,6,0,2,13.9793,3706.57
1348,6,0,2,13.9787,3703.13
1340,6,0,2,13.9782,3700.59
1339,6,0,2,13.9726,3671.86
1330,6,0,2,13.9518,3563.11
1161,6,0,2,13.9425,3515.2
1162,6,0,2,13.9325,3462.21
1136,6,0,2,13.9138,3364.01
1138,6,0,2,13.9071,3329.65
1137,6,0,2,13.9012,3298.54
1123,6,0,2,13.8875,3232.39
1775,6,0,2,13.8789,3188.4
1102,6,0,2,13.8632,3109.22
1100,6,0,2,13.849,3039.82
1101,6,0,2,13.838,2983.18
1082,6,0,2,13.8296,2941.21
1079,6,0,2,13.8205,2894.19
1061,6,0,2,13.8162,2872.91
1063,6,0,2,13.813,2856.07
1062,6,0,2,13.812,2849.03
2159,6,0,2,13.8118,2848.04
1045,6,0,2,13.8111,2844.89
1043,6,0,2,13.8078,2828.21
2029,6,0,2,13.8077,2827.8
1016,6,0,2,13.8034,2804.27
110,6,0,3,14.7846,7948.32,0,0,0
1968,6,0,3,14.767,7856.71
1969,6,0,3,14.7545,7779.85
115,6,0,3,14.752,7765.39
2113,6,0,3,14.7465,7736.2
2133,6,0,3,14.6128,6998.83
366,6,0,3,14.6088,6972.03
2134,6,0,3,14.5996,6914.26
2136,6,0,3,14.5888,6854.11
393,6,0,3,14.5588,6698.35
401,6,0,3,14.5461,6628.9
1739,6,0,3,14.5362,6575.04
1742,6,0,3,14.5297,6540.56
1741,6,0,3,14.5233,6506.07
418,6,0,3,14.5158,6466.55
417,6,0,3,14.513,6450.86
1989,6,0,3,14.495,6358.28
2011,6,0,3,14.4749,6255.21
2156,6,0,3,14.4694,6226.77
2013,6,0,3,14.4687,6223.62
886,6,0,3,14.4577,6169
888,6,0,3,14.4409,6075.87
903,6,0,3,14.4298,6017.61
904,6,0,3,14.4263,5998.75
925,6,0,3,14.4062,5885.54
2019,6,0,3,14.4005,5857.25
929,6,0,3,14.4001,5855.27
938,6,0,3,14.3885,5791
950,6,0,3,14.3736,5714.34
951,6,0,3,14.3627,5662.71
949,6,0,3,14.3504,5600.46
1302,6,0,3,14.3254,5468.03
1307,6,0,3,14.3117,5390.6
1308,6,0,3,14.3005,5331.03
1309,6,0,3,14.2822,5237.67
1314,6,0,3,14.2816,5234.8
2165,6,0,3,14.2661,5151.36
2071,6,0,3,14.2453,5040.21
1317,6,0,3,14.2333,4972.8
2072,6,0,3,14.2143,4870.1
1323,6,0,3,14.1983,4786.41
1388,6,0,3,14.1976,4782.63
1389,6,0,3,14.1889,4734.73
1390,6,0,3,14.1586,4576.84
1402,6,0,3,14.1498,4527.87
410,6,1,0,11.5022,1462.66,0.0726667,316.95,0.06,1
398,6,1,0,11.5019,1461.45
397,6,1,0,11.4893,1392.89
390,6,1,0,11.4698,1291.33
382,6,1,0,11.4525,1199.86
376,6,1,0,11.4345,1103.09
369,6,1,0,11.415,998.232
360,6,1,0,11.3927,878.986
361,6,1,0,11.3801,809.873
128,6,1,0,11.3196,481.115
126,6,1,0,11.3123,442.296
125,6,1,0,11.306,408.059
118,6,1,0,11.2731,231.019
1968,6,1,0,11.2453,81.9493
110,6,1,0,11.23,0
710,6,1,1,11.7946,3117.52,0.0443333,193.369,0.36,2
1543,6,1,1,11.7731,2997.25
715,6,1,1,11.7683,2952.99
714,6,1,1,11.7644,2928.98
726,6,1,1,11.7642,2927.1
529,6,1,1,11.7505,2827.61
605,6,1,1,11.7357,2731
603,6,1,1,11.7306,2703.02
604,6,1,1,11.7263,2679.88
596,6,1,1,11.7262,2678.91
580,6,1,1,11.7178,2620.63
574,6,1,1,11.7005,2527.39
573,6,1,1,11.6905,2471.49
564,6,1,1,11.6828,2430.34
557,6,1,1,11.6767,2396.35
561,6,1,1,11.67,2349.83
628,6,1,1,11.6655,2324.18
609,6,1,1,11.6528,2247.52
423,6,1,1,11.6469,2191.2
419,6,1,1,11.6422,2156.76
418,6,1,1,11.6269,2071.84
2139,6,1,1,11.623,2050.41
2138,6,1,1,11.6046,1948.97
411,6,1,1,11.591,1874.15
412,6,1,1,11.5885,1855.14
398,6,1,1,11.5751,1780.81
410,6,1,1,11.5748,1779.61
110,6,1,2,12.1454,5064.79,0,0,0
1968,6,1,2,12.1303,4983.75
114,6,1,2,12.1251,4949.43
1719,6,1,2,12.0821,4722.82
1718,6,1,2,12.0666,4635.77
129,6,1,2,12.0422,4499.9
134,6,1,2,12.0358,4465.51
133,6,1,2,12.023,4397.31
138,6,1,2,12.0021,4292.72
184,6,1,2,11.9829,4191.76
440,6,1,2,11.9662,4100.57
451,6,1,2,11.9474,4004.86
1716,6,1,2,11.945,3988.43
462,6,1,2,11.9346,3936.01
1990,6,1,2,11.9268,3882.98
452,6,1,2,11.9218,3850.54
453,6,1,2,11.9104,3763.36
455,6,1,2,11.898,3693.43
454,6,1,2,11.8952,3677.82
457,6,1,2,11.8885,3623.85
456,6,1,2,11.8833,3594.41
458,6,1,2,11.8739,3533.26
459,6,1,2,11.8679,3488.16
1543,6,1,2,11.8586,3425.93
710,6,1,2,11.8389,3310.88
410,7,0,0,13.4243,1471.19,0.074,322.766,0.11,1
398,7,0,0,13.424,1469.98
397,7,0,0,13.4132,1408.71
390,7,0,0,13.3933,1305.9
382,7,0,0,13.3769,1218.33
376,7,0,0,13.3599,1125.74
369,7,0,0,13.3401,1019.33
360,7,0,0,13.3191,906.015
361,7,0,0,13.3046,828.632
128,7,0,0,13.2495,523.193
126,7,0,0,13.241,479.066
125,7,0,0,13.2318,432.83
118,7,0,0,13.197,247.521
1968,7,0,0,13.1648,79.7523
110,7,0,0,13.15,0
1016,7,0,1,13.7127,2978.6,0.0561667,244.982,0.25,2
1010,7,0,1,13.7036,2930.95
2026,7,0,1,13.6762,2797.16
2027,7,0,1,13.6711,2771.32
1998,7,0,1,13.6607,2718.62
1997,7,0,1,13.6521,2675.01
1996,7,0,1,13.6462,2646.71
1995,7,0,1,13.638,2608.39
1993,7,0,1,13.6289,2564.72
1994,7,0,1,13.6246,2543.23
562,7,0,1,13.6151,2494.18
563,7,0,1,13.6114,2475.26
564,7,0,1,13.6057,2444.42
557,7,0,1,13.5998,2411.34
561,7,0,1,13.5931,2364.8
628,7,0,1,13.5888,2339.43
609,7,0,1,13.5766,2263.63
423,7,0,1,13.5707,2207.31
419,7,0,1,13.5654,2172.47
418,7,0,1,13.5471,2074.91
2139,7,0,1,13.5438,2055.44
2138,7,0,1,13.5274,1962.7
411,7,0,1,13.5151,1893.38
412,7,0,1,13.513,1873.87
398,7,0,1,13.4986,1795.16
410,7,0,1,13.4983,1793.95
1402,7,0,2,14.0335,4590.97,0.0816667,356.205,0.16,3
1390,7,0,2,14.0244,4540.91
1382,7,0,2,13.9989,4410.86
1362,7,0,2,13.9783,4300.86
1361,7,0,2,13.9741,4277.69
1354,7,0,2,13.9741,4277.5
1355,7,0,2,13.9676,4243
2076,7,0,2,13.9658,4233.89
1356,7,0,2,13.9582,4194.54
1357,7,0,2,13.9574,4190.82
1349,7,0,2,13.9447,4125.87
1348,7,0,2,13.9441,4122.44
1340,7,0,2,13.9436,4119.9
1339,7,0,2,13.938,4091.16
1330,7,0,2,13.9173,3982.42
1161,7,0,2,13.9079,3934.51
1162,7,0,2,13.8979,3881.51
1136,7,0,2,13.8792,3783.31
1138,7,0,2,13.8725,3748.95
1137,7,0,2,13.8666,3717.85
1123,7,0,2,13.8529,3651.7
1775,7,0,2,13.8443,3607.71
1102,7,0,2,13.8286,3528.52
1100,7,0,2,13.8144,3459.13
1101,7,0,2,13.8034,3402.48
1082,7,0,2,13.795,3360.52
1079,7,0,2,13.7859,3313.5
1061,7,0,2,13.7816,3292.21
1063,7,0,2,13.7784,3275.37
1062,7,0,2,13.7774,3268.33
2159,7,0,2,13.7772,3267.35
1045,7,0,2,13.7765,3264.2
1043,7,0,2,13.7732,3247.52
2029,7,0,2,13.7731,3247.1
1016,7,0,2,13.7688,3223.58
501,7,0,3,14.5355,7106.11,0.107,466.702,0.18,4
1747,7,0,3,14.5295,7076.89
1746,7,0,3,14.5009,6934.48
540,7,0,3,14.4839,6848.54
541,7,0,3,14.4714,6786.03
572,7,0,3,14.4609,6732.79
567,7,0,3,14.4508,6679.38
565,7,0,3,14.4486,6665.89
562,7,0,3,14.4419,6631.38
639,7,0,3,14.4385,6613.94
638,7,0,3,14.4328,6584.27
637,7,0,3,14.4278,6559.24
685,7,0,3,14.4168,6505.46
687,7,0,3,14.4116,6479.43
971,7,0,3,14.3969,6410.53
972,7,0,3,14.3896,6374.32
973,7,0,3,14.3749,6305.19
1008,7,0,3,14.3652,6257.09
1009,7,0,3,14.353,6195.51
1041,7,0,3,14.3529,6194.82
1059,7,0,3,14.344,6149.99
1058,7,0,3,14.339,6124.74
1075,7,0,3,14.3215,6034.67
1072,7,0,3,14.3115,5983.22
1071,7,0,3,14.3013,5932.75
1090,7,0,3,14.2952,5895.53
1089,7,0,3,14.2891,5862.2
1119,7,0,3,14.2805,5816.31
1118,7,0,3,14.2743,5782.73
2044,7,0,3,14.2591,5703.16
2169,7,0,3,14.2511,5662.14
2171,7,0,3,14.2464,5637.99
1549,7,0,3,14.2387,5597.84
1147,7,0,3,14.2312,5559.46
1327,7,0,3,14.2028,5411.48
1343,7,0,3,14.2022,5408.75
1355,7,0,3,14.1755,5269.33
1364,7,0,3,14.1754,5269.12
1362,7,0,3,14.1656,5217.14
1382,7,0,3,14.1456,5109.31
1390,7,0,3,14.1241,4996.14
1402,7,0,3,14.1152,4947.17
110,7,0,4,14.9162,9062.01,0,0,0
111,7,0,4,14.9138,9046.13
1968,7,0,4,14.9044,8981.46
114,7,0,4,14.8988,8946.72
1719,7,0,4,14.8608,8741.69
1720,7,0,4,14.8458,8659.22
1718,7,0,4,14.84,8626.67
129,7,0,4,14.8148,8487.6
134,7,0,4,14.8088,8454.63
133,7,0,4,14.7964,8388.1
138,7,0,4,14.7755,8283.52
184,7,0,4,14.7592,8194.98
440,7,0,4,14.7433,8107.36
451,7,0,4,14.7268,8021.16
1716,7,0,4,14.7244,8004.74
462,7,0,4,14.7152,7957.67
1990,7,0,4,14.7082,7904.97
463,7,0,4,14.6895,7808.45
474,7,0,4,14.6741,7729.21
2140,7,0,4,14.6651,7687.88
2141,7,0,4,14.6573,7644.68
473,7,0,4,14.657,7643.39
502,7,0,4,14.648,7599.49
501,7,0,4,14.6425,7572.81
710,7,1,0,11.8584,1682.36,0.0443333,193.369,0.36,1
1543,7,1,0,11.8333,1546.36
459,7,1,0,11.8234,1483.42
458,7,1,0,11.8164,1437.75
456,7,1,0,11.8072,1376.86
457,7,1,0,11.8018,1346.64
454,7,1,0,11.7942,1292.68
455,7,1,0,11.7918,1278.37
453,7,1,0,11.7826,1212.8
446,7,1,0,11.774,1164.09
442,7,1,0,11.7658,1120.37
1857,7,1,0,11.7574,1076.3
441,7,1,0,11.7525,1051.98
185,7,1,0,11.7415,993.794
177,7,1,0,11.7289,927.553
184,7,1,0,11.7085,816.223
138,7,1,0,11.6928,730.3
133,7,1,0,11.6785,653.53
134,7,1,0,11.6709,601.574
129,7,1,0,11.6633,561.93
1718,7,1,0,11.6369,417.674
1719,7,1,0,11.6202,325.295
114,7,1,0,11.5823,120.486
1968,7,1,0,11.5753,81.9493
110,7,1,0,11.56,0
110,7,1,1,12.2092,3629.63,0,0,0
1968,7,1,1,12.1941,3548.6
114,7,1,1,12.1889,3514.27
1719,7,1,1,12.1459,3287.66
1718,7,1,1,12.1305,3200.61
129,7,1,1,12.106,3064.75
134,7,1,1,12.0996,3030.36
133,7,1,1,12.0868,2962.15
138,7,1,1,12.066,2857.57
184,7,1,1,12.0467,2756.61
440,7,1,1,12.0301,2665.42
451,7,1,1,12.0113,2569.71
1716,7,1,1,12.0089,2553.28
462,7,1,1,11.9985,2500.86
1990,7,1,1,11.9906,2447.83
452,7,1,1,11.9856,2415.39
453,7,1,1,11.9743,2328.21
455,7,1,1,11.9619,2258.28
454,7,1,1,11.959,2242.66
457,7,1,1,11.9523,2188.7
456,7,1,1,11.9472,2159.26
458,7,1,1,11.9377,2098.11
459,7,1,1,11.9318,2053.01
1543,7,1,1,11.9225,1990.78
710,7,1,1,11.9028,1875.73
410,8,0,0,13.4243,1471.19,0.074,322.766,0.11,1
398,8,0,0,13.424,1469.98
397,8,0,0,13.4132,1408.71
390,8,0,0,13.3933,1305.9
382,8,0,0,13.3769,1218.33
376,8,0,0,13.3599,1125.74
369,8,0,0,13.3401,1019.33
360,8,0,0,13.3191,906.015
361,8,0,0,13.3046,828.632
128,8,0,0,13.2495,523.193
126,8,0,0,13.241,479.066
125,8,0,0,13.2318,432.83
118,8,0,0,13.197,247.521
1968,8,0,0,13.1648,79.7523
110,8,0,0,13.15,0
1402,8,0,1,13.9249,4038.37,0.1085,473.244,0.18,2
1390,8,0,1,13.9157,3988.31
1389,8,0,1,13.8895,3847.36
1388,8,0,1,13.8694,3752.17
1323,8,0,1,13.8687,3748.39
2072,8,0,1,13.8445,3630.82
1317,8,0,1,13.8247,3524.14
2071,8,0,1,13.814,3460.08
2165,8,0,1,13.7917,3342.68
1314,8,0,1,13.7749,3253.68
2163,8,0,1,13.7602,3173.84
2023,8,0,1,13.7318,3022.47
1787,8,0,1,13.7237,2981.18
1788,8,0,1,13.7229,2977.48
943,8,0,1,13.707,2896.83
934,8,0,1,13.6982,2848.99
933,8,0,1,13.6879,2795.06
936,8,0,1,13.6873,2792.12
1737,8,0,1,13.6758,2728.89
917,8,0,1,13.659,2645.65
916,8,0,1,13.6589,2644.75
906,8,0,1,13.633,2511.66
889,8,0,1,13.6208,2449.74
890,8,0,1,13.6113,2401.78
2013,8,0,1,13.5883,2283.62
1988,8,0,1,13.5693,2183.84
416,8,0,1,13.5478,2077.27
2139,8,0,1,13.5438,2055.44
2138,8,0,1,13.5274,1962.7
411,8,0,1,13.5151,1893.38
412,8,0,1,13.513,1873.87
398,8,0,1,13.4986,1795.16
410,8,0,1,13.4983,1793.95
1016,8,0,2,14.2914,5864.63,0.0881667,384.556,0.22,3
2029,8,0,2,14.287,5840.88
1043,8,0,2,14.287,5840.46
2158,8,0,2,14.2801,5805.68
2030,8,0,2,14.2762,5785.85
1041,8,0,2,14.271,5759.26
1059,8,0,2,14.2622,5714.43
1058,8,0,2,14.2572,5689.18
1075,8,0,2,14.2397,5599.11
1072,8,0,2,14.2296,5547.66
1071,8,0,2,14.2195,5497.19
1090,8,0,2,14.2134,5459.97
1089,8,0,2,14.2073,5426.64
1119,8,0,2,14.1987,5380.76
1118,8,0,2,14.1925,5347.17
2044,8,0,2,14.1773,5267.61
2169,8,0,2,14.1693,5226.59
2171,8,0,2,14.1646,5202.43
1549,8,0,2,14.1568,5162.28
1147,8,0,2,14.1494,5123.9
1327,8,0,2,14.121,4975.93
1343,8,0,2,14.1204,4973.19
1355,8,0,2,14.0936,4833.77
1364,8,0,2,14.0936,4833.56
1362,8,0,2,14.0838,4781.58
1382,8,0,2,14.0637,4673.75
1390,8,0,2,14.0422,4560.58
1402,8,0,2,14.0334,4511.62
501,8,0,3,14.5691,7170.87,0.107,466.702,0.18,4
1747,8,0,3,14.5594,7126.57
1746,8,0,3,14.5315,6987.23
1745,8,0,3,14.5184,6923.94
1844,8,0,3,14.5005,6834.69
575,8,0,3,14.4981,6819.18
571,8,0,3,14.4952,6803.06
570,8,0,3,14.4904,6779.79
569,8,0,3,14.4853,6754.47
640,8,0,3,14.4771,6715.56
649,8,0,3,14.4678,6673.02
646,8,0,3,14.46,6636.51
691,8,0,3,14.4541,6607.6
689,8,0,3,14.432,6503.61
979,8,0,3,14.4235,6464.01
980,8,0,3,14.4177,6435.6
978,8,0,3,14.4141,6417.41
1010,8,0,3,14.3993,6340.65
1016,8,0,3,14.3796,6249.19
110,8,0,4,14.9498,9126.78,0,0,0
111,8,0,4,14.9474,9110.9
1968,8,0,4,14.938,9046.21
114,8,0,4,14.9325,9011.48
1719,8,0,4,14.8945,8806.45
1720,8,0,4,14.8794,8723.98
1718,8,0,4,14.8736,8691.43
129,8,0,4,14.8484,8552.36
134,8,0,4,14.8424,8519.39
133,8,0,4,14.83,8452.87
138,8,0,4,14.8091,8348.28
184,8,0,4,14.7928,8259.74
440,8,0,4,14.777,8172.12
451,8,0,4,14.7604,8085.93
1716,8,0,4,14.758,8069.5
462,8,0,4,14.7489,8022.43
1990,8,0,4,14.7418,7969.73
463,8,0,4,14.7231,7873.21
474,8,0,4,14.7078,7793.97
2140,8,0,4,14.6987,7752.64
2141,8,0,4,14.6909,7709.44
473,8,0,4,14.6907,7708.15
502,8,0,4,14.6816,7664.25
501,8,0,4,14.6761,7637.58
710,8,1,0,11.8584,1682.36,0.0443333,193.369,0.36,1
1543,8,1,0,11.8333,1546.36
459,8,1,0,11.8234,1483.42
458,8,1,0,11.8164,1437.75
456,8,1,0,11.8072,1376.86
457,8,1,0,11.8018,1346.64
454,8,1,0,11.7942,1292.68
455,8,1,0,11.7918,1278.37
453,8,1,0,11.7826,1212.8
446,8,1,0,11.774,1164.09
442,8,1,0,11.7658,1120.37
1857,8,1,0,11.7574,1076.3
441,8,1,0,11.7525,1051.98
185,8,1,0,11.7415,993.794
177,8,1,0,11.7289,927.553
184,8,1,0,11.7085,816.223
138,8,1,0,11.6928,730.3
133,8,1,0,11.6785,653.53
134,8,1,0,11.6709,601.574
129,8,1,0,11.6633,561.93
1718,8,1,0,11.6369,417.674
1719,8,1,0,11.6202,325.295
114,8,1,0,11.5823,120.486
1968,8,1,0,11.5753,81.9493
110,8,1,0,11.56,0
110,8,1,1,12.2092,3629.63,0,0,0
1968,8,1,1,12.1941,3548.6
114,8,1,1,12.1889,3514.27
1719,8,1,1,12.1459,3287.66
1718,8,1,1,12.1305,3200.61
129,8,1,1,12.106,3064.75
134,8,1,1,12.0996,3030.36
133,8,1,1,12.0868,2962.15
138,8,1,1,12.066,2857.57
184,8,1,1,12.0467,2756.61
440,8,1,1,12.0301,2665.42
451,8,1,1,12.0113,2569.71
1716,8,1,1,12.0089,2553.28
462,8,1,1,11.9985,2500.86
1990,8,1,1,11.9906,2447.83
452,8,1,1,11.9856,2415.39
453,8,1,1,11.9743,2328.21
455,8,1,1,11.9619,2258.28
454,8,1,1,11.959,2242.66
457,8,1,1,11.9523,2188.7
456,8,1,1,11.9472,2159.26
458,8,1,1,11.9377,2098.11
459,8,1,1,11.9318,2053.01
1543,8,1,1,11.9225,1990.78
710,8,1,1,11.9028,1875.73
