Nodo,Individuo,Ruta,Segmento,Tiempo viaje,Costo viaje,Tiempo atencion,Costo atencion,Tasa fallo,Demanda
410,0,0,0,11.9722,1462.66,0.0726667,316.95,0.06,1
398,0,0,0,11.9719,1461.45
397,0,0,0,11.9593,1392.89
390,0,0,0,11.9398,1291.33
382,0,0,0,11.9225,1199.86
376,0,0,0,11.9045,1103.09
369,0,0,0,11.885,998.232
360,0,0,0,11.8627,878.986
361,0,0,0,11.8501,809.873
128,0,0,0,11.7896,481.115
126,0,0,0,11.7823,442.296
125,0,0,0,11.776,408.059
118,0,0,0,11.7431,231.019
1968,0,0,0,11.7153,81.9493
110,0,0,0,11.7,0
1402,0,0,1,12.4552,3950.11,0.085,370.744,0.2,2
1390,0,0,1,12.445,3895.71
1382,0,0,1,12.4226,3778.6
1362,0,0,1,12.4032,3673.78
1361,0,0,1,12.3987,3649.26
1354,0,0,1,12.3987,3649.07
2188,0,0,1,12.3923,3615.31
2075,0,0,1,12.3713,3507.36
1822,0,0,1,12.3705,3503.36
1353,0,0,1,12.3615,3457.62
2118,0,0,1,12.34,3341.45
2117,0,0,1,12.3375,3316.82
2164,0,0,1,12.3202,3203.67
1307,0,0,1,12.3036,3116.68
1302,0,0,1,12.287,3026.44
949,0,0,1,12.2642,2903.64
2025,0,0,1,12.2608,2886.18
1598,0,0,1,12.2574,2867.22
948,0,0,1,12.2506,2832.53
928,0,0,1,12.239,2769.48
923,0,0,1,12.2027,2588.73
924,0,0,1,12.1944,2549.42
914,0,0,1,12.174,2442.33
902,0,0,1,12.1678,2407.32
887,0,0,1,12.1511,2322.03
2012,0,0,1,12.1336,2230.38
884,0,0,1,12.1292,2207.45
1987,0,0,1,12.0917,2017.46
413,0,0,1,12.0724,1919.77
414,0,0,1,12.0671,1892.12
410,0,0,1,12.0448,1779.61
1016,0,0,2,12.8055,5698.77,0.0438333,191.188,0.28,3
2029,0,0,2,12.799,5665.75
1043,0,0,2,12.7989,5665.34
2158,0,0,2,12.7898,5621.19
2030,0,0,2,12.7859,5601.35
1041,0,0,2,12.7811,5576.37
1059,0,0,2,12.773,5534.52
1058,0,0,2,12.7678,5508.47
1056,0,0,2,12.7613,5474.03
1072,0,0,2,12.7437,5383.13
1071,0,0,2,12.7355,5341.02
1090,0,0,2,12.7273,5296.38
1089,0,0,2,12.7206,5260.53
1119,0,0,2,12.7136,5221.29
1118,0,0,2,12.7068,5185.09
2044,0,0,2,12.6907,5101.85
2169,0,0,2,12.6841,5066.97
2171,0,0,2,12.6799,5044.83
2046,0,0,2,12.6737,5013.6
1778,0,0,2,12.6483,4885.09
1327,0,0,2,12.6371,4824.32
1343,0,0,2,12.6365,4821.58
1355,0,0,2,12.6117,4690.77
1364,0,0,2,12.6117,4690.56
1362,0,0,2,12.6015,4636.93
1382,0,0,2,12.572,4489.33
1390,0,0,2,12.5511,4378.7
1402,0,0,2,12.5402,4320.85
710,0,0,3,13.0117,6815.76,0.0466667,203.546,0.45,4
1543,0,0,3,12.9893,6691.56
715,0,0,3,12.9845,6647.41
714,0,0,3,12.9805,6623.26
726,0,0,3,12.9803,6621.4
529,0,0,3,12.9662,6521.75
605,0,0,3,12.9513,6425.08
603,0,0,3,12.945,6392.01
2202,0,0,3,12.9416,6371.22
602,0,0,3,12.9372,6345.93
1851,0,0,3,12.9264,6275.39
1852,0,0,3,12.9215,6251.31
706,0,0,3,12.9083,6186.8
991,0,0,3,12.8965,6126.72
2028,0,0,3,12.8858,6074.05
1012,0,0,3,12.8723,6005.34
1045,0,0,3,12.8568,5929.59
1043,0,0,3,12.8537,5913.73
2029,0,0,3,12.8536,5913.32
1016,0,0,3,12.8494,5889.95
501,0,0,4,13.1807,7687.73,0.0531667,231.897,0.2,5
1747,0,0,4,13.1748,7658.71
505,0,0,4,13.1683,7627.22
506,0,0,4,13.1541,7559.45
507,0,0,4,13.1472,7526.06
510,0,0,4,13.1384,7483.31
509,0,0,4,13.1345,7463.11
508,0,0,4,13.1291,7434.34
512,0,0,4,13.1209,7393.3
511,0,0,4,13.1177,7376.55
2145,0,0,4,13.117,7373.34
2146,0,0,4,13.1059,7311.58
529,0,0,4,13.102,7275.53
726,0,0,4,13.0859,7173.99
714,0,0,4,13.0857,7172.11
1543,0,0,4,13.0799,7139.68
710,0,0,4,13.0584,7019.31
110,0,0,5,13.506,9380.4,0,0,0
1968,0,0,5,13.4909,9299.59
114,0,0,5,13.4851,9264.41
1719,0,0,5,13.4498,9071.14
1718,0,0,5,13.4317,8972.6
129,0,0,5,13.4078,8838.85
134,0,0,5,13.4028,8810.34
133,0,0,5,13.3908,8745.51
138,0,0,5,13.37,8640.92
184,0,0,5,13.3532,8550.54
440,0,0,5,13.3306,8434.16
451,0,0,5,13.3143,8348.74
1716,0,0,5,13.3119,8332.31
462,0,0,5,13.3047,8293.49
1990,0,0,5,13.2969,8240.45
463,0,0,5,13.2797,8150.42
474,0,0,5,13.2658,8077.43
2140,0,0,5,13.2577,8039.59
2141,0,0,5,13.2495,7994.61
473,0,0,5,13.2493,7993.85
502,0,0,5,13.2403,7949.95
501,0,0,5,13.2338,7919.63
410,1,0,0,11.5122,1462.66,0.0726667,316.95,0.06,1
398,1,0,0,11.5119,1461.45
397,1,0,0,11.4993,1392.89
390,1,0,0,11.4798,1291.33
382,1,0,0,11.4625,1199.86
376,1,0,0,11.4445,1103.09
369,1,0,0,11.425,998.232
360,1,0,0,11.4027,878.986
361,1,0,0,11.3901,809.873
128,1,0,0,11.3296,481.115
126,1,0,0,11.3223,442.296
125,1,0,0,11.316,408.059
118,1,0,0,11.2831,231.019
1968,1,0,0,11.2553,81.9493
110,1,0,0,11.24,0
710,1,0,1,11.8046,3117.52,0.0443333,193.369,0.36,2
1543,1,0,1,11.7831,2997.25
715,1,0,1,11.7783,2952.99
714,1,0,1,11.7744,2928.98
726,1,0,1,11.7742,2927.1
529,1,0,1,11.7605,2827.61
605,1,0,1,11.7457,2731
603,1,0,1,11.7406,2703.02
604,1,0,1,11.7363,2679.88
596,1,0,1,11.7362,2678.91
580,1,0,1,11.7278,2620.63
574,1,0,1,11.7105,2527.39
573,1,0,1,11.7005,2471.49
564,1,0,1,11.6928,2430.34
557,1,0,1,11.6867,2396.35
561,1,0,1,11.68,2349.83
628,1,0,1,11.6755,2324.18
609,1,0,1,11.6628,2247.52
423,1,0,1,11.6569,2191.2
419,1,0,1,11.6522,2156.76
418,1,0,1,11.6369,2071.84
2139,1,0,1,11.633,2050.41
2138,1,0,1,11.6146,1948.97
411,1,0,1,11.601,1874.15
412,1,0,1,11.5985,1855.14
398,1,0,1,11.5851,1780.81
410,1,0,1,11.5848,1779.61
110,1,0,2,12.1554,5064.79,0,0,0
1968,1,0,2,12.1403,4983.75
114,1,0,2,12.1351,4949.43
1719,1,0,2,12.0921,4722.82
1718,1,0,2,12.0766,4635.77
129,1,0,2,12.0522,4499.9
134,1,0,2,12.0458,4465.51
133,1,0,2,12.033,4397.31
138,1,0,2,12.0121,4292.72
184,1,0,2,11.9929,4191.76
440,1,0,2,11.9762,4100.57
451,1,0,2,11.9574,4004.86
1716,1,0,2,11.955,3988.43
462,1,0,2,11.9446,3936.01
1990,1,0,2,11.9368,3882.98
452,1,0,2,11.9318,3850.54
453,1,0,2,11.9204,3763.36
455,1,0,2,11.908,3693.43
454,1,0,2,11.9052,3677.82
457,1,0,2,11.8985,3623.85
456,1,0,2,11.8933,3594.41
458,1,0,2,11.8839,3533.26
459,1,0,2,11.8779,3488.16
1543,1,0,2,11.8686,3425.93
710,1,0,2,11.8489,3310.88
1402,1,1,0,14.1034,3372.79,0.0816667,356.205,0.16,1
1390,1,1,0,14.0941,3321.76
1389,1,1,0,14.0655,3170.7
1388,1,1,0,14.0567,3122.71
1370,1,1,0,14.0198,2928.06
1359,1,1,0,14.0189,2923.6
2071,1,1,0,14.0023,2830.9
2165,1,1,0,13.9804,2715.19
1314,1,1,0,13.9631,2623.77
2163,1,1,0,13.9483,2543.94
2023,1,1,0,13.9217,2399.84
1787,1,1,0,13.9136,2358.52
2020,1,1,0,13.8947,2264.44
935,1,1,0,13.8849,2212.99
934,1,1,0,13.8844,2210.39
933,1,1,0,13.8727,2150.9
936,1,1,0,13.8722,2147.96
1737,1,1,0,13.8607,2085.09
917,1,1,0,13.8475,2016.59
916,1,1,0,13.8473,2015.68
906,1,1,0,13.8235,1891.34
889,1,1,0,13.8122,1832.97
890,1,1,0,13.8055,1797.06
2013,1,1,0,13.786,1693.84
1988,1,1,0,13.7684,1599.98
417,1,1,0,13.7479,1495.37
418,1,1,0,13.7439,1474.43
1741,1,1,0,13.7382,1442.44
1740,1,1,0,13.7344,1421.91
1739,1,1,0,13.7297,1395.5
401,1,1,0,13.7191,1338.14
393,1,1,0,13.7059,1266.67
2136,1,1,0,13.6831,1141.76
2134,1,1,0,13.6718,1079.42
360,1,1,0,13.6391,906.015
361,1,1,0,13.6246,828.632
128,1,1,0,13.5695,523.193
126,1,1,0,13.561,479.066
125,1,1,0,13.5518,432.83
118,1,1,0,13.517,247.521
1968,1,1,0,13.4848,79.7523
110,1,1,0,13.47,0
1016,1,1,1,14.4432,5082,0.0881667,384.556,0.22,2
2029,1,1,1,14.4388,5058.25
1043,1,1,1,14.4387,5057.84
2158,1,1,1,14.4319,5023.06
2030,1,1,1,14.4279,5003.22
1041,1,1,1,14.4228,4976.64
1059,1,1,1,14.4139,4931.8
1058,1,1,1,14.4089,4906.55
1075,1,1,1,14.3914,4816.48
1072,1,1,1,14.3814,4765.04
1071,1,1,1,14.3712,4714.56
1090,1,1,1,14.3651,4677.34
1089,1,1,1,14.359,4644.02
1119,1,1,1,14.3504,4598.13
1118,1,1,1,14.3443,4564.54
2044,1,1,1,14.329,4484.98
2169,1,1,1,14.321,4443.96
2171,1,1,1,14.3164,4419.81
1549,1,1,1,14.3086,4379.66
1147,1,1,1,14.3011,4341.27
1327,1,1,1,14.2728,4193.3
1343,1,1,1,14.2722,4190.57
1355,1,1,1,14.2454,4051.15
1364,1,1,1,14.2453,4050.94
1362,1,1,1,14.2355,3998.96
1382,1,1,1,14.2155,3891.13
1390,1,1,1,14.194,3777.96
1402,1,1,1,14.1851,3728.99
110,1,1,2,14.9507,7672.26,0,0,0
111,1,1,2,14.9484,7656.38
1968,1,1,2,14.9389,7591.7
114,1,1,2,14.9334,7556.97
1719,1,1,2,14.8972,7359.36
1718,1,1,2,14.8773,7253.04
129,1,1,2,14.8533,7119.25
134,1,1,2,14.8476,7087.84
133,1,1,2,14.8368,7028.46
138,1,1,2,14.816,6923.88
184,1,1,2,14.7994,6834.28
440,1,1,2,14.779,6727.06
451,1,1,2,14.7625,6640.86
1716,1,1,2,14.76,6624.43
462,1,1,2,14.7509,6577.36
1990,1,1,2,14.7439,6524.67
463,1,1,2,14.7252,6428.15
474,1,1,2,14.7098,6348.91
2140,1,1,2,14.7008,6307.57
475,1,1,2,14.6958,6283.34
499,1,1,2,14.688,6243.75
500,1,1,2,14.6834,6220.35
518,1,1,2,14.6788,6196.24
1754,1,1,2,14.6752,6171.31
540,1,1,2,14.667,6128.84
541,1,1,2,14.6551,6069.02
572,1,1,2,14.6455,6019.35
1994,1,1,2,14.6329,5956.95
1993,1,1,2,14.6286,5935.46
1995,1,1,2,14.616,5877.72
1996,1,1,2,14.6101,5848.54
1997,1,1,2,14.6062,5828.64
2027,1,1,2,14.579,5698.42
2026,1,1,2,14.5732,5669.93
978,1,1,2,14.5659,5634.79
1010,1,1,2,14.551,5558.02
1016,1,1,2,14.5313,5466.56
501,1,2,0,13.1021,1508.45,0.0531667,231.897,0.2,1
502,1,2,0,13.0969,1482.92
473,1,2,0,13.0867,1434.29
2141,1,2,0,13.0865,1433.31
2140,1,2,0,13.0734,1367.84
475,1,2,0,13.0675,1339.48
474,1,2,0,13.0634,1318.65
463,1,2,0,13.0461,1231.14
1990,1,2,0,13.0276,1135.57
462,1,2,0,13.0181,1080.35
461,1,2,0,13.0156,1065.62
1716,1,2,0,13.0072,1021.71
451,1,2,0,13.0026,997.904
440,1,2,0,12.9856,909.841
184,1,2,0,12.9697,821.613
138,1,2,0,12.9524,728.996
133,1,2,0,12.9371,647.895
134,1,2,0,12.9295,595.939
129,1,2,0,12.9214,554.222
1718,1,2,0,12.898,423.217
1719,1,2,0,12.8789,320.2
114,1,2,0,12.8404,112.847
1968,1,2,0,12.8342,77.2014
110,1,2,0,12.82,0
110,1,2,1,13.4275,3201.12,0,0,0
1968,1,2,1,13.4124,3120.32
114,1,2,1,13.4065,3085.13
1719,1,2,1,13.3713,2891.86
1718,1,2,1,13.3532,2793.33
129,1,2,1,13.3292,2659.57
134,1,2,1,13.3243,2631.07
133,1,2,1,13.3123,2566.23
138,1,2,1,13.2914,2461.65
184,1,2,1,13.2747,2371.26
440,1,2,1,13.2521,2254.88
451,1,2,1,13.2358,2169.46
1716,1,2,1,13.2334,2153.04
462,1,2,1,13.2262,2114.22
1990,1,2,1,13.2183,2061.18
463,1,2,1,13.2012,1971.14
474,1,2,1,13.1873,1898.15
2140,1,2,1,13.1791,1860.32
2141,1,2,1,13.1709,1815.34
473,1,2,1,13.1708,1814.58
502,1,2,1,13.1617,1770.68
501,1,2,1,13.1553,1740.35
410,2,0,0,11.2922,1462.66,0.0726667,316.95,0.06,1
398,2,0,0,11.2919,1461.45
397,2,0,0,11.2793,1392.89
390,2,0,0,11.2598,1291.33
382,2,0,0,11.2425,1199.86
376,2,0,0,11.2245,1103.09
369,2,0,0,11.205,998.232
360,2,0,0,11.1827,878.986
361,2,0,0,11.1701,809.873
128,2,0,0,11.1096,481.115
126,2,0,0,11.1023,442.296
125,2,0,0,11.096,408.059
118,2,0,0,11.0631,231.019
1968,2,0,0,11.0353,81.9493
110,2,0,0,11.02,0
710,2,0,1,11.5846,3117.52,0.0443333,193.369,0.36,2
1543,2,0,1,11.5631,2997.25
715,2,0,1,11.5583,2952.99
714,2,0,1,11.5544,2928.98
726,2,0,1,11.5542,2927.1
529,2,0,1,11.5405,2827.61
605,2,0,1,11.5257,2731
603,2,0,1,11.5206,2703.02
604,2,0,1,11.5163,2679.88
596,2,0,1,11.5162,2678.91
580,2,0,1,11.5078,2620.63
574,2,0,1,11.4905,2527.39
573,2,0,1,11.4805,2471.49
564,2,0,1,11.4728,2430.34
557,2,0,1,11.4667,2396.35
561,2,0,1,11.46,2349.83
628,2,0,1,11.4555,2324.18
609,2,0,1,11.4428,2247.52
423,2,0,1,11.4369,2191.2
419,2,0,1,11.4322,2156.76
418,2,0,1,11.4169,2071.84
2139,2,0,1,11.413,2050.41
2138,2,0,1,11.3946,1948.97
411,2,0,1,11.381,1874.15
412,2,0,1,11.3785,1855.14
398,2,0,1,11.3651,1780.81
410,2,0,1,11.3648,1779.61
110,2,0,2,11.9354,5064.79,0,0,0
1968,2,0,2,11.9203,4983.75
114,2,0,2,11.9151,4949.43
1719,2,0,2,11.8721,4722.82
1718,2,0,2,11.8566,4635.77
129,2,0,2,11.8322,4499.9
134,2,0,2,11.8258,4465.51
133,2,0,2,11.813,4397.31
138,2,0,2,11.7921,4292.72
184,2,0,2,11.7729,4191.76
440,2,0,2,11.7562,4100.57
451,2,0,2,11.7374,4004.86
1716,2,0,2,11.735,3988.43
462,2,0,2,11.7246,3936.01
1990,2,0,2,11.7168,3882.98
452,2,0,2,11.7118,3850.54
453,2,0,2,11.7004,3763.36
455,2,0,2,11.688,3693.43
454,2,0,2,11.6852,3677.82
457,2,0,2,11.6785,3623.85
456,2,0,2,11.6733,3594.41
458,2,0,2,11.6639,3533.26
459,2,0,2,11.6579,3488.16
1543,2,0,2,11.6486,3425.93
710,2,0,2,11.6289,3310.88
501,2,1,0,13.5796,1510.92,0.0531667,231.897,0.2,1
502,2,1,0,13.5744,1485.38
473,2,1,0,13.5665,1446.3
2141,2,1,0,13.5663,1445.32
1750,2,1,0,13.562,1424.02
477,2,1,0,13.5575,1400.71
453,2,1,0,13.5285,1243.21
446,2,1,0,13.5202,1195.77
442,2,1,0,13.5085,1137.28
1857,2,1,0,13.4997,1091.26
441,2,1,0,13.4936,1062.09
185,2,1,0,13.4826,1004.16
177,2,1,0,13.4703,938.786
184,2,1,0,13.4503,829.279
138,2,1,0,13.4336,739.414
133,2,1,0,13.4197,664.29
134,2,1,0,13.4121,612.333
129,2,1,0,13.405,574.749
1718,2,1,0,13.3791,432.78
1720,2,1,0,13.372,394.625
1719,2,1,0,13.3593,321.152
114,2,1,0,13.3216,117.424
1968,2,1,0,13.3148,79.7523
110,2,1,0,13.3,0
1402,2,1,1,14.0638,3925.73,0.0816667,356.205,0.16,2
1390,2,1,1,14.0546,3875.67
1382,2,1,1,14.0244,3725.93
1362,2,1,1,14.0017,3606.92
1361,2,1,1,13.9967,3579.93
1354,2,1,1,13.9966,3579.74
1355,2,1,1,13.9841,3520.08
2076,2,1,1,13.9823,3510.96
1356,2,1,1,13.9739,3468.25
1357,2,1,1,13.9731,3464.53
1349,2,1,1,13.9596,3396.36
1348,2,1,1,13.959,3393.03
1340,2,1,1,13.9585,3390.49
1339,2,1,1,13.9532,3362.77
1329,2,1,1,13.9422,3304.43
1158,2,1,1,13.9272,3228.1
2048,2,1,1,13.9071,3122.06
1131,2,1,1,13.9015,3093.19
1130,2,1,1,13.8957,3064.26
1129,2,1,1,13.8805,2990.07
1121,2,1,1,13.8645,2904.14
1120,2,1,1,13.8605,2882.96
1094,2,1,1,13.8556,2857.02
1091,2,1,1,13.8455,2806.29
1092,2,1,1,13.8403,2780.39
1074,2,1,1,13.8345,2749.97
1073,2,1,1,13.8261,2705.29
1057,2,1,1,13.8063,2606.3
1042,2,1,1,13.801,2579.4
2030,2,1,1,13.7938,2541.56
1011,2,1,1,13.7935,2540.11
1547,2,1,1,13.7761,2457.47
1546,2,1,1,13.7707,2430.1
975,2,1,1,13.7673,2412.13
2026,2,1,1,13.7608,2377.86
2027,2,1,1,13.7557,2352.02
1998,2,1,1,13.7453,2299.32
1997,2,1,1,13.7367,2255.7
1996,2,1,1,13.7308,2227.41
1995,2,1,1,13.7226,2189.09
1993,2,1,1,13.7135,2145.41
1994,2,1,1,13.7092,2123.93
572,2,1,1,13.7022,2085.28
541,2,1,1,13.69,2024.92
540,2,1,1,13.6796,1971.28
1754,2,1,1,13.6712,1927.61
518,2,1,1,13.6633,1887.64
500,2,1,1,13.6583,1861.85
501,2,1,1,13.6328,1742.82
1016,2,1,2,14.4035,5634.95,0.0881667,384.556,0.22,3
2029,2,1,2,14.3991,5611.2
1043,2,1,2,14.399,5610.79
2158,2,1,2,14.3922,5576.01
2030,2,1,2,14.3883,5556.17
1041,2,1,2,14.3831,5529.59
1059,2,1,2,14.3743,5484.75
1058,2,1,2,14.3693,5459.5
1075,2,1,2,14.3517,5369.43
1072,2,1,2,14.3417,5317.99
1071,2,1,2,14.3315,5267.51
1090,2,1,2,14.3255,5230.29
1089,2,1,2,14.3194,5196.97
1119,2,1,2,14.3108,5151.08
1118,2,1,2,14.3046,5117.49
2044,2,1,2,14.2894,5037.93
2169,2,1,2,14.2814,4996.91
2171,2,1,2,14.2767,4972.76
1549,2,1,2,14.2689,4932.61
1147,2,1,2,14.2615,4894.22
1327,2,1,2,14.2331,4746.25
1343,2,1,2,14.2325,4743.51
1355,2,1,2,14.2057,4604.1
1364,2,1,2,14.2057,4603.89
1362,2,1,2,14.1959,4551.9
1382,2,1,2,14.1758,4444.08
1390,2,1,2,14.1543,4330.9
1402,2,1,2,14.1454,4281.94
110,2,1,3,14.9111,8225.21,0,0,0
111,2,1,3,14.9087,8209.33
1968,2,1,3,14.8993,8144.65
114,2,1,3,14.8937,8109.92
1719,2,1,3,14.8575,7912.3
1718,2,1,3,14.8376,7805.99
129,2,1,3,14.8136,7672.2
134,2,1,3,14.8079,7640.78
133,2,1,3,14.7972,7581.41
138,2,1,3,14.7763,7476.83
184,2,1,3,14.7597,7387.22
440,2,1,3,14.7393,7280
451,2,1,3,14.7228,7193.81
1716,2,1,3,14.7204,7177.38
462,2,1,3,14.7112,7130.31
1990,2,1,3,14.7042,7077.61
463,2,1,3,14.6855,6981.09
474,2,1,3,14.6701,6901.85
2140,2,1,3,14.6611,6860.52
475,2,1,3,14.6561,6836.29
499,2,1,3,14.6484,6796.7
500,2,1,3,14.6438,6773.29
518,2,1,3,14.6392,6749.19
1754,2,1,3,14.6355,6724.26
540,2,1,3,14.6273,6681.79
541,2,1,3,14.6155,6621.97
572,2,1,3,14.6059,6572.3
1994,2,1,3,14.5932,6509.9
1993,2,1,3,14.589,6488.41
1995,2,1,3,14.5763,6430.66
1996,2,1,3,14.5704,6401.48
1997,2,1,3,14.5665,6381.58
2027,2,1,3,14.5393,6251.36
2026,2,1,3,14.5335,6222.88
978,2,1,3,14.5262,6187.74
1010,2,1,3,14.5114,6110.97
1016,2,1,3,14.4916,6019.51
501,3,0,0,11.7639,1433.41,0.0743333,324.22,0.22,1
502,3,0,0,11.7586,1407.87
473,3,0,0,11.749,1361.69
2141,3,0,0,11.7488,1360.71
2140,3,0,0,11.7404,1314.68
475,3,0,0,11.7375,1299.26
474,3,0,0,11.7334,1278.25
463,3,0,0,11.7186,1201.35
1990,3,0,0,11.7051,1126.94
462,3,0,0,11.6964,1072.9
461,3,0,0,11.694,1058.4
1716,3,0,0,11.6858,1015.28
451,3,0,0,11.6814,992.322
440,3,0,0,11.6655,908.617
184,3,0,0,11.6485,816.223
138,3,0,0,11.6328,730.3
133,3,0,0,11.6185,653.53
134,3,0,0,11.6109,601.574
129,3,0,0,11.6033,561.93
1718,3,0,0,11.5769,417.674
1719,3,0,0,11.5602,325.295
114,3,0,0,11.5223,120.486
1968,3,0,0,11.5153,81.9493
110,3,0,0,11.5,0
710,3,0,1,11.968,2453.47,0.0443333,193.369,0.36,2
1543,3,0,1,11.9466,2333.21
459,3,0,1,11.9363,2269.8
488,3,0,1,11.9076,2112.91
2144,3,0,1,11.8909,2022.7
486,3,0,1,11.8896,2016.25
482,3,0,1,11.882,1976.94
2142,3,0,1,11.8769,1949.91
2143,3,0,1,11.8765,1948.14
480,3,0,1,11.8761,1946.24
478,3,0,1,11.8719,1924.17
477,3,0,1,11.8638,1881.98
1750,3,0,1,11.86,1861.72
2141,3,0,1,11.8536,1831.93
473,3,0,1,11.8534,1830.73
502,3,0,1,11.8443,1786.83
501,3,0,1,11.8382,1757.63
1016,3,0,2,12.1392,3369.07,0.0438333,191.188,0.28,3
1548,3,0,2,12.1323,3333.03
1012,3,0,2,12.128,3310.61
1014,3,0,2,12.1276,3308.41
989,3,0,2,12.1171,3252.55
990,3,0,2,12.1071,3202.29
704,3,0,2,12.0957,3144.55
2179,3,0,2,12.0955,3143.68
662,3,0,2,12.0893,3114.04
602,3,0,2,12.0784,3046.34
599,3,0,2,12.0745,3024.12
605,3,0,2,12.0706,3000.37
529,3,0,2,12.0534,2900.36
726,3,0,2,12.0386,2800.27
714,3,0,2,12.0384,2798.41
1543,3,0,2,12.0342,2768.44
710,3,0,2,12.0124,2646.84
1402,3,0,3,12.4463,4918.69,0.085,370.744,0.2,4
1390,3,0,3,12.4362,4864.29
1382,3,0,3,12.413,4743.98
1362,3,0,3,12.3891,4619.7
1361,3,0,3,12.3842,4593.25
1354,3,0,3,12.3841,4593.06
1355,3,0,3,12.3778,4559.22
2076,3,0,3,12.376,4550.11
1356,3,0,3,12.3702,4518.45
1357,3,0,3,12.3694,4514.73
1349,3,0,3,12.3582,4456.01
1348,3,0,3,12.3572,4450.96
1340,3,0,3,12.3567,4448.42
1339,3,0,3,12.3507,4417.99
1329,3,0,3,12.3378,4351.43
1158,3,0,3,12.3237,4278.91
2048,3,0,3,12.3034,4171.91
1131,3,0,3,12.2982,4144.68
1130,3,0,3,12.2924,4115.75
1129,3,0,3,12.273,4024.95
1121,3,0,3,12.2537,3925.02
1095,3,0,3,12.2457,3886.22
1093,3,0,3,12.238,3845.49
1074,3,0,3,12.2314,3809.29
1077,3,0,3,12.2211,3755.24
1080,3,0,3,12.2078,3688.79
1079,3,0,3,12.2001,3650.11
1061,3,0,3,12.1959,3628.82
1063,3,0,3,12.1925,3611.01
1062,3,0,3,12.1914,3603.94
2159,3,0,3,12.1912,3603.04
1045,3,0,3,12.1905,3599.89
1043,3,0,3,12.1874,3584.03
2029,3,0,3,12.1873,3583.62
1016,3,0,3,12.1831,3560.25
410,3,0,4,12.942,7451.77,0.109667,478.333,0.09,5
1986,3,0,4,12.9164,7326.03
883,3,0,4,12.8871,7172.67
882,3,0,4,12.8754,7109.1
2155,3,0,4,12.8716,7090.37
901,3,0,4,12.8381,6915.07
902,3,0,4,12.8243,6841.86
904,3,0,4,12.8096,6764.46
925,3,0,4,12.7868,6639.44
2019,3,0,4,12.7809,6610.13
929,3,0,4,12.7805,6608.15
938,3,0,4,12.7684,6542.02
950,3,0,4,12.7524,6460.99
951,3,0,4,12.746,6427.74
949,3,0,4,12.7344,6368.45
1302,3,0,4,12.7077,6228.78
1307,3,0,4,12.6925,6145
1308,3,0,4,12.6809,6083.95
1309,3,0,4,12.6635,5993.85
1314,3,0,4,12.6629,5990.98
2165,3,0,4,12.6439,5892.71
2071,3,0,4,12.6243,5786.86
1359,3,0,4,12.6044,5679.63
1370,3,0,4,12.6034,5675.18
1360,3,0,4,12.5807,5550.16
1382,3,0,4,12.5632,5457.91
1390,3,0,4,12.5423,5347.28
1402,3,0,4,12.5313,5289.44
110,3,0,5,13.3339,9505.78,0,0,0
1968,3,0,5,13.3188,9424.98
1969,3,0,5,13.3067,9348.63
115,3,0,5,13.3042,9334.21
2113,3,0,5,13.2994,9308.14
2133,3,0,5,13.1794,8630.62
366,3,0,5,13.1757,8603.99
2134,3,0,5,13.1647,8542.45
2136,3,0,5,13.1528,8477.53
393,3,0,5,13.1237,8325.64
401,3,0,5,13.1089,8247.18
400,3,0,5,13.0828,8104.08
411,3,0,5,13.0685,8029.53
412,3,0,5,13.0664,8010.02
398,3,0,5,13.052,7931.31
410,3,0,5,13.0517,7930.1
410,4,0,0,11.7022,1462.66,0.0726667,316.95,0.06,1
398,4,0,0,11.7019,1461.45
397,4,0,0,11.6893,1392.89
390,4,0,0,11.6698,1291.33
382,4,0,0,11.6525,1199.86
376,4,0,0,11.6345,1103.09
369,4,0,0,11.615,998.232
360,4,0,0,11.5927,878.986
361,4,0,0,11.5801,809.873
128,4,0,0,11.5196,481.115
126,4,0,0,11.5123,442.296
125,4,0,0,11.506,408.059
118,4,0,0,11.4731,231.019
1968,4,0,0,11.4453,81.9493
110,4,0,0,11.43,0
710,4,0,1,11.9946,3117.52,0.0443333,193.369,0.36,2
1543,4,0,1,11.9731,2997.25
715,4,0,1,11.9683,2952.99
714,4,0,1,11.9644,2928.98
726,4,0,1,11.9642,2927.1
529,4,0,1,11.9505,2827.61
605,4,0,1,11.9357,2731
603,4,0,1,11.9306,2703.02
604,4,0,1,11.9263,2679.88
596,4,0,1,11.9262,2678.91
580,4,0,1,11.9178,2620.63
574,4,0,1,11.9005,2527.39
573,4,0,1,11.8905,2471.49
564,4,0,1,11.8828,2430.34
557,4,0,1,11.8767,2396.35
561,4,0,1,11.87,2349.83
628,4,0,1,11.8655,2324.18
609,4,0,1,11.8528,2247.52
423,4,0,1,11.8469,2191.2
419,4,0,1,11.8422,2156.76
418,4,0,1,11.8269,2071.84
2139,4,0,1,11.823,2050.41
2138,4,0,1,11.8046,1948.97
411,4,0,1,11.791,1874.15
412,4,0,1,11.7885,1855.14
398,4,0,1,11.7751,1780.81
410,4,0,1,11.7748,1779.61
1402,4,0,2,12.4187,5338.74,0.085,370.744,0.2,3
1390,4,0,2,12.4086,5284.34
1382,4,0,2,12.3861,5167.23
1362,4,0,2,12.3668,5062.4
1361,4,0,2,12.3623,5037.88
1354,4,0,2,12.3623,5037.69
1355,4,0,2,12.3568,5007.65
2076,4,0,2,12.355,4998.54
1356,4,0,2,12.3462,4954.1
1357,4,0,2,12.3454,4950.38
1349,4,0,2,12.3321,4882.98
1348,4,0,2,12.3313,4878.64
1340,4,0,2,12.3308,4876.09
1339,4,0,2,12.3246,4844.97
1329,4,0,2,12.3122,4780.37
1158,4,0,2,12.2949,4694.54
2048,4,0,2,12.2746,4587.66
1131,4,0,2,12.2694,4560.43
1130,4,0,2,12.2636,4531.5
1129,4,0,2,12.2443,4440.71
1121,4,0,2,12.225,4340.78
1095,4,0,2,12.2169,4301.97
1093,4,0,2,12.2092,4261.25
1074,4,0,2,12.2026,4225.05
1077,4,0,2,12.1923,4170.99
1080,4,0,2,12.179,4104.54
1079,4,0,2,12.1714,4065.86
1061,4,0,2,12.1671,4044.57
1063,4,0,2,12.1637,4026.76
1062,4,0,2,12.1626,4019.69
2159,4,0,2,12.1625,4018.79
1045,4,0,2,12.1618,4015.64
1012,4,0,2,12.1545,3974.66
1014,4,0,2,12.1541,3972.45
989,4,0,2,12.1436,3916.59
990,4,0,2,12.1336,3866.33
704,4,0,2,12.1223,3808.59
2179,4,0,2,12.1221,3807.73
662,4,0,2,12.1159,3778.08
602,4,0,2,12.1049,3710.39
599,4,0,2,12.101,3688.16
605,4,0,2,12.0972,3664.41
529,4,0,2,12.0799,3564.4
726,4,0,2,12.0652,3464.31
714,4,0,2,12.065,3462.45
1543,4,0,2,12.0607,3432.49
710,4,0,2,12.0389,3310.88
1016,4,0,3,12.7691,7087.39,0.0438333,191.188,0.28,4
2029,4,0,3,12.7626,7054.38
1043,4,0,3,12.7625,7053.96
2158,4,0,3,12.7534,7009.82
2030,4,0,3,12.7494,6989.98
1041,4,0,3,12.7447,6964.99
1059,4,0,3,12.7365,6923.15
1058,4,0,3,12.7313,6897.09
1056,4,0,3,12.7249,6862.66
1072,4,0,3,12.7073,6771.76
1071,4,0,3,12.6991,6729.65
1090,4,0,3,12.6909,6685.01
1089,4,0,3,12.6842,6649.15
1119,4,0,3,12.6771,6609.92
1118,4,0,3,12.6703,6573.72
2044,4,0,3,12.6542,6490.47
2169,4,0,3,12.6477,6455.59
2171,4,0,3,12.6435,6433.46
2046,4,0,3,12.6373,6402.23
1778,4,0,3,12.6119,6273.72
1327,4,0,3,12.6006,6212.94
1343,4,0,3,12.6,6210.21
1355,4,0,3,12.5753,6079.39
1364,4,0,3,12.5752,6079.18
1362,4,0,3,12.565,6025.55
1382,4,0,3,12.5356,5877.96
1390,4,0,3,12.5147,5767.32
1402,4,0,3,12.5037,5709.48
501,4,0,4,13.0036,8204.08,0.0531667,231.897,0.2,5
1747,4,0,4,12.9969,8171.47
1746,4,0,4,12.9677,8026.97
1745,4,0,4,12.9568,7972.91
1844,4,0,4,12.9362,7872.68
575,4,0,4,12.9335,7856.62
571,4,0,4,12.9297,7836.65
570,4,0,4,12.9251,7814.32
569,4,0,4,12.9194,7786.73
640,4,0,4,12.9141,7759.71
649,4,0,4,12.9076,7728.37
646,4,0,4,12.9012,7697.49
691,4,0,4,12.8934,7660.73
689,4,0,4,12.8696,7549.84
979,4,0,4,12.8599,7505.8
980,4,0,4,12.8547,7479.73
978,4,0,4,12.8511,7461.24
1010,4,0,4,12.8354,7381.09
1016,4,0,4,12.8129,7278.58
110,4,0,5,13.3289,9896.75,0,0,0
1968,4,0,5,13.3139,9815.95
114,4,0,5,13.308,9780.76
1719,4,0,5,13.2727,9587.5
1718,4,0,5,13.2547,9488.96
129,4,0,5,13.2307,9355.21
134,4,0,5,13.2258,9326.7
133,4,0,5,13.2138,9261.86
138,4,0,5,13.1929,9157.28
184,4,0,5,13.1761,9066.89
440,4,0,5,13.1536,8950.51
451,4,0,5,13.1372,8865.09
1716,4,0,5,13.1348,8848.67
462,4,0,5,13.1276,8809.85
1990,4,0,5,13.1198,8756.81
463,4,0,5,13.1026,8666.78
474,4,0,5,13.0888,8593.78
2140,4,0,5,13.0806,8555.95
2141,4,0,5,13.0724,8510.97
473,4,0,5,13.0722,8510.21
502,4,0,5,13.0632,8466.31
501,4,0,5,13.0568,8435.98
710,5,0,0,13.5525,1706.65,0.0466667,203.546,0.45,1
1543,5,0,0,13.5294,1579.59
459,5,0,0,13.5202,1517.38
458,5,0,0,13.5127,1471.15
456,5,0,0,13.5034,1410.12
457,5,0,0,13.4975,1377.61
454,5,0,0,13.4898,1323.63
455,5,0,0,13.4872,1308.67
453,5,0,0,13.4785,1243.21
446,5,0,0,13.4702,1195.77
442,5,0,0,13.4585,1137.28
1857,5,0,0,13.4497,1091.26
441,5,0,0,13.4436,1062.09
185,5,0,0,13.4326,1004.16
177,5,0,0,13.4203,938.786
184,5,0,0,13.4003,829.279
138,5,0,0,13.3836,739.414
133,5,0,0,13.3697,664.29
134,5,0,0,13.3621,612.333
129,5,0,0,13.355,574.749
1718,5,0,0,13.3291,432.78
1720,5,0,0,13.322,394.625
1719,5,0,0,13.3093,321.152
114,5,0,0,13.2716,117.424
1968,5,0,0,13.2648,79.7523
110,5,0,0,13.25,0
1402,5,0,1,14.0003,4027.57,0.0816667,356.205,0.16,2
1390,5,0,1,13.9911,3977.52
1382,5,0,1,13.9609,3827.77
1362,5,0,1,13.9382,3708.77
1361,5,0,1,13.9332,3681.77
1354,5,0,1,13.9331,3681.58
1355,5,0,1,13.9206,3621.92
2076,5,0,1,13.9188,3612.81
1356,5,0,1,13.9104,3570.09
1357,5,0,1,13.9096,3566.38
1349,5,0,1,13.8961,3498.2
1348,5,0,1,13.8955,3494.87
1340,5,0,1,13.895,3492.33
1339,5,0,1,13.8897,3464.61
1329,5,0,1,13.8787,3406.27
1158,5,0,1,13.8637,3329.94
2048,5,0,1,13.8436,3223.82
1151,5,0,1,13.8338,3171.97
1134,5,0,1,13.828,3141.99
1133,5,0,1,13.823,3115.82
1122,5,0,1,13.8116,3058.27
1096,5,0,1,13.786,2931.66
1099,5,0,1,13.7812,2907
1098,5,0,1,13.7739,2870.34
1101,5,0,1,13.7545,2772.1
1082,5,0,1,13.7461,2730.13
1079,5,0,1,13.737,2683.11
1061,5,0,1,13.7327,2661.83
1063,5,0,1,13.7295,2644.99
1062,5,0,1,13.7285,2637.95
2159,5,0,1,13.7283,2636.96
1045,5,0,1,13.7276,2633.81
1012,5,0,1,13.7204,2592.83
2028,5,0,1,13.7123,2547.36
989,5,0,1,13.7089,2531.63
990,5,0,1,13.6988,2481.36
991,5,0,1,13.6963,2469.01
706,5,0,1,13.6892,2429.55
704,5,0,1,13.6866,2416.78
2179,5,0,1,13.6864,2415.92
662,5,0,1,13.6802,2386.27
602,5,0,1,13.669,2318.13
599,5,0,1,13.6645,2293.43
605,5,0,1,13.6593,2265.31
529,5,0,1,13.6428,2166.41
726,5,0,1,13.6266,2064.88
714,5,0,1,13.6264,2063
1543,5,0,1,13.6206,2030.56
710,5,0,1,13.5991,1910.19
1016,5,0,2,14.34,5736.79,0.0881667,384.556,0.22,3
2029,5,0,2,14.3356,5713.04
1043,5,0,2,14.3356,5712.63
2158,5,0,2,14.3287,5677.85
2030,5,0,2,14.3248,5658.01
1041,5,0,2,14.3196,5631.43
1059,5,0,2,14.3108,5586.59
1058,5,0,2,14.3058,5561.34
1075,5,0,2,14.2882,5471.27
1072,5,0,2,14.2782,5419.83
1071,5,0,2,14.268,5369.35
1090,5,0,2,14.262,5332.13
1089,5,0,2,14.2559,5298.81
1119,5,0,2,14.2473,5252.92
1118,5,0,2,14.2411,5219.33
2044,5,0,2,14.2259,5139.77
2169,5,0,2,14.2179,5098.75
2171,5,0,2,14.2132,5074.6
1549,5,0,2,14.2054,5034.45
1147,5,0,2,14.198,4996.06
1327,5,0,2,14.1696,4848.09
1343,5,0,2,14.169,4845.36
1355,5,0,2,14.1422,4705.94
1364,5,0,2,14.1422,4705.73
1362,5,0,2,14.1324,4653.75
1382,5,0,2,14.1123,4545.92
1390,5,0,2,14.0908,4432.75
1402,5,0,2,14.0819,4383.78
501,5,0,3,14.6177,7043.04,0.107,466.702,0.18,4
1747,5,0,3,14.608,6998.73
1746,5,0,3,14.5801,6859.39
1745,5,0,3,14.567,6796.1
1844,5,0,3,14.5491,6706.86
575,5,0,3,14.5467,6691.35
571,5,0,3,14.5438,6675.23
570,5,0,3,14.539,6651.95
569,5,0,3,14.5338,6626.63
640,5,0,3,14.5257,6587.72
649,5,0,3,14.5164,6545.19
646,5,0,3,14.5086,6508.67
691,5,0,3,14.5027,6479.77
689,5,0,3,14.4806,6375.77
979,5,0,3,14.4721,6336.17
980,5,0,3,14.4662,6307.77
978,5,0,3,14.4627,6289.58
1010,5,0,3,14.4479,6212.81
1016,5,0,3,14.4282,6121.35
110,5,0,4,14.9984,8998.94,0,0,0
111,5,0,4,14.996,8983.06
1968,5,0,4,14.9866,8918.38
114,5,0,4,14.981,8883.65
1719,5,0,4,14.9431,8678.61
1720,5,0,4,14.928,8596.14
1718,5,0,4,14.9222,8563.59
129,5,0,4,14.897,8424.52
134,5,0,4,14.891,8391.56
133,5,0,4,14.8786,8325.03
138,5,0,4,14.8577,8220.45
184,5,0,4,14.8414,8131.91
440,5,0,4,14.8256,8044.29
451,5,0,4,14.809,7958.09
1716,5,0,4,14.8066,7941.67
462,5,0,4,14.7975,7894.59
1990,5,0,4,14.7904,7841.9
463,5,0,4,14.7717,7745.38
474,5,0,4,14.7564,7666.14
2140,5,0,4,14.7473,7624.8
2141,5,0,4,14.7395,7581.6
473,5,0,4,14.7392,7580.32
502,5,0,4,14.7302,7536.42
501,5,0,4,14.7247,7509.74
410,5,1,0,11.6522,1462.66,0.0726667,316.95,0.06,1
398,5,1,0,11.6519,1461.45
397,5,1,0,11.6393,1392.89
390,5,1,0,11.6198,1291.33
382,5,1,0,11.6025,1199.86
376,5,1,0,11.5845,1103.09
369,5,1,0,11.565,998.232
360,5,1,0,11.5427,878.986
361,5,1,0,11.5301,809.873
128,5,1,0,11.4696,481.115
126,5,1,0,11.4623,442.296
125,5,1,0,11.456,408.059
118,5,1,0,11.4231,231.019
1968,5,1,0,11.3953,81.9493
110,5,1,0,11.38,0
110,5,1,1,12.0097,3360.63,0,0,0
1968,5,1,1,11.9946,3279.59
1969,5,1,1,11.9823,3203.08
115,5,1,1,11.9798,3188.51
2113,5,1,1,11.975,3162.69
2133,5,1,1,11.8541,2480.93
366,5,1,1,11.8504,2454.3
2134,5,1,1,11.8388,2390.2
2136,5,1,1,11.8263,2322.55
393,5,1,1,11.7936,2155.53
392,5,1,1,11.7756,2054.99
400,5,1,1,11.7553,1948.22
411,5,1,1,11.741,1874.15
412,5,1,1,11.7385,1855.14
398,5,1,1,11.7251,1780.81
410,5,1,1,11.7248,1779.61
410,6,0,0,13.3943,1471.19,0.074,322.766,0.11,1
398,6,0,0,13.394,1469.98
397,6,0,0,13.3832,1408.71
390,6,0,0,13.3633,1305.9
382,6,0,0,13.3469,1218.33
376,6,0,0,13.3299,1125.74
369,6,0,0,13.3101,1019.33
360,6,0,0,13.2891,906.015
361,6,0,0,13.2746,828.632
128,6,0,0,13.2195,523.193
126,6,0,0,13.211,479.066
125,6,0,0,13.2018,432.83
118,6,0,0,13.167,247.521
1968,6,0,0,13.1348,79.7523
110,6,0,0,13.12,0
1402,6,0,1,13.8949,4038.37,0.1085,473.244,0.18,2
1390,6,0,1,13.8857,3988.31
1389,6,0,1,13.8595,3847.36
1388,6,0,1,13.8394,3752.17
1323,6,0,1,13.8387,3748.39
2072,6,0,1,13.8145,3630.82
1317,6,0,1,13.7947,3524.14
2071,6,0,1,13.784,3460.08
2165,6,0,1,13.7617,3342.68
1314,6,0,1,13.7449,3253.68
2163,6,0,1,13.7302,3173.84
2023,6,0,1,13.7018,3022.47
1787,6,0,1,13.6937,2981.18
1788,6,0,1,13.6929,2977.48
943,6,0,1,13.677,2896.83
934,6,0,1,13.6682,2848.99
933,6,0,1,13.6579,2795.06
936,6,0,1,13.6573,2792.12
1737,6,0,1,13.6458,2728.89
917,6,0,1,13.629,2645.65
916,6,0,1,13.6289,2644.75
906,6,0,1,13.603,2511.66
889,6,0,1,13.5908,2449.74
890,6,0,1,13.5813,2401.78
2013,6,0,1,13.5583,2283.62
1988,6,0,1,13.5393,2183.84
416,6,0,1,13.5178,2077.27
2139,6,0,1,13.5138,2055.44
2138,6,0,1,13.4974,1962.7
411,6,0,1,13.4851,1893.38
412,6,0,1,13.483,1873.87
398,6,0,1,13.4686,1795.16
410,6,0,1,13.4683,1793.95
1016,6,0,2,14.2614,5864.63,0.0881667,384.556,0.22,3
2029,6,0,2,14.257,5840.88
1043,6,0,2,14.257,5840.46
2158,6,0,2,14.2501,5805.68
2030,6,0,2,14.2462,5785.85
1041,6,0,2,14.241,5759.26
1059,6,0,2,14.2322,5714.43
1058,6,0,2,14.2272,5689.18
1075,6,0,2,14.2097,5599.11
1072,6,0,2,14.1996,5547.66
1071,6,0,2,14.1895,5497.19
1090,6,0,2,14.1834,5459.97
1089,6,0,2,14.1773,5426.64
1119,6,0,2,14.1687,5380.76
1118,6,0,2,14.1625,5347.17
2044,6,0,2,14.1473,5267.61
2169,6,0,2,14.1393,5226.59
2171,6,0,2,14.1346,5202.43
1549,6,0,2,14.1268,5162.28
1147,6,0,2,14.1194,5123.9
1327,6,0,2,14.091,4975.93
1343,6,0,2,14.0904,4973.19
1355,6,0,2,14.0636,4833.77
1364,6,0,2,14.0636,4833.56
1362,6,0,2,14.0538,4781.58
1382,6,0,2,14.0337,4673.75
1390,6,0,2,14.0122,4560.58
1402,6,0,2,14.0034,4511.62
501,6,0,3,14.5391,7170.87,0.107,466.702,0.18,4
1747,6,0,3,14.5294,7126.57
1746,6,0,3,14.5015,6987.23
1745,6,0,3,14.4884,6923.94
1844,6,0,3,14.4705,6834.69
575,6,0,3,14.4681,6819.18
571,6,0,3,14.4652,6803.06
570,6,0,3,14.4604,6779.79
569,6,0,3,14.4553,6754.47
640,6,0,3,14.4471,6715.56
649,6,0,3,14.4378,6673.02
646,6,0,3,14.43,6636.51
691,6,0,3,14.4241,6607.6
689,6,0,3,14.402,6503.61
979,6,0,3,14.3935,6464.01
980,6,0,3,14.3877,6435.6
978,6,0,3,14.3841,6417.41
1010,6,0,3,14.3693,6340.65
1016,6,0,3,14.3496,6249.19
110,6,0,4,14.9198,9126.78,0,0,0
111,6,0,4,14.9174,9110.9
1968,6,0,4,14.908,9046.21
114,6,0,4,14.9025,9011.48
1719,6,0,4,14.8645,8806.45
1720,6,0,4,14.8494,8723.98
1718,6,0,4,14.8436,8691.43
129,6,0,4,14.8184,8552.36
134,6,0,4,14.8124,8519.39
133,6,0,4,14.8,8452.87
138,6,0,4,14.7791,8348.28
184,6,0,4,14.7628,8259.74
440,6,0,4,14.747,8172.12
451,6,0,4,14.7304,8085.93
1716,6,0,4,14.728,8069.5
462,6,0,4,14.7189,8022.43
1990,6,0,4,14.7118,7969.73
463,6,0,4,14.6931,7873.21
474,6,0,4,14.6778,7793.97
2140,6,0,4,14.6687,7752.64
2141,6,0,4,14.6609,7709.44
473,6,0,4,14.6607,7708.15
502,6,0,4,14.6516,7664.25
501,6,0,4,14.6461,7637.58
710,6,1,0,11.8384,1682.36,0.0443333,193.369,0.36,1
1543,6,1,0,11.8133,1546.36
459,6,1,0,11.8034,1483.42
458,6,1,0,11.7964,1437.75
456,6,1,0,11.7872,1376.86
457,6,1,0,11.7818,1346.64
454,6,1,0,11.7742,1292.68
455,6,1,0,11.7718,1278.37
453,6,1,0,11.7626,1212.8
446,6,1,0,11.754,1164.09
442,6,1,0,11.7458,1120.37
1857,6,1,0,11.7374,1076.3
441,6,1,0,11.7325,1051.98
185,6,1,0,11.7215,993.794
177,6,1,0,11.7089,927.553
184,6,1,0,11.6885,816.223
138,6,1,0,11.6728,730.3
133,6,1,0,11.6585,653.53
134,6,1,0,11.6509,601.574
129,6,1,0,11.6433,561.93
1718,6,1,0,11.6169,417.674
1719,6,1,0,11.6002,325.295
114,6,1,0,11.5623,120.486
1968,6,1,0,11.5553,81.9493
110,6,1,0,11.54,0
110,6,1,1,12.1892,3629.63,0,0,0
1968,6,1,1,12.1741,3548.6
114,6,1,1,12.1689,3514.27
1719,6,1,1,12.1259,3287.66
1718,6,1,1,12.1105,3200.61
129,6,1,1,12.086,3064.75
134,6,1,1,12.0796,3030.36
133,6,1,1,12.0668,2962.15
138,6,1,1,12.046,2857.57
184,6,1,1,12.0267,2756.61
440,6,1,1,12.0101,2665.42
451,6,1,1,11.9913,2569.71
1716,6,1,1,11.9889,2553.28
462,6,1,1,11.9785,2500.86
1990,6,1,1,11.9706,2447.83
452,6,1,1,11.9656,2415.39
453,6,1,1,11.9543,2328.21
455,6,1,1,11.9419,2258.28
454,6,1,1,11.939,2242.66
457,6,1,1,11.9323,2188.7
456,6,1,1,11.9272,2159.26
458,6,1,1,11.9177,2098.11
459,6,1,1,11.9118,2053.01
1543,6,1,1,11.9025,1990.78
710,6,1,1,11.8828,1875.73
410,7,0,0,11.2922,1462.66,0.0726667,316.95,0.06,1
398,7,0,0,11.2919,1461.45
397,7,0,0,11.2793,1392.89
390,7,0,0,11.2598,1291.33
382,7,0,0,11.2425,1199.86
376,7,0,0,11.2245,1103.09
369,7,0,0,11.205,998.232
360,7,0,0,11.1827,878.986
361,7,0,0,11.1701,809.873
128,7,0,0,11.1096,481.115
126,7,0,0,11.1023,442.296
125,7,0,0,11.096,408.059
118,7,0,0,11.0631,231.019
1968,7,0,0,11.0353,81.9493
110,7,0,0,11.02,0
710,7,0,1,11.5846,3117.52,0.0443333,193.369,0.36,2
1543,7,0,1,11.5631,2997.25
715,7,0,1,11.5583,2952.99
714,7,0,1,11.5544,2928.98
726,7,0,1,11.5542,2927.1
529,7,0,1,11.5405,2827.61
605,7,0,1,11.5257,2731
603,7,0,1,11.5206,2703.02
604,7,0,1,11.5163,2679.88
596,7,0,1,11.5162,2678.91
580,7,0,1,11.5078,2620.63
574,7,0,1,11.4905,2527.39
573,7,0,1,11.4805,2471.49
564,7,0,1,11.4728,2430.34
557,7,0,1,11.4667,2396.35
561,7,0,1,11.46,2349.83
628,7,0,1,11.4555,2324.18
609,7,0,1,11.4428,2247.52
423,7,0,1,11.4369,2191.2
419,7,0,1,11.4322,2156.76
418,7,0,1,11.4169,2071.84
2139,7,0,1,11.413,2050.41
2138,7,0,1,11.3946,1948.97
411,7,0,1,11.381,1874.15
412,7,0,1,11.3785,1855.14
398,7,0,1,11.3651,1780.81
410,7,0,1,11.3648,1779.61
110,7,0,2,11.9354,5064.79,0,0,0
1968,7,0,2,11.9203,4983.75
114,7,0,2,11.9151,4949.43
1719,7,0,2,11.8721,4722.82
1718,7,0,2,11.8566,4635.77
129,7,0,2,11.8322,4499.9
134,7,0,2,11.8258,4465.51
133,7,0,2,11.813,4397.31
138,7,0,2,11.7921,4292.72
184,7,0,2,11.7729,4191.76
440,7,0,2,11.7562,4100.57
451,7,0,2,11.7374,4004.86
1716,7,0,2,11.735,3988.43
462,7,0,2,11.7246,3936.01
1990,7,0,2,11.7168,3882.98
452,7,0,2,11.7118,3850.54
453,7,0,2,11.7004,3763.36
455,7,0,2,11.688,3693.43
454,7,0,2,11.6852,3677.82
457,7,0,2,11.6785,3623.85
456,7,0,2,11.6733,3594.41
458,7,0,2,11.6639,3533.26
459,7,0,2,11.6579,3488.16
1543,7,0,2,11.6486,3425.93
710,7,0,2,11.6289,3310.88
501,7,1,0,13.4996,1510.92,0.0531667,231.897,0.2,1
502,7,1,0,13.4944,1485.38
473,7,1,0,13.4865,1446.3
2141,7,1,0,13.4863,1445.32
1750,7,1,0,13.482,1424.02
477,7,1,0,13.4775,1400.71
453,7,1,0,13.4485,1243.21
446,7,1,0,13.4402,1195.77
442,7,1,0,13.4285,1137.28
1857,7,1,0,13.4197,1091.26
441,7,1,0,13.4136,1062.09
185,7,1,0,13.4026,1004.16
177,7,1,0,13.3903,938.786
184,7,1,0,13.3703,829.279
138,7,1,0,13.3536,739.414
133,7,1,0,13.3397,664.29
134,7,1,0,13.3321,612.333
129,7,1,0,13.325,574.749
1718,7,1,0,13.2991,432.78
1720,7,1,0,13.292,394.625
1719,7,1,0,13.2793,321.152
114,7,1,0,13.2416,117.424
1968,7,1,0,13.2348,79.7523
110,7,1,0,13.22,0
1016,7,1,1,13.7172,2559.29,0.0561667,244.982,0.25,2
1010,7,1,1,13.7082,2511.64
2026,7,1,1,13.6808,2377.86
2027,7,1,1,13.6757,2352.02
1998,7,1,1,13.6653,2299.32
1997,7,1,1,13.6567,2255.7
1996,7,1,1,13.6508,2227.41
1995,7,1,1,13.6426,2189.09
1993,7,1,1,13.6335,2145.41
1994,7,1,1,13.6292,2123.93
572,7,1,1,13.6222,2085.28
541,7,1,1,13.61,2024.92
540,7,1,1,13.5996,1971.28
1754,7,1,1,13.5912,1927.61
518,7,1,1,13.5833,1887.64
500,7,1,1,13.5783,1861.85
501,7,1,1,13.5528,1742.82
1402,7,1,2,14.0381,4171.66,0.0816667,356.205,0.16,3
1390,7,1,2,14.029,4121.61
1382,7,1,2,14.0034,3991.55
1362,7,1,2,13.9829,3881.56
1361,7,1,2,13.9787,3858.38
1354,7,1,2,13.9787,3858.19
1355,7,1,2,13.9722,3823.7
2076,7,1,2,13.9704,3814.59
1356,7,1,2,13.9628,3775.24
1357,7,1,2,13.962,3771.52
1349,7,1,2,13.9493,3706.57
1348,7,1,2,13.9487,3703.13
1340,7,1,2,13.9482,3700.59
1339,7,1,2,13.9426,3671.86
1330,7,1,2,13.9218,3563.11
1161,7,1,2,13.9125,3515.2
1162,7,1,2,13.9025,3462.21
1136,7,1,2,13.8838,3364.01
1138,7,1,2,13.8771,3329.65
1137,7,1,2,13.8712,3298.54
1123,7,1,2,13.8575,3232.39
1775,7,1,2,13.8489,3188.4
1102,7,1,2,13.8332,3109.22
1100,7,1,2,13.819,3039.82
1101,7,1,2,13.808,2983.18
1082,7,1,2,13.7996,2941.21
1079,7,1,2,13.7905,2894.19
1061,7,1,2,13.7862,2872.91
1063,7,1,2,13.783,2856.07
1062,7,1,2,13.782,2849.03
2159,7,1,2,13.7818,2848.04
1045,7,1,2,13.7811,2844.89
1043,7,1,2,13.7778,2828.21
2029,7,1,2,13.7777,2827.8
1016,7,1,2,13.7734,2804.27
110,7,1,3,14.7547,7948.32,0,0,0
1968,7,1,3,14.7371,7856.71
1969,7,1,3,14.7245,7779.85
115,7,1,3,14.722,7765.39
2113,7,1,3,14.7165,7736.2
2133,7,1,3,14.5828,6998.83
366,7,1,3,14.5788,6972.03
2134,7,1,3,14.5696,6914.26
2136,7,1,3,14.5588,6854.11
393,7,1,3,14.5288,6698.35
401,7,1,3,14.5161,6628.9
1739,7,1,3,14.5062,6575.04
1742,7,1,3,14.4997,6540.56
1741,7,1,3,14.4933,6506.07
418,7,1,3,14.4858,6466.55
417,7,1,3,14.483,6450.86
1989,7,1,3,14.465,6358.28
2011,7,1,3,14.4449,6255.21
2156,7,1,3,14.4394,6226.77
2013,7,1,3,14.4387,6223.62
886,7,1,3,14.4277,6169
888,7,1,3,14.4109,6075.87
903,7,1,3,14.3998,6017.61
904,7,1,3,14.3963,5998.75
925,7,1,3,14.3762,5885.54
2019,7,1,3,14.3705,5857.25
929,7,1,3,14.3701,5855.27
938,7,1,3,14.3585,5791
950,7,1,3,14.3436,5714.34
951,7,1,3,14.3327,5662.71
949,7,1,3,14.3204,5600.46
1302,7,1,3,14.2954,5468.03
1307,7,1,3,14.2817,5390.6
1308,7,1,3,14.2705,5331.03
1309,7,1,3,14.2522,5237.67
1314,7,1,3,14.2516,5234.8
2165,7,1,3,14.2361,5151.36
2071,7,1,3,14.2153,5040.21
1317,7,1,3,14.2033,4972.8
2072,7,1,3,14.1843,4870.1
1323,7,1,3,14.1683,4786.41
1388,7,1,3,14.1676,4782.63
1389,7,1,3,14.1589,4734.73
1390,7,1,3,14.1286,4576.84
1402,7,1,3,14.1198,4527.87
410,8,0,0,11.5122,1462.66,0.0726667,316.95,0.06,1
398,8,0,0,11.5119,1461.45
397,8,0,0,11.4993,1392.89
390,8,0,0,11.4798,1291.33
382,8,0,0,11.4625,1199.86
376,8,0,0,11.4445,1103.09
369,8,0,0,11.425,998.232
360,8,0,0,11.4027,878.986
361,8,0,0,11.3901,809.873
128,8,0,0,11.3296,481.115
126,8,0,0,11.3223,442.296
125,8,0,0,11.316,408.059
118,8,0,0,11.2831,231.019
1968,8,0,0,11.2553,81.9493
110,8,0,0,11.24,0
710,8,0,1,11.8046,3117.52,0.0443333,193.369,0.36,2
1543,8,0,1,11.7831,2997.25
715,8,0,1,11.7783,2952.99
714,8,0,1,11.7744,2928.98
726,8,0,1,11.7742,2927.1
529,8,0,1,11.7605,2827.61
605,8,0,1,11.7457,2731
603,8,0,1,11.7406,2703.02
604,8,0,1,11.7363,2679.88
596,8,0,1,11.7362,2678.91
580,8,0,1,11.7278,2620.63
574,8,0,1,11.7105,2527.39
573,8,0,1,11.7005,2471.49
564,8,0,1,11.6928,2430.34
557,8,0,1,11.6867,2396.35
561,8,0,1,11.68,2349.83
628,8,0,1,11.6755,2324.18
609,8,0,1,11.6628,2247.52
423,8,0,1,11.6569,2191.2
419,8,0,1,11.6522,2156.76
418,8,0,1,11.6369,2071.84
2139,8,0,1,11.633,2050.41
2138,8,0,1,11.6146,1948.97
411,8,0,1,11.601,1874.15
412,8,0,1,11.5985,1855.14
398,8,0,1,11.5851,1780.81
410,8,0,1,11.5848,1779.61
110,8,0,2,12.1554,5064.79,0,0,0
1968,8,0,2,12.1403,4983.75
114,8,0,2,12.1351,4949.43
1719,8,0,2,12.0921,4722.82
1718,8,0,2,12.0766,4635.77
129,8,0,2,12.0522,4499.9
134,8,0,2,12.0458,4465.51
133,8,0,2,12.033,4397.31
138,8,0,2,12.0121,4292.72
184,8,0,2,11.9929,4191.76
440,8,0,2,11.9762,4100.57
451,8,0,2,11.9574,4004.86
1716,8,0,2,11.955,3988.43
462,8,0,2,11.9446,3936.01
1990,8,0,2,11.9368,3882.98
452,8,0,2,11.9318,3850.54
453,8,0,2,11.9204,3763.36
455,8,0,2,11.908,3693.43
454,8,0,2,11.9052,3677.82
457,8,0,2,11.8985,3623.85
456,8,0,2,11.8933,3594.41
458,8,0,2,11.8839,3533.26
459,8,0,2,11.8779,3488.16
1543,8,0,2,11.8686,3425.93
710,8,0,2,11.8489,3310.88
1402,8,1,0,14.1034,3372.79,0.0816667,356.205,0.16,1
1390,8,1,0,14.0941,3321.76
1389,8,1,0,14.0655,3170.7
1388,8,1,0,14.0567,3122.71
1370,8,1,0,14.0198,2928.06
1359,8,1,0,14.0189,2923.6
2071,8,1,0,14.0023,2830.9
2165,8,1,0,13.9804,2715.19
1314,8,1,0,13.9631,2623.77
2163,8,1,0,13.9483,2543.94
2023,8,1,0,13.9217,2399.84
1787,8,1,0,13.9136,2358.52
2020,8,1,0,13.8947,2264.44
935,8,1,0,13.8849,2212.99
934,8,1,0,13.8844,2210.39
933,8,1,0,13.8727,2150.9
936,8,1,0,13.8722,2147.96
1737,8,1,0,13.8607,2085.09
917,8,1,0,13.8475,2016.59
916,8,1,0,13.8473,2015.68
906,8,1,0,13.8235,1891.34
889,8,1,0,13.8122,1832.97
890,8,1,0,13.8055,1797.06
2013,8,1,0,13.786,1693.84
1988,8,1,0,13.7684,1599.98
417,8,1,0,13.7479,1495.37
418,8,1,0,13.7439,1474.43
1741,8,1,0,13.7382,1442.44
1740,8,1,0,13.7344,1421.91
1739,8,1,0,13.7297,1395.5
401,8,1,0,13.7191,1338.14
393,8,1,0,13.7059,1266.67
2136,8,1,0,13.6831,1141.76
2134,8,1,0,13.6718,1079.42
360,8,1,0,13.6391,906.015
361,8,1,0,13.6246,828.632
128,8,1,0,13.5695,523.193
126,8,1,0,13.561,479.066
125,8,1,0,13.5518,432.83
118,8,1,0,13.517,247.521
1968,8,1,0,13.4848,79.7523
110,8,1,0,13.47,0
1016,8,1,1,14.4432,5082,0.0881667,384.556,0.22,2
2029,8,1,1,14.4388,5058.25
1043,8,1,1,14.4387,5057.84
2158,8,1,1,14.4319,5023.06
2030,8,1,1,14.4279,5003.22
1041,8,1,1,14.4228,4976.64
1059,8,1,1,14.4139,4931.8
1058,8,1,1,14.4089,4906.55
1075,8,1,1,14.3914,4816.48
1072,8,1,1,14.3814,4765.04
1071,8,1,1,14.3712,4714.56
1090,8,1,1,14.3651,4677.34
1089,8,1,1,14.359,4644.02
1119,8,1,1,14.3504,4598.13
1118,8,1,1,14.3443,4564.54
2044,8,1,1,14.329,4484.98
2169,8,1,1,14.321,4443.96
2171,8,1,1,14.3164,4419.81
1549,8,1,1,14.3086,4379.66
1147,8,1,1,14.3011,4341.27
1327,8,1,1,14.2728,4193.3
1343,8,1,1,14.2722,4190.57
1355,8,1,1,14.2454,4051.15
1364,8,1,1,14.2453,4050.94
1362,8,1,1,14.2355,3998.96
1382,8,1,1,14.2155,3891.13
1390,8,1,1,14.194,3777.96
1402,8,1,1,14.1851,3728.99
110,8,1,2,14.9507,7672.26,0,0,0
111,8,1,2,14.9484,7656.38
1968,8,1,2,14.9389,7591.7
114,8,1,2,14.9334,7556.97
1719,8,1,2,14.8972,7359.36
1718,8,1,2,14.8773,7253.04
129,8,1,2,14.8533,7119.25
134,8,1,2,14.8476,7087.84
133,8,1,2,14.8368,7028.46
138,8,1,2,14.816,6923.88
184,8,1,2,14.7994,6834.28
440,8,1,2,14.779,6727.06
451,8,1,2,14.7625,6640.86
1716,8,1,2,14.76,6624.43
462,8,1,2,14.7509,6577.36
1990,8,1,2,14.7439,6524.67
463,8,1,2,14.7252,6428.15
474,8,1,2,14.7098,6348.91
2140,8,1,2,14.7008,6307.57
475,8,1,2,14.6958,6283.34
499,8,1,2,14.688,6243.75
500,8,1,2,14.6834,6220.35
518,8,1,2,14.6788,6196.24
1754,8,1,2,14.6752,6171.31
540,8,1,2,14.667,6128.84
541,8,1,2,14.6551,6069.02
572,8,1,2,14.6455,6019.35
1994,8,1,2,14.6329,5956.95
1993,8,1,2,14.6286,5935.46
1995,8,1,2,14.616,5877.72
1996,8,1,2,14.6101,5848.54
1997,8,1,2,14.6062,5828.64
2027,8,1,2,14.579,5698.42
2026,8,1,2,14.5732,5669.93
978,8,1,2,14.5659,5634.79
1010,8,1,2,14.551,5558.02
1016,8,1,2,14.5313,5466.56
501,8,2,0,14.1996,1510.92,0.107,466.702,0.18,1
502,8,2,0,14.1944,1485.38
473,8,2,0,14.1865,1446.3
2141,8,2,0,14.1863,1445.32
1750,8,2,0,14.182,1424.02
477,8,2,0,14.1775,1400.71
453,8,2,0,14.1485,1243.21
446,8,2,0,14.1402,1195.77
442,8,2,0,14.1285,1137.28
1857,8,2,0,14.1197,1091.26
441,8,2,0,14.1136,1062.09
185,8,2,0,14.1026,1004.16
177,8,2,0,14.0903,938.786
184,8,2,0,14.0703,829.279
138,8,2,0,14.0536,739.414
133,8,2,0,14.0397,664.29
134,8,2,0,14.0321,612.333
129,8,2,0,14.025,574.749
1718,8,2,0,13.9991,432.78
1720,8,2,0,13.992,394.625
1719,8,2,0,13.9793,321.152
114,8,2,0,13.9416,117.424
1968,8,2,0,13.9348,79.7523
110,8,2,0,13.92,0
110,8,2,1,14.5803,3466.82,0,0,0
111,8,2,1,14.578,3450.94
1968,8,2,1,14.5685,3386.26
114,8,2,1,14.563,3351.53
1719,8,2,1,14.525,3146.49
1720,8,2,1,14.5099,3064.02
1718,8,2,1,14.5042,3031.47
129,8,2,1,14.479,2892.4
134,8,2,1,14.4729,2859.44
133,8,2,1,14.4605,2792.91
138,8,2,1,14.4397,2688.33
184,8,2,1,14.4233,2599.79
440,8,2,1,14.4075,2512.17
451,8,2,1,14.3909,2425.97
1716,8,2,1,14.3885,2409.55
462,8,2,1,14.3794,2362.47
1990,8,2,1,14.3723,2309.78
463,8,2,1,14.3536,2213.26
474,8,2,1,14.3383,2134.02
2140,8,2,1,14.3293,2092.69
2141,8,2,1,14.3214,2049.48
473,8,2,1,14.3212,2048.2
502,8,2,1,14.3121,2004.3
501,8,2,1,14.3066,1977.62
410,9,0,0,11.7022,1462.66,0.0726667,316.95,0.06,1
398,9,0,0,11.7019,1461.45
397,9,0,0,11.6893,1392.89
390,9,0,0,11.6698,1291.33
382,9,0,0,11.6525,1199.86
376,9,0,0,11.6345,1103.09
369,9,0,0,11.615,998.232
360,9,0,0,11.5927,878.986
361,9,0,0,11.5801,809.873
128,9,0,0,11.5196,481.115
126,9,0,0,11.5123,442.296
125,9,0,0,11.506,408.059
118,9,0,0,11.4731,231.019
1968,9,0,0,11.4453,81.9493
110,9,0,0,11.43,0
710,9,0,1,11.9946,3117.52,0.0443333,193.369,0.36,2
1543,9,0,1,11.9731,2997.25
715,9,0,1,11.9683,2952.99
714,9,0,1,11.9644,2928.98
726,9,0,1,11.9642,2927.1
529,9,0,1,11.9505,2827.61
605,9,0,1,11.9357,2731
603,9,0,1,11.9306,2703.02
604,9,0,1,11.9263,2679.88
596,9,0,1,11.9262,2678.91
580,9,0,1,11.9178,2620.63
574,9,0,1,11.9005,2527.39
573,9,0,1,11.8905,2471.49
564,9,0,1,11.8828,2430.34
557,9,0,1,11.8767,2396.35
561,9,0,1,11.87,2349.83
628,9,0,1,11.8655,2324.18
609,9,0,1,11.8528,2247.52
423,9,0,1,11.8469,2191.2
419,9,0,1,11.8422,2156.76
418,9,0,1,11.8269,2071.84
2139,9,0,1,11.823,2050.41
2138,9,0,1,11.8046,1948.97
411,9,0,1,11.791,1874.15
412,9,0,1,11.7885,1855.14
398,9,0,1,11.7751,1780.81
410,9,0,1,11.7748,1779.61
501,9,0,2,12.1653,4004.15,0.102667,447.801,0.22,3
1747,9,0,2,12.1585,3971.54
505,9,0,2,12.1534,3945.32
506,9,0,2,12.1359,3864.64
507,9,0,2,12.1286,3829.61
510,9,0,2,12.1178,3778.53
509,9,0,2,12.1126,3753.11
508,9,0,2,12.1077,3726.5
512,9,0,2,12.0999,3687.28
511,9,0,2,12.0961,3668.12
2145,9,0,2,12.0954,3664.9
2146,9,0,2,12.0838,3600.57
529,9,0,2,12.0799,3564.4
726,9,0,2,12.0652,3464.31
714,9,0,2,12.065,3462.45
1543,9,0,2,12.0607,3432.49
710,9,0,2,12.0389,3310.88
1402,9,0,3,12.6748,6528.05,0.085,370.744,0.2,4
1390,9,0,3,12.6647,6473.65
1382,9,0,3,12.6422,6356.54
1362,9,0,3,12.6229,6251.71
1361,9,0,3,12.6184,6227.19
1354,9,0,3,12.6183,6227
1355,9,0,3,12.6129,6196.96
2076,9,0,3,12.6111,6187.84
1356,9,0,3,12.6023,6143.41
1357,9,0,3,12.6015,6139.69
1349,9,0,3,12.5882,6072.29
1348,9,0,3,12.5874,6067.95
1340,9,0,3,12.5869,6065.4
1339,9,0,3,12.5807,6034.28
1329,9,0,3,12.5683,5969.68
1158,9,0,3,12.551,5883.85
2048,9,0,3,12.5308,5777.27
1131,9,0,3,12.5253,5748.9
1130,9,0,3,12.5195,5719.97
1129,9,0,3,12.5007,5631.33
1121,9,0,3,12.4814,5531.4
1095,9,0,3,12.4733,5492.59
1093,9,0,3,12.4656,5451.87
1074,9,0,3,12.4591,5415.67
1073,9,0,3,12.4473,5356.8
1057,9,0,3,12.4291,5264.11
1042,9,0,3,12.4238,5237.73
2030,9,0,3,12.4168,5200.7
1011,9,0,3,12.4167,5199.85
1547,9,0,3,12.4024,5129.73
1546,9,0,3,12.3973,5104.04
975,9,0,3,12.3941,5086.89
2026,9,0,3,12.388,5054.16
2027,9,0,3,12.3804,5018.35
1998,9,0,3,12.3704,4967.25
1997,9,0,3,12.3622,4925.17
1996,9,0,3,12.3559,4895.54
1995,9,0,3,12.3493,4863.46
1993,9,0,3,12.3442,4836.65
1994,9,0,3,12.34,4815.17
572,9,0,3,12.3329,4776.05
541,9,0,3,12.324,4729.48
540,9,0,3,12.3133,4674.57
1754,9,0,3,12.3047,4630.38
518,9,0,3,12.2961,4587.43
500,9,0,3,12.2905,4559
501,9,0,3,12.2679,4451.95
1016,9,0,4,13.0252,8276.7,0.0561667,244.982,0.25,5
2029,9,0,4,13.0186,8243.69
1043,9,0,4,13.0186,8243.27
2158,9,0,4,13.0095,8199.12
2030,9,0,4,13.0055,8179.29
1041,9,0,4,13.0008,8154.3
1059,9,0,4,12.9926,8112.46
1058,9,0,4,12.9874,8086.4
1056,9,0,4,12.981,8051.96
1072,9,0,4,12.9634,7961.06
1071,9,0,4,12.9552,7918.96
1090,9,0,4,12.9469,7874.32
1089,9,0,4,12.9403,7838.46
1119,9,0,4,12.9332,7799.23
1118,9,0,4,12.9264,7763.03
2044,9,0,4,12.9103,7679.78
2169,9,0,4,12.9038,7644.9
2171,9,0,4,12.8996,7622.76
2046,9,0,4,12.8934,7591.54
1778,9,0,4,12.868,7463.03
1327,9,0,4,12.8567,7402.25
1343,9,0,4,12.8561,7399.52
1355,9,0,4,12.8314,7268.7
1364,9,0,4,12.8313,7268.49
1362,9,0,4,12.8211,7214.86
1382,9,0,4,12.7917,7067.27
1390,9,0,4,12.7707,6956.63
1402,9,0,4,12.7598,6898.79
110,9,0,5,13.5032,10718,0,0,0
1968,9,0,5,13.4881,10637.2
114,9,0,5,13.4823,10602
1719,9,0,5,13.4467,10407.2
1718,9,0,5,13.4284,10307.8
129,9,0,5,13.4041,10172.7
134,9,0,5,13.3968,10134.3
133,9,0,5,13.3841,10066.7
138,9,0,5,13.3633,9962.14
184,9,0,5,13.3456,9867.87
440,9,0,5,13.3246,9758.01
451,9,0,5,13.3082,9672.59
1716,9,0,5,13.3058,9656.17
462,9,0,5,13.2986,9617.35
1990,9,0,5,13.2908,9564.31
463,9,0,5,13.2736,9474.27
474,9,0,5,13.2598,9401.28
2140,9,0,5,13.2516,9363.45
475,9,0,5,13.2449,9332.18
499,9,0,5,13.2371,9292.59
500,9,0,5,13.2325,9269.18
518,9,0,5,13.227,9241
1754,9,0,5,13.2138,9179.14
540,9,0,5,13.2052,9135.24
541,9,0,5,13.1945,9080.09
572,9,0,5,13.1858,9034.33
1994,9,0,5,13.1761,8984.05
1993,9,0,5,13.1718,8962.57
1995,9,0,5,13.165,8928.2
1996,9,0,5,13.1589,8898.26
1997,9,0,5,13.155,8878.36
2027,9,0,5,13.1301,8757.58
2026,9,0,5,13.1243,8729.1
978,9,0,5,13.1153,8687.1
1010,9,0,5,13.1015,8614.98
1016,9,0,5,13.0814,8521.68
710,10,0,0,11.6884,1682.36,0.0443333,193.369,0.36,1
1543,10,0,0,11.6633,1546.36
459,10,0,0,11.6534,1483.42
458,10,0,0,11.6464,1437.75
456,10,0,0,11.6372,1376.86
457,10,0,0,11.6318,1346.64
454,10,0,0,11.6242,1292.68
455,10,0,0,11.6218,1278.37
453,10,0,0,11.6126,1212.8
446,10,0,0,11.604,1164.09
442,10,0,0,11.5958,1120.37
1857,10,0,0,11.5874,1076.3
441,10,0,0,11.5825,1051.98
185,10,0,0,11.5715,993.794
177,10,0,0,11.5589,927.553
184,10,0,0,11.5385,816.223
138,10,0,0,11.5228,730.3
133,10,0,0,11.5085,653.53
134,10,0,0,11.5009,601.574
129,10,0,0,11.4933,561.93
1718,10,0,0,11.4669,417.674
1719,10,0,0,11.4502,325.295
114,10,0,0,11.4123,120.486
1968,10,0,0,11.4053,81.9493
110,10,0,0,11.39,0
410,10,0,1,11.9719,3297.46,0.0726667,316.95,0.06,2
398,10,0,1,11.9717,3296.25
397,10,0,1,11.9613,3236.47
399,10,0,1,11.9448,3146.48
411,10,0,1,11.9303,3066.94
1537,10,0,1,11.9022,2908.63
418,10,0,1,11.8969,2880.17
419,10,0,1,11.8806,2791.05
423,10,0,1,11.8759,2756.6
609,10,0,1,11.87,2700.28
628,10,0,1,11.8574,2623.84
561,10,0,1,11.8533,2598.8
557,10,0,1,11.8453,2550.72
554,10,0,1,11.8437,2542.26
565,10,0,1,11.8361,2499.32
573,10,0,1,11.8308,2472.73
574,10,0,1,11.8218,2420.94
580,10,0,1,11.8034,2322.66
596,10,0,1,11.7973,2262.81
595,10,0,1,11.7918,2232.4
605,10,0,1,11.7906,2224.41
529,10,0,1,11.7734,2124.38
726,10,0,1,11.7575,2023.19
714,10,0,1,11.7573,2021.3
1543,10,0,1,11.7525,1990.78
710,10,0,1,11.7328,1875.73
1402,10,0,2,12.4549,5784.91,0.085,370.744,0.2,3
1390,10,0,2,12.4448,5730.52
1382,10,0,2,12.4223,5613.41
1362,10,0,2,12.403,5508.58
1361,10,0,2,12.3985,5484.06
1354,10,0,2,12.3985,5483.87
2188,10,0,2,12.392,5450.11
2075,10,0,2,12.3711,5342.16
1822,10,0,2,12.3703,5338.17
1353,10,0,2,12.3613,5292.42
2118,10,0,2,12.3398,5176.26
2117,10,0,2,12.3372,5151.63
2164,10,0,2,12.32,5038.48
1307,10,0,2,12.3034,4951.49
1302,10,0,2,12.2867,4861.24
949,10,0,2,12.264,4738.44
2025,10,0,2,12.2605,4720.99
1598,10,0,2,12.2571,4702.02
948,10,0,2,12.2504,4667.33
928,10,0,2,12.2387,4604.29
923,10,0,2,12.2025,4423.53
924,10,0,2,12.1942,4384.22
914,10,0,2,12.1738,4277.13
902,10,0,2,12.1675,4242.13
887,10,0,2,12.1509,4156.83
2012,10,0,2,12.1334,4065.19
884,10,0,2,12.1289,4042.25
1987,10,0,2,12.0915,3852.27
413,10,0,2,12.0722,3754.57
414,10,0,2,12.0669,3726.93
410,10,0,2,12.0446,3614.41
1016,10,0,3,12.8053,7533.57,0.0438333,191.188,0.28,4
2029,10,0,3,12.7988,7500.56
1043,10,0,3,12.7987,7500.14
2158,10,0,3,12.7896,7455.99
2030,10,0,3,12.7856,7436.16
1041,10,0,3,12.7809,7411.17
1059,10,0,3,12.7727,7369.33
1058,10,0,3,12.7675,7343.27
1056,10,0,3,12.7611,7308.83
1072,10,0,3,12.7435,7217.93
1071,10,0,3,12.7353,7175.83
1090,10,0,3,12.7271,7131.19
1089,10,0,3,12.7204,7095.33
1119,10,0,3,12.7133,7056.1
1118,10,0,3,12.7065,7019.9
2044,10,0,3,12.6904,6936.65
2169,10,0,3,12.6839,6901.77
2171,10,0,3,12.6797,6879.63
2046,10,0,3,12.6735,6848.4
1778,10,0,3,12.6481,6719.89
1327,10,0,3,12.6368,6659.12
1343,10,0,3,12.6362,6656.39
1355,10,0,3,12.6115,6525.57
1364,10,0,3,12.6114,6525.36
1362,10,0,3,12.6012,6471.73
1382,10,0,3,12.5718,6324.13
1390,10,0,3,12.5508,6213.5
1402,10,0,3,12.5399,6155.66
501,10,0,4,13.0398,8650.26,0.0531667,231.897,0.2,5
1747,10,0,4,13.0331,8617.65
1746,10,0,4,13.0039,8473.15
1745,10,0,4,12.993,8419.08
1844,10,0,4,12.9724,8318.85
575,10,0,4,12.9697,8302.8
571,10,0,4,12.9659,8282.83
570,10,0,4,12.9613,8260.5
569,10,0,4,12.9556,8232.9
640,10,0,4,12.9503,8205.88
649,10,0,4,12.9438,8174.55
646,10,0,4,12.9374,8143.67
691,10,0,4,12.9296,8106.91
689,10,0,4,12.9058,7996.02
979,10,0,4,12.8961,7951.98
980,10,0,4,12.8909,7925.91
978,10,0,4,12.8873,7907.42
1010,10,0,4,12.8716,7827.27
1016,10,0,4,12.8491,7724.76
110,10,0,5,13.3651,10342.9,0,0,0
1968,10,0,5,13.35,10262.1
114,10,0,5,13.3442,10226.9
1719,10,0,5,13.3089,10033.7
1718,10,0,5,13.2908,9935.14
129,10,0,5,13.2669,9801.38
134,10,0,5,13.262,9772.88
133,10,0,5,13.25,9708.04
138,10,0,5,13.2291,9603.46
184,10,0,5,13.2123,9513.07
440,10,0,5,13.1898,9396.69
451,10,0,5,13.1734,9311.27
1716,10,0,5,13.171,9294.85
462,10,0,5,13.1638,9256.03
1990,10,0,5,13.156,9202.99
463,10,0,5,13.1388,9112.95
474,10,0,5,13.125,9039.96
2140,10,0,5,13.1168,9002.13
2141,10,0,5,13.1086,8957.15
473,10,0,5,13.1084,8956.39
502,10,0,5,13.0994,8912.49
501,10,0,5,13.093,8882.16
410,11,0,0,13.3943,1471.19,0.074,322.766,0.11,1
398,11,0,0,13.394,1469.98
397,11,0,0,13.3832,1408.71
390,11,0,0,13.3633,1305.9
382,11,0,0,13.3469,1218.33
376,11,0,0,13.3299,1125.74
369,11,0,0,13.3101,1019.33
360,11,0,0,13.2891,906.015
361,11,0,0,13.2746,828.632
128,11,0,0,13.2195,523.193
126,11,0,0,13.211,479.066
125,11,0,0,13.2018,432.83
118,11,0,0,13.167,247.521
1968,11,0,0,13.1348,79.7523
110,11,0,0,13.12,0
1016,11,0,1,13.6827,2978.6,0.0561667,244.982,0.25,2
1010,11,0,1,13.6736,2930.95
2026,11,0,1,13.6462,2797.16
2027,11,0,1,13.6411,2771.32
1998,11,0,1,13.6307,2718.62
1997,11,0,1,13.6221,2675.01
1996,11,0,1,13.6162,2646.71
1995,11,0,1,13.608,2608.39
1993,11,0,1,13.5989,2564.72
1994,11,0,1,13.5946,2543.23
562,11,0,1,13.5851,2494.18
563,11,0,1,13.5814,2475.26
564,11,0,1,13.5757,2444.42
557,11,0,1,13.5698,2411.34
561,11,0,1,13.5631,2364.8
628,11,0,1,13.5588,2339.43
609,11,0,1,13.5466,2263.63
423,11,0,1,13.5407,2207.31
419,11,0,1,13.5354,2172.47
418,11,0,1,13.5171,2074.91
2139,11,0,1,13.5138,2055.44
2138,11,0,1,13.4974,1962.7
411,11,0,1,13.4851,1893.38
412,11,0,1,13.483,1873.87
398,11,0,1,13.4686,1795.16
410,11,0,1,13.4683,1793.95
1402,11,0,2,14.0035,4590.97,0.0816667,356.205,0.16,3
1390,11,0,2,13.9944,4540.91
1382,11,0,2,13.9689,4410.86
1362,11,0,2,13.9483,4300.86
1361,11,0,2,13.9441,4277.69
1354,11,0,2,13.9441,4277.5
1355,11,0,2,13.9376,4243
2076,11,0,2,13.9358,4233.89
1356,11,0,2,13.9282,4194.54
1357,11,0,2,13.9274,4190.82
1349,11,0,2,13.9147,4125.87
1348,11,0,2,13.9141,4122.44
1340,11,0,2,13.9136,4119.9
1339,11,0,2,13.908,4091.16
1330,11,0,2,13.8873,3982.42
1161,11,0,2,13.8779,3934.51
1162,11,0,2,13.8679,3881.51
1136,11,0,2,13.8492,3783.31
1138,11,0,2,13.8425,3748.95
1137,11,0,2,13.8366,3717.85
1123,11,0,2,13.8229,3651.7
1775,11,0,2,13.8143,3607.71
1102,11,0,2,13.7986,3528.52
1100,11,0,2,13.7844,3459.13
1101,11,0,2,13.7734,3402.48
1082,11,0,2,13.765,3360.52
1079,11,0,2,13.7559,3313.5
1061,11,0,2,13.7516,3292.21
1063,11,0,2,13.7484,3275.37
1062,11,0,2,13.7474,3268.33
2159,11,0,2,13.7472,3267.35
1045,11,0,2,13.7465,3264.2
1043,11,0,2,13.7432,3247.52
2029,11,0,2,13.7431,3247.1
1016,11,0,2,13.7388,3223.58
501,11,0,3,14.5055,7106.11,0.107,466.702,0.18,4
1747,11,0,3,14.4995,7076.89
1746,11,0,3,14.4709,6934.48
540,11,0,3,14.4539,6848.54
541,11,0,3,14.4414,6786.03
572,11,0,3,14.4309,6732.79
567,11,0,3,14.4208,6679.38
565,11,0,3,14.4186,6665.89
562,11,0,3,14.4119,6631.38
639,11,0,3,14.4085,6613.94
638,11,0,3,14.4028,6584.27
637,11,0,3,14.3978,6559.24
685,11,0,3,14.3868,6505.46
687,11,0,3,14.3816,6479.43
971,11,0,3,14.3669,6410.53
972,11,0,3,14.3596,6374.32
973,11,0,3,14.3449,6305.19
1008,11,0,3,14.3352,6257.09
1009,11,0,3,14.323,6195.51
1041,11,0,3,14.3229,6194.82
1059,11,0,3,14.314,6149.99
1058,11,0,3,14.309,6124.74
1075,11,0,3,14.2915,6034.67
1072,11,0,3,14.2815,5983.22
1071,11,0,3,14.2713,5932.75
1090,11,0,3,14.2652,5895.53
1089,11,0,3,14.2591,5862.2
1119,11,0,3,14.2505,5816.31
1118,11,0,3,14.2443,5782.73
2044,11,0,3,14.2291,5703.16
2169,11,0,3,14.2211,5662.14
2171,11,0,3,14.2164,5637.99
1549,11,0,3,14.2087,5597.84
1147,11,0,3,14.2012,5559.46
1327,11,0,3,14.1728,5411.48
1343,11,0,3,14.1722,5408.75
1355,11,0,3,14.1455,5269.33
1364,11,0,3,14.1454,5269.12
1362,11,0,3,14.1356,5217.14
1382,11,0,3,14.1156,5109.31
1390,11,0,3,14.0941,4996.14
1402,11,0,3,14.0852,4947.17
110,11,0,4,14.8862,9062.01,0,0,0
111,11,0,4,14.8838,9046.13
1968,11,0,4,14.8744,8981.46
114,11,0,4,14.8688,8946.72
1719,11,0,4,14.8308,8741.69
1720,11,0,4,14.8158,8659.22
1718,11,0,4,14.81,8626.67
129,11,0,4,14.7848,8487.6
134,11,0,4,14.7788,8454.63
133,11,0,4,14.7664,8388.1
138,11,0,4,14.7455,8283.52
184,11,0,4,14.7292,8194.98
440,11,0,4,14.7133,8107.36
451,11,0,4,14.6968,8021.16
1716,11,0,4,14.6944,8004.74
462,11,0,4,14.6852,7957.67
1990,11,0,4,14.6782,7904.97
463,11,0,4,14.6595,7808.45
474,11,0,4,14.6441,7729.21
2140,11,0,4,14.6351,7687.88
2141,11,0,4,14.6273,7644.68
473,11,0,4,14.627,7643.39
502,11,0,4,14.618,7599.49
501,11,0,4,14.6125,7572.81
710,11,1,0,11.8384,1682.36,0.0443333,193.369,0.36,1
1543,11,1,0,11.8133,1546.36
459,11,1,0,11.8034,1483.42
458,11,1,0,11.7964,1437.75
456,11,1,0,11.7872,1376.86
457,11,1,0,11.7818,1346.64
454,11,1,0,11.7742,1292.68
455,11,1,0,11.7718,1278.37
453,11,1,0,11.7626,1212.8
446,11,1,0,11.754,1164.09
442,11,1,0,11.7458,1120.37
1857,11,1,0,11.7374,1076.3
441,11,1,0,11.7325,1051.98
185,11,1,0,11.7215,993.794
177,11,1,0,11.7089,927.553
184,11,1,0,11.6885,816.223
138,11,1,0,11.6728,730.3
133,11,1,0,11.6585,653.53
134,11,1,0,11.6509,601.574
129,11,1,0,11.6433,561.93
1718,11,1,0,11.6169,417.674
1719,11,1,0,11.6002,325.295
114,11,1,0,11.5623,120.486
1968,11,1,0,11.5553,81.9493
110,11,1,0,11.54,0
110,11,1,1,12.1892,3629.63,0,0,0
1968,11,1,1,12.1741,3548.6
114,11,1,1,12.1689,3514.27
1719,11,1,1,12.1259,3287.66
1718,11,1,1,12.1105,3200.61
129,11,1,1,12.086,3064.75
134,11,1,1,12.0796,3030.36
133,11,1,1,12.0668,2962.15
138,11,1,1,12.046,2857.57
184,11,1,1,12.0267,2756.61
440,11,1,1,12.0101,2665.42
451,11,1,1,11.9913,2569.71
1716,11,1,1,11.9889,2553.28
462,11,1,1,11.9785,2500.86
1990,11,1,1,11.9706,2447.83
452,11,1,1,11.9656,2415.39
453,11,1,1,11.9543,2328.21
455,11,1,1,11.9419,2258.28
454,11,1,1,11.939,2242.66
457,11,1,1,11.9323,2188.7
456,11,1,1,11.9272,2159.26
458,11,1,1,11.9177,2098.11
459,11,1,1,11.9118,2053.01
1543,11,1,1,11.9025,1990.78
710,11,1,1,11.8828,1875.73
