Nodo,Individuo,Ruta,Segmento,Tiempo viaje,Costo viaje,Tiempo atencion,Costo atencion,Tasa fallo,Demanda
410,0,0,0,11.9822,1462.66,0.0726667,316.95,0.06,1
398,0,0,0,11.9819,1461.45
397,0,0,0,11.9693,1392.89
390,0,0,0,11.9498,1291.33
382,0,0,0,11.9325,1199.86
376,0,0,0,11.9145,1103.09
369,0,0,0,11.895,998.232
360,0,0,0,11.8727,878.986
361,0,0,0,11.8601,809.873
128,0,0,0,11.7996,481.115
126,0,0,0,11.7923,442.296
125,0,0,0,11.786,408.059
118,0,0,0,11.7531,231.019
1968,0,0,0,11.7253,81.9493
110,0,0,0,11.71,0
1402,0,0,1,12.4652,3950.11,0.085,370.744,0.2,2
1390,0,0,1,12.455,3895.71
1382,0,0,1,12.4326,3778.6
1362,0,0,1,12.4132,3673.78
1361,0,0,1,12.4087,3649.26
1354,0,0,1,12.4087,3649.07
2188,0,0,1,12.4023,3615.31
2075,0,0,1,12.3813,3507.36
1822,0,0,1,12.3805,3503.36
1353,0,0,1,12.3715,3457.62
2118,0,0,1,12.35,3341.45
2117,0,0,1,12.3475,3316.82
2164,0,0,1,12.3302,3203.67
1307,0,0,1,12.3136,3116.68
1302,0,0,1,12.297,3026.44
949,0,0,1,12.2742,2903.64
2025,0,0,1,12.2708,2886.18
1598,0,0,1,12.2674,2867.22
948,0,0,1,12.2606,2832.53
928,0,0,1,12.249,2769.48
923,0,0,1,12.2127,2588.73
924,0,0,1,12.2044,2549.42
914,0,0,1,12.184,2442.33
902,0,0,1,12.1778,2407.32
887,0,0,1,12.1611,2322.03
2012,0,0,1,12.1436,2230.38
884,0,0,1,12.1392,2207.45
1987,0,0,1,12.1017,2017.46
413,0,0,1,12.0824,1919.77
414,0,0,1,12.0771,1892.12
410,0,0,1,12.0548,1779.61
1016,0,0,2,12.8155,5698.77,0.0438333,191.188,0.28,3
2029,0,0,2,12.809,5665.75
1043,0,0,2,12.8089,5665.34
2158,0,0,2,12.7998,5621.19
2030,0,0,2,12.7959,5601.35
1041,0,0,2,12.7911,5576.37
1059,0,0,2,12.783,5534.52
1058,0,0,2,12.7778,5508.47
1056,0,0,2,12.7713,5474.03
1072,0,0,2,12.7537,5383.13
1071,0,0,2,12.7455,5341.02
1090,0,0,2,12.7373,5296.38
1089,0,0,2,12.7306,5260.53
1119,0,0,2,12.7236,5221.29
1118,0,0,2,12.7168,5185.09
2044,0,0,2,12.7007,5101.85
2169,0,0,2,12.6941,5066.97
2171,0,0,2,12.6899,5044.83
2046,0,0,2,12.6837,5013.6
1778,0,0,2,12.6583,4885.09
1327,0,0,2,12.6471,4824.32
1343,0,0,2,12.6465,4821.58
1355,0,0,2,12.6217,4690.77
1364,0,0,2,12.6217,4690.56
1362,0,0,2,12.6115,4636.93
1382,0,0,2,12.582,4489.33
1390,0,0,2,12.5611,4378.7
1402,0,0,2,12.5502,4320.85
710,0,0,3,13.0217,6815.76,0.0466667,203.546,0.45,4
1543,0,0,3,12.9993,6691.56
715,0,0,3,12.9945,6647.41
714,0,0,3,12.9905,6623.26
726,0,0,3,12.9903,6621.4
529,0,0,3,12.9762,6521.75
605,0,0,3,12.9613,6425.08
603,0,0,3,12.955,6392.01
2202,0,0,3,12.9516,6371.22
602,0,0,3,12.9472,6345.93
1851,0,0,3,12.9364,6275.39
1852,0,0,3,12.9315,6251.31
706,0,0,3,12.9183,6186.8
991,0,0,3,12.9065,6126.72
2028,0,0,3,12.8958,6074.05
1012,0,0,3,12.8823,6005.34
1045,0,0,3,12.8668,5929.59
1043,0,0,3,12.8637,5913.73
2029,0,0,3,12.8636,5913.32
1016,0,0,3,12.8594,5889.95
501,0,0,4,13.1907,7687.73,0.0531667,231.897,0.2,5
1747,0,0,4,13.1848,7658.71
505,0,0,4,13.1783,7627.22
506,0,0,4,13.1641,7559.45
507,0,0,4,13.1572,7526.06
510,0,0,4,13.1484,7483.31
509,0,0,4,13.1445,7463.11
508,0,0,4,13.1391,7434.34
512,0,0,4,13.1309,7393.3
511,0,0,4,13.1277,7376.55
2145,0,0,4,13.127,7373.34
2146,0,0,4,13.1159,7311.58
529,0,0,4,13.112,7275.53
726,0,0,4,13.0959,7173.99
714,0,0,4,13.0957,7172.11
1543,0,0,4,13.0899,7139.68
710,0,0,4,13.0684,7019.31
110,0,0,5,13.516,9380.4,0,0,0
1968,0,0,5,13.5009,9299.59
114,0,0,5,13.4951,9264.41
1719,0,0,5,13.4598,9071.14
1718,0,0,5,13.4417,8972.6
129,0,0,5,13.4178,8838.85
134,0,0,5,13.4128,8810.34
133,0,0,5,13.4008,8745.51
138,0,0,5,13.38,8640.92
184,0,0,5,13.3632,8550.54
440,0,0,5,13.3406,8434.16
451,0,0,5,13.3243,8348.74
1716,0,0,5,13.3219,8332.31
462,0,0,5,13.3147,8293.49
1990,0,0,5,13.3069,8240.45
463,0,0,5,13.2897,8150.42
474,0,0,5,13.2758,8077.43
2140,0,0,5,13.2677,8039.59
2141,0,0,5,13.2595,7994.61
473,0,0,5,13.2593,7993.85
502,0,0,5,13.2503,7949.95
501,0,0,5,13.2438,7919.63
1402,1,0,0,14.1034,3372.79,0.0816667,356.205,0.16,1
1390,1,0,0,14.0941,3321.76
1389,1,0,0,14.0655,3170.7
1388,1,0,0,14.0567,3122.71
1370,1,0,0,14.0198,2928.06
1359,1,0,0,14.0189,2923.6
2071,1,0,0,14.0023,2830.9
2165,1,0,0,13.9804,2715.19
1314,1,0,0,13.9631,2623.77
2163,1,0,0,13.9483,2543.94
2023,1,0,0,13.9217,2399.84
1787,1,0,0,13.9136,2358.52
2020,1,0,0,13.8947,2264.44
935,1,0,0,13.8849,2212.99
934,1,0,0,13.8844,2210.39
933,1,0,0,13.8727,2150.9
936,1,0,0,13.8722,2147.96
1737,1,0,0,13.8607,2085.09
917,1,0,0,13.8475,2016.59
916,1,0,0,13.8473,2015.68
906,1,0,0,13.8235,1891.34
889,1,0,0,13.8122,1832.97
890,1,0,0,13.8055,1797.06
2013,1,0,0,13.786,1693.84
1988,1,0,0,13.7684,1599.98
417,1,0,0,13.7479,1495.37
418,1,0,0,13.7439,1474.43
1741,1,0,0,13.7382,1442.44
1740,1,0,0,13.7344,1421.91
1739,1,0,0,13.7297,1395.5
401,1,0,0,13.7191,1338.14
393,1,0,0,13.7059,1266.67
2136,1,0,0,13.6831,1141.76
2134,1,0,0,13.6718,1079.42
360,1,0,0,13.6391,906.015
361,1,0,0,13.6246,828.632
128,1,0,0,13.5695,523.193
126,1,0,0,13.561,479.066
125,1,0,0,13.5518,432.83
118,1,0,0,13.517,247.521
1968,1,0,0,13.4848,79.7523
110,1,0,0,13.47,0
110,1,0,1,14.82,7149.45,0,0,0
1968,1,0,1,14.8024,7057.83
1969,1,0,1,14.7899,6980.98
115,1,0,1,14.7874,6966.51
2113,1,0,1,14.7818,6937.32
2133,1,0,1,14.6481,6199.96
366,1,0,1,14.6441,6173.15
2134,1,0,1,14.635,6115.38
2136,1,0,1,14.6241,6055.23
393,1,0,1,14.5942,5899.47
401,1,0,1,14.5814,5830.02
1739,1,0,1,14.5716,5776.17
1742,1,0,1,14.5651,5741.69
1741,1,0,1,14.5586,5707.19
418,1,0,1,14.5512,5667.67
417,1,0,1,14.5484,5651.99
1989,1,0,1,14.5303,5559.41
2011,1,0,1,14.5102,5456.34
2156,1,0,1,14.5047,5427.9
2013,1,0,1,14.5041,5424.74
886,1,0,1,14.493,5370.13
888,1,0,1,14.4762,5276.99
903,1,0,1,14.4652,5218.73
904,1,0,1,14.4616,5199.87
925,1,0,1,14.4415,5086.66
2019,1,0,1,14.4359,5058.38
929,1,0,1,14.4355,5056.39
938,1,0,1,14.4239,4992.12
950,1,0,1,14.4089,4915.47
951,1,0,1,14.3981,4863.83
949,1,0,1,14.3857,4801.58
1302,1,0,1,14.3607,4669.15
1307,1,0,1,14.347,4591.72
1308,1,0,1,14.3358,4532.15
1309,1,0,1,14.3175,4438.8
1314,1,0,1,14.317,4435.92
2165,1,0,1,14.3015,4352.48
2071,1,0,1,14.2807,4241.33
1317,1,0,1,14.2686,4173.92
2072,1,0,1,14.2497,4071.22
1323,1,0,1,14.2337,3987.53
1388,1,0,1,14.2329,3983.75
1389,1,0,1,14.2242,3935.85
1390,1,0,1,14.194,3777.96
1402,1,0,1,14.1851,3728.99
410,1,1,0,11.3222,1462.66,0.0726667,316.95,0.06,1
398,1,1,0,11.3219,1461.45
397,1,1,0,11.3093,1392.89
390,1,1,0,11.2898,1291.33
382,1,1,0,11.2725,1199.86
376,1,1,0,11.2545,1103.09
369,1,1,0,11.235,998.232
360,1,1,0,11.2127,878.986
361,1,1,0,11.2001,809.873
128,1,1,0,11.1396,481.115
126,1,1,0,11.1323,442.296
125,1,1,0,11.126,408.059
118,1,1,0,11.0931,231.019
1968,1,1,0,11.0653,81.9493
110,1,1,0,11.05,0
710,1,1,1,11.6146,3117.52,0.0443333,193.369,0.36,2
1543,1,1,1,11.5931,2997.25
715,1,1,1,11.5883,2952.99
714,1,1,1,11.5844,2928.98
726,1,1,1,11.5842,2927.1
529,1,1,1,11.5705,2827.61
605,1,1,1,11.5557,2731
603,1,1,1,11.5506,2703.02
604,1,1,1,11.5463,2679.88
596,1,1,1,11.5462,2678.91
580,1,1,1,11.5378,2620.63
574,1,1,1,11.5205,2527.39
573,1,1,1,11.5105,2471.49
564,1,1,1,11.5028,2430.34
557,1,1,1,11.4967,2396.35
561,1,1,1,11.49,2349.83
628,1,1,1,11.4855,2324.18
609,1,1,1,11.4728,2247.52
423,1,1,1,11.4669,2191.2
419,1,1,1,11.4622,2156.76
418,1,1,1,11.4469,2071.84
2139,1,1,1,11.443,2050.41
2138,1,1,1,11.4246,1948.97
411,1,1,1,11.411,1874.15
412,1,1,1,11.4085,1855.14
398,1,1,1,11.3951,1780.81
410,1,1,1,11.3948,1779.61
110,1,1,2,11.9654,5064.79,0,0,0
1968,1,1,2,11.9503,4983.75
114,1,1,2,11.9451,4949.43
1719,1,1,2,11.9021,4722.82
1718,1,1,2,11.8866,4635.77
129,1,1,2,11.8622,4499.9
134,1,1,2,11.8558,4465.51
133,1,1,2,11.843,4397.31
138,1,1,2,11.8221,4292.72
184,1,1,2,11.8029,4191.76
440,1,1,2,11.7862,4100.57
451,1,1,2,11.7674,4004.86
1716,1,1,2,11.765,3988.43
462,1,1,2,11.7546,3936.01
1990,1,1,2,11.7468,3882.98
452,1,1,2,11.7418,3850.54
453,1,1,2,11.7304,3763.36
455,1,1,2,11.718,3693.43
454,1,1,2,11.7152,3677.82
457,1,1,2,11.7085,3623.85
456,1,1,2,11.7033,3594.41
458,1,1,2,11.6939,3533.26
459,1,1,2,11.6879,3488.16
1543,1,1,2,11.6786,3425.93
710,1,1,2,11.6589,3310.88
501,1,2,0,14.1796,1510.92,0.107,466.702,0.18,1
502,1,2,0,14.1744,1485.38
473,1,2,0,14.1665,1446.3
2141,1,2,0,14.1663,1445.32
1750,1,2,0,14.162,1424.02
477,1,2,0,14.1575,1400.71
453,1,2,0,14.1285,1243.21
446,1,2,0,14.1202,1195.77
442,1,2,0,14.1085,1137.28
1857,1,2,0,14.0997,1091.26
441,1,2,0,14.0936,1062.09
185,1,2,0,14.0826,1004.16
177,1,2,0,14.0703,938.786
184,1,2,0,14.0503,829.279
138,1,2,0,14.0336,739.414
133,1,2,0,14.0197,664.29
134,1,2,0,14.0121,612.333
129,1,2,0,14.005,574.749
1718,1,2,0,13.9791,432.78
1720,1,2,0,13.972,394.625
1719,1,2,0,13.9593,321.152
114,1,2,0,13.9216,117.424
1968,1,2,0,13.9148,79.7523
110,1,2,0,13.9,0
1016,1,2,1,14.4521,2797.98,0.0881667,384.556,0.22,2
1010,1,2,1,14.4429,2749.88
2026,1,2,1,14.4113,2599.02
2027,1,2,1,14.4059,2571.86
1998,1,2,1,14.3956,2519.68
1997,1,2,1,14.3873,2477.44
1996,1,2,1,14.3817,2450.12
1995,1,2,1,14.3744,2415.28
1993,1,2,1,14.3644,2368.11
1994,1,2,1,14.3601,2346.63
572,1,2,1,14.3522,2304.07
541,1,2,1,14.3412,2248.59
540,1,2,1,14.3292,2188.07
1754,1,2,1,14.3221,2150.13
518,1,2,1,14.3166,2120.35
500,1,2,1,14.3108,2091.18
501,1,2,1,14.2866,1977.62
110,1,2,2,14.9597,5388.24,0,0,0
111,1,2,2,14.9573,5372.36
1968,1,2,2,14.9479,5307.68
114,1,2,2,14.9423,5272.95
1719,1,2,2,14.9061,5075.33
1718,1,2,2,14.8862,4969.02
129,1,2,2,14.8622,4835.23
134,1,2,2,14.8565,4803.81
133,1,2,2,14.8457,4744.44
138,1,2,2,14.8249,4639.86
184,1,2,2,14.8083,4550.25
440,1,2,2,14.7879,4443.03
451,1,2,2,14.7714,4356.83
1716,1,2,2,14.769,4340.41
462,1,2,2,14.7598,4293.34
1990,1,2,2,14.7528,4240.64
463,1,2,2,14.7341,4144.12
474,1,2,2,14.7187,4064.88
2140,1,2,2,14.7097,4023.55
475,1,2,2,14.7047,3999.32
499,1,2,2,14.697,3959.73
500,1,2,2,14.6924,3936.32
518,1,2,2,14.6878,3912.22
1754,1,2,2,14.6841,3887.29
540,1,2,2,14.6759,3844.82
541,1,2,2,14.664,3785
572,1,2,2,14.6544,3735.33
1994,1,2,2,14.6418,3672.93
1993,1,2,2,14.6375,3651.44
1995,1,2,2,14.6249,3593.69
1996,1,2,2,14.619,3564.51
1997,1,2,2,14.6151,3544.61
2027,1,2,2,14.5879,3414.39
2026,1,2,2,14.5821,3385.91
978,1,2,2,14.5748,3350.77
1010,1,2,2,14.56,3274
1016,1,2,2,14.5402,3182.54
1402,2,0,0,14.1034,3372.79,0.0816667,356.205,0.16,1
1390,2,0,0,14.0941,3321.76
1389,2,0,0,14.0655,3170.7
1388,2,0,0,14.0567,3122.71
1370,2,0,0,14.0198,2928.06
1359,2,0,0,14.0189,2923.6
2071,2,0,0,14.0023,2830.9
2165,2,0,0,13.9804,2715.19
1314,2,0,0,13.9631,2623.77
2163,2,0,0,13.9483,2543.94
2023,2,0,0,13.9217,2399.84
1787,2,0,0,13.9136,2358.52
2020,2,0,0,13.8947,2264.44
935,2,0,0,13.8849,2212.99
934,2,0,0,13.8844,2210.39
933,2,0,0,13.8727,2150.9
936,2,0,0,13.8722,2147.96
1737,2,0,0,13.8607,2085.09
917,2,0,0,13.8475,2016.59
916,2,0,0,13.8473,2015.68
906,2,0,0,13.8235,1891.34
889,2,0,0,13.8122,1832.97
890,2,0,0,13.8055,1797.06
2013,2,0,0,13.786,1693.84
1988,2,0,0,13.7684,1599.98
417,2,0,0,13.7479,1495.37
418,2,0,0,13.7439,1474.43
1741,2,0,0,13.7382,1442.44
1740,2,0,0,13.7344,1421.91
1739,2,0,0,13.7297,1395.5
401,2,0,0,13.7191,1338.14
393,2,0,0,13.7059,1266.67
2136,2,0,0,13.6831,1141.76
2134,2,0,0,13.6718,1079.42
360,2,0,0,13.6391,906.015
361,2,0,0,13.6246,828.632
128,2,0,0,13.5695,523.193
126,2,0,0,13.561,479.066
125,2,0,0,13.5518,432.83
118,2,0,0,13.517,247.521
1968,2,0,0,13.4848,79.7523
110,2,0,0,13.47,0
1016,2,0,1,14.4432,5082,0.0881667,384.556,0.22,2
2029,2,0,1,14.4388,5058.25
1043,2,0,1,14.4387,5057.84
2158,2,0,1,14.4319,5023.06
2030,2,0,1,14.4279,5003.22
1041,2,0,1,14.4228,4976.64
1059,2,0,1,14.4139,4931.8
1058,2,0,1,14.4089,4906.55
1075,2,0,1,14.3914,4816.48
1072,2,0,1,14.3814,4765.04
1071,2,0,1,14.3712,4714.56
1090,2,0,1,14.3651,4677.34
1089,2,0,1,14.359,4644.02
1119,2,0,1,14.3504,4598.13
1118,2,0,1,14.3443,4564.54
2044,2,0,1,14.329,4484.98
2169,2,0,1,14.321,4443.96
2171,2,0,1,14.3164,4419.81
1549,2,0,1,14.3086,4379.66
1147,2,0,1,14.3011,4341.27
1327,2,0,1,14.2728,4193.3
1343,2,0,1,14.2722,4190.57
1355,2,0,1,14.2454,4051.15
1364,2,0,1,14.2453,4050.94
1362,2,0,1,14.2355,3998.96
1382,2,0,1,14.2155,3891.13
1390,2,0,1,14.194,3777.96
1402,2,0,1,14.1851,3728.99
110,2,0,2,14.9507,7672.26,0,0,0
111,2,0,2,14.9484,7656.38
1968,2,0,2,14.9389,7591.7
114,2,0,2,14.9334,7556.97
1719,2,0,2,14.8972,7359.36
1718,2,0,2,14.8773,7253.04
129,2,0,2,14.8533,7119.25
134,2,0,2,14.8476,7087.84
133,2,0,2,14.8368,7028.46
138,2,0,2,14.816,6923.88
184,2,0,2,14.7994,6834.28
440,2,0,2,14.779,6727.06
451,2,0,2,14.7625,6640.86
1716,2,0,2,14.76,6624.43
462,2,0,2,14.7509,6577.36
1990,2,0,2,14.7439,6524.67
463,2,0,2,14.7252,6428.15
474,2,0,2,14.7098,6348.91
2140,2,0,2,14.7008,6307.57
475,2,0,2,14.6958,6283.34
499,2,0,2,14.688,6243.75
500,2,0,2,14.6834,6220.35
518,2,0,2,14.6788,6196.24
1754,2,0,2,14.6752,6171.31
540,2,0,2,14.667,6128.84
541,2,0,2,14.6551,6069.02
572,2,0,2,14.6455,6019.35
1994,2,0,2,14.6329,5956.95
1993,2,0,2,14.6286,5935.46
1995,2,0,2,14.616,5877.72
1996,2,0,2,14.6101,5848.54
1997,2,0,2,14.6062,5828.64
2027,2,0,2,14.579,5698.42
2026,2,0,2,14.5732,5669.93
978,2,0,2,14.5659,5634.79
1010,2,0,2,14.551,5558.02
1016,2,0,2,14.5313,5466.56
410,2,1,0,11.3222,1462.66,0.0726667,316.95,0.06,1
398,2,1,0,11.3219,1461.45
397,2,1,0,11.3093,1392.89
390,2,1,0,11.2898,1291.33
382,2,1,0,11.2725,1199.86
376,2,1,0,11.2545,1103.09
369,2,1,0,11.235,998.232
360,2,1,0,11.2127,878.986
361,2,1,0,11.2001,809.873
128,2,1,0,11.1396,481.115
126,2,1,0,11.1323,442.296
125,2,1,0,11.126,408.059
118,2,1,0,11.0931,231.019
1968,2,1,0,11.0653,81.9493
110,2,1,0,11.05,0
710,2,1,1,11.6146,3117.52,0.0443333,193.369,0.36,2
1543,2,1,1,11.5931,2997.25
715,2,1,1,11.5883,2952.99
714,2,1,1,11.5844,2928.98
726,2,1,1,11.5842,2927.1
529,2,1,1,11.5705,2827.61
605,2,1,1,11.5557,2731
603,2,1,1,11.5506,2703.02
604,2,1,1,11.5463,2679.88
596,2,1,1,11.5462,2678.91
580,2,1,1,11.5378,2620.63
574,2,1,1,11.5205,2527.39
573,2,1,1,11.5105,2471.49
564,2,1,1,11.5028,2430.34
557,2,1,1,11.4967,2396.35
561,2,1,1,11.49,2349.83
628,2,1,1,11.4855,2324.18
609,2,1,1,11.4728,2247.52
423,2,1,1,11.4669,2191.2
419,2,1,1,11.4622,2156.76
418,2,1,1,11.4469,2071.84
2139,2,1,1,11.443,2050.41
2138,2,1,1,11.4246,1948.97
411,2,1,1,11.411,1874.15
412,2,1,1,11.4085,1855.14
398,2,1,1,11.3951,1780.81
410,2,1,1,11.3948,1779.61
110,2,1,2,11.9654,5064.79,0,0,0
1968,2,1,2,11.9503,4983.75
114,2,1,2,11.9451,4949.43
1719,2,1,2,11.9021,4722.82
1718,2,1,2,11.8866,4635.77
129,2,1,2,11.8622,4499.9
134,2,1,2,11.8558,4465.51
133,2,1,2,11.843,4397.31
138,2,1,2,11.8221,4292.72
184,2,1,2,11.8029,4191.76
440,2,1,2,11.7862,4100.57
451,2,1,2,11.7674,4004.86
1716,2,1,2,11.765,3988.43
462,2,1,2,11.7546,3936.01
1990,2,1,2,11.7468,3882.98
452,2,1,2,11.7418,3850.54
453,2,1,2,11.7304,3763.36
455,2,1,2,11.718,3693.43
454,2,1,2,11.7152,3677.82
457,2,1,2,11.7085,3623.85
456,2,1,2,11.7033,3594.41
458,2,1,2,11.6939,3533.26
459,2,1,2,11.6879,3488.16
1543,2,1,2,11.6786,3425.93
710,2,1,2,11.6589,3310.88
501,2,2,0,14.2196,1510.92,0.107,466.702,0.18,1
502,2,2,0,14.2144,1485.38
473,2,2,0,14.2065,1446.3
2141,2,2,0,14.2063,1445.32
1750,2,2,0,14.202,1424.02
477,2,2,0,14.1975,1400.71
453,2,2,0,14.1685,1243.21
446,2,2,0,14.1602,1195.77
442,2,2,0,14.1485,1137.28
1857,2,2,0,14.1397,1091.26
441,2,2,0,14.1336,1062.09
185,2,2,0,14.1226,1004.16
177,2,2,0,14.1103,938.786
184,2,2,0,14.0903,829.279
138,2,2,0,14.0736,739.414
133,2,2,0,14.0597,664.29
134,2,2,0,14.0521,612.333
129,2,2,0,14.045,574.749
1718,2,2,0,14.0191,432.78
1720,2,2,0,14.012,394.625
1719,2,2,0,13.9993,321.152
114,2,2,0,13.9616,117.424
1968,2,2,0,13.9548,79.7523
110,2,2,0,13.94,0
110,2,2,1,14.6003,3466.82,0,0,0
111,2,2,1,14.598,3450.94
1968,2,2,1,14.5885,3386.26
114,2,2,1,14.583,3351.53
1719,2,2,1,14.545,3146.49
1720,2,2,1,14.5299,3064.02
1718,2,2,1,14.5241,3031.47
129,2,2,1,14.499,2892.4
134,2,2,1,14.4929,2859.44
133,2,2,1,14.4805,2792.91
138,2,2,1,14.4597,2688.33
184,2,2,1,14.4433,2599.79
440,2,2,1,14.4275,2512.17
451,2,2,1,14.4109,2425.97
1716,2,2,1,14.4085,2409.55
462,2,2,1,14.3994,2362.47
1990,2,2,1,14.3923,2309.78
463,2,2,1,14.3736,2213.26
474,2,2,1,14.3583,2134.02
2140,2,2,1,14.3493,2092.69
2141,2,2,1,14.3414,2049.48
473,2,2,1,14.3412,2048.2
502,2,2,1,14.3321,2004.3
501,2,2,1,14.3266,1977.62
501,3,0,0,13.6396,1510.92,0.0531667,231.897,0.2,1
502,3,0,0,13.6344,1485.38
473,3,0,0,13.6265,1446.3
2141,3,0,0,13.6263,1445.32
1750,3,0,0,13.622,1424.02
477,3,0,0,13.6175,1400.71
453,3,0,0,13.5885,1243.21
446,3,0,0,13.5802,1195.77
442,3,0,0,13.5685,1137.28
1857,3,0,0,13.5597,1091.26
441,3,0,0,13.5536,1062.09
185,3,0,0,13.5426,1004.16
177,3,0,0,13.5303,938.786
184,3,0,0,13.5103,829.279
138,3,0,0,13.4936,739.414
133,3,0,0,13.4797,664.29
134,3,0,0,13.4721,612.333
129,3,0,0,13.465,574.749
1718,3,0,0,13.4391,432.78
1720,3,0,0,13.432,394.625
1719,3,0,0,13.4193,321.152
114,3,0,0,13.3816,117.424
1968,3,0,0,13.3748,79.7523
110,3,0,0,13.36,0
1402,3,0,1,14.1238,3925.73,0.0816667,356.205,0.16,2
1390,3,0,1,14.1146,3875.67
1382,3,0,1,14.0844,3725.93
1362,3,0,1,14.0617,3606.92
1361,3,0,1,14.0567,3579.93
1354,3,0,1,14.0566,3579.74
1355,3,0,1,14.0441,3520.08
2076,3,0,1,14.0423,3510.96
1356,3,0,1,14.0339,3468.25
1357,3,0,1,14.0331,3464.53
1349,3,0,1,14.0196,3396.36
1348,3,0,1,14.019,3393.03
1340,3,0,1,14.0185,3390.49
1339,3,0,1,14.0132,3362.77
1329,3,0,1,14.0022,3304.43
1158,3,0,1,13.9872,3228.1
2048,3,0,1,13.9671,3122.06
1131,3,0,1,13.9615,3093.19
1130,3,0,1,13.9557,3064.26
1129,3,0,1,13.9405,2990.07
1121,3,0,1,13.9245,2904.14
1120,3,0,1,13.9205,2882.96
1094,3,0,1,13.9156,2857.02
1091,3,0,1,13.9055,2806.29
1092,3,0,1,13.9003,2780.39
1074,3,0,1,13.8945,2749.97
1073,3,0,1,13.8861,2705.29
1057,3,0,1,13.8663,2606.3
1042,3,0,1,13.861,2579.4
2030,3,0,1,13.8538,2541.56
1011,3,0,1,13.8535,2540.11
1547,3,0,1,13.8361,2457.47
1546,3,0,1,13.8307,2430.1
975,3,0,1,13.8273,2412.13
2026,3,0,1,13.8208,2377.86
2027,3,0,1,13.8157,2352.02
1998,3,0,1,13.8053,2299.32
1997,3,0,1,13.7967,2255.7
1996,3,0,1,13.7908,2227.41
1995,3,0,1,13.7826,2189.09
1993,3,0,1,13.7735,2145.41
1994,3,0,1,13.7692,2123.93
572,3,0,1,13.7622,2085.28
541,3,0,1,13.75,2024.92
540,3,0,1,13.7396,1971.28
1754,3,0,1,13.7312,1927.61
518,3,0,1,13.7233,1887.64
500,3,0,1,13.7183,1861.85
501,3,0,1,13.6928,1742.82
1016,3,0,2,14.4635,5634.95,0.0881667,384.556,0.22,3
2029,3,0,2,14.4591,5611.2
1043,3,0,2,14.459,5610.79
2158,3,0,2,14.4522,5576.01
2030,3,0,2,14.4483,5556.17
1041,3,0,2,14.4431,5529.59
1059,3,0,2,14.4343,5484.75
1058,3,0,2,14.4293,5459.5
1075,3,0,2,14.4117,5369.43
1072,3,0,2,14.4017,5317.99
1071,3,0,2,14.3915,5267.51
1090,3,0,2,14.3855,5230.29
1089,3,0,2,14.3794,5196.97
1119,3,0,2,14.3708,5151.08
1118,3,0,2,14.3646,5117.49
2044,3,0,2,14.3494,5037.93
2169,3,0,2,14.3414,4996.91
2171,3,0,2,14.3367,4972.76
1549,3,0,2,14.3289,4932.61
1147,3,0,2,14.3215,4894.22
1327,3,0,2,14.2931,4746.25
1343,3,0,2,14.2925,4743.51
1355,3,0,2,14.2657,4604.1
1364,3,0,2,14.2657,4603.89
1362,3,0,2,14.2559,4551.9
1382,3,0,2,14.2358,4444.08
1390,3,0,2,14.2143,4330.9
1402,3,0,2,14.2054,4281.94
110,3,0,3,14.9711,8225.21,0,0,0
111,3,0,3,14.9687,8209.33
1968,3,0,3,14.9593,8144.65
114,3,0,3,14.9537,8109.92
1719,3,0,3,14.9175,7912.3
1718,3,0,3,14.8976,7805.99
129,3,0,3,14.8736,7672.2
134,3,0,3,14.8679,7640.78
133,3,0,3,14.8572,7581.41
138,3,0,3,14.8363,7476.83
184,3,0,3,14.8197,7387.22
440,3,0,3,14.7993,7280
451,3,0,3,14.7828,7193.81
1716,3,0,3,14.7804,7177.38
462,3,0,3,14.7712,7130.31
1990,3,0,3,14.7642,7077.61
463,3,0,3,14.7455,6981.09
474,3,0,3,14.7301,6901.85
2140,3,0,3,14.7211,6860.52
475,3,0,3,14.7161,6836.29
499,3,0,3,14.7084,6796.7
500,3,0,3,14.7038,6773.29
518,3,0,3,14.6992,6749.19
1754,3,0,3,14.6955,6724.26
540,3,0,3,14.6873,6681.79
541,3,0,3,14.6755,6621.97
572,3,0,3,14.6659,6572.3
1994,3,0,3,14.6532,6509.9
1993,3,0,3,14.649,6488.41
1995,3,0,3,14.6363,6430.66
1996,3,0,3,14.6304,6401.48
1997,3,0,3,14.6265,6381.58
2027,3,0,3,14.5993,6251.36
2026,3,0,3,14.5935,6222.88
978,3,0,3,14.5862,6187.74
1010,3,0,3,14.5714,6110.97
1016,3,0,3,14.5516,6019.51
410,3,1,0,11.5022,1462.66,0.0726667,316.95,0.06,1
398,3,1,0,11.5019,1461.45
397,3,1,0,11.4893,1392.89
390,3,1,0,11.4698,1291.33
382,3,1,0,11.4525,1199.86
376,3,1,0,11.4345,1103.09
369,3,1,0,11.415,998.232
360,3,1,0,11.3927,878.986
361,3,1,0,11.3801,809.873
128,3,1,0,11.3196,481.115
126,3,1,0,11.3123,442.296
125,3,1,0,11.306,408.059
118,3,1,0,11.2731,231.019
1968,3,1,0,11.2453,81.9493
110,3,1,0,11.23,0
710,3,1,1,11.7946,3117.52,0.0443333,193.369,0.36,2
1543,3,1,1,11.7731,2997.25
715,3,1,1,11.7683,2952.99
714,3,1,1,11.7644,2928.98
726,3,1,1,11.7642,2927.1
529,3,1,1,11.7505,2827.61
605,3,1,1,11.7357,2731
603,3,1,1,11.7306,2703.02
604,3,1,1,11.7263,2679.88
596,3,1,1,11.7262,2678.91
580,3,1,1,11.7178,2620.63
574,3,1,1,11.7005,2527.39
573,3,1,1,11.6905,2471.49
564,3,1,1,11.6828,2430.34
557,3,1,1,11.6767,2396.35
561,3,1,1,11.67,2349.83
628,3,1,1,11.6655,2324.18
609,3,1,1,11.6528,2247.52
423,3,1,1,11.6469,2191.2
419,3,1,1,11.6422,2156.76
418,3,1,1,11.6269,2071.84
2139,3,1,1,11.623,2050.41
2138,3,1,1,11.6046,1948.97
411,3,1,1,11.591,1874.15
412,3,1,1,11.5885,1855.14
398,3,1,1,11.5751,1780.81
410,3,1,1,11.5748,1779.61
110,3,1,2,12.1454,5064.79,0,0,0
1968,3,1,2,12.1303,4983.75
114,3,1,2,12.1251,4949.43
1719,3,1,2,12.0821,4722.82
1718,3,1,2,12.0666,4635.77
129,3,1,2,12.0422,4499.9
134,3,1,2,12.0358,4465.51
133,3,1,2,12.023,4397.31
138,3,1,2,12.0021,4292.72
184,3,1,2,11.9829,4191.76
440,3,1,2,11.9662,4100.57
451,3,1,2,11.9474,4004.86
1716,3,1,2,11.945,3988.43
462,3,1,2,11.9346,3936.01
1990,3,1,2,11.9268,3882.98
452,3,1,2,11.9218,3850.54
453,3,1,2,11.9104,3763.36
455,3,1,2,11.898,3693.43
454,3,1,2,11.8952,3677.82
457,3,1,2,11.8885,3623.85
456,3,1,2,11.8833,3594.41
458,3,1,2,11.8739,3533.26
459,3,1,2,11.8679,3488.16
1543,3,1,2,11.8586,3425.93
710,3,1,2,11.8389,3310.88
410,4,0,0,13.6343,1471.19,0.074,322.766,0.11,1
398,4,0,0,13.634,1469.98
397,4,0,0,13.6232,1408.71
390,4,0,0,13.6033,1305.9
382,4,0,0,13.5869,1218.33
376,4,0,0,13.5699,1125.74
369,4,0,0,13.5501,1019.33
360,4,0,0,13.5291,906.015
361,4,0,0,13.5146,828.632
128,4,0,0,13.4595,523.193
126,4,0,0,13.451,479.066
125,4,0,0,13.4418,432.83
118,4,0,0,13.407,247.521
1968,4,0,0,13.3748,79.7523
110,4,0,0,13.36,0
1402,4,0,1,14.1349,4038.37,0.0816667,356.205,0.16,2
1390,4,0,1,14.1257,3988.31
1389,4,0,1,14.0995,3847.36
1388,4,0,1,14.0794,3752.17
1323,4,0,1,14.0787,3748.39
2072,4,0,1,14.0545,3630.82
1317,4,0,1,14.0347,3524.14
2071,4,0,1,14.024,3460.08
2165,4,0,1,14.0017,3342.68
1314,4,0,1,13.9849,3253.68
2163,4,0,1,13.9702,3173.84
2023,4,0,1,13.9418,3022.47
1787,4,0,1,13.9337,2981.18
1788,4,0,1,13.9329,2977.48
943,4,0,1,13.917,2896.83
934,4,0,1,13.9082,2848.99
933,4,0,1,13.8979,2795.06
936,4,0,1,13.8973,2792.12
1737,4,0,1,13.8858,2728.89
917,4,0,1,13.869,2645.65
916,4,0,1,13.8689,2644.75
906,4,0,1,13.843,2511.66
889,4,0,1,13.8308,2449.74
890,4,0,1,13.8213,2401.78
2013,4,0,1,13.7983,2283.62
1988,4,0,1,13.7793,2183.84
416,4,0,1,13.7578,2077.27
2139,4,0,1,13.7538,2055.44
2138,4,0,1,13.7374,1962.7
411,4,0,1,13.7251,1893.38
412,4,0,1,13.723,1873.87
398,4,0,1,13.7086,1795.16
410,4,0,1,13.7083,1793.95
1016,4,0,2,14.4746,5747.59,0.0881667,384.556,0.22,3
2029,4,0,2,14.4702,5723.84
1043,4,0,2,14.4701,5723.42
2158,4,0,2,14.4633,5688.64
2030,4,0,2,14.4594,5668.81
1041,4,0,2,14.4542,5642.23
1059,4,0,2,14.4453,5597.39
1058,4,0,2,14.4404,5572.14
1075,4,0,2,14.4228,5482.07
1072,4,0,2,14.4128,5430.62
1071,4,0,2,14.4026,5380.15
1090,4,0,2,14.3966,5342.93
1089,4,0,2,14.3905,5309.6
1119,4,0,2,14.3819,5263.72
1118,4,0,2,14.3757,5230.13
2044,4,0,2,14.3605,5150.57
2169,4,0,2,14.3524,5109.55
2171,4,0,2,14.3478,5085.4
1549,4,0,2,14.34,5045.25
1147,4,0,2,14.3325,5006.86
1327,4,0,2,14.3042,4858.89
1343,4,0,2,14.3036,4856.15
1355,4,0,2,14.2768,4716.73
1364,4,0,2,14.2768,4716.53
1362,4,0,2,14.267,4664.54
1382,4,0,2,14.2469,4556.71
1390,4,0,2,14.2254,4443.54
1402,4,0,2,14.2165,4394.58
110,4,0,3,14.9822,8337.85,0,0,0
111,4,0,3,14.9798,8321.97
1968,4,0,3,14.9704,8257.29
114,4,0,3,14.9648,8222.56
1719,4,0,3,14.9286,8024.94
1718,4,0,3,14.9087,7918.63
129,4,0,3,14.8847,7784.83
134,4,0,3,14.879,7753.42
133,4,0,3,14.8683,7694.05
138,4,0,3,14.8474,7589.46
184,4,0,3,14.8308,7499.86
440,4,0,3,14.8104,7392.64
451,4,0,3,14.7939,7306.44
1716,4,0,3,14.7915,7290.02
462,4,0,3,14.7823,7242.94
1990,4,0,3,14.7753,7190.25
463,4,0,3,14.7566,7093.73
474,4,0,3,14.7412,7014.49
2140,4,0,3,14.7322,6973.16
475,4,0,3,14.7272,6948.93
499,4,0,3,14.7195,6909.34
500,4,0,3,14.7149,6885.93
518,4,0,3,14.7103,6861.83
1754,4,0,3,14.7066,6836.9
540,4,0,3,14.6984,6794.43
541,4,0,3,14.6866,6734.6
572,4,0,3,14.6769,6684.93
1994,4,0,3,14.6643,6622.54
1993,4,0,3,14.6601,6601.05
1995,4,0,3,14.6474,6543.3
1996,4,0,3,14.6415,6514.12
1997,4,0,3,14.6376,6494.22
2027,4,0,3,14.6104,6364
2026,4,0,3,14.6046,6335.52
978,4,0,3,14.5973,6300.38
1010,4,0,3,14.5825,6223.61
1016,4,0,3,14.5627,6132.15
710,4,1,0,11.8084,1682.36,0.0443333,193.369,0.36,1
1543,4,1,0,11.7833,1546.36
459,4,1,0,11.7734,1483.42
458,4,1,0,11.7664,1437.75
456,4,1,0,11.7572,1376.86
457,4,1,0,11.7518,1346.64
454,4,1,0,11.7442,1292.68
455,4,1,0,11.7418,1278.37
453,4,1,0,11.7326,1212.8
446,4,1,0,11.724,1164.09
442,4,1,0,11.7158,1120.37
1857,4,1,0,11.7074,1076.3
441,4,1,0,11.7025,1051.98
185,4,1,0,11.6915,993.794
177,4,1,0,11.6789,927.553
184,4,1,0,11.6585,816.223
138,4,1,0,11.6428,730.3
133,4,1,0,11.6285,653.53
134,4,1,0,11.6209,601.574
129,4,1,0,11.6133,561.93
1718,4,1,0,11.5869,417.674
1719,4,1,0,11.5702,325.295
114,4,1,0,11.5323,120.486
1968,4,1,0,11.5253,81.9493
110,4,1,0,11.51,0
501,4,1,1,11.9711,2532,0.0743333,324.22,0.22,2
1747,4,1,1,11.9631,2494.3
505,4,1,1,11.9571,2464.57
506,4,1,1,11.9418,2392.46
507,4,1,1,11.9356,2362.24
510,4,1,1,11.9267,2318.64
509,4,1,1,11.922,2295.24
508,4,1,1,11.9171,2268.79
512,4,1,1,11.9113,2238
511,4,1,1,11.9084,2222.59
2145,4,1,1,11.9077,2219.37
2146,4,1,1,11.8974,2160.29
529,4,1,1,11.8934,2124.38
726,4,1,1,11.8775,2023.19
714,4,1,1,11.8773,2021.3
1543,4,1,1,11.8725,1990.78
710,4,1,1,11.8528,1875.73
110,4,1,2,12.3293,4375.27,0,0,0
111,4,1,2,12.3233,4345.84
1968,4,1,2,12.313,4280.33
114,4,1,2,12.3079,4246.05
1719,4,1,2,12.269,4037.16
1718,4,1,2,12.2473,3923.06
129,4,1,2,12.2198,3773.88
134,4,1,2,12.2132,3738.64
133,4,1,2,12.1997,3667.68
138,4,1,2,12.1789,3563.1
184,4,1,2,12.1602,3464.55
440,4,1,2,12.1455,3381.96
451,4,1,2,12.1293,3297.19
1716,4,1,2,12.1269,3280.76
462,4,1,2,12.12,3243.35
1990,4,1,2,12.1115,3189.57
463,4,1,2,12.0928,3093.17
474,4,1,2,12.0786,3018.43
2140,4,1,2,12.0685,2973
2141,4,1,2,12.06,2926.96
473,4,1,2,12.0599,2926.21
502,4,1,2,12.0508,2882.31
501,4,1,2,12.0454,2856.22
410,5,0,0,11.7022,1462.66,0.0726667,316.95,0.06,1
398,5,0,0,11.7019,1461.45
397,5,0,0,11.6893,1392.89
390,5,0,0,11.6698,1291.33
382,5,0,0,11.6525,1199.86
376,5,0,0,11.6345,1103.09
369,5,0,0,11.615,998.232
360,5,0,0,11.5927,878.986
361,5,0,0,11.5801,809.873
128,5,0,0,11.5196,481.115
126,5,0,0,11.5123,442.296
125,5,0,0,11.506,408.059
118,5,0,0,11.4731,231.019
1968,5,0,0,11.4453,81.9493
110,5,0,0,11.43,0
710,5,0,1,11.9946,3117.52,0.0443333,193.369,0.36,2
1543,5,0,1,11.9731,2997.25
715,5,0,1,11.9683,2952.99
714,5,0,1,11.9644,2928.98
726,5,0,1,11.9642,2927.1
529,5,0,1,11.9505,2827.61
605,5,0,1,11.9357,2731
603,5,0,1,11.9306,2703.02
604,5,0,1,11.9263,2679.88
596,5,0,1,11.9262,2678.91
580,5,0,1,11.9178,2620.63
574,5,0,1,11.9005,2527.39
573,5,0,1,11.8905,2471.49
564,5,0,1,11.8828,2430.34
557,5,0,1,11.8767,2396.35
561,5,0,1,11.87,2349.83
628,5,0,1,11.8655,2324.18
609,5,0,1,11.8528,2247.52
423,5,0,1,11.8469,2191.2
419,5,0,1,11.8422,2156.76
418,5,0,1,11.8269,2071.84
2139,5,0,1,11.823,2050.41
2138,5,0,1,11.8046,1948.97
411,5,0,1,11.791,1874.15
412,5,0,1,11.7885,1855.14
398,5,0,1,11.7751,1780.81
410,5,0,1,11.7748,1779.61
501,5,0,2,12.1653,4004.15,0.102667,447.801,0.22,3
1747,5,0,2,12.1585,3971.54
505,5,0,2,12.1534,3945.32
506,5,0,2,12.1359,3864.64
507,5,0,2,12.1286,3829.61
510,5,0,2,12.1178,3778.53
509,5,0,2,12.1126,3753.11
508,5,0,2,12.1077,3726.5
512,5,0,2,12.0999,3687.28
511,5,0,2,12.0961,3668.12
2145,5,0,2,12.0954,3664.9
2146,5,0,2,12.0838,3600.57
529,5,0,2,12.0799,3564.4
726,5,0,2,12.0652,3464.31
714,5,0,2,12.065,3462.45
1543,5,0,2,12.0607,3432.49
710,5,0,2,12.0389,3310.88
1402,5,0,3,12.6748,6528.05,0.085,370.744,0.2,4
1390,5,0,3,12.6647,6473.65
1382,5,0,3,12.6422,6356.54
1362,5,0,3,12.6229,6251.71
1361,5,0,3,12.6184,6227.19
1354,5,0,3,12.6183,6227
1355,5,0,3,12.6129,6196.96
2076,5,0,3,12.6111,6187.84
1356,5,0,3,12.6023,6143.41
1357,5,0,3,12.6015,6139.69
1349,5,0,3,12.5882,6072.29
1348,5,0,3,12.5874,6067.95
1340,5,0,3,12.5869,6065.4
1339,5,0,3,12.5807,6034.28
1329,5,0,3,12.5683,5969.68
1158,5,0,3,12.551,5883.85
2048,5,0,3,12.5308,5777.27
1131,5,0,3,12.5253,5748.9
1130,5,0,3,12.5195,5719.97
1129,5,0,3,12.5007,5631.33
1121,5,0,3,12.4814,5531.4
1095,5,0,3,12.4733,5492.59
1093,5,0,3,12.4656,5451.87
1074,5,0,3,12.4591,5415.67
1073,5,0,3,12.4473,5356.8
1057,5,0,3,12.4291,5264.11
1042,5,0,3,12.4238,5237.73
2030,5,0,3,12.4168,5200.7
1011,5,0,3,12.4167,5199.85
1547,5,0,3,12.4024,5129.73
1546,5,0,3,12.3973,5104.04
975,5,0,3,12.3941,5086.89
2026,5,0,3,12.388,5054.16
2027,5,0,3,12.3804,5018.35
1998,5,0,3,12.3704,4967.25
1997,5,0,3,12.3622,4925.17
1996,5,0,3,12.3559,4895.54
1995,5,0,3,12.3493,4863.46
1993,5,0,3,12.3442,4836.65
1994,5,0,3,12.34,4815.17
572,5,0,3,12.3329,4776.05
541,5,0,3,12.324,4729.48
540,5,0,3,12.3133,4674.57
1754,5,0,3,12.3047,4630.38
518,5,0,3,12.2961,4587.43
500,5,0,3,12.2905,4559
501,5,0,3,12.2679,4451.95
1016,5,0,4,13.0252,8276.7,0.0561667,244.982,0.25,5
2029,5,0,4,13.0186,8243.69
1043,5,0,4,13.0186,8243.27
2158,5,0,4,13.0095,8199.12
2030,5,0,4,13.0055,8179.29
1041,5,0,4,13.0008,8154.3
1059,5,0,4,12.9926,8112.46
1058,5,0,4,12.9874,8086.4
1056,5,0,4,12.981,8051.96
1072,5,0,4,12.9634,7961.06
1071,5,0,4,12.9552,7918.96
1090,5,0,4,12.9469,7874.32
1089,5,0,4,12.9403,7838.46
1119,5,0,4,12.9332,7799.23
1118,5,0,4,12.9264,7763.03
2044,5,0,4,12.9103,7679.78
2169,5,0,4,12.9038,7644.9
2171,5,0,4,12.8996,7622.76
2046,5,0,4,12.8934,7591.54
1778,5,0,4,12.868,7463.03
1327,5,0,4,12.8567,7402.25
1343,5,0,4,12.8561,7399.52
1355,5,0,4,12.8314,7268.7
1364,5,0,4,12.8313,7268.49
1362,5,0,4,12.8211,7214.86
1382,5,0,4,12.7917,7067.27
1390,5,0,4,12.7707,6956.63
1402,5,0,4,12.7598,6898.79
110,5,0,5,13.5032,10718,0,0,0
1968,5,0,5,13.4881,10637.2
114,5,0,5,13.4823,10602
1719,5,0,5,13.4467,10407.2
1718,5,0,5,13.4284,10307.8
129,5,0,5,13.4041,10172.7
134,5,0,5,13.3968,10134.3
133,5,0,5,13.3841,10066.7
138,5,0,5,13.3633,9962.14
184,5,0,5,13.3456,9867.87
440,5,0,5,13.3246,9758.01
451,5,0,5,13.3082,9672.59
1716,5,0,5,13.3058,9656.17
462,5,0,5,13.2986,9617.35
1990,5,0,5,13.2908,9564.31
463,5,0,5,13.2736,9474.27
474,5,0,5,13.2598,9401.28
2140,5,0,5,13.2516,9363.45
475,5,0,5,13.2449,9332.18
499,5,0,5,13.2371,9292.59
500,5,0,5,13.2325,9269.18
518,5,0,5,13.227,9241
1754,5,0,5,13.2138,9179.14
540,5,0,5,13.2052,9135.24
541,5,0,5,13.1945,9080.09
572,5,0,5,13.1858,9034.33
1994,5,0,5,13.1761,8984.05
1993,5,0,5,13.1718,8962.57
1995,5,0,5,13.165,8928.2
1996,5,0,5,13.1589,8898.26
1997,5,0,5,13.155,8878.36
2027,5,0,5,13.1301,8757.58
2026,5,0,5,13.1243,8729.1
978,5,0,5,13.1153,8687.1
1010,5,0,5,13.1015,8614.98
1016,5,0,5,13.0814,8521.68
501,6,0,0,13.6396,1510.92,0.0531667,231.897,0.2,1
502,6,0,0,13.6344,1485.38
473,6,0,0,13.6265,1446.3
2141,6,0,0,13.6263,1445.32
1750,6,0,0,13.622,1424.02
477,6,0,0,13.6175,1400.71
453,6,0,0,13.5885,1243.21
446,6,0,0,13.5802,1195.77
442,6,0,0,13.5685,1137.28
1857,6,0,0,13.5597,1091.26
441,6,0,0,13.5536,1062.09
185,6,0,0,13.5426,1004.16
177,6,0,0,13.5303,938.786
184,6,0,0,13.5103,829.279
138,6,0,0,13.4936,739.414
133,6,0,0,13.4797,664.29
134,6,0,0,13.4721,612.333
129,6,0,0,13.465,574.749
1718,6,0,0,13.4391,432.78
1720,6,0,0,13.432,394.625
1719,6,0,0,13.4193,321.152
114,6,0,0,13.3816,117.424
1968,6,0,0,13.3748,79.7523
110,6,0,0,13.36,0
1016,6,0,1,13.8572,2559.29,0.0561667,244.982,0.25,2
1010,6,0,1,13.8482,2511.64
2026,6,0,1,13.8208,2377.86
2027,6,0,1,13.8157,2352.02
1998,6,0,1,13.8053,2299.32
1997,6,0,1,13.7967,2255.7
1996,6,0,1,13.7908,2227.41
1995,6,0,1,13.7826,2189.09
1993,6,0,1,13.7735,2145.41
1994,6,0,1,13.7692,2123.93
572,6,0,1,13.7622,2085.28
541,6,0,1,13.75,2024.92
540,6,0,1,13.7396,1971.28
1754,6,0,1,13.7312,1927.61
518,6,0,1,13.7233,1887.64
500,6,0,1,13.7183,1861.85
501,6,0,1,13.6928,1742.82
1402,6,0,2,14.1781,4171.66,0.0816667,356.205,0.16,3
1390,6,0,2,14.169,4121.61
1382,6,0,2,14.1434,3991.55
1362,6,0,2,14.1229,3881.56
1361,6,0,2,14.1187,3858.38
1354,6,0,2,14.1187,3858.19
1355,6,0,2,14.1122,3823.7
2076,6,0,2,14.1104,3814.59
1356,6,0,2,14.1028,3775.24
1357,6,0,2,14.102,3771.52
1349,6,0,2,14.0893,3706.57
1348,6,0,2,14.0887,3703.13
1340,6,0,2,14.0882,3700.59
1339,6,0,2,14.0826,3671.86
1330,6,0,2,14.0618,3563.11
1161,6,0,2,14.0525,3515.2
1162,6,0,2,14.0425,3462.21
1136,6,0,2,14.0238,3364.01
1138,6,0,2,14.0171,3329.65
1137,6,0,2,14.0112,3298.54
1123,6,0,2,13.9975,3232.39
1775,6,0,2,13.9889,3188.4
1102,6,0,2,13.9732,3109.22
1100,6,0,2,13.959,3039.82
1101,6,0,2,13.948,2983.18
1082,6,0,2,13.9396,2941.21
1079,6,0,2,13.9305,2894.19
1061,6,0,2,13.9262,2872.91
1063,6,0,2,13.923,2856.07
1062,6,0,2,13.922,2849.03
2159,6,0,2,13.9218,2848.04
1045,6,0,2,13.9211,2844.89
1043,6,0,2,13.9178,2828.21
2029,6,0,2,13.9177,2827.8
1016,6,0,2,13.9134,2804.27
110,6,0,3,14.8946,7948.32,0,0,0
1968,6,0,3,14.877,7856.71
1969,6,0,3,14.8645,7779.85
115,6,0,3,14.862,7765.39
2113,6,0,3,14.8565,7736.2
2133,6,0,3,14.7228,6998.83
366,6,0,3,14.7188,6972.03
2134,6,0,3,14.7096,6914.26
2136,6,0,3,14.6988,6854.11
393,6,0,3,14.6688,6698.35
401,6,0,3,14.6561,6628.9
1739,6,0,3,14.6462,6575.04
1742,6,0,3,14.6397,6540.56
1741,6,0,3,14.6333,6506.07
418,6,0,3,14.6258,6466.55
417,6,0,3,14.623,6450.86
1989,6,0,3,14.605,6358.28
2011,6,0,3,14.5849,6255.21
2156,6,0,3,14.5794,6226.77
2013,6,0,3,14.5787,6223.62
886,6,0,3,14.5677,6169
888,6,0,3,14.5509,6075.87
903,6,0,3,14.5398,6017.61
904,6,0,3,14.5363,5998.75
925,6,0,3,14.5162,5885.54
2019,6,0,3,14.5105,5857.25
929,6,0,3,14.5101,5855.27
938,6,0,3,14.4985,5791
950,6,0,3,14.4836,5714.34
951,6,0,3,14.4727,5662.71
949,6,0,3,14.4604,5600.46
1302,6,0,3,14.4354,5468.03
1307,6,0,3,14.4217,5390.6
1308,6,0,3,14.4105,5331.03
1309,6,0,3,14.3922,5237.67
1314,6,0,3,14.3916,5234.8
2165,6,0,3,14.3761,5151.36
2071,6,0,3,14.3553,5040.21
1317,6,0,3,14.3433,4972.8
2072,6,0,3,14.3243,4870.1
1323,6,0,3,14.3083,4786.41
1388,6,0,3,14.3076,4782.63
1389,6,0,3,14.2989,4734.73
1390,6,0,3,14.2686,4576.84
1402,6,0,3,14.2598,4527.87
410,6,1,0,11.3622,1462.66,0.0726667,316.95,0.06,1
398,6,1,0,11.3619,1461.45
397,6,1,0,11.3493,1392.89
390,6,1,0,11.3298,1291.33
382,6,1,0,11.3125,1199.86
376,6,1,0,11.2945,1103.09
369,6,1,0,11.275,998.232
360,6,1,0,11.2527,878.986
361,6,1,0,11.2401,809.873
128,6,1,0,11.1796,481.115
126,6,1,0,11.1723,442.296
125,6,1,0,11.166,408.059
118,6,1,0,11.1331,231.019
1968,6,1,0,11.1053,81.9493
110,6,1,0,11.09,0
710,6,1,1,11.6546,3117.52,0.0443333,193.369,0.36,2
1543,6,1,1,11.6331,2997.25
715,6,1,1,11.6283,2952.99
714,6,1,1,11.6244,2928.98
726,6,1,1,11.6242,2927.1
529,6,1,1,11.6105,2827.61
605,6,1,1,11.5957,2731
603,6,1,1,11.5906,2703.02
604,6,1,1,11.5863,2679.88
596,6,1,1,11.5862,2678.91
580,6,1,1,11.5778,2620.63
574,6,1,1,11.5605,2527.39
573,6,1,1,11.5505,2471.49
564,6,1,1,11.5428,2430.34
557,6,1,1,11.5367,2396.35
561,6,1,1,11.53,2349.83
628,6,1,1,11.5255,2324.18
609,6,1,1,11.5128,2247.52
423,6,1,1,11.5069,2191.2
419,6,1,1,11.5022,2156.76
418,6,1,1,11.4869,2071.84
2139,6,1,1,11.483,2050.41
2138,6,1,1,11.4646,1948.97
411,6,1,1,11.451,1874.15
412,6,1,1,11.4485,1855.14
398,6,1,1,11.4351,1780.81
410,6,1,1,11.4348,1779.61
110,6,1,2,12.0054,5064.79,0,0,0
1968,6,1,2,11.9903,4983.75
114,6,1,2,11.9851,4949.43
1719,6,1,2,11.9421,4722.82
1718,6,1,2,11.9266,4635.77
129,6,1,2,11.9022,4499.9
134,6,1,2,11.8958,4465.51
133,6,1,2,11.883,4397.31
138,6,1,2,11.8621,4292.72
184,6,1,2,11.8429,4191.76
440,6,1,2,11.8262,4100.57
451,6,1,2,11.8074,4004.86
1716,6,1,2,11.805,3988.43
462,6,1,2,11.7946,3936.01
1990,6,1,2,11.7868,3882.98
452,6,1,2,11.7818,3850.54
453,6,1,2,11.7704,3763.36
455,6,1,2,11.758,3693.43
454,6,1,2,11.7552,3677.82
457,6,1,2,11.7485,3623.85
456,6,1,2,11.7433,3594.41
458,6,1,2,11.7339,3533.26
459,6,1,2,11.7279,3488.16
1543,6,1,2,11.7186,3425.93
710,6,1,2,11.6989,3310.88
501,7,0,0,11.7539,1433.41,0.0743333,324.22,0.22,1
502,7,0,0,11.7486,1407.87
473,7,0,0,11.739,1361.69
2141,7,0,0,11.7388,1360.71
2140,7,0,0,11.7304,1314.68
475,7,0,0,11.7275,1299.26
474,7,0,0,11.7234,1278.25
463,7,0,0,11.7086,1201.35
1990,7,0,0,11.6951,1126.94
462,7,0,0,11.6864,1072.9
461,7,0,0,11.684,1058.4
1716,7,0,0,11.6758,1015.28
451,7,0,0,11.6714,992.322
440,7,0,0,11.6554,908.617
184,7,0,0,11.6385,816.223
138,7,0,0,11.6228,730.3
133,7,0,0,11.6085,653.53
134,7,0,0,11.6009,601.574
129,7,0,0,11.5933,561.93
1718,7,0,0,11.5669,417.674
1719,7,0,0,11.5502,325.295
114,7,0,0,11.5123,120.486
1968,7,0,0,11.5053,81.9493
110,7,0,0,11.49,0
710,7,0,1,11.958,2453.47,0.0443333,193.369,0.36,2
1543,7,0,1,11.9366,2333.21
459,7,0,1,11.9263,2269.8
488,7,0,1,11.8976,2112.91
2144,7,0,1,11.8809,2022.7
486,7,0,1,11.8796,2016.25
482,7,0,1,11.872,1976.94
2142,7,0,1,11.8669,1949.91
2143,7,0,1,11.8665,1948.14
480,7,0,1,11.8661,1946.24
478,7,0,1,11.8619,1924.17
477,7,0,1,11.8538,1881.98
1750,7,0,1,11.85,1861.72
2141,7,0,1,11.8436,1831.93
473,7,0,1,11.8434,1830.73
502,7,0,1,11.8343,1786.83
501,7,0,1,11.8282,1757.63
1016,7,0,2,12.1292,3369.07,0.0438333,191.188,0.28,3
1548,7,0,2,12.1223,3333.03
1012,7,0,2,12.118,3310.61
1014,7,0,2,12.1176,3308.41
989,7,0,2,12.1071,3252.55
990,7,0,2,12.0971,3202.29
704,7,0,2,12.0857,3144.55
2179,7,0,2,12.0855,3143.68
662,7,0,2,12.0793,3114.04
602,7,0,2,12.0684,3046.34
599,7,0,2,12.0645,3024.12
605,7,0,2,12.0606,3000.37
529,7,0,2,12.0434,2900.36
726,7,0,2,12.0286,2800.27
714,7,0,2,12.0284,2798.41
1543,7,0,2,12.0242,2768.44
710,7,0,2,12.0024,2646.84
1402,7,0,3,12.4363,4918.69,0.085,370.744,0.2,4
1390,7,0,3,12.4262,4864.29
1382,7,0,3,12.403,4743.98
1362,7,0,3,12.3791,4619.7
1361,7,0,3,12.3742,4593.25
1354,7,0,3,12.3741,4593.06
1355,7,0,3,12.3678,4559.22
2076,7,0,3,12.366,4550.11
1356,7,0,3,12.3602,4518.45
1357,7,0,3,12.3594,4514.73
1349,7,0,3,12.3482,4456.01
1348,7,0,3,12.3472,4450.96
1340,7,0,3,12.3467,4448.42
1339,7,0,3,12.3407,4417.99
1329,7,0,3,12.3278,4351.43
1158,7,0,3,12.3137,4278.91
2048,7,0,3,12.2934,4171.91
1131,7,0,3,12.2882,4144.68
1130,7,0,3,12.2824,4115.75
1129,7,0,3,12.263,4024.95
1121,7,0,3,12.2437,3925.02
1095,7,0,3,12.2357,3886.22
1093,7,0,3,12.228,3845.49
1074,7,0,3,12.2214,3809.29
1077,7,0,3,12.2111,3755.24
1080,7,0,3,12.1978,3688.79
1079,7,0,3,12.1901,3650.11
1061,7,0,3,12.1859,3628.82
1063,7,0,3,12.1825,3611.01
1062,7,0,3,12.1814,3603.94
2159,7,0,3,12.1812,3603.04
1045,7,0,3,12.1805,3599.89
1043,7,0,3,12.1774,3584.03
2029,7,0,3,12.1773,3583.62
1016,7,0,3,12.1731,3560.25
410,7,0,4,12.932,7451.77,0.109667,478.333,0.09,5
1986,7,0,4,12.9064,7326.03
883,7,0,4,12.8771,7172.67
882,7,0,4,12.8654,7109.1
2155,7,0,4,12.8616,7090.37
901,7,0,4,12.8281,6915.07
902,7,0,4,12.8143,6841.86
904,7,0,4,12.7996,6764.46
925,7,0,4,12.7768,6639.44
2019,7,0,4,12.7709,6610.13
929,7,0,4,12.7705,6608.15
938,7,0,4,12.7584,6542.02
950,7,0,4,12.7424,6460.99
951,7,0,4,12.736,6427.74
949,7,0,4,12.7244,6368.45
1302,7,0,4,12.6977,6228.78
1307,7,0,4,12.6825,6145
1308,7,0,4,12.6709,6083.95
1309,7,0,4,12.6535,5993.85
1314,7,0,4,12.6529,5990.98
2165,7,0,4,12.6339,5892.71
2071,7,0,4,12.6143,5786.86
1359,7,0,4,12.5944,5679.63
1370,7,0,4,12.5934,5675.18
1360,7,0,4,12.5707,5550.16
1382,7,0,4,12.5532,5457.91
1390,7,0,4,12.5323,5347.28
1402,7,0,4,12.5213,5289.44
110,7,0,5,13.3239,9505.78,0,0,0
1968,7,0,5,13.3088,9424.98
1969,7,0,5,13.2967,9348.63
115,7,0,5,13.2942,9334.21
2113,7,0,5,13.2894,9308.14
2133,7,0,5,13.1694,8630.62
366,7,0,5,13.1657,8603.99
2134,7,0,5,13.1547,8542.45
2136,7,0,5,13.1428,8477.53
393,7,0,5,13.1137,8325.64
401,7,0,5,13.0989,8247.18
400,7,0,5,13.0728,8104.08
411,7,0,5,13.0585,8029.53
412,7,0,5,13.0564,8010.02
398,7,0,5,13.042,7931.31
410,7,0,5,13.0417,7930.1
710,8,0,0,11.9784,1682.36,0.0443333,193.369,0.36,1
1543,8,0,0,11.9533,1546.36
459,8,0,0,11.9434,1483.42
458,8,0,0,11.9364,1437.75
456,8,0,0,11.9272,1376.86
457,8,0,0,11.9218,1346.64
454,8,0,0,11.9142,1292.68
455,8,0,0,11.9118,1278.37
453,8,0,0,11.9026,1212.8
446,8,0,0,11.894,1164.09
442,8,0,0,11.8858,1120.37
1857,8,0,0,11.8774,1076.3
441,8,0,0,11.8725,1051.98
185,8,0,0,11.8615,993.794
177,8,0,0,11.8489,927.553
184,8,0,0,11.8285,816.223
138,8,0,0,11.8128,730.3
133,8,0,0,11.7985,653.53
134,8,0,0,11.7909,601.574
129,8,0,0,11.7833,561.93
1718,8,0,0,11.7569,417.674
1719,8,0,0,11.7402,325.295
114,8,0,0,11.7023,120.486
1968,8,0,0,11.6953,81.9493
110,8,0,0,11.68,0
1016,8,0,1,12.1496,2597.96,0.0438333,191.188,0.28,2
1548,8,0,1,12.1427,2561.92
1012,8,0,1,12.1384,2539.5
1014,8,0,1,12.138,2537.3
989,8,0,1,12.1275,2481.44
990,8,0,1,12.1174,2431.18
704,8,0,1,12.1061,2373.44
2179,8,0,1,12.1059,2372.58
662,8,0,1,12.0997,2342.93
602,8,0,1,12.0888,2275.24
599,8,0,1,12.0849,2253.01
605,8,0,1,12.081,2229.26
529,8,0,1,12.0638,2129.25
726,8,0,1,12.049,2029.16
714,8,0,1,12.0488,2027.3
1543,8,0,1,12.0446,1997.34
710,8,0,1,12.0228,1875.73
1402,8,0,2,12.4567,4147.58,0.085,370.744,0.2,3
1390,8,0,2,12.4466,4093.18
1382,8,0,2,12.4234,3972.87
1362,8,0,2,12.3995,3848.59
1361,8,0,2,12.3946,3822.14
1354,8,0,2,12.3945,3821.95
1355,8,0,2,12.3882,3788.11
2076,8,0,2,12.3864,3779
1356,8,0,2,12.3806,3747.34
1357,8,0,2,12.3798,3743.62
1349,8,0,2,12.3686,3684.9
1348,8,0,2,12.3676,3679.85
1340,8,0,2,12.3671,3677.31
1339,8,0,2,12.3611,3646.88
1329,8,0,2,12.3482,3580.32
1158,8,0,2,12.3341,3507.8
2048,8,0,2,12.3138,3400.8
1131,8,0,2,12.3085,3373.57
1130,8,0,2,12.3028,3344.64
1129,8,0,2,12.2834,3253.84
1121,8,0,2,12.2641,3153.91
1095,8,0,2,12.2561,3115.11
1093,8,0,2,12.2484,3074.38
1074,8,0,2,12.2418,3038.18
1077,8,0,2,12.2314,2984.13
1080,8,0,2,12.2182,2917.68
1079,8,0,2,12.2105,2879
1061,8,0,2,12.2063,2857.71
1063,8,0,2,12.2028,2839.9
1062,8,0,2,12.2018,2832.83
2159,8,0,2,12.2016,2831.93
1045,8,0,2,12.2009,2828.78
1043,8,0,2,12.1978,2812.92
2029,8,0,2,12.1977,2812.51
1016,8,0,2,12.1935,2789.14
410,8,0,3,12.9524,6680.66,0.109667,478.333,0.09,4
1986,8,0,3,12.9268,6554.92
883,8,0,3,12.8975,6401.56
882,8,0,3,12.8858,6337.99
2155,8,0,3,12.882,6319.27
901,8,0,3,12.8485,6143.96
902,8,0,3,12.8347,6070.75
904,8,0,3,12.82,5993.35
925,8,0,3,12.7972,5868.33
2019,8,0,3,12.7913,5839.03
929,8,0,3,12.7909,5837.04
938,8,0,3,12.7788,5770.91
950,8,0,3,12.7628,5689.89
951,8,0,3,12.7564,5656.63
949,8,0,3,12.7448,5597.34
1302,8,0,3,12.7181,5457.68
1307,8,0,3,12.7029,5373.89
1308,8,0,3,12.6913,5312.84
1309,8,0,3,12.6739,5222.74
1314,8,0,3,12.6733,5219.87
2165,8,0,3,12.6543,5121.6
2071,8,0,3,12.6347,5015.75
1359,8,0,3,12.6148,4908.53
1370,8,0,3,12.6138,4904.07
1360,8,0,3,12.5911,4779.05
1382,8,0,3,12.5736,4686.8
1390,8,0,3,12.5527,4576.17
1402,8,0,3,12.5417,4518.33
501,8,0,4,13.286,8321.89,0.0531667,231.897,0.2,5
502,8,0,4,13.2807,8296.36
499,8,0,4,13.2538,8170.51
500,8,0,4,13.2492,8147.11
518,8,0,4,13.2436,8118.92
519,8,0,4,13.2319,8059.61
514,8,0,4,13.2232,8015.32
515,8,0,4,13.2179,7988.83
513,8,0,4,13.2048,7923.88
395,8,0,4,13.1784,7784.76
394,8,0,4,13.1631,7705.97
2137,8,0,4,13.1411,7591.72
393,8,0,4,13.1341,7554.54
401,8,0,4,13.1192,7476.07
400,8,0,4,13.0932,7332.97
411,8,0,4,13.0788,7258.42
412,8,0,4,13.0768,7238.91
398,8,0,4,13.0624,7160.2
410,8,0,4,13.0621,7158.99
110,8,0,5,13.6113,10014.6,0,0,0
1968,8,0,5,13.5962,9933.76
114,8,0,5,13.5904,9898.57
1719,8,0,5,13.5551,9705.3
1718,8,0,5,13.537,9606.77
129,8,0,5,13.5131,9473.01
134,8,0,5,13.5081,9444.51
133,8,0,5,13.4961,9379.67
138,8,0,5,13.4753,9275.09
184,8,0,5,13.4585,9184.7
440,8,0,5,13.436,9068.32
451,8,0,5,13.4196,8982.9
1716,8,0,5,13.4172,8966.48
462,8,0,5,13.41,8927.66
1990,8,0,5,13.4022,8874.62
463,8,0,5,13.385,8784.58
474,8,0,5,13.3711,8711.59
2140,8,0,5,13.363,8673.76
2141,8,0,5,13.3548,8628.78
473,8,0,5,13.3546,8628.02
502,8,0,5,13.3456,8584.12
501,8,0,5,13.3391,8553.79
710,9,0,0,11.6984,1682.36,0.0443333,193.369,0.36,1
1543,9,0,0,11.6733,1546.36
459,9,0,0,11.6634,1483.42
458,9,0,0,11.6564,1437.75
456,9,0,0,11.6472,1376.86
457,9,0,0,11.6418,1346.64
454,9,0,0,11.6342,1292.68
455,9,0,0,11.6318,1278.37
453,9,0,0,11.6226,1212.8
446,9,0,0,11.614,1164.09
442,9,0,0,11.6058,1120.37
1857,9,0,0,11.5974,1076.3
441,9,0,0,11.5925,1051.98
185,9,0,0,11.5815,993.794
177,9,0,0,11.5689,927.553
184,9,0,0,11.5485,816.223
138,9,0,0,11.5328,730.3
133,9,0,0,11.5185,653.53
134,9,0,0,11.5109,601.574
129,9,0,0,11.5033,561.93
1718,9,0,0,11.4769,417.674
1719,9,0,0,11.4602,325.295
114,9,0,0,11.4223,120.486
1968,9,0,0,11.4153,81.9493
110,9,0,0,11.4,0
410,9,0,1,11.9819,3297.46,0.0726667,316.95,0.06,2
398,9,0,1,11.9817,3296.25
397,9,0,1,11.9713,3236.47
399,9,0,1,11.9548,3146.48
411,9,0,1,11.9403,3066.94
1537,9,0,1,11.9122,2908.63
418,9,0,1,11.9069,2880.17
419,9,0,1,11.8906,2791.05
423,9,0,1,11.8859,2756.6
609,9,0,1,11.88,2700.28
628,9,0,1,11.8674,2623.84
561,9,0,1,11.8633,2598.8
557,9,0,1,11.8553,2550.72
554,9,0,1,11.8537,2542.26
565,9,0,1,11.8461,2499.32
573,9,0,1,11.8408,2472.73
574,9,0,1,11.8318,2420.94
580,9,0,1,11.8134,2322.66
596,9,0,1,11.8073,2262.81
595,9,0,1,11.8018,2232.4
605,9,0,1,11.8006,2224.41
529,9,0,1,11.7834,2124.38
726,9,0,1,11.7675,2023.19
714,9,0,1,11.7673,2021.3
1543,9,0,1,11.7625,1990.78
710,9,0,1,11.7428,1875.73
1402,9,0,2,12.4649,5784.91,0.085,370.744,0.2,3
1390,9,0,2,12.4548,5730.52
1382,9,0,2,12.4323,5613.41
1362,9,0,2,12.413,5508.58
1361,9,0,2,12.4085,5484.06
1354,9,0,2,12.4085,5483.87
2188,9,0,2,12.402,5450.11
2075,9,0,2,12.3811,5342.16
1822,9,0,2,12.3803,5338.17
1353,9,0,2,12.3713,5292.42
2118,9,0,2,12.3498,5176.26
2117,9,0,2,12.3472,5151.63
2164,9,0,2,12.33,5038.48
1307,9,0,2,12.3134,4951.49
1302,9,0,2,12.2967,4861.24
949,9,0,2,12.274,4738.44
2025,9,0,2,12.2705,4720.99
1598,9,0,2,12.2671,4702.02
948,9,0,2,12.2604,4667.33
928,9,0,2,12.2487,4604.29
923,9,0,2,12.2125,4423.53
924,9,0,2,12.2042,4384.22
914,9,0,2,12.1838,4277.13
902,9,0,2,12.1775,4242.13
887,9,0,2,12.1609,4156.83
2012,9,0,2,12.1434,4065.19
884,9,0,2,12.1389,4042.25
1987,9,0,2,12.1015,3852.27
413,9,0,2,12.0822,3754.57
414,9,0,2,12.0769,3726.93
410,9,0,2,12.0546,3614.41
1016,9,0,3,12.8153,7533.57,0.0438333,191.188,0.28,4
2029,9,0,3,12.8088,7500.56
1043,9,0,3,12.8087,7500.14
2158,9,0,3,12.7996,7455.99
2030,9,0,3,12.7956,7436.16
1041,9,0,3,12.7909,7411.17
1059,9,0,3,12.7827,7369.33
1058,9,0,3,12.7775,7343.27
1056,9,0,3,12.7711,7308.83
1072,9,0,3,12.7535,7217.93
1071,9,0,3,12.7453,7175.83
1090,9,0,3,12.7371,7131.19
1089,9,0,3,12.7304,7095.33
1119,9,0,3,12.7233,7056.1
1118,9,0,3,12.7165,7019.9
2044,9,0,3,12.7004,6936.65
2169,9,0,3,12.6939,6901.77
2171,9,0,3,12.6897,6879.63
2046,9,0,3,12.6835,6848.4
1778,9,0,3,12.6581,6719.89
1327,9,0,3,12.6468,6659.12
1343,9,0,3,12.6462,6656.39
1355,9,0,3,12.6215,6525.57
1364,9,0,3,12.6214,6525.36
1362,9,0,3,12.6112,6471.73
1382,9,0,3,12.5818,6324.13
1390,9,0,3,12.5608,6213.5
1402,9,0,3,12.5499,6155.66
501,9,0,4,13.0498,8650.26,0.0531667,231.897,0.2,5
1747,9,0,4,13.0431,8617.65
1746,9,0,4,13.0139,8473.15
1745,9,0,4,13.003,8419.08
1844,9,0,4,12.9824,8318.85
575,9,0,4,12.9797,8302.8
571,9,0,4,12.9759,8282.83
570,9,0,4,12.9713,8260.5
569,9,0,4,12.9656,8232.9
640,9,0,4,12.9603,8205.88
649,9,0,4,12.9538,8174.55
646,9,0,4,12.9474,8143.67
691,9,0,4,12.9396,8106.91
689,9,0,4,12.9158,7996.02
979,9,0,4,12.9061,7951.98
980,9,0,4,12.9009,7925.91
978,9,0,4,12.8973,7907.42
1010,9,0,4,12.8816,7827.27
1016,9,0,4,12.8591,7724.76
110,9,0,5,13.3751,10342.9,0,0,0
1968,9,0,5,13.36,10262.1
114,9,0,5,13.3542,10226.9
1719,9,0,5,13.3189,10033.7
1718,9,0,5,13.3008,9935.14
129,9,0,5,13.2769,9801.38
134,9,0,5,13.272,9772.88
133,9,0,5,13.26,9708.04
138,9,0,5,13.2391,9603.46
184,9,0,5,13.2223,9513.07
440,9,0,5,13.1998,9396.69
451,9,0,5,13.1834,9311.27
1716,9,0,5,13.181,9294.85
462,9,0,5,13.1738,9256.03
1990,9,0,5,13.166,9202.99
463,9,0,5,13.1488,9112.95
474,9,0,5,13.135,9039.96
2140,9,0,5,13.1268,9002.13
2141,9,0,5,13.1186,8957.15
473,9,0,5,13.1184,8956.39
502,9,0,5,13.1094,8912.49
501,9,0,5,13.103,8882.16
410,10,0,0,11.3622,1462.66,0.0726667,316.95,0.06,1
398,10,0,0,11.3619,1461.45
397,10,0,0,11.3493,1392.89
390,10,0,0,11.3298,1291.33
382,10,0,0,11.3125,1199.86
376,10,0,0,11.2945,1103.09
369,10,0,0,11.275,998.232
360,10,0,0,11.2527,878.986
361,10,0,0,11.2401,809.873
128,10,0,0,11.1796,481.115
126,10,0,0,11.1723,442.296
125,10,0,0,11.166,408.059
118,10,0,0,11.1331,231.019
1968,10,0,0,11.1053,81.9493
110,10,0,0,11.09,0
501,10,0,1,11.648,2884.59,0.0743333,324.22,0.22,2
502,10,0,1,11.6427,2859.05
499,10,0,1,11.6174,2739.67
497,10,0,1,11.6048,2676.94
496,10,0,1,11.5926,2618.6
495,10,0,1,11.5854,2584.31
1991,10,0,1,11.5734,2525.1
513,10,0,1,11.5684,2499.5
395,10,0,1,11.5455,2375.4
394,10,0,1,11.532,2304.4
2137,10,0,1,11.5112,2195.15
393,10,0,1,11.5036,2155.53
392,10,0,1,11.4856,2054.99
400,10,0,1,11.4653,1948.22
411,10,0,1,11.451,1874.15
412,10,0,1,11.4485,1855.14
398,10,0,1,11.4351,1780.81
410,10,0,1,11.4348,1779.61
710,10,0,2,11.8521,3904.65,0.0443333,193.369,0.36,3
1543,10,0,2,11.8307,3784.39
459,10,0,2,11.8204,3720.98
488,10,0,2,11.7917,3564.09
2144,10,0,2,11.775,3473.88
486,10,0,2,11.7737,3467.43
482,10,0,2,11.7661,3428.12
2142,10,0,2,11.761,3401.08
2143,10,0,2,11.7606,3399.32
480,10,0,2,11.7602,3397.42
478,10,0,2,11.756,3375.35
477,10,0,2,11.7479,3333.15
1750,10,0,2,11.7441,3312.9
2141,10,0,2,11.7377,3283.11
473,10,0,2,11.7375,3281.91
502,10,0,2,11.7284,3238.01
501,10,0,2,11.7223,3208.81
1016,10,0,3,12.0259,4829.16,0.0438333,191.188,0.28,4
1548,10,0,3,12.0187,4792.33
1012,10,0,3,12.0142,4768.74
1014,10,0,3,12.0136,4765.88
989,10,0,3,12.0026,4707.57
990,10,0,3,11.9925,4657.31
991,10,0,3,11.9899,4644.96
706,10,0,3,11.9829,4605.5
704,10,0,3,11.9803,4592.73
2179,10,0,3,11.9801,4591.86
662,10,0,3,11.9739,4562.21
602,10,0,3,11.9625,4493.94
599,10,0,3,11.9584,4470.68
605,10,0,3,11.9543,4446.69
529,10,0,3,11.9371,4346.67
726,10,0,3,11.9212,4245.47
714,10,0,3,11.921,4243.59
1543,10,0,3,11.9162,4213.06
710,10,0,3,11.8965,4098.02
1402,10,0,4,12.333,6378.79,0.085,370.744,0.2,5
1390,10,0,4,12.3229,6324.39
1382,10,0,4,12.2997,6204.08
1362,10,0,4,12.2758,6079.79
1361,10,0,4,12.2708,6053.35
1354,10,0,4,12.2708,6053.16
1355,10,0,4,12.2645,6019.32
2076,10,0,4,12.2626,6010.21
1356,10,0,4,12.2568,5978.55
1357,10,0,4,12.2561,5974.83
1349,10,0,4,12.2448,5916.11
1348,10,0,4,12.2438,5911.06
1340,10,0,4,12.2433,5908.52
1339,10,0,4,12.2373,5878.09
1329,10,0,4,12.2244,5811.53
1158,10,0,4,12.2103,5739.01
2048,10,0,4,12.19,5632
1131,10,0,4,12.1848,5604.77
1130,10,0,4,12.179,5575.85
1129,10,0,4,12.1597,5485.05
1121,10,0,4,12.1404,5385.12
1095,10,0,4,12.1323,5346.31
1093,10,0,4,12.1246,5305.59
1074,10,0,4,12.1181,5269.39
1077,10,0,4,12.1077,5215.33
1080,10,0,4,12.0945,5148.89
1079,10,0,4,12.0868,5110.2
1061,10,0,4,12.0826,5088.92
1063,10,0,4,12.0791,5071.11
1062,10,0,4,12.0781,5064.04
2159,10,0,4,12.0779,5063.13
1045,10,0,4,12.0772,5059.98
1043,10,0,4,12.0741,5044.13
2029,10,0,4,12.074,5043.71
1016,10,0,4,12.0697,5020.35
110,10,0,5,13.0471,10119.2,0,0,0
1968,10,0,5,13.0333,10044
118,10,0,5,13.0029,9883.86
125,10,0,5,12.9636,9679.38
126,10,0,5,12.9564,9641.05
128,10,0,5,12.9521,9611.77
361,10,0,5,12.9035,9327.71
360,10,0,5,12.8933,9265.67
366,10,0,5,12.8761,9170.01
2134,10,0,5,12.8654,9109.87
2136,10,0,5,12.8533,9043.93
393,10,0,5,12.821,8878.8
401,10,0,5,12.8095,8814.38
402,10,0,5,12.8019,8774.31
1742,10,0,5,12.7923,8721.21
1741,10,0,5,12.7862,8688.09
418,10,0,5,12.7785,8647.55
417,10,0,5,12.7752,8629.94
1989,10,0,5,12.7583,8541.91
2011,10,0,5,12.7376,8436.48
891,10,0,5,12.7176,8330.46
893,10,0,5,12.7115,8299.43
894,10,0,5,12.7083,8282.85
895,10,0,5,12.699,8236.13
907,10,0,5,12.6859,8169.52
908,10,0,5,12.6775,8127.06
2014,10,0,5,12.6769,8124.38
2017,10,0,5,12.6757,8118.68
2170,10,0,5,12.6725,8102.67
1738,10,0,5,12.6549,8014.86
1737,10,0,5,12.6482,7981.08
936,10,0,5,12.633,7902.17
933,10,0,5,12.6325,7899.23
934,10,0,5,12.6269,7861.58
935,10,0,5,12.6264,7858.97
2020,10,0,5,12.6153,7802
1787,10,0,5,12.5957,7704.84
2023,10,0,5,12.5863,7658.02
2163,10,0,5,12.5605,7517.42
1314,10,0,5,12.5496,7451.08
2165,10,0,5,12.5306,7352.81
2071,10,0,5,12.511,7246.96
1359,10,0,5,12.491,7139.73
1370,10,0,5,12.4901,7135.28
1360,10,0,5,12.4674,7010.26
1382,10,0,5,12.4499,6918.01
1390,10,0,5,12.4289,6807.38
1402,10,0,5,12.418,6749.53
410,11,0,0,11.6722,1462.66,0.0726667,316.95,0.06,1
398,11,0,0,11.6719,1461.45
397,11,0,0,11.6593,1392.89
390,11,0,0,11.6398,1291.33
382,11,0,0,11.6225,1199.86
376,11,0,0,11.6045,1103.09
369,11,0,0,11.585,998.232
360,11,0,0,11.5627,878.986
361,11,0,0,11.5501,809.873
128,11,0,0,11.4896,481.115
126,11,0,0,11.4823,442.296
125,11,0,0,11.476,408.059
118,11,0,0,11.4431,231.019
1968,11,0,0,11.4153,81.9493
110,11,0,0,11.4,0
710,11,0,1,11.9646,3117.52,0.0443333,193.369,0.36,2
1543,11,0,1,11.9431,2997.25
715,11,0,1,11.9383,2952.99
714,11,0,1,11.9344,2928.98
726,11,0,1,11.9342,2927.1
529,11,0,1,11.9205,2827.61
605,11,0,1,11.9057,2731
603,11,0,1,11.9006,2703.02
604,11,0,1,11.8963,2679.88
596,11,0,1,11.8962,2678.91
580,11,0,1,11.8878,2620.63
574,11,0,1,11.8705,2527.39
573,11,0,1,11.8605,2471.49
564,11,0,1,11.8528,2430.34
557,11,0,1,11.8467,2396.35
561,11,0,1,11.84,2349.83
628,11,0,1,11.8355,2324.18
609,11,0,1,11.8228,2247.52
423,11,0,1,11.8169,2191.2
419,11,0,1,11.8122,2156.76
418,11,0,1,11.7969,2071.84
2139,11,0,1,11.793,2050.41
2138,11,0,1,11.7746,1948.97
411,11,0,1,11.761,1874.15
412,11,0,1,11.7585,1855.14
398,11,0,1,11.7451,1780.81
410,11,0,1,11.7448,1779.61
1016,11,0,2,12.1358,4033.11,0.0438333,191.188,0.28,3
1548,11,0,2,12.1288,3997.08
1012,11,0,2,12.1245,3974.66
1014,11,0,2,12.1241,3972.45
989,11,0,2,12.1136,3916.59
990,11,0,2,12.1036,3866.33
704,11,0,2,12.0923,3808.59
2179,11,0,2,12.0921,3807.73
662,11,0,2,12.0859,3778.08
602,11,0,2,12.0749,3710.39
599,11,0,2,12.071,3688.16
605,11,0,2,12.0672,3664.41
529,11,0,2,12.0499,3564.4
726,11,0,2,12.0352,3464.31
714,11,0,2,12.035,3462.45
1543,11,0,2,12.0307,3432.49
710,11,0,2,12.0089,3310.88
1402,11,0,3,12.4429,5582.73,0.085,370.744,0.2,4
1390,11,0,3,12.4328,5528.34
1382,11,0,3,12.4096,5408.02
1362,11,0,3,12.3856,5283.74
1361,11,0,3,12.3807,5257.29
1354,11,0,3,12.3807,5257.1
1355,11,0,3,12.3744,5223.26
2076,11,0,3,12.3725,5214.15
1356,11,0,3,12.3667,5182.49
1357,11,0,3,12.366,5178.77
1349,11,0,3,12.3547,5120.06
1348,11,0,3,12.3537,5115.01
1340,11,0,3,12.3532,5112.46
1339,11,0,3,12.3472,5082.04
1329,11,0,3,12.3343,5015.47
1158,11,0,3,12.3202,4942.95
2048,11,0,3,12.2999,4835.95
1131,11,0,3,12.2947,4808.72
1130,11,0,3,12.2889,4779.79
1129,11,0,3,12.2696,4689
1121,11,0,3,12.2503,4589.06
1095,11,0,3,12.2422,4550.26
1093,11,0,3,12.2345,4509.54
1074,11,0,3,12.228,4473.33
1077,11,0,3,12.2176,4419.28
1080,11,0,3,12.2043,4352.83
1079,11,0,3,12.1967,4314.15
1061,11,0,3,12.1925,4292.86
1063,11,0,3,12.189,4275.05
1062,11,0,3,12.1879,4267.98
2159,11,0,3,12.1878,4267.08
1045,11,0,3,12.1871,4263.93
1043,11,0,3,12.184,4248.07
2029,11,0,3,12.1839,4247.66
1016,11,0,3,12.1796,4224.3
501,11,0,4,12.9593,8152.35,0.102667,447.801,0.22,5
502,11,0,4,12.9541,8126.82
499,11,0,4,12.9295,8010.43
500,11,0,4,12.9249,7987.02
518,11,0,4,12.9189,7957.04
1754,11,0,4,12.9064,7898.05
540,11,0,4,12.8968,7849.65
541,11,0,4,12.8859,7794.07
572,11,0,4,12.8768,7746.59
1994,11,0,4,12.8613,7672.14
1993,11,0,4,12.857,7650.65
1995,11,0,4,12.851,7619.85
1996,11,0,4,12.8448,7589.56
1997,11,0,4,12.8409,7569.66
2027,11,0,4,12.8143,7442.06
2026,11,0,4,12.8086,7413.71
978,11,0,4,12.8028,7385.03
1010,11,0,4,12.7887,7311.3
1011,11,0,4,12.7742,7237.31
1009,11,0,4,12.769,7209.68
1041,11,0,4,12.7689,7208.99
1059,11,0,4,12.7607,7167.15
1058,11,0,4,12.7555,7141.09
1056,11,0,4,12.7491,7106.65
1072,11,0,4,12.7315,7015.75
1071,11,0,4,12.7233,6973.65
1090,11,0,4,12.715,6929.01
1089,11,0,4,12.7084,6893.15
1119,11,0,4,12.7013,6853.92
1118,11,0,4,12.6945,6817.72
2044,11,0,4,12.6784,6734.47
2169,11,0,4,12.6719,6699.59
2171,11,0,4,12.6677,6677.45
2046,11,0,4,12.6615,6646.22
1778,11,0,4,12.6361,6517.71
1327,11,0,4,12.6248,6456.94
1343,11,0,4,12.6242,6454.21
1355,11,0,4,12.5995,6323.39
1364,11,0,4,12.5994,6323.18
1362,11,0,4,12.5892,6269.55
1382,11,0,4,12.5598,6121.95
1390,11,0,4,12.5388,6011.32
1402,11,0,4,12.5279,5953.48
110,11,0,5,13.3341,10060.9,0,0,0
1968,11,0,5,13.3191,9980.12
114,11,0,5,13.3132,9944.93
1719,11,0,5,13.278,9751.67
1718,11,0,5,13.2599,9653.13
129,11,0,5,13.2359,9519.38
134,11,0,5,13.231,9490.87
133,11,0,5,13.219,9426.04
138,11,0,5,13.1981,9321.45
184,11,0,5,13.1813,9231.06
440,11,0,5,13.1588,9114.68
451,11,0,5,13.1424,9029.26
1716,11,0,5,13.14,9012.84
462,11,0,5,13.1328,8974.02
1990,11,0,5,13.125,8920.98
463,11,0,5,13.1078,8830.95
474,11,0,5,13.094,8757.96
2140,11,0,5,13.0858,8720.12
2141,11,0,5,13.0776,8675.14
473,11,0,5,13.0774,8674.38
502,11,0,5,13.0684,8630.48
501,11,0,5,13.062,8600.15
