Nodo,Individuo,Ruta,Segmento,Tiempo viaje,Costo viaje,Tiempo atencion,Costo atencion,Tasa fallo,Demanda
410,0,0,0,11.9922,1462.66,0.0726667,316.95,0.06,1
398,0,0,0,11.9919,1461.45
397,0,0,0,11.9793,1392.89
390,0,0,0,11.9598,1291.33
382,0,0,0,11.9425,1199.86
376,0,0,0,11.9245,1103.09
369,0,0,0,11.905,998.232
360,0,0,0,11.8827,878.986
361,0,0,0,11.8701,809.873
128,0,0,0,11.8096,481.115
126,0,0,0,11.8023,442.296
125,0,0,0,11.796,408.059
118,0,0,0,11.7631,231.019
1968,0,0,0,11.7353,81.9493
110,0,0,0,11.72,0
1402,0,0,1,12.4752,3950.11,0.085,370.744,0.2,2
1390,0,0,1,12.465,3895.71
1382,0,0,1,12.4426,3778.6
1362,0,0,1,12.4232,3673.78
1361,0,0,1,12.4187,3649.26
1354,0,0,1,12.4187,3649.07
2188,0,0,1,12.4123,3615.31
2075,0,0,1,12.3913,3507.36
1822,0,0,1,12.3905,3503.36
1353,0,0,1,12.3815,3457.62
2118,0,0,1,12.36,3341.45
2117,0,0,1,12.3575,3316.82
2164,0,0,1,12.3402,3203.67
1307,0,0,1,12.3236,3116.68
1302,0,0,1,12.307,3026.44
949,0,0,1,12.2842,2903.64
2025,0,0,1,12.2808,2886.18
1598,0,0,1,12.2774,2867.22
948,0,0,1,12.2706,2832.53
928,0,0,1,12.259,2769.48
923,0,0,1,12.2227,2588.73
924,0,0,1,12.2144,2549.42
914,0,0,1,12.194,2442.33
902,0,0,1,12.1878,2407.32
887,0,0,1,12.1711,2322.03
2012,0,0,1,12.1536,2230.38
884,0,0,1,12.1492,2207.45
1987,0,0,1,12.1117,2017.46
413,0,0,1,12.0924,1919.77
414,0,0,1,12.0871,1892.12
410,0,0,1,12.0648,1779.61
1016,0,0,2,12.8255,5698.77,0.0438333,191.188,0.28,3
2029,0,0,2,12.819,5665.75
1043,0,0,2,12.8189,5665.34
2158,0,0,2,12.8098,5621.19
2030,0,0,2,12.8059,5601.35
1041,0,0,2,12.8011,5576.37
1059,0,0,2,12.793,5534.52
1058,0,0,2,12.7878,5508.47
1056,0,0,2,12.7813,5474.03
1072,0,0,2,12.7637,5383.13
1071,0,0,2,12.7555,5341.02
1090,0,0,2,12.7473,5296.38
1089,0,0,2,12.7406,5260.53
1119,0,0,2,12.7336,5221.29
1118,0,0,2,12.7268,5185.09
2044,0,0,2,12.7107,5101.85
2169,0,0,2,12.7041,5066.97
2171,0,0,2,12.6999,5044.83
2046,0,0,2,12.6937,5013.6
1778,0,0,2,12.6683,4885.09
1327,0,0,2,12.6571,4824.32
1343,0,0,2,12.6565,4821.58
1355,0,0,2,12.6317,4690.77
1364,0,0,2,12.6317,4690.56
1362,0,0,2,12.6215,4636.93
1382,0,0,2,12.592,4489.33
1390,0,0,2,12.5711,4378.7
1402,0,0,2,12.5602,4320.85
710,0,0,3,13.0317,6815.76,0.0466667,203.546,0.45,4
1543,0,0,3,13.0093,6691.56
715,0,0,3,13.0045,6647.41
714,0,0,3,13.0005,6623.26
726,0,0,3,13.0003,6621.4
529,0,0,3,12.9862,6521.75
605,0,0,3,12.9713,6425.08
603,0,0,3,12.965,6392.01
2202,0,0,3,12.9616,6371.22
602,0,0,3,12.9572,6345.93
1851,0,0,3,12.9464,6275.39
1852,0,0,3,12.9415,6251.31
706,0,0,3,12.9283,6186.8
991,0,0,3,12.9165,6126.72
2028,0,0,3,12.9058,6074.05
1012,0,0,3,12.8923,6005.34
1045,0,0,3,12.8768,5929.59
1043,0,0,3,12.8737,5913.73
2029,0,0,3,12.8736,5913.32
1016,0,0,3,12.8694,5889.95
501,0,0,4,13.2007,7687.73,0.0531667,231.897,0.2,5
1747,0,0,4,13.1948,7658.71
505,0,0,4,13.1883,7627.22
506,0,0,4,13.1741,7559.45
507,0,0,4,13.1672,7526.06
510,0,0,4,13.1584,7483.31
509,0,0,4,13.1545,7463.11
508,0,0,4,13.1491,7434.34
512,0,0,4,13.1409,7393.3
511,0,0,4,13.1377,7376.55
2145,0,0,4,13.137,7373.34
2146,0,0,4,13.1259,7311.58
529,0,0,4,13.122,7275.53
726,0,0,4,13.1059,7173.99
714,0,0,4,13.1057,7172.11
1543,0,0,4,13.0999,7139.68
710,0,0,4,13.0784,7019.31
110,0,0,5,13.526,9380.4,0,0,0
1968,0,0,5,13.5109,9299.59
114,0,0,5,13.5051,9264.41
1719,0,0,5,13.4698,9071.14
1718,0,0,5,13.4517,8972.6
129,0,0,5,13.4278,8838.85
134,0,0,5,13.4228,8810.34
133,0,0,5,13.4108,8745.51
138,0,0,5,13.39,8640.92
184,0,0,5,13.3732,8550.54
440,0,0,5,13.3506,8434.16
451,0,0,5,13.3343,8348.74
1716,0,0,5,13.3319,8332.31
462,0,0,5,13.3247,8293.49
1990,0,0,5,13.3169,8240.45
463,0,0,5,13.2997,8150.42
474,0,0,5,13.2858,8077.43
2140,0,0,5,13.2777,8039.59
2141,0,0,5,13.2695,7994.61
473,0,0,5,13.2693,7993.85
502,0,0,5,13.2603,7949.95
501,0,0,5,13.2538,7919.63
1402,1,0,0,14.0134,3372.79,0.0816667,356.205,0.16,1
1390,1,0,0,14.0041,3321.76
1389,1,0,0,13.9755,3170.7
1388,1,0,0,13.9667,3122.71
1370,1,0,0,13.9298,2928.06
1359,1,0,0,13.9289,2923.6
2071,1,0,0,13.9123,2830.9
2165,1,0,0,13.8904,2715.19
1314,1,0,0,13.8731,2623.77
2163,1,0,0,13.8583,2543.94
2023,1,0,0,13.8317,2399.84
1787,1,0,0,13.8236,2358.52
2020,1,0,0,13.8047,2264.44
935,1,0,0,13.7949,2212.99
934,1,0,0,13.7944,2210.39
933,1,0,0,13.7827,2150.9
936,1,0,0,13.7822,2147.96
1737,1,0,0,13.7707,2085.09
917,1,0,0,13.7575,2016.59
916,1,0,0,13.7573,2015.68
906,1,0,0,13.7335,1891.34
889,1,0,0,13.7222,1832.97
890,1,0,0,13.7155,1797.06
2013,1,0,0,13.696,1693.84
1988,1,0,0,13.6784,1599.98
417,1,0,0,13.6579,1495.37
418,1,0,0,13.6539,1474.43
1741,1,0,0,13.6482,1442.44
1740,1,0,0,13.6444,1421.91
1739,1,0,0,13.6397,1395.5
401,1,0,0,13.6291,1338.14
393,1,0,0,13.6159,1266.67
2136,1,0,0,13.5931,1141.76
2134,1,0,0,13.5818,1079.42
360,1,0,0,13.5491,906.015
361,1,0,0,13.5346,828.632
128,1,0,0,13.4795,523.193
126,1,0,0,13.471,479.066
125,1,0,0,13.4618,432.83
118,1,0,0,13.427,247.521
1968,1,0,0,13.3948,79.7523
110,1,0,0,13.38,0
1016,1,0,1,14.3532,5082,0.0881667,384.556,0.22,2
2029,1,0,1,14.3488,5058.25
1043,1,0,1,14.3487,5057.84
2158,1,0,1,14.3419,5023.06
2030,1,0,1,14.3379,5003.22
1041,1,0,1,14.3328,4976.64
1059,1,0,1,14.3239,4931.8
1058,1,0,1,14.3189,4906.55
1075,1,0,1,14.3014,4816.48
1072,1,0,1,14.2914,4765.04
1071,1,0,1,14.2812,4714.56
1090,1,0,1,14.2751,4677.34
1089,1,0,1,14.269,4644.02
1119,1,0,1,14.2604,4598.13
1118,1,0,1,14.2543,4564.54
2044,1,0,1,14.239,4484.98
2169,1,0,1,14.231,4443.96
2171,1,0,1,14.2264,4419.81
1549,1,0,1,14.2186,4379.66
1147,1,0,1,14.2111,4341.27
1327,1,0,1,14.1828,4193.3
1343,1,0,1,14.1822,4190.57
1355,1,0,1,14.1554,4051.15
1364,1,0,1,14.1553,4050.94
1362,1,0,1,14.1455,3998.96
1382,1,0,1,14.1255,3891.13
1390,1,0,1,14.104,3777.96
1402,1,0,1,14.0951,3728.99
110,1,0,2,14.8607,7672.26,0,0,0
111,1,0,2,14.8584,7656.38
1968,1,0,2,14.8489,7591.7
114,1,0,2,14.8434,7556.97
1719,1,0,2,14.8072,7359.36
1718,1,0,2,14.7873,7253.04
129,1,0,2,14.7633,7119.25
134,1,0,2,14.7576,7087.84
133,1,0,2,14.7468,7028.46
138,1,0,2,14.726,6923.88
184,1,0,2,14.7094,6834.28
440,1,0,2,14.689,6727.06
451,1,0,2,14.6725,6640.86
1716,1,0,2,14.67,6624.43
462,1,0,2,14.6609,6577.36
1990,1,0,2,14.6539,6524.67
463,1,0,2,14.6352,6428.15
474,1,0,2,14.6198,6348.91
2140,1,0,2,14.6108,6307.57
475,1,0,2,14.6058,6283.34
499,1,0,2,14.598,6243.75
500,1,0,2,14.5934,6220.35
518,1,0,2,14.5888,6196.24
1754,1,0,2,14.5852,6171.31
540,1,0,2,14.577,6128.84
541,1,0,2,14.5651,6069.02
572,1,0,2,14.5555,6019.35
1994,1,0,2,14.5429,5956.95
1993,1,0,2,14.5386,5935.46
1995,1,0,2,14.526,5877.72
1996,1,0,2,14.5201,5848.54
1997,1,0,2,14.5162,5828.64
2027,1,0,2,14.489,5698.42
2026,1,0,2,14.4832,5669.93
978,1,0,2,14.4759,5634.79
1010,1,0,2,14.461,5558.02
1016,1,0,2,14.4413,5466.56
410,1,1,0,11.3022,1462.66,0.0726667,316.95,0.06,1
398,1,1,0,11.3019,1461.45
397,1,1,0,11.2893,1392.89
390,1,1,0,11.2698,1291.33
382,1,1,0,11.2525,1199.86
376,1,1,0,11.2345,1103.09
369,1,1,0,11.215,998.232
360,1,1,0,11.1927,878.986
361,1,1,0,11.1801,809.873
128,1,1,0,11.1196,481.115
126,1,1,0,11.1123,442.296
125,1,1,0,11.106,408.059
118,1,1,0,11.0731,231.019
1968,1,1,0,11.0453,81.9493
110,1,1,0,11.03,0
710,1,1,1,11.5946,3117.52,0.0443333,193.369,0.36,2
1543,1,1,1,11.5731,2997.25
715,1,1,1,11.5683,2952.99
714,1,1,1,11.5644,2928.98
726,1,1,1,11.5642,2927.1
529,1,1,1,11.5505,2827.61
605,1,1,1,11.5357,2731
603,1,1,1,11.5306,2703.02
604,1,1,1,11.5263,2679.88
596,1,1,1,11.5262,2678.91
580,1,1,1,11.5178,2620.63
574,1,1,1,11.5005,2527.39
573,1,1,1,11.4905,2471.49
564,1,1,1,11.4828,2430.34
557,1,1,1,11.4767,2396.35
561,1,1,1,11.47,2349.83
628,1,1,1,11.4655,2324.18
609,1,1,1,11.4528,2247.52
423,1,1,1,11.4469,2191.2
419,1,1,1,11.4422,2156.76
418,1,1,1,11.4269,2071.84
2139,1,1,1,11.423,2050.41
2138,1,1,1,11.4046,1948.97
411,1,1,1,11.391,1874.15
412,1,1,1,11.3885,1855.14
398,1,1,1,11.3751,1780.81
410,1,1,1,11.3748,1779.61
110,1,1,2,11.9454,5064.79,0,0,0
1968,1,1,2,11.9303,4983.75
114,1,1,2,11.9251,4949.43
1719,1,1,2,11.8821,4722.82
1718,1,1,2,11.8666,4635.77
129,1,1,2,11.8422,4499.9
134,1,1,2,11.8358,4465.51
133,1,1,2,11.823,4397.31
138,1,1,2,11.8021,4292.72
184,1,1,2,11.7829,4191.76
440,1,1,2,11.7662,4100.57
451,1,1,2,11.7474,4004.86
1716,1,1,2,11.745,3988.43
462,1,1,2,11.7346,3936.01
1990,1,1,2,11.7268,3882.98
452,1,1,2,11.7218,3850.54
453,1,1,2,11.7104,3763.36
455,1,1,2,11.698,3693.43
454,1,1,2,11.6952,3677.82
457,1,1,2,11.6885,3623.85
456,1,1,2,11.6833,3594.41
458,1,1,2,11.6739,3533.26
459,1,1,2,11.6679,3488.16
1543,1,1,2,11.6586,3425.93
710,1,1,2,11.6389,3310.88
501,1,2,0,13.1721,1508.45,0.0531667,231.897,0.2,1
502,1,2,0,13.1669,1482.92
473,1,2,0,13.1567,1434.29
2141,1,2,0,13.1565,1433.31
2140,1,2,0,13.1434,1367.84
475,1,2,0,13.1375,1339.48
474,1,2,0,13.1334,1318.65
463,1,2,0,13.1161,1231.14
1990,1,2,0,13.0976,1135.57
462,1,2,0,13.0881,1080.35
461,1,2,0,13.0856,1065.62
1716,1,2,0,13.0772,1021.71
451,1,2,0,13.0726,997.904
440,1,2,0,13.0556,909.841
184,1,2,0,13.0397,821.613
138,1,2,0,13.0224,728.996
133,1,2,0,13.0071,647.895
134,1,2,0,12.9995,595.939
129,1,2,0,12.9914,554.222
1718,1,2,0,12.968,423.217
1719,1,2,0,12.9489,320.2
114,1,2,0,12.9104,112.847
1968,1,2,0,12.9042,77.2014
110,1,2,0,12.89,0
110,1,2,1,13.4975,3201.12,0,0,0
1968,1,2,1,13.4824,3120.32
114,1,2,1,13.4765,3085.13
1719,1,2,1,13.4413,2891.86
1718,1,2,1,13.4232,2793.33
129,1,2,1,13.3992,2659.57
134,1,2,1,13.3943,2631.07
133,1,2,1,13.3823,2566.23
138,1,2,1,13.3614,2461.65
184,1,2,1,13.3447,2371.26
440,1,2,1,13.3221,2254.88
451,1,2,1,13.3058,2169.46
1716,1,2,1,13.3034,2153.04
462,1,2,1,13.2962,2114.22
1990,1,2,1,13.2883,2061.18
463,1,2,1,13.2712,1971.14
474,1,2,1,13.2573,1898.15
2140,1,2,1,13.2491,1860.32
2141,1,2,1,13.2409,1815.34
473,1,2,1,13.2408,1814.58
502,1,2,1,13.2317,1770.68
501,1,2,1,13.2253,1740.35
501,2,0,0,13.5596,1510.92,0.0531667,231.897,0.2,1
502,2,0,0,13.5544,1485.38
473,2,0,0,13.5465,1446.3
2141,2,0,0,13.5463,1445.32
1750,2,0,0,13.542,1424.02
477,2,0,0,13.5375,1400.71
453,2,0,0,13.5085,1243.21
446,2,0,0,13.5002,1195.77
442,2,0,0,13.4885,1137.28
1857,2,0,0,13.4797,1091.26
441,2,0,0,13.4736,1062.09
185,2,0,0,13.4626,1004.16
177,2,0,0,13.4503,938.786
184,2,0,0,13.4303,829.279
138,2,0,0,13.4136,739.414
133,2,0,0,13.3997,664.29
134,2,0,0,13.3921,612.333
129,2,0,0,13.385,574.749
1718,2,0,0,13.3591,432.78
1720,2,0,0,13.352,394.625
1719,2,0,0,13.3393,321.152
114,2,0,0,13.3016,117.424
1968,2,0,0,13.2948,79.7523
110,2,0,0,13.28,0
1402,2,0,1,14.0438,3925.73,0.0816667,356.205,0.16,2
1390,2,0,1,14.0346,3875.67
1382,2,0,1,14.0044,3725.93
1362,2,0,1,13.9817,3606.92
1361,2,0,1,13.9767,3579.93
1354,2,0,1,13.9766,3579.74
1355,2,0,1,13.9641,3520.08
2076,2,0,1,13.9623,3510.96
1356,2,0,1,13.9539,3468.25
1357,2,0,1,13.9531,3464.53
1349,2,0,1,13.9396,3396.36
1348,2,0,1,13.939,3393.03
1340,2,0,1,13.9385,3390.49
1339,2,0,1,13.9332,3362.77
1329,2,0,1,13.9222,3304.43
1158,2,0,1,13.9072,3228.1
2048,2,0,1,13.8871,3122.06
1131,2,0,1,13.8815,3093.19
1130,2,0,1,13.8757,3064.26
1129,2,0,1,13.8605,2990.07
1121,2,0,1,13.8445,2904.14
1120,2,0,1,13.8405,2882.96
1094,2,0,1,13.8356,2857.02
1091,2,0,1,13.8255,2806.29
1092,2,0,1,13.8203,2780.39
1074,2,0,1,13.8145,2749.97
1073,2,0,1,13.8061,2705.29
1057,2,0,1,13.7863,2606.3
1042,2,0,1,13.781,2579.4
2030,2,0,1,13.7738,2541.56
1011,2,0,1,13.7735,2540.11
1547,2,0,1,13.7561,2457.47
1546,2,0,1,13.7507,2430.1
975,2,0,1,13.7473,2412.13
2026,2,0,1,13.7408,2377.86
2027,2,0,1,13.7357,2352.02
1998,2,0,1,13.7253,2299.32
1997,2,0,1,13.7167,2255.7
1996,2,0,1,13.7108,2227.41
1995,2,0,1,13.7026,2189.09
1993,2,0,1,13.6935,2145.41
1994,2,0,1,13.6892,2123.93
572,2,0,1,13.6822,2085.28
541,2,0,1,13.67,2024.92
540,2,0,1,13.6596,1971.28
1754,2,0,1,13.6512,1927.61
518,2,0,1,13.6433,1887.64
500,2,0,1,13.6383,1861.85
501,2,0,1,13.6128,1742.82
1016,2,0,2,14.3835,5634.95,0.0881667,384.556,0.22,3
2029,2,0,2,14.3791,5611.2
1043,2,0,2,14.379,5610.79
2158,2,0,2,14.3722,5576.01
2030,2,0,2,14.3683,5556.17
1041,2,0,2,14.3631,5529.59
1059,2,0,2,14.3543,5484.75
1058,2,0,2,14.3493,5459.5
1075,2,0,2,14.3317,5369.43
1072,2,0,2,14.3217,5317.99
1071,2,0,2,14.3115,5267.51
1090,2,0,2,14.3055,5230.29
1089,2,0,2,14.2994,5196.97
1119,2,0,2,14.2908,5151.08
1118,2,0,2,14.2846,5117.49
2044,2,0,2,14.2694,5037.93
2169,2,0,2,14.2614,4996.91
2171,2,0,2,14.2567,4972.76
1549,2,0,2,14.2489,4932.61
1147,2,0,2,14.2415,4894.22
1327,2,0,2,14.2131,4746.25
1343,2,0,2,14.2125,4743.51
1355,2,0,2,14.1857,4604.1
1364,2,0,2,14.1857,4603.89
1362,2,0,2,14.1759,4551.9
1382,2,0,2,14.1558,4444.08
1390,2,0,2,14.1343,4330.9
1402,2,0,2,14.1254,4281.94
110,2,0,3,14.8911,8225.21,0,0,0
111,2,0,3,14.8887,8209.33
1968,2,0,3,14.8793,8144.65
114,2,0,3,14.8737,8109.92
1719,2,0,3,14.8375,7912.3
1718,2,0,3,14.8176,7805.99
129,2,0,3,14.7936,7672.2
134,2,0,3,14.7879,7640.78
133,2,0,3,14.7772,7581.41
138,2,0,3,14.7563,7476.83
184,2,0,3,14.7397,7387.22
440,2,0,3,14.7193,7280
451,2,0,3,14.7028,7193.81
1716,2,0,3,14.7004,7177.38
462,2,0,3,14.6912,7130.31
1990,2,0,3,14.6842,7077.61
463,2,0,3,14.6655,6981.09
474,2,0,3,14.6501,6901.85
2140,2,0,3,14.6411,6860.52
475,2,0,3,14.6361,6836.29
499,2,0,3,14.6284,6796.7
500,2,0,3,14.6238,6773.29
518,2,0,3,14.6192,6749.19
1754,2,0,3,14.6155,6724.26
540,2,0,3,14.6073,6681.79
541,2,0,3,14.5955,6621.97
572,2,0,3,14.5859,6572.3
1994,2,0,3,14.5732,6509.9
1993,2,0,3,14.569,6488.41
1995,2,0,3,14.5563,6430.66
1996,2,0,3,14.5504,6401.48
1997,2,0,3,14.5465,6381.58
2027,2,0,3,14.5193,6251.36
2026,2,0,3,14.5135,6222.88
978,2,0,3,14.5062,6187.74
1010,2,0,3,14.4914,6110.97
1016,2,0,3,14.4716,6019.51
410,2,1,0,11.3222,1462.66,0.0726667,316.95,0.06,1
398,2,1,0,11.3219,1461.45
397,2,1,0,11.3093,1392.89
390,2,1,0,11.2898,1291.33
382,2,1,0,11.2725,1199.86
376,2,1,0,11.2545,1103.09
369,2,1,0,11.235,998.232
360,2,1,0,11.2127,878.986
361,2,1,0,11.2001,809.873
128,2,1,0,11.1396,481.115
126,2,1,0,11.1323,442.296
125,2,1,0,11.126,408.059
118,2,1,0,11.0931,231.019
1968,2,1,0,11.0653,81.9493
110,2,1,0,11.05,0
710,2,1,1,11.6146,3117.52,0.0443333,193.369,0.36,2
1543,2,1,1,11.5931,2997.25
715,2,1,1,11.5883,2952.99
714,2,1,1,11.5844,2928.98
726,2,1,1,11.5842,2927.1
529,2,1,1,11.5705,2827.61
605,2,1,1,11.5557,2731
603,2,1,1,11.5506,2703.02
604,2,1,1,11.5463,2679.88
596,2,1,1,11.5462,2678.91
580,2,1,1,11.5378,2620.63
574,2,1,1,11.5205,2527.39
573,2,1,1,11.5105,2471.49
564,2,1,1,11.5028,2430.34
557,2,1,1,11.4967,2396.35
561,2,1,1,11.49,2349.83
628,2,1,1,11.4855,2324.18
609,2,1,1,11.4728,2247.52
423,2,1,1,11.4669,2191.2
419,2,1,1,11.4622,2156.76
418,2,1,1,11.4469,2071.84
2139,2,1,1,11.443,2050.41
2138,2,1,1,11.4246,1948.97
411,2,1,1,11.411,1874.15
412,2,1,1,11.4085,1855.14
398,2,1,1,11.3951,1780.81
410,2,1,1,11.3948,1779.61
110,2,1,2,11.9654,5064.79,0,0,0
1968,2,1,2,11.9503,4983.75
114,2,1,2,11.9451,4949.43
1719,2,1,2,11.9021,4722.82
1718,2,1,2,11.8866,4635.77
129,2,1,2,11.8622,4499.9
134,2,1,2,11.8558,4465.51
133,2,1,2,11.843,4397.31
138,2,1,2,11.8221,4292.72
184,2,1,2,11.8029,4191.76
440,2,1,2,11.7862,4100.57
451,2,1,2,11.7674,4004.86
1716,2,1,2,11.765,3988.43
462,2,1,2,11.7546,3936.01
1990,2,1,2,11.7468,3882.98
452,2,1,2,11.7418,3850.54
453,2,1,2,11.7304,3763.36
455,2,1,2,11.718,3693.43
454,2,1,2,11.7152,3677.82
457,2,1,2,11.7085,3623.85
456,2,1,2,11.7033,3594.41
458,2,1,2,11.6939,3533.26
459,2,1,2,11.6879,3488.16
1543,2,1,2,11.6786,3425.93
710,2,1,2,11.6589,3310.88
501,3,0,0,11.7539,1433.41,0.0743333,324.22,0.22,1
502,3,0,0,11.7486,1407.87
473,3,0,0,11.739,1361.69
2141,3,0,0,11.7388,1360.71
2140,3,0,0,11.7304,1314.68
475,3,0,0,11.7275,1299.26
474,3,0,0,11.7234,1278.25
463,3,0,0,11.7086,1201.35
1990,3,0,0,11.6951,1126.94
462,3,0,0,11.6864,1072.9
461,3,0,0,11.684,1058.4
1716,3,0,0,11.6758,1015.28
451,3,0,0,11.6714,992.322
440,3,0,0,11.6554,908.617
184,3,0,0,11.6385,816.223
138,3,0,0,11.6228,730.3
133,3,0,0,11.6085,653.53
134,3,0,0,11.6009,601.574
129,3,0,0,11.5933,561.93
1718,3,0,0,11.5669,417.674
1719,3,0,0,11.5502,325.295
114,3,0,0,11.5123,120.486
1968,3,0,0,11.5053,81.9493
110,3,0,0,11.49,0
710,3,0,1,11.958,2453.47,0.0443333,193.369,0.36,2
1543,3,0,1,11.9366,2333.21
459,3,0,1,11.9263,2269.8
488,3,0,1,11.8976,2112.91
2144,3,0,1,11.8809,2022.7
486,3,0,1,11.8796,2016.25
482,3,0,1,11.872,1976.94
2142,3,0,1,11.8669,1949.91
2143,3,0,1,11.8665,1948.14
480,3,0,1,11.8661,1946.24
478,3,0,1,11.8619,1924.17
477,3,0,1,11.8538,1881.98
1750,3,0,1,11.85,1861.72
2141,3,0,1,11.8436,1831.93
473,3,0,1,11.8434,1830.73
502,3,0,1,11.8343,1786.83
501,3,0,1,11.8282,1757.63
1016,3,0,2,12.1292,3369.07,0.0438333,191.188,0.28,3
1548,3,0,2,12.1223,3333.03
1012,3,0,2,12.118,3310.61
1014,3,0,2,12.1176,3308.41
989,3,0,2,12.1071,3252.55
990,3,0,2,12.0971,3202.29
704,3,0,2,12.0857,3144.55
2179,3,0,2,12.0855,3143.68
662,3,0,2,12.0793,3114.04
602,3,0,2,12.0684,3046.34
599,3,0,2,12.0645,3024.12
605,3,0,2,12.0606,3000.37
529,3,0,2,12.0434,2900.36
726,3,0,2,12.0286,2800.27
714,3,0,2,12.0284,2798.41
1543,3,0,2,12.0242,2768.44
710,3,0,2,12.0024,2646.84
1402,3,0,3,12.4363,4918.69,0.085,370.744,0.2,4
1390,3,0,3,12.4262,4864.29
1382,3,0,3,12.403,4743.98
1362,3,0,3,12.3791,4619.7
1361,3,0,3,12.3742,4593.25
1354,3,0,3,12.3741,4593.06
1355,3,0,3,12.3678,4559.22
2076,3,0,3,12.366,4550.11
1356,3,0,3,12.3602,4518.45
1357,3,0,3,12.3594,4514.73
1349,3,0,3,12.3482,4456.01
1348,3,0,3,12.3472,4450.96
1340,3,0,3,12.3467,4448.42
1339,3,0,3,12.3407,4417.99
1329,3,0,3,12.3278,4351.43
1158,3,0,3,12.3137,4278.91
2048,3,0,3,12.2934,4171.91
1131,3,0,3,12.2882,4144.68
1130,3,0,3,12.2824,4115.75
1129,3,0,3,12.263,4024.95
1121,3,0,3,12.2437,3925.02
1095,3,0,3,12.2357,3886.22
1093,3,0,3,12.228,3845.49
1074,3,0,3,12.2214,3809.29
1077,3,0,3,12.2111,3755.24
1080,3,0,3,12.1978,3688.79
1079,3,0,3,12.1901,3650.11
1061,3,0,3,12.1859,3628.82
1063,3,0,3,12.1825,3611.01
1062,3,0,3,12.1814,3603.94
2159,3,0,3,12.1812,3603.04
1045,3,0,3,12.1805,3599.89
1043,3,0,3,12.1774,3584.03
2029,3,0,3,12.1773,3583.62
1016,3,0,3,12.1731,3560.25
410,3,0,4,12.932,7451.77,0.109667,478.333,0.09,5
1986,3,0,4,12.9064,7326.03
883,3,0,4,12.8771,7172.67
882,3,0,4,12.8654,7109.1
2155,3,0,4,12.8616,7090.37
901,3,0,4,12.8281,6915.07
902,3,0,4,12.8143,6841.86
904,3,0,4,12.7996,6764.46
925,3,0,4,12.7768,6639.44
2019,3,0,4,12.7709,6610.13
929,3,0,4,12.7705,6608.15
938,3,0,4,12.7584,6542.02
950,3,0,4,12.7424,6460.99
951,3,0,4,12.736,6427.74
949,3,0,4,12.7244,6368.45
1302,3,0,4,12.6977,6228.78
1307,3,0,4,12.6825,6145
1308,3,0,4,12.6709,6083.95
1309,3,0,4,12.6535,5993.85
1314,3,0,4,12.6529,5990.98
2165,3,0,4,12.6339,5892.71
2071,3,0,4,12.6143,5786.86
1359,3,0,4,12.5944,5679.63
1370,3,0,4,12.5934,5675.18
1360,3,0,4,12.5707,5550.16
1382,3,0,4,12.5532,5457.91
1390,3,0,4,12.5323,5347.28
1402,3,0,4,12.5213,5289.44
110,3,0,5,13.3239,9505.78,0,0,0
1968,3,0,5,13.3088,9424.98
1969,3,0,5,13.2967,9348.63
115,3,0,5,13.2942,9334.21
2113,3,0,5,13.2894,9308.14
2133,3,0,5,13.1694,8630.62
366,3,0,5,13.1657,8603.99
2134,3,0,5,13.1547,8542.45
2136,3,0,5,13.1428,8477.53
393,3,0,5,13.1137,8325.64
401,3,0,5,13.0989,8247.18
400,3,0,5,13.0728,8104.08
411,3,0,5,13.0585,8029.53
412,3,0,5,13.0564,8010.02
398,3,0,5,13.042,7931.31
410,3,0,5,13.0417,7930.1
410,4,0,0,11.7022,1462.66,0.0726667,316.95,0.06,1
398,4,0,0,11.7019,1461.45
397,4,0,0,11.6893,1392.89
390,4,0,0,11.6698,1291.33
382,4,0,0,11.6525,1199.86
376,4,0,0,11.6345,1103.09
369,4,0,0,11.615,998.232
360,4,0,0,11.5927,878.986
361,4,0,0,11.5801,809.873
128,4,0,0,11.5196,481.115
126,4,0,0,11.5123,442.296
125,4,0,0,11.506,408.059
118,4,0,0,11.4731,231.019
1968,4,0,0,11.4453,81.9493
110,4,0,0,11.43,0
710,4,0,1,11.9946,3117.52,0.0443333,193.369,0.36,2
1543,4,0,1,11.9731,2997.25
715,4,0,1,11.9683,2952.99
714,4,0,1,11.9644,2928.98
726,4,0,1,11.9642,2927.1
529,4,0,1,11.9505,2827.61
605,4,0,1,11.9357,2731
603,4,0,1,11.9306,2703.02
604,4,0,1,11.9263,2679.88
596,4,0,1,11.9262,2678.91
580,4,0,1,11.9178,2620.63
574,4,0,1,11.9005,2527.39
573,4,0,1,11.8905,2471.49
564,4,0,1,11.8828,2430.34
557,4,0,1,11.8767,2396.35
561,4,0,1,11.87,2349.83
628,4,0,1,11.8655,2324.18
609,4,0,1,11.8528,2247.52
423,4,0,1,11.8469,2191.2
419,4,0,1,11.8422,2156.76
418,4,0,1,11.8269,2071.84
2139,4,0,1,11.823,2050.41
2138,4,0,1,11.8046,1948.97
411,4,0,1,11.791,1874.15
412,4,0,1,11.7885,1855.14
398,4,0,1,11.7751,1780.81
410,4,0,1,11.7748,1779.61
1402,4,0,2,12.4187,5338.74,0.085,370.744,0.2,3
1390,4,0,2,12.4086,5284.34
1382,4,0,2,12.3861,5167.23
1362,4,0,2,12.3668,5062.4
1361,4,0,2,12.3623,5037.88
1354,4,0,2,12.3623,5037.69
1355,4,0,2,12.3568,5007.65
2076,4,0,2,12.355,4998.54
1356,4,0,2,12.3462,4954.1
1357,4,0,2,12.3454,4950.38
1349,4,0,2,12.3321,4882.98
1348,4,0,2,12.3313,4878.64
1340,4,0,2,12.3308,4876.09
1339,4,0,2,12.3246,4844.97
1329,4,0,2,12.3122,4780.37
1158,4,0,2,12.2949,4694.54
2048,4,0,2,12.2746,4587.66
1131,4,0,2,12.2694,4560.43
1130,4,0,2,12.2636,4531.5
1129,4,0,2,12.2443,4440.71
1121,4,0,2,12.225,4340.78
1095,4,0,2,12.2169,4301.97
1093,4,0,2,12.2092,4261.25
1074,4,0,2,12.2026,4225.05
1077,4,0,2,12.1923,4170.99
1080,4,0,2,12.179,4104.54
1079,4,0,2,12.1714,4065.86
1061,4,0,2,12.1671,4044.57
1063,4,0,2,12.1637,4026.76
1062,4,0,2,12.1626,4019.69
2159,4,0,2,12.1625,4018.79
1045,4,0,2,12.1618,4015.64
1012,4,0,2,12.1545,3974.66
1014,4,0,2,12.1541,3972.45
989,4,0,2,12.1436,3916.59
990,4,0,2,12.1336,3866.33
704,4,0,2,12.1223,3808.59
2179,4,0,2,12.1221,3807.73
662,4,0,2,12.1159,3778.08
602,4,0,2,12.1049,3710.39
599,4,0,2,12.101,3688.16
605,4,0,2,12.0972,3664.41
529,4,0,2,12.0799,3564.4
726,4,0,2,12.0652,3464.31
714,4,0,2,12.065,3462.45
1543,4,0,2,12.0607,3432.49
710,4,0,2,12.0389,3310.88
1016,4,0,3,12.7691,7087.39,0.0438333,191.188,0.28,4
2029,4,0,3,12.7626,7054.38
1043,4,0,3,12.7625,7053.96
2158,4,0,3,12.7534,7009.82
2030,4,0,3,12.7494,6989.98
1041,4,0,3,12.7447,6964.99
1059,4,0,3,12.7365,6923.15
1058,4,0,3,12.7313,6897.09
1056,4,0,3,12.7249,6862.66
1072,4,0,3,12.7073,6771.76
1071,4,0,3,12.6991,6729.65
1090,4,0,3,12.6909,6685.01
1089,4,0,3,12.6842,6649.15
1119,4,0,3,12.6771,6609.92
1118,4,0,3,12.6703,6573.72
2044,4,0,3,12.6542,6490.47
2169,4,0,3,12.6477,6455.59
2171,4,0,3,12.6435,6433.46
2046,4,0,3,12.6373,6402.23
1778,4,0,3,12.6119,6273.72
1327,4,0,3,12.6006,6212.94
1343,4,0,3,12.6,6210.21
1355,4,0,3,12.5753,6079.39
1364,4,0,3,12.5752,6079.18
1362,4,0,3,12.565,6025.55
1382,4,0,3,12.5356,5877.96
1390,4,0,3,12.5147,5767.32
1402,4,0,3,12.5037,5709.48
501,4,0,4,13.0036,8204.08,0.0531667,231.897,0.2,5
1747,4,0,4,12.9969,8171.47
1746,4,0,4,12.9677,8026.97
1745,4,0,4,12.9568,7972.91
1844,4,0,4,12.9362,7872.68
575,4,0,4,12.9335,7856.62
571,4,0,4,12.9297,7836.65
570,4,0,4,12.9251,7814.32
569,4,0,4,12.9194,7786.73
640,4,0,4,12.9141,7759.71
649,4,0,4,12.9076,7728.37
646,4,0,4,12.9012,7697.49
691,4,0,4,12.8934,7660.73
689,4,0,4,12.8696,7549.84
979,4,0,4,12.8599,7505.8
980,4,0,4,12.8547,7479.73
978,4,0,4,12.8511,7461.24
1010,4,0,4,12.8354,7381.09
1016,4,0,4,12.8129,7278.58
110,4,0,5,13.3289,9896.75,0,0,0
1968,4,0,5,13.3139,9815.95
114,4,0,5,13.308,9780.76
1719,4,0,5,13.2727,9587.5
1718,4,0,5,13.2547,9488.96
129,4,0,5,13.2307,9355.21
134,4,0,5,13.2258,9326.7
133,4,0,5,13.2138,9261.86
138,4,0,5,13.1929,9157.28
184,4,0,5,13.1761,9066.89
440,4,0,5,13.1536,8950.51
451,4,0,5,13.1372,8865.09
1716,4,0,5,13.1348,8848.67
462,4,0,5,13.1276,8809.85
1990,4,0,5,13.1198,8756.81
463,4,0,5,13.1026,8666.78
474,4,0,5,13.0888,8593.78
2140,4,0,5,13.0806,8555.95
2141,4,0,5,13.0724,8510.97
473,4,0,5,13.0722,8510.21
502,4,0,5,13.0632,8466.31
501,4,0,5,13.0568,8435.98
710,5,0,0,13.5525,1706.65,0.0466667,203.546,0.45,1
1543,5,0,0,13.5294,1579.59
459,5,0,0,13.5202,1517.38
458,5,0,0,13.5127,1471.15
456,5,0,0,13.5034,1410.12
457,5,0,0,13.4975,1377.61
454,5,0,0,13.4898,1323.63
455,5,0,0,13.4872,1308.67
453,5,0,0,13.4785,1243.21
446,5,0,0,13.4702,1195.77
442,5,0,0,13.4585,1137.28
1857,5,0,0,13.4497,1091.26
441,5,0,0,13.4436,1062.09
185,5,0,0,13.4326,1004.16
177,5,0,0,13.4203,938.786
184,5,0,0,13.4003,829.279
138,5,0,0,13.3836,739.414
133,5,0,0,13.3697,664.29
134,5,0,0,13.3621,612.333
129,5,0,0,13.355,574.749
1718,5,0,0,13.3291,432.78
1720,5,0,0,13.322,394.625
1719,5,0,0,13.3093,321.152
114,5,0,0,13.2716,117.424
1968,5,0,0,13.2648,79.7523
110,5,0,0,13.25,0
1402,5,0,1,14.0003,4027.57,0.0816667,356.205,0.16,2
1390,5,0,1,13.9911,3977.52
1382,5,0,1,13.9609,3827.77
1362,5,0,1,13.9382,3708.77
1361,5,0,1,13.9332,3681.77
1354,5,0,1,13.9331,3681.58
1355,5,0,1,13.9206,3621.92
2076,5,0,1,13.9188,3612.81
1356,5,0,1,13.9104,3570.09
1357,5,0,1,13.9096,3566.38
1349,5,0,1,13.8961,3498.2
1348,5,0,1,13.8955,3494.87
1340,5,0,1,13.895,3492.33
1339,5,0,1,13.8897,3464.61
1329,5,0,1,13.8787,3406.27
1158,5,0,1,13.8637,3329.94
2048,5,0,1,13.8436,3223.82
1151,5,0,1,13.8338,3171.97
1134,5,0,1,13.828,3141.99
1133,5,0,1,13.823,3115.82
1122,5,0,1,13.8116,3058.27
1096,5,0,1,13.786,2931.66
1099,5,0,1,13.7812,2907
1098,5,0,1,13.7739,2870.34
1101,5,0,1,13.7545,2772.1
1082,5,0,1,13.7461,2730.13
1079,5,0,1,13.737,2683.11
1061,5,0,1,13.7327,2661.83
1063,5,0,1,13.7295,2644.99
1062,5,0,1,13.7285,2637.95
2159,5,0,1,13.7283,2636.96
1045,5,0,1,13.7276,2633.81
1012,5,0,1,13.7204,2592.83
2028,5,0,1,13.7123,2547.36
989,5,0,1,13.7089,2531.63
990,5,0,1,13.6988,2481.36
991,5,0,1,13.6963,2469.01
706,5,0,1,13.6892,2429.55
704,5,0,1,13.6866,2416.78
2179,5,0,1,13.6864,2415.92
662,5,0,1,13.6802,2386.27
602,5,0,1,13.669,2318.13
599,5,0,1,13.6645,2293.43
605,5,0,1,13.6593,2265.31
529,5,0,1,13.6428,2166.41
726,5,0,1,13.6266,2064.88
714,5,0,1,13.6264,2063
1543,5,0,1,13.6206,2030.56
710,5,0,1,13.5991,1910.19
1016,5,0,2,14.34,5736.79,0.0881667,384.556,0.22,3
2029,5,0,2,14.3356,5713.04
1043,5,0,2,14.3356,5712.63
2158,5,0,2,14.3287,5677.85
2030,5,0,2,14.3248,5658.01
1041,5,0,2,14.3196,5631.43
1059,5,0,2,14.3108,5586.59
1058,5,0,2,14.3058,5561.34
1075,5,0,2,14.2882,5471.27
1072,5,0,2,14.2782,5419.83
1071,5,0,2,14.268,5369.35
1090,5,0,2,14.262,5332.13
1089,5,0,2,14.2559,5298.81
1119,5,0,2,14.2473,5252.92
1118,5,0,2,14.2411,5219.33
2044,5,0,2,14.2259,5139.77
2169,5,0,2,14.2179,5098.75
2171,5,0,2,14.2132,5074.6
1549,5,0,2,14.2054,5034.45
1147,5,0,2,14.198,4996.06
1327,5,0,2,14.1696,4848.09
1343,5,0,2,14.169,4845.36
1355,5,0,2,14.1422,4705.94
1364,5,0,2,14.1422,4705.73
1362,5,0,2,14.1324,4653.75
1382,5,0,2,14.1123,4545.92
1390,5,0,2,14.0908,4432.75
1402,5,0,2,14.0819,4383.78
501,5,0,3,14.6177,7043.04,0.107,466.702,0.18,4
1747,5,0,3,14.608,6998.73
1746,5,0,3,14.5801,6859.39
1745,5,0,3,14.567,6796.1
1844,5,0,3,14.5491,6706.86
575,5,0,3,14.5467,6691.35
571,5,0,3,14.5438,6675.23
570,5,0,3,14.539,6651.95
569,5,0,3,14.5338,6626.63
640,5,0,3,14.5257,6587.72
649,5,0,3,14.5164,6545.19
646,5,0,3,14.5086,6508.67
691,5,0,3,14.5027,6479.77
689,5,0,3,14.4806,6375.77
979,5,0,3,14.4721,6336.17
980,5,0,3,14.4662,6307.77
978,5,0,3,14.4627,6289.58
1010,5,0,3,14.4479,6212.81
1016,5,0,3,14.4282,6121.35
110,5,0,4,14.9984,8998.94,0,0,0
111,5,0,4,14.996,8983.06
1968,5,0,4,14.9866,8918.38
114,5,0,4,14.981,8883.65
1719,5,0,4,14.9431,8678.61
1720,5,0,4,14.928,8596.14
1718,5,0,4,14.9222,8563.59
129,5,0,4,14.897,8424.52
134,5,0,4,14.891,8391.56
133,5,0,4,14.8786,8325.03
138,5,0,4,14.8577,8220.45
184,5,0,4,14.8414,8131.91
440,5,0,4,14.8256,8044.29
451,5,0,4,14.809,7958.09
1716,5,0,4,14.8066,7941.67
462,5,0,4,14.7975,7894.59
1990,5,0,4,14.7904,7841.9
463,5,0,4,14.7717,7745.38
474,5,0,4,14.7564,7666.14
2140,5,0,4,14.7473,7624.8
2141,5,0,4,14.7395,7581.6
473,5,0,4,14.7392,7580.32
502,5,0,4,14.7302,7536.42
501,5,0,4,14.7247,7509.74
410,5,1,0,11.3122,1462.66,0.0726667,316.95,0.06,1
398,5,1,0,11.3119,1461.45
397,5,1,0,11.2993,1392.89
390,5,1,0,11.2798,1291.33
382,5,1,0,11.2625,1199.86
376,5,1,0,11.2445,1103.09
369,5,1,0,11.225,998.232
360,5,1,0,11.2027,878.986
361,5,1,0,11.1901,809.873
128,5,1,0,11.1296,481.115
126,5,1,0,11.1223,442.296
125,5,1,0,11.116,408.059
118,5,1,0,11.0831,231.019
1968,5,1,0,11.0553,81.9493
110,5,1,0,11.04,0
110,5,1,1,11.6697,3360.63,0,0,0
1968,5,1,1,11.6546,3279.59
1969,5,1,1,11.6423,3203.08
115,5,1,1,11.6398,3188.51
2113,5,1,1,11.635,3162.69
2133,5,1,1,11.5141,2480.93
366,5,1,1,11.5104,2454.3
2134,5,1,1,11.4988,2390.2
2136,5,1,1,11.4863,2322.55
393,5,1,1,11.4536,2155.53
392,5,1,1,11.4356,2054.99
400,5,1,1,11.4153,1948.22
411,5,1,1,11.401,1874.15
412,5,1,1,11.3985,1855.14
398,5,1,1,11.3851,1780.81
410,5,1,1,11.3848,1779.61
501,6,0,0,13.5596,1510.92,0.0531667,231.897,0.2,1
502,6,0,0,13.5544,1485.38
473,6,0,0,13.5465,1446.3
2141,6,0,0,13.5463,1445.32
1750,6,0,0,13.542,1424.02
477,6,0,0,13.5375,1400.71
453,6,0,0,13.5085,1243.21
446,6,0,0,13.5002,1195.77
442,6,0,0,13.4885,1137.28
1857,6,0,0,13.4797,1091.26
441,6,0,0,13.4736,1062.09
185,6,0,0,13.4626,1004.16
177,6,0,0,13.4503,938.786
184,6,0,0,13.4303,829.279
138,6,0,0,13.4136,739.414
133,6,0,0,13.3997,664.29
134,6,0,0,13.3921,612.333
129,6,0,0,13.385,574.749
1718,6,0,0,13.3591,432.78
1720,6,0,0,13.352,394.625
1719,6,0,0,13.3393,321.152
114,6,0,0,13.3016,117.424
1968,6,0,0,13.2948,79.7523
110,6,0,0,13.28,0
1016,6,0,1,13.7772,2559.29,0.0561667,244.982,0.25,2
1010,6,0,1,13.7682,2511.64
2026,6,0,1,13.7408,2377.86
2027,6,0,1,13.7357,2352.02
1998,6,0,1,13.7253,2299.32
1997,6,0,1,13.7167,2255.7
1996,6,0,1,13.7108,2227.41
1995,6,0,1,13.7026,2189.09
1993,6,0,1,13.6935,2145.41
1994,6,0,1,13.6892,2123.93
572,6,0,1,13.6822,2085.28
541,6,0,1,13.67,2024.92
540,6,0,1,13.6596,1971.28
1754,6,0,1,13.6512,1927.61
518,6,0,1,13.6433,1887.64
500,6,0,1,13.6383,1861.85
501,6,0,1,13.6128,1742.82
1402,6,0,2,14.0981,4171.66,0.0816667,356.205,0.16,3
1390,6,0,2,14.089,4121.61
1382,6,0,2,14.0634,3991.55
1362,6,0,2,14.0429,3881.56
1361,6,0,2,14.0387,3858.38
1354,6,0,2,14.0387,3858.19
1355,6,0,2,14.0322,3823.7
2076,6,0,2,14.0304,3814.59
1356,6,0,2,14.0228,3775.24
1357,6,0,2,14.022,3771.52
1349,6,0,2,14.0093,3706.57
1348,6,0,2,14.0087,3703.13
1340,6,0,2,14.0082,3700.59
1339,6,0,2,14.0026,3671.86
1330,6,0,2,13.9818,3563.11
1161,6,0,2,13.9725,3515.2
1162,6,0,2,13.9625,3462.21
1136,6,0,2,13.9438,3364.01
1138,6,0,2,13.9371,3329.65
1137,6,0,2,13.9312,3298.54
1123,6,0,2,13.9175,3232.39
1775,6,0,2,13.9089,3188.4
1102,6,0,2,13.8932,3109.22
1100,6,0,2,13.879,3039.82
1101,6,0,2,13.868,2983.18
1082,6,0,2,13.8596,2941.21
1079,6,0,2,13.8505,2894.19
1061,6,0,2,13.8462,2872.91
1063,6,0,2,13.843,2856.07
1062,6,0,2,13.842,2849.03
2159,6,0,2,13.8418,2848.04
1045,6,0,2,13.8411,2844.89
1043,6,0,2,13.8378,2828.21
2029,6,0,2,13.8377,2827.8
1016,6,0,2,13.8334,2804.27
110,6,0,3,14.8146,7948.32,0,0,0
1968,6,0,3,14.797,7856.71
1969,6,0,3,14.7845,7779.85
115,6,0,3,14.782,7765.39
2113,6,0,3,14.7765,7736.2
2133,6,0,3,14.6428,6998.83
366,6,0,3,14.6388,6972.03
2134,6,0,3,14.6296,6914.26
2136,6,0,3,14.6188,6854.11
393,6,0,3,14.5888,6698.35
401,6,0,3,14.5761,6628.9
1739,6,0,3,14.5662,6575.04
1742,6,0,3,14.5597,6540.56
1741,6,0,3,14.5533,6506.07
418,6,0,3,14.5458,6466.55
417,6,0,3,14.543,6450.86
1989,6,0,3,14.525,6358.28
2011,6,0,3,14.5049,6255.21
2156,6,0,3,14.4994,6226.77
2013,6,0,3,14.4987,6223.62
886,6,0,3,14.4877,6169
888,6,0,3,14.4709,6075.87
903,6,0,3,14.4598,6017.61
904,6,0,3,14.4563,5998.75
925,6,0,3,14.4362,5885.54
2019,6,0,3,14.4305,5857.25
929,6,0,3,14.4301,5855.27
938,6,0,3,14.4185,5791
950,6,0,3,14.4036,5714.34
951,6,0,3,14.3927,5662.71
949,6,0,3,14.3804,5600.46
1302,6,0,3,14.3554,5468.03
1307,6,0,3,14.3417,5390.6
1308,6,0,3,14.3305,5331.03
1309,6,0,3,14.3122,5237.67
1314,6,0,3,14.3116,5234.8
2165,6,0,3,14.2961,5151.36
2071,6,0,3,14.2753,5040.21
1317,6,0,3,14.2633,4972.8
2072,6,0,3,14.2443,4870.1
1323,6,0,3,14.2283,4786.41
1388,6,0,3,14.2276,4782.63
1389,6,0,3,14.2189,4734.73
1390,6,0,3,14.1886,4576.84
1402,6,0,3,14.1798,4527.87
410,6,1,0,11.3222,1462.66,0.0726667,316.95,0.06,1
398,6,1,0,11.3219,1461.45
397,6,1,0,11.3093,1392.89
390,6,1,0,11.2898,1291.33
382,6,1,0,11.2725,1199.86
376,6,1,0,11.2545,1103.09
369,6,1,0,11.235,998.232
360,6,1,0,11.2127,878.986
361,6,1,0,11.2001,809.873
128,6,1,0,11.1396,481.115
126,6,1,0,11.1323,442.296
125,6,1,0,11.126,408.059
118,6,1,0,11.0931,231.019
1968,6,1,0,11.0653,81.9493
110,6,1,0,11.05,0
710,6,1,1,11.6146,3117.52,0.0443333,193.369,0.36,2
1543,6,1,1,11.5931,2997.25
715,6,1,1,11.5883,2952.99
714,6,1,1,11.5844,2928.98
726,6,1,1,11.5842,2927.1
529,6,1,1,11.5705,2827.61
605,6,1,1,11.5557,2731
603,6,1,1,11.5506,2703.02
604,6,1,1,11.5463,2679.88
596,6,1,1,11.5462,2678.91
580,6,1,1,11.5378,2620.63
574,6,1,1,11.5205,2527.39
573,6,1,1,11.5105,2471.49
564,6,1,1,11.5028,2430.34
557,6,1,1,11.4967,2396.35
561,6,1,1,11.49,2349.83
628,6,1,1,11.4855,2324.18
609,6,1,1,11.4728,2247.52
423,6,1,1,11.4669,2191.2
419,6,1,1,11.4622,2156.76
418,6,1,1,11.4469,2071.84
2139,6,1,1,11.443,2050.41
2138,6,1,1,11.4246,1948.97
411,6,1,1,11.411,1874.15
412,6,1,1,11.4085,1855.14
398,6,1,1,11.3951,1780.81
410,6,1,1,11.3948,1779.61
110,6,1,2,11.9654,5064.79,0,0,0
1968,6,1,2,11.9503,4983.75
114,6,1,2,11.9451,4949.43
1719,6,1,2,11.9021,4722.82
1718,6,1,2,11.8866,4635.77
129,6,1,2,11.8622,4499.9
134,6,1,2,11.8558,4465.51
133,6,1,2,11.843,4397.31
138,6,1,2,11.8221,4292.72
184,6,1,2,11.8029,4191.76
440,6,1,2,11.7862,4100.57
451,6,1,2,11.7674,4004.86
1716,6,1,2,11.765,3988.43
462,6,1,2,11.7546,3936.01
1990,6,1,2,11.7468,3882.98
452,6,1,2,11.7418,3850.54
453,6,1,2,11.7304,3763.36
455,6,1,2,11.718,3693.43
454,6,1,2,11.7152,3677.82
457,6,1,2,11.7085,3623.85
456,6,1,2,11.7033,3594.41
458,6,1,2,11.6939,3533.26
459,6,1,2,11.6879,3488.16
1543,6,1,2,11.6786,3425.93
710,6,1,2,11.6589,3310.88
1402,7,0,0,14.0134,3372.79,0.0816667,356.205,0.16,1
1390,7,0,0,14.0041,3321.76
1389,7,0,0,13.9755,3170.7
1388,7,0,0,13.9667,3122.71
1370,7,0,0,13.9298,2928.06
1359,7,0,0,13.9289,2923.6
2071,7,0,0,13.9123,2830.9
2165,7,0,0,13.8904,2715.19
1314,7,0,0,13.8731,2623.77
2163,7,0,0,13.8583,2543.94
2023,7,0,0,13.8317,2399.84
1787,7,0,0,13.8236,2358.52
2020,7,0,0,13.8047,2264.44
935,7,0,0,13.7949,2212.99
934,7,0,0,13.7944,2210.39
933,7,0,0,13.7827,2150.9
936,7,0,0,13.7822,2147.96
1737,7,0,0,13.7707,2085.09
917,7,0,0,13.7575,2016.59
916,7,0,0,13.7573,2015.68
906,7,0,0,13.7335,1891.34
889,7,0,0,13.7222,1832.97
890,7,0,0,13.7155,1797.06
2013,7,0,0,13.696,1693.84
1988,7,0,0,13.6784,1599.98
417,7,0,0,13.6579,1495.37
418,7,0,0,13.6539,1474.43
1741,7,0,0,13.6482,1442.44
1740,7,0,0,13.6444,1421.91
1739,7,0,0,13.6397,1395.5
401,7,0,0,13.6291,1338.14
393,7,0,0,13.6159,1266.67
2136,7,0,0,13.5931,1141.76
2134,7,0,0,13.5818,1079.42
360,7,0,0,13.5491,906.015
361,7,0,0,13.5346,828.632
128,7,0,0,13.4795,523.193
126,7,0,0,13.471,479.066
125,7,0,0,13.4618,432.83
118,7,0,0,13.427,247.521
1968,7,0,0,13.3948,79.7523
110,7,0,0,13.38,0
1016,7,0,1,14.3532,5082,0.0881667,384.556,0.22,2
2029,7,0,1,14.3488,5058.25
1043,7,0,1,14.3487,5057.84
2158,7,0,1,14.3419,5023.06
2030,7,0,1,14.3379,5003.22
1041,7,0,1,14.3328,4976.64
1059,7,0,1,14.3239,4931.8
1058,7,0,1,14.3189,4906.55
1075,7,0,1,14.3014,4816.48
1072,7,0,1,14.2914,4765.04
1071,7,0,1,14.2812,4714.56
1090,7,0,1,14.2751,4677.34
1089,7,0,1,14.269,4644.02
1119,7,0,1,14.2604,4598.13
1118,7,0,1,14.2543,4564.54
2044,7,0,1,14.239,4484.98
2169,7,0,1,14.231,4443.96
2171,7,0,1,14.2264,4419.81
1549,7,0,1,14.2186,4379.66
1147,7,0,1,14.2111,4341.27
1327,7,0,1,14.1828,4193.3
1343,7,0,1,14.1822,4190.57
1355,7,0,1,14.1554,4051.15
1364,7,0,1,14.1553,4050.94
1362,7,0,1,14.1455,3998.96
1382,7,0,1,14.1255,3891.13
1390,7,0,1,14.104,3777.96
1402,7,0,1,14.0951,3728.99
110,7,0,2,14.8607,7672.26,0,0,0
111,7,0,2,14.8584,7656.38
1968,7,0,2,14.8489,7591.7
114,7,0,2,14.8434,7556.97
1719,7,0,2,14.8072,7359.36
1718,7,0,2,14.7873,7253.04
129,7,0,2,14.7633,7119.25
134,7,0,2,14.7576,7087.84
133,7,0,2,14.7468,7028.46
138,7,0,2,14.726,6923.88
184,7,0,2,14.7094,6834.28
440,7,0,2,14.689,6727.06
451,7,0,2,14.6725,6640.86
1716,7,0,2,14.67,6624.43
462,7,0,2,14.6609,6577.36
1990,7,0,2,14.6539,6524.67
463,7,0,2,14.6352,6428.15
474,7,0,2,14.6198,6348.91
2140,7,0,2,14.6108,6307.57
475,7,0,2,14.6058,6283.34
499,7,0,2,14.598,6243.75
500,7,0,2,14.5934,6220.35
518,7,0,2,14.5888,6196.24
1754,7,0,2,14.5852,6171.31
540,7,0,2,14.577,6128.84
541,7,0,2,14.5651,6069.02
572,7,0,2,14.5555,6019.35
1994,7,0,2,14.5429,5956.95
1993,7,0,2,14.5386,5935.46
1995,7,0,2,14.526,5877.72
1996,7,0,2,14.5201,5848.54
1997,7,0,2,14.5162,5828.64
2027,7,0,2,14.489,5698.42
2026,7,0,2,14.4832,5669.93
978,7,0,2,14.4759,5634.79
1010,7,0,2,14.461,5558.02
1016,7,0,2,14.4413,5466.56
410,7,1,0,11.5922,1462.66,0.0726667,316.95,0.06,1
398,7,1,0,11.5919,1461.45
397,7,1,0,11.5793,1392.89
390,7,1,0,11.5598,1291.33
382,7,1,0,11.5425,1199.86
376,7,1,0,11.5245,1103.09
369,7,1,0,11.505,998.232
360,7,1,0,11.4827,878.986
361,7,1,0,11.4701,809.873
128,7,1,0,11.4096,481.115
126,7,1,0,11.4023,442.296
125,7,1,0,11.396,408.059
118,7,1,0,11.3631,231.019
1968,7,1,0,11.3353,81.9493
110,7,1,0,11.32,0
710,7,1,1,11.8846,3117.52,0.0443333,193.369,0.36,2
1543,7,1,1,11.8631,2997.25
715,7,1,1,11.8583,2952.99
714,7,1,1,11.8544,2928.98
726,7,1,1,11.8542,2927.1
529,7,1,1,11.8405,2827.61
605,7,1,1,11.8257,2731
603,7,1,1,11.8206,2703.02
604,7,1,1,11.8163,2679.88
596,7,1,1,11.8162,2678.91
580,7,1,1,11.8078,2620.63
574,7,1,1,11.7905,2527.39
573,7,1,1,11.7805,2471.49
564,7,1,1,11.7728,2430.34
557,7,1,1,11.7667,2396.35
561,7,1,1,11.76,2349.83
628,7,1,1,11.7555,2324.18
609,7,1,1,11.7428,2247.52
423,7,1,1,11.7369,2191.2
419,7,1,1,11.7322,2156.76
418,7,1,1,11.7169,2071.84
2139,7,1,1,11.713,2050.41
2138,7,1,1,11.6946,1948.97
411,7,1,1,11.681,1874.15
412,7,1,1,11.6785,1855.14
398,7,1,1,11.6651,1780.81
410,7,1,1,11.6648,1779.61
110,7,1,2,12.2354,5064.79,0,0,0
1968,7,1,2,12.2203,4983.75
114,7,1,2,12.2151,4949.43
1719,7,1,2,12.1721,4722.82
1718,7,1,2,12.1566,4635.77
129,7,1,2,12.1322,4499.9
134,7,1,2,12.1258,4465.51
133,7,1,2,12.113,4397.31
138,7,1,2,12.0921,4292.72
184,7,1,2,12.0729,4191.76
440,7,1,2,12.0562,4100.57
451,7,1,2,12.0374,4004.86
1716,7,1,2,12.035,3988.43
462,7,1,2,12.0246,3936.01
1990,7,1,2,12.0168,3882.98
452,7,1,2,12.0118,3850.54
453,7,1,2,12.0004,3763.36
455,7,1,2,11.988,3693.43
454,7,1,2,11.9852,3677.82
457,7,1,2,11.9785,3623.85
456,7,1,2,11.9733,3594.41
458,7,1,2,11.9639,3533.26
459,7,1,2,11.9579,3488.16
1543,7,1,2,11.9486,3425.93
710,7,1,2,11.9289,3310.88
501,7,2,0,14.2296,1510.92,0.107,466.702,0.18,1
502,7,2,0,14.2244,1485.38
473,7,2,0,14.2165,1446.3
2141,7,2,0,14.2163,1445.32
1750,7,2,0,14.212,1424.02
477,7,2,0,14.2075,1400.71
453,7,2,0,14.1785,1243.21
446,7,2,0,14.1702,1195.77
442,7,2,0,14.1585,1137.28
1857,7,2,0,14.1497,1091.26
441,7,2,0,14.1436,1062.09
185,7,2,0,14.1326,1004.16
177,7,2,0,14.1203,938.786
184,7,2,0,14.1003,829.279
138,7,2,0,14.0836,739.414
133,7,2,0,14.0697,664.29
134,7,2,0,14.0621,612.333
129,7,2,0,14.055,574.749
1718,7,2,0,14.0291,432.78
1720,7,2,0,14.022,394.625
1719,7,2,0,14.0093,321.152
114,7,2,0,13.9716,117.424
1968,7,2,0,13.9648,79.7523
110,7,2,0,13.95,0
110,7,2,1,14.6103,3466.82,0,0,0
111,7,2,1,14.608,3450.94
1968,7,2,1,14.5985,3386.26
114,7,2,1,14.593,3351.53
1719,7,2,1,14.555,3146.49
1720,7,2,1,14.5399,3064.02
1718,7,2,1,14.5342,3031.47
129,7,2,1,14.509,2892.4
134,7,2,1,14.5029,2859.44
133,7,2,1,14.4905,2792.91
138,7,2,1,14.4697,2688.33
184,7,2,1,14.4533,2599.79
440,7,2,1,14.4375,2512.17
451,7,2,1,14.4209,2425.97
1716,7,2,1,14.4185,2409.55
462,7,2,1,14.4094,2362.47
1990,7,2,1,14.4023,2309.78
463,7,2,1,14.3836,2213.26
474,7,2,1,14.3683,2134.02
2140,7,2,1,14.3593,2092.69
2141,7,2,1,14.3514,2049.48
473,7,2,1,14.3512,2048.2
502,7,2,1,14.3421,2004.3
501,7,2,1,14.3366,1977.62
410,8,0,0,13.4243,1471.19,0.074,322.766,0.11,1
398,8,0,0,13.424,1469.98
397,8,0,0,13.4132,1408.71
390,8,0,0,13.3933,1305.9
382,8,0,0,13.3769,1218.33
376,8,0,0,13.3599,1125.74
369,8,0,0,13.3401,1019.33
360,8,0,0,13.3191,906.015
361,8,0,0,13.3046,828.632
128,8,0,0,13.2495,523.193
126,8,0,0,13.241,479.066
125,8,0,0,13.2318,432.83
118,8,0,0,13.197,247.521
1968,8,0,0,13.1648,79.7523
110,8,0,0,13.15,0
1016,8,0,1,13.7127,2978.6,0.0561667,244.982,0.25,2
1010,8,0,1,13.7036,2930.95
2026,8,0,1,13.6762,2797.16
2027,8,0,1,13.6711,2771.32
1998,8,0,1,13.6607,2718.62
1997,8,0,1,13.6521,2675.01
1996,8,0,1,13.6462,2646.71
1995,8,0,1,13.638,2608.39
1993,8,0,1,13.6289,2564.72
1994,8,0,1,13.6246,2543.23
562,8,0,1,13.6151,2494.18
563,8,0,1,13.6114,2475.26
564,8,0,1,13.6057,2444.42
557,8,0,1,13.5998,2411.34
561,8,0,1,13.5931,2364.8
628,8,0,1,13.5888,2339.43
609,8,0,1,13.5766,2263.63
423,8,0,1,13.5707,2207.31
419,8,0,1,13.5654,2172.47
418,8,0,1,13.5471,2074.91
2139,8,0,1,13.5438,2055.44
2138,8,0,1,13.5274,1962.7
411,8,0,1,13.5151,1893.38
412,8,0,1,13.513,1873.87
398,8,0,1,13.4986,1795.16
410,8,0,1,13.4983,1793.95
1402,8,0,2,14.0335,4590.97,0.0816667,356.205,0.16,3
1390,8,0,2,14.0244,4540.91
1382,8,0,2,13.9989,4410.86
1362,8,0,2,13.9783,4300.86
1361,8,0,2,13.9741,4277.69
1354,8,0,2,13.9741,4277.5
1355,8,0,2,13.9676,4243
2076,8,0,2,13.9658,4233.89
1356,8,0,2,13.9582,4194.54
1357,8,0,2,13.9574,4190.82
1349,8,0,2,13.9447,4125.87
1348,8,0,2,13.9441,4122.44
1340,8,0,2,13.9436,4119.9
1339,8,0,2,13.938,4091.16
1330,8,0,2,13.9173,3982.42
1161,8,0,2,13.9079,3934.51
1162,8,0,2,13.8979,3881.51
1136,8,0,2,13.8792,3783.31
1138,8,0,2,13.8725,3748.95
1137,8,0,2,13.8666,3717.85
1123,8,0,2,13.8529,3651.7
1775,8,0,2,13.8443,3607.71
1102,8,0,2,13.8286,3528.52
1100,8,0,2,13.8144,3459.13
1101,8,0,2,13.8034,3402.48
1082,8,0,2,13.795,3360.52
1079,8,0,2,13.7859,3313.5
1061,8,0,2,13.7816,3292.21
1063,8,0,2,13.7784,3275.37
1062,8,0,2,13.7774,3268.33
2159,8,0,2,13.7772,3267.35
1045,8,0,2,13.7765,3264.2
1043,8,0,2,13.7732,3247.52
2029,8,0,2,13.7731,3247.1
1016,8,0,2,13.7688,3223.58
501,8,0,3,14.5355,7106.11,0.107,466.702,0.18,4
1747,8,0,3,14.5295,7076.89
1746,8,0,3,14.5009,6934.48
540,8,0,3,14.4839,6848.54
541,8,0,3,14.4714,6786.03
572,8,0,3,14.4609,6732.79
567,8,0,3,14.4508,6679.38
565,8,0,3,14.4486,6665.89
562,8,0,3,14.4419,6631.38
639,8,0,3,14.4385,6613.94
638,8,0,3,14.4328,6584.27
637,8,0,3,14.4278,6559.24
685,8,0,3,14.4168,6505.46
687,8,0,3,14.4116,6479.43
971,8,0,3,14.3969,6410.53
972,8,0,3,14.3896,6374.32
973,8,0,3,14.3749,6305.19
1008,8,0,3,14.3652,6257.09
1009,8,0,3,14.353,6195.51
1041,8,0,3,14.3529,6194.82
1059,8,0,3,14.344,6149.99
1058,8,0,3,14.339,6124.74
1075,8,0,3,14.3215,6034.67
1072,8,0,3,14.3115,5983.22
1071,8,0,3,14.3013,5932.75
1090,8,0,3,14.2952,5895.53
1089,8,0,3,14.2891,5862.2
1119,8,0,3,14.2805,5816.31
1118,8,0,3,14.2743,5782.73
2044,8,0,3,14.2591,5703.16
2169,8,0,3,14.2511,5662.14
2171,8,0,3,14.2464,5637.99
1549,8,0,3,14.2387,5597.84
1147,8,0,3,14.2312,5559.46
1327,8,0,3,14.2028,5411.48
1343,8,0,3,14.2022,5408.75
1355,8,0,3,14.1755,5269.33
1364,8,0,3,14.1754,5269.12
1362,8,0,3,14.1656,5217.14
1382,8,0,3,14.1456,5109.31
1390,8,0,3,14.1241,4996.14
1402,8,0,3,14.1152,4947.17
110,8,0,4,14.9162,9062.01,0,0,0
111,8,0,4,14.9138,9046.13
1968,8,0,4,14.9044,8981.46
114,8,0,4,14.8988,8946.72
1719,8,0,4,14.8608,8741.69
1720,8,0,4,14.8458,8659.22
1718,8,0,4,14.84,8626.67
129,8,0,4,14.8148,8487.6
134,8,0,4,14.8088,8454.63
133,8,0,4,14.7964,8388.1
138,8,0,4,14.7755,8283.52
184,8,0,4,14.7592,8194.98
440,8,0,4,14.7433,8107.36
451,8,0,4,14.7268,8021.16
1716,8,0,4,14.7244,8004.74
462,8,0,4,14.7152,7957.67
1990,8,0,4,14.7082,7904.97
463,8,0,4,14.6895,7808.45
474,8,0,4,14.6741,7729.21
2140,8,0,4,14.6651,7687.88
2141,8,0,4,14.6573,7644.68
473,8,0,4,14.657,7643.39
502,8,0,4,14.648,7599.49
501,8,0,4,14.6425,7572.81
710,8,1,0,11.3984,1682.36,0.0443333,193.369,0.36,1
1543,8,1,0,11.3733,1546.36
459,8,1,0,11.3634,1483.42
458,8,1,0,11.3564,1437.75
456,8,1,0,11.3472,1376.86
457,8,1,0,11.3418,1346.64
454,8,1,0,11.3342,1292.68
455,8,1,0,11.3318,1278.37
453,8,1,0,11.3226,1212.8
446,8,1,0,11.314,1164.09
442,8,1,0,11.3058,1120.37
1857,8,1,0,11.2974,1076.3
441,8,1,0,11.2925,1051.98
185,8,1,0,11.2815,993.794
177,8,1,0,11.2689,927.553
184,8,1,0,11.2485,816.223
138,8,1,0,11.2328,730.3
133,8,1,0,11.2185,653.53
134,8,1,0,11.2109,601.574
129,8,1,0,11.2033,561.93
1718,8,1,0,11.1769,417.674
1719,8,1,0,11.1602,325.295
114,8,1,0,11.1223,120.486
1968,8,1,0,11.1153,81.9493
110,8,1,0,11.1,0
110,8,1,1,11.7492,3629.63,0,0,0
1968,8,1,1,11.7341,3548.6
114,8,1,1,11.7289,3514.27
1719,8,1,1,11.6859,3287.66
1718,8,1,1,11.6705,3200.61
129,8,1,1,11.646,3064.75
134,8,1,1,11.6396,3030.36
133,8,1,1,11.6268,2962.15
138,8,1,1,11.606,2857.57
184,8,1,1,11.5867,2756.61
440,8,1,1,11.5701,2665.42
451,8,1,1,11.5513,2569.71
1716,8,1,1,11.5489,2553.28
462,8,1,1,11.5385,2500.86
1990,8,1,1,11.5306,2447.83
452,8,1,1,11.5256,2415.39
453,8,1,1,11.5143,2328.21
455,8,1,1,11.5019,2258.28
454,8,1,1,11.499,2242.66
457,8,1,1,11.4923,2188.7
456,8,1,1,11.4872,2159.26
458,8,1,1,11.4777,2098.11
459,8,1,1,11.4718,2053.01
1543,8,1,1,11.4625,1990.78
710,8,1,1,11.4428,1875.73
410,9,0,0,13.4243,1471.19,0.074,322.766,0.11,1
398,9,0,0,13.424,1469.98
397,9,0,0,13.4132,1408.71
390,9,0,0,13.3933,1305.9
382,9,0,0,13.3769,1218.33
376,9,0,0,13.3599,1125.74
369,9,0,0,13.3401,1019.33
360,9,0,0,13.3191,906.015
361,9,0,0,13.3046,828.632
128,9,0,0,13.2495,523.193
126,9,0,0,13.241,479.066
125,9,0,0,13.2318,432.83
118,9,0,0,13.197,247.521
1968,9,0,0,13.1648,79.7523
110,9,0,0,13.15,0
1402,9,0,1,13.9249,4038.37,0.1085,473.244,0.18,2
1390,9,0,1,13.9157,3988.31
1389,9,0,1,13.8895,3847.36
1388,9,0,1,13.8694,3752.17
1323,9,0,1,13.8687,3748.39
2072,9,0,1,13.8445,3630.82
1317,9,0,1,13.8247,3524.14
2071,9,0,1,13.814,3460.08
2165,9,0,1,13.7917,3342.68
1314,9,0,1,13.7749,3253.68
2163,9,0,1,13.7602,3173.84
2023,9,0,1,13.7318,3022.47
1787,9,0,1,13.7237,2981.18
1788,9,0,1,13.7229,2977.48
943,9,0,1,13.707,2896.83
934,9,0,1,13.6982,2848.99
933,9,0,1,13.6879,2795.06
936,9,0,1,13.6873,2792.12
1737,9,0,1,13.6758,2728.89
917,9,0,1,13.659,2645.65
916,9,0,1,13.6589,2644.75
906,9,0,1,13.633,2511.66
889,9,0,1,13.6208,2449.74
890,9,0,1,13.6113,2401.78
2013,9,0,1,13.5883,2283.62
1988,9,0,1,13.5693,2183.84
416,9,0,1,13.5478,2077.27
2139,9,0,1,13.5438,2055.44
2138,9,0,1,13.5274,1962.7
411,9,0,1,13.5151,1893.38
412,9,0,1,13.513,1873.87
398,9,0,1,13.4986,1795.16
410,9,0,1,13.4983,1793.95
1016,9,0,2,14.2914,5864.63,0.0881667,384.556,0.22,3
2029,9,0,2,14.287,5840.88
1043,9,0,2,14.287,5840.46
2158,9,0,2,14.2801,5805.68
2030,9,0,2,14.2762,5785.85
1041,9,0,2,14.271,5759.26
1059,9,0,2,14.2622,5714.43
1058,9,0,2,14.2572,5689.18
1075,9,0,2,14.2397,5599.11
1072,9,0,2,14.2296,5547.66
1071,9,0,2,14.2195,5497.19
1090,9,0,2,14.2134,5459.97
1089,9,0,2,14.2073,5426.64
1119,9,0,2,14.1987,5380.76
1118,9,0,2,14.1925,5347.17
2044,9,0,2,14.1773,5267.61
2169,9,0,2,14.1693,5226.59
2171,9,0,2,14.1646,5202.43
1549,9,0,2,14.1568,5162.28
1147,9,0,2,14.1494,5123.9
1327,9,0,2,14.121,4975.93
1343,9,0,2,14.1204,4973.19
1355,9,0,2,14.0936,4833.77
1364,9,0,2,14.0936,4833.56
1362,9,0,2,14.0838,4781.58
1382,9,0,2,14.0637,4673.75
1390,9,0,2,14.0422,4560.58
1402,9,0,2,14.0334,4511.62
501,9,0,3,14.5691,7170.87,0.107,466.702,0.18,4
1747,9,0,3,14.5594,7126.57
1746,9,0,3,14.5315,6987.23
1745,9,0,3,14.5184,6923.94
1844,9,0,3,14.5005,6834.69
575,9,0,3,14.4981,6819.18
571,9,0,3,14.4952,6803.06
570,9,0,3,14.4904,6779.79
569,9,0,3,14.4853,6754.47
640,9,0,3,14.4771,6715.56
649,9,0,3,14.4678,6673.02
646,9,0,3,14.46,6636.51
691,9,0,3,14.4541,6607.6
689,9,0,3,14.432,6503.61
979,9,0,3,14.4235,6464.01
980,9,0,3,14.4177,6435.6
978,9,0,3,14.4141,6417.41
1010,9,0,3,14.3993,6340.65
1016,9,0,3,14.3796,6249.19
110,9,0,4,14.9498,9126.78,0,0,0
111,9,0,4,14.9474,9110.9
1968,9,0,4,14.938,9046.21
114,9,0,4,14.9325,9011.48
1719,9,0,4,14.8945,8806.45
1720,9,0,4,14.8794,8723.98
1718,9,0,4,14.8736,8691.43
129,9,0,4,14.8484,8552.36
134,9,0,4,14.8424,8519.39
133,9,0,4,14.83,8452.87
138,9,0,4,14.8091,8348.28
184,9,0,4,14.7928,8259.74
440,9,0,4,14.777,8172.12
451,9,0,4,14.7604,8085.93
1716,9,0,4,14.758,8069.5
462,9,0,4,14.7489,8022.43
1990,9,0,4,14.7418,7969.73
463,9,0,4,14.7231,7873.21
474,9,0,4,14.7078,7793.97
2140,9,0,4,14.6987,7752.64
2141,9,0,4,14.6909,7709.44
473,9,0,4,14.6907,7708.15
502,9,0,4,14.6816,7664.25
501,9,0,4,14.6761,7637.58
710,9,1,0,11.3984,1682.36,0.0443333,193.369,0.36,1
1543,9,1,0,11.3733,1546.36
459,9,1,0,11.3634,1483.42
458,9,1,0,11.3564,1437.75
456,9,1,0,11.3472,1376.86
457,9,1,0,11.3418,1346.64
454,9,1,0,11.3342,1292.68
455,9,1,0,11.3318,1278.37
453,9,1,0,11.3226,1212.8
446,9,1,0,11.314,1164.09
442,9,1,0,11.3058,1120.37
1857,9,1,0,11.2974,1076.3
441,9,1,0,11.2925,1051.98
185,9,1,0,11.2815,993.794
177,9,1,0,11.2689,927.553
184,9,1,0,11.2485,816.223
138,9,1,0,11.2328,730.3
133,9,1,0,11.2185,653.53
134,9,1,0,11.2109,601.574
129,9,1,0,11.2033,561.93
1718,9,1,0,11.1769,417.674
1719,9,1,0,11.1602,325.295
114,9,1,0,11.1223,120.486
1968,9,1,0,11.1153,81.9493
110,9,1,0,11.1,0
110,9,1,1,11.7492,3629.63,0,0,0
1968,9,1,1,11.7341,3548.6
114,9,1,1,11.7289,3514.27
1719,9,1,1,11.6859,3287.66
1718,9,1,1,11.6705,3200.61
129,9,1,1,11.646,3064.75
134,9,1,1,11.6396,3030.36
133,9,1,1,11.6268,2962.15
138,9,1,1,11.606,2857.57
184,9,1,1,11.5867,2756.61
440,9,1,1,11.5701,2665.42
451,9,1,1,11.5513,2569.71
1716,9,1,1,11.5489,2553.28
462,9,1,1,11.5385,2500.86
1990,9,1,1,11.5306,2447.83
452,9,1,1,11.5256,2415.39
453,9,1,1,11.5143,2328.21
455,9,1,1,11.5019,2258.28
454,9,1,1,11.499,2242.66
457,9,1,1,11.4923,2188.7
456,9,1,1,11.4872,2159.26
458,9,1,1,11.4777,2098.11
459,9,1,1,11.4718,2053.01
1543,9,1,1,11.4625,1990.78
710,9,1,1,11.4428,1875.73
410,10,0,0,11.7022,1462.66,0.0726667,316.95,0.06,1
398,10,0,0,11.7019,1461.45
397,10,0,0,11.6893,1392.89
390,10,0,0,11.6698,1291.33
382,10,0,0,11.6525,1199.86
376,10,0,0,11.6345,1103.09
369,10,0,0,11.615,998.232
360,10,0,0,11.5927,878.986
361,10,0,0,11.5801,809.873
128,10,0,0,11.5196,481.115
126,10,0,0,11.5123,442.296
125,10,0,0,11.506,408.059
118,10,0,0,11.4731,231.019
1968,10,0,0,11.4453,81.9493
110,10,0,0,11.43,0
710,10,0,1,11.9946,3117.52,0.0443333,193.369,0.36,2
1543,10,0,1,11.9731,2997.25
715,10,0,1,11.9683,2952.99
714,10,0,1,11.9644,2928.98
726,10,0,1,11.9642,2927.1
529,10,0,1,11.9505,2827.61
605,10,0,1,11.9357,2731
603,10,0,1,11.9306,2703.02
604,10,0,1,11.9263,2679.88
596,10,0,1,11.9262,2678.91
580,10,0,1,11.9178,2620.63
574,10,0,1,11.9005,2527.39
573,10,0,1,11.8905,2471.49
564,10,0,1,11.8828,2430.34
557,10,0,1,11.8767,2396.35
561,10,0,1,11.87,2349.83
628,10,0,1,11.8655,2324.18
609,10,0,1,11.8528,2247.52
423,10,0,1,11.8469,2191.2
419,10,0,1,11.8422,2156.76
418,10,0,1,11.8269,2071.84
2139,10,0,1,11.823,2050.41
2138,10,0,1,11.8046,1948.97
411,10,0,1,11.791,1874.15
412,10,0,1,11.7885,1855.14
398,10,0,1,11.7751,1780.81
410,10,0,1,11.7748,1779.61
501,10,0,2,12.1653,4004.15,0.102667,447.801,0.22,3
1747,10,0,2,12.1585,3971.54
505,10,0,2,12.1534,3945.32
506,10,0,2,12.1359,3864.64
507,10,0,2,12.1286,3829.61
510,10,0,2,12.1178,3778.53
509,10,0,2,12.1126,3753.11
508,10,0,2,12.1077,3726.5
512,10,0,2,12.0999,3687.28
511,10,0,2,12.0961,3668.12
2145,10,0,2,12.0954,3664.9
2146,10,0,2,12.0838,3600.57
529,10,0,2,12.0799,3564.4
726,10,0,2,12.0652,3464.31
714,10,0,2,12.065,3462.45
1543,10,0,2,12.0607,3432.49
710,10,0,2,12.0389,3310.88
1402,10,0,3,12.6748,6528.05,0.085,370.744,0.2,4
1390,10,0,3,12.6647,6473.65
1382,10,0,3,12.6422,6356.54
1362,10,0,3,12.6229,6251.71
1361,10,0,3,12.6184,6227.19
1354,10,0,3,12.6183,6227
1355,10,0,3,12.6129,6196.96
2076,10,0,3,12.6111,6187.84
1356,10,0,3,12.6023,6143.41
1357,10,0,3,12.6015,6139.69
1349,10,0,3,12.5882,6072.29
1348,10,0,3,12.5874,6067.95
1340,10,0,3,12.5869,6065.4
1339,10,0,3,12.5807,6034.28
1329,10,0,3,12.5683,5969.68
1158,10,0,3,12.551,5883.85
2048,10,0,3,12.5308,5777.27
1131,10,0,3,12.5253,5748.9
1130,10,0,3,12.5195,5719.97
1129,10,0,3,12.5007,5631.33
1121,10,0,3,12.4814,5531.4
1095,10,0,3,12.4733,5492.59
1093,10,0,3,12.4656,5451.87
1074,10,0,3,12.4591,5415.67
1073,10,0,3,12.4473,5356.8
1057,10,0,3,12.4291,5264.11
1042,10,0,3,12.4238,5237.73
2030,10,0,3,12.4168,5200.7
1011,10,0,3,12.4167,5199.85
1547,10,0,3,12.4024,5129.73
1546,10,0,3,12.3973,5104.04
975,10,0,3,12.3941,5086.89
2026,10,0,3,12.388,5054.16
2027,10,0,3,12.3804,5018.35
1998,10,0,3,12.3704,4967.25
1997,10,0,3,12.3622,4925.17
1996,10,0,3,12.3559,4895.54
1995,10,0,3,12.3493,4863.46
1993,10,0,3,12.3442,4836.65
1994,10,0,3,12.34,4815.17
572,10,0,3,12.3329,4776.05
541,10,0,3,12.324,4729.48
540,10,0,3,12.3133,4674.57
1754,10,0,3,12.3047,4630.38
518,10,0,3,12.2961,4587.43
500,10,0,3,12.2905,4559
501,10,0,3,12.2679,4451.95
1016,10,0,4,13.0252,8276.7,0.0561667,244.982,0.25,5
2029,10,0,4,13.0186,8243.69
1043,10,0,4,13.0186,8243.27
2158,10,0,4,13.0095,8199.12
2030,10,0,4,13.0055,8179.29
1041,10,0,4,13.0008,8154.3
1059,10,0,4,12.9926,8112.46
1058,10,0,4,12.9874,8086.4
1056,10,0,4,12.981,8051.96
1072,10,0,4,12.9634,7961.06
1071,10,0,4,12.9552,7918.96
1090,10,0,4,12.9469,7874.32
1089,10,0,4,12.9403,7838.46
1119,10,0,4,12.9332,7799.23
1118,10,0,4,12.9264,7763.03
2044,10,0,4,12.9103,7679.78
2169,10,0,4,12.9038,7644.9
2171,10,0,4,12.8996,7622.76
2046,10,0,4,12.8934,7591.54
1778,10,0,4,12.868,7463.03
1327,10,0,4,12.8567,7402.25
1343,10,0,4,12.8561,7399.52
1355,10,0,4,12.8314,7268.7
1364,10,0,4,12.8313,7268.49
1362,10,0,4,12.8211,7214.86
1382,10,0,4,12.7917,7067.27
1390,10,0,4,12.7707,6956.63
1402,10,0,4,12.7598,6898.79
110,10,0,5,13.5032,10718,0,0,0
1968,10,0,5,13.4881,10637.2
114,10,0,5,13.4823,10602
1719,10,0,5,13.4467,10407.2
1718,10,0,5,13.4284,10307.8
129,10,0,5,13.4041,10172.7
134,10,0,5,13.3968,10134.3
133,10,0,5,13.3841,10066.7
138,10,0,5,13.3633,9962.14
184,10,0,5,13.3456,9867.87
440,10,0,5,13.3246,9758.01
451,10,0,5,13.3082,9672.59
1716,10,0,5,13.3058,9656.17
462,10,0,5,13.2986,9617.35
1990,10,0,5,13.2908,9564.31
463,10,0,5,13.2736,9474.27
474,10,0,5,13.2598,9401.28
2140,10,0,5,13.2516,9363.45
475,10,0,5,13.2449,9332.18
499,10,0,5,13.2371,9292.59
500,10,0,5,13.2325,9269.18
518,10,0,5,13.227,9241
1754,10,0,5,13.2138,9179.14
540,10,0,5,13.2052,9135.24
541,10,0,5,13.1945,9080.09
572,10,0,5,13.1858,9034.33
1994,10,0,5,13.1761,8984.05
1993,10,0,5,13.1718,8962.57
1995,10,0,5,13.165,8928.2
1996,10,0,5,13.1589,8898.26
1997,10,0,5,13.155,8878.36
2027,10,0,5,13.1301,8757.58
2026,10,0,5,13.1243,8729.1
978,10,0,5,13.1153,8687.1
1010,10,0,5,13.1015,8614.98
1016,10,0,5,13.0814,8521.68
710,11,0,0,11.6984,1682.36,0.0443333,193.369,0.36,1
1543,11,0,0,11.6733,1546.36
459,11,0,0,11.6634,1483.42
458,11,0,0,11.6564,1437.75
456,11,0,0,11.6472,1376.86
457,11,0,0,11.6418,1346.64
454,11,0,0,11.6342,1292.68
455,11,0,0,11.6318,1278.37
453,11,0,0,11.6226,1212.8
446,11,0,0,11.614,1164.09
442,11,0,0,11.6058,1120.37
1857,11,0,0,11.5974,1076.3
441,11,0,0,11.5925,1051.98
185,11,0,0,11.5815,993.794
177,11,0,0,11.5689,927.553
184,11,0,0,11.5485,816.223
138,11,0,0,11.5328,730.3
133,11,0,0,11.5185,653.53
134,11,0,0,11.5109,601.574
129,11,0,0,11.5033,561.93
1718,11,0,0,11.4769,417.674
1719,11,0,0,11.4602,325.295
114,11,0,0,11.4223,120.486
1968,11,0,0,11.4153,81.9493
110,11,0,0,11.4,0
410,11,0,1,11.9819,3297.46,0.0726667,316.95,0.06,2
398,11,0,1,11.9817,3296.25
397,11,0,1,11.9713,3236.47
399,11,0,1,11.9548,3146.48
411,11,0,1,11.9403,3066.94
1537,11,0,1,11.9122,2908.63
418,11,0,1,11.9069,2880.17
419,11,0,1,11.8906,2791.05
423,11,0,1,11.8859,2756.6
609,11,0,1,11.88,2700.28
628,11,0,1,11.8674,2623.84
561,11,0,1,11.8633,2598.8
557,11,0,1,11.8553,2550.72
554,11,0,1,11.8537,2542.26
565,11,0,1,11.8461,2499.32
573,11,0,1,11.8408,2472.73
574,11,0,1,11.8318,2420.94
580,11,0,1,11.8134,2322.66
596,11,0,1,11.8073,2262.81
595,11,0,1,11.8018,2232.4
605,11,0,1,11.8006,2224.41
529,11,0,1,11.7834,2124.38
726,11,0,1,11.7675,2023.19
714,11,0,1,11.7673,2021.3
1543,11,0,1,11.7625,1990.78
710,11,0,1,11.7428,1875.73
1402,11,0,2,12.4649,5784.91,0.085,370.744,0.2,3
1390,11,0,2,12.4548,5730.52
1382,11,0,2,12.4323,5613.41
1362,11,0,2,12.413,5508.58
1361,11,0,2,12.4085,5484.06
1354,11,0,2,12.4085,5483.87
2188,11,0,2,12.402,5450.11
2075,11,0,2,12.3811,5342.16
1822,11,0,2,12.3803,5338.17
1353,11,0,2,12.3713,5292.42
2118,11,0,2,12.3498,5176.26
2117,11,0,2,12.3472,5151.63
2164,11,0,2,12.33,5038.48
1307,11,0,2,12.3134,4951.49
1302,11,0,2,12.2967,4861.24
949,11,0,2,12.274,4738.44
2025,11,0,2,12.2705,4720.99
1598,11,0,2,12.2671,4702.02
948,11,0,2,12.2604,4667.33
928,11,0,2,12.2487,4604.29
923,11,0,2,12.2125,4423.53
924,11,0,2,12.2042,4384.22
914,11,0,2,12.1838,4277.13
902,11,0,2,12.1775,4242.13
887,11,0,2,12.1609,4156.83
2012,11,0,2,12.1434,4065.19
884,11,0,2,12.1389,4042.25
1987,11,0,2,12.1015,3852.27
413,11,0,2,12.0822,3754.57
414,11,0,2,12.0769,3726.93
410,11,0,2,12.0546,3614.41
1016,11,0,3,12.8153,7533.57,0.0438333,191.188,0.28,4
2029,11,0,3,12.8088,7500.56
1043,11,0,3,12.8087,7500.14
2158,11,0,3,12.7996,7455.99
2030,11,0,3,12.7956,7436.16
1041,11,0,3,12.7909,7411.17
1059,11,0,3,12.7827,7369.33
1058,11,0,3,12.7775,7343.27
1056,11,0,3,12.7711,7308.83
1072,11,0,3,12.7535,7217.93
1071,11,0,3,12.7453,7175.83
1090,11,0,3,12.7371,7131.19
1089,11,0,3,12.7304,7095.33
1119,11,0,3,12.7233,7056.1
1118,11,0,3,12.7165,7019.9
2044,11,0,3,12.7004,6936.65
2169,11,0,3,12.6939,6901.77
2171,11,0,3,12.6897,6879.63
2046,11,0,3,12.6835,6848.4
1778,11,0,3,12.6581,6719.89
1327,11,0,3,12.6468,6659.12
1343,11,0,3,12.6462,6656.39
1355,11,0,3,12.6215,6525.57
1364,11,0,3,12.6214,6525.36
1362,11,0,3,12.6112,6471.73
1382,11,0,3,12.5818,6324.13
1390,11,0,3,12.5608,6213.5
1402,11,0,3,12.5499,6155.66
501,11,0,4,13.0498,8650.26,0.0531667,231.897,0.2,5
1747,11,0,4,13.0431,8617.65
1746,11,0,4,13.0139,8473.15
1745,11,0,4,13.003,8419.08
1844,11,0,4,12.9824,8318.85
575,11,0,4,12.9797,8302.8
571,11,0,4,12.9759,8282.83
570,11,0,4,12.9713,8260.5
569,11,0,4,12.9656,8232.9
640,11,0,4,12.9603,8205.88
649,11,0,4,12.9538,8174.55
646,11,0,4,12.9474,8143.67
691,11,0,4,12.9396,8106.91
689,11,0,4,12.9158,7996.02
979,11,0,4,12.9061,7951.98
980,11,0,4,12.9009,7925.91
978,11,0,4,12.8973,7907.42
1010,11,0,4,12.8816,7827.27
1016,11,0,4,12.8591,7724.76
110,11,0,5,13.3751,10342.9,0,0,0
1968,11,0,5,13.36,10262.1
114,11,0,5,13.3542,10226.9
1719,11,0,5,13.3189,10033.7
1718,11,0,5,13.3008,9935.14
129,11,0,5,13.2769,9801.38
134,11,0,5,13.272,9772.88
133,11,0,5,13.26,9708.04
138,11,0,5,13.2391,9603.46
184,11,0,5,13.2223,9513.07
440,11,0,5,13.1998,9396.69
451,11,0,5,13.1834,9311.27
1716,11,0,5,13.181,9294.85
462,11,0,5,13.1738,9256.03
1990,11,0,5,13.166,9202.99
463,11,0,5,13.1488,9112.95
474,11,0,5,13.135,9039.96
2140,11,0,5,13.1268,9002.13
2141,11,0,5,13.1186,8957.15
473,11,0,5,13.1184,8956.39
502,11,0,5,13.1094,8912.49
501,11,0,5,13.103,8882.16
