Nodo,Individuo,Ruta,Segmento,Tiempo viaje,Costo viaje,Tiempo atencion,Costo atencion,Tasa fallo,Demanda
410,0,0,0,11.9822,1462.66,0.0726667,316.95,0.06,1
398,0,0,0,11.9819,1461.45
397,0,0,0,11.9693,1392.89
390,0,0,0,11.9498,1291.33
382,0,0,0,11.9325,1199.86
376,0,0,0,11.9145,1103.09
369,0,0,0,11.895,998.232
360,0,0,0,11.8727,878.986
361,0,0,0,11.8601,809.873
128,0,0,0,11.7996,481.115
126,0,0,0,11.7923,442.296
125,0,0,0,11.786,408.059
118,0,0,0,11.7531,231.019
1968,0,0,0,11.7253,81.9493
110,0,0,0,11.71,0
1402,0,0,1,12.4652,3950.11,0.085,370.744,0.2,2
1390,0,0,1,12.455,3895.71
1382,0,0,1,12.4326,3778.6
1362,0,0,1,12.4132,3673.78
1361,0,0,1,12.4087,3649.26
1354,0,0,1,12.4087,3649.07
2188,0,0,1,12.4023,3615.31
2075,0,0,1,12.3813,3507.36
1822,0,0,1,12.3805,3503.36
1353,0,0,1,12.3715,3457.62
2118,0,0,1,12.35,3341.45
2117,0,0,1,12.3475,3316.82
2164,0,0,1,12.3302,3203.67
1307,0,0,1,12.3136,3116.68
1302,0,0,1,12.297,3026.44
949,0,0,1,12.2742,2903.64
2025,0,0,1,12.2708,2886.18
1598,0,0,1,12.2674,2867.22
948,0,0,1,12.2606,2832.53
928,0,0,1,12.249,2769.48
923,0,0,1,12.2127,2588.73
924,0,0,1,12.2044,2549.42
914,0,0,1,12.184,2442.33
902,0,0,1,12.1778,2407.32
887,0,0,1,12.1611,2322.03
2012,0,0,1,12.1436,2230.38
884,0,0,1,12.1392,2207.45
1987,0,0,1,12.1017,2017.46
413,0,0,1,12.0824,1919.77
414,0,0,1,12.0771,1892.12
410,0,0,1,12.0548,1779.61
1016,0,0,2,12.8155,5698.77,0.0438333,191.188,0.28,3
2029,0,0,2,12.809,5665.75
1043,0,0,2,12.8089,5665.34
2158,0,0,2,12.7998,5621.19
2030,0,0,2,12.7959,5601.35
1041,0,0,2,12.7911,5576.37
1059,0,0,2,12.783,5534.52
1058,0,0,2,12.7778,5508.47
1056,0,0,2,12.7713,5474.03
1072,0,0,2,12.7537,5383.13
1071,0,0,2,12.7455,5341.02
1090,0,0,2,12.7373,5296.38
1089,0,0,2,12.7306,5260.53
1119,0,0,2,12.7236,5221.29
1118,0,0,2,12.7168,5185.09
2044,0,0,2,12.7007,5101.85
2169,0,0,2,12.6941,5066.97
2171,0,0,2,12.6899,5044.83
2046,0,0,2,12.6837,5013.6
1778,0,0,2,12.6583,4885.09
1327,0,0,2,12.6471,4824.32
1343,0,0,2,12.6465,4821.58
1355,0,0,2,12.6217,4690.77
1364,0,0,2,12.6217,4690.56
1362,0,0,2,12.6115,4636.93
1382,0,0,2,12.582,4489.33
1390,0,0,2,12.5611,4378.7
1402,0,0,2,12.5502,4320.85
710,0,0,3,13.0217,6815.76,0.0466667,203.546,0.45,4
1543,0,0,3,12.9993,6691.56
715,0,0,3,12.9945,6647.41
714,0,0,3,12.9905,6623.26
726,0,0,3,12.9903,6621.4
529,0,0,3,12.9762,6521.75
605,0,0,3,12.9613,6425.08
603,0,0,3,12.955,6392.01
2202,0,0,3,12.9516,6371.22
602,0,0,3,12.9472,6345.93
1851,0,0,3,12.9364,6275.39
1852,0,0,3,12.9315,6251.31
706,0,0,3,12.9183,6186.8
991,0,0,3,12.9065,6126.72
2028,0,0,3,12.8958,6074.05
1012,0,0,3,12.8823,6005.34
1045,0,0,3,12.8668,5929.59
1043,0,0,3,12.8637,5913.73
2029,0,0,3,12.8636,5913.32
1016,0,0,3,12.8594,5889.95
501,0,0,4,13.1907,7687.73,0.0531667,231.897,0.2,5
1747,0,0,4,13.1848,7658.71
505,0,0,4,13.1783,7627.22
506,0,0,4,13.1641,7559.45
507,0,0,4,13.1572,7526.06
510,0,0,4,13.1484,7483.31
509,0,0,4,13.1445,7463.11
508,0,0,4,13.1391,7434.34
512,0,0,4,13.1309,7393.3
511,0,0,4,13.1277,7376.55
2145,0,0,4,13.127,7373.34
2146,0,0,4,13.1159,7311.58
529,0,0,4,13.112,7275.53
726,0,0,4,13.0959,7173.99
714,0,0,4,13.0957,7172.11
1543,0,0,4,13.0899,7139.68
710,0,0,4,13.0684,7019.31
110,0,0,5,13.516,9380.4,0,0,0
1968,0,0,5,13.5009,9299.59
114,0,0,5,13.4951,9264.41
1719,0,0,5,13.4598,9071.14
1718,0,0,5,13.4417,8972.6
129,0,0,5,13.4178,8838.85
134,0,0,5,13.4128,8810.34
133,0,0,5,13.4008,8745.51
138,0,0,5,13.38,8640.92
184,0,0,5,13.3632,8550.54
440,0,0,5,13.3406,8434.16
451,0,0,5,13.3243,8348.74
1716,0,0,5,13.3219,8332.31
462,0,0,5,13.3147,8293.49
1990,0,0,5,13.3069,8240.45
463,0,0,5,13.2897,8150.42
474,0,0,5,13.2758,8077.43
2140,0,0,5,13.2677,8039.59
2141,0,0,5,13.2595,7994.61
473,0,0,5,13.2593,7993.85
502,0,0,5,13.2503,7949.95
501,0,0,5,13.2438,7919.63
501,1,0,0,11.7839,1433.41,0.0743333,324.22,0.22,1
502,1,0,0,11.7786,1407.87
473,1,0,0,11.769,1361.69
2141,1,0,0,11.7688,1360.71
2140,1,0,0,11.7604,1314.68
475,1,0,0,11.7575,1299.26
474,1,0,0,11.7534,1278.25
463,1,0,0,11.7386,1201.35
1990,1,0,0,11.7251,1126.94
462,1,0,0,11.7164,1072.9
461,1,0,0,11.714,1058.4
1716,1,0,0,11.7058,1015.28
451,1,0,0,11.7014,992.322
440,1,0,0,11.6855,908.617
184,1,0,0,11.6685,816.223
138,1,0,0,11.6528,730.3
133,1,0,0,11.6385,653.53
134,1,0,0,11.6309,601.574
129,1,0,0,11.6233,561.93
1718,1,0,0,11.5969,417.674
1719,1,0,0,11.5802,325.295
114,1,0,0,11.5423,120.486
1968,1,0,0,11.5353,81.9493
110,1,0,0,11.52,0
710,1,0,1,11.988,2453.47,0.0443333,193.369,0.36,2
1543,1,0,1,11.9666,2333.21
459,1,0,1,11.9563,2269.8
488,1,0,1,11.9276,2112.91
2144,1,0,1,11.9109,2022.7
486,1,0,1,11.9096,2016.25
482,1,0,1,11.902,1976.94
2142,1,0,1,11.8969,1949.91
2143,1,0,1,11.8965,1948.14
480,1,0,1,11.8961,1946.24
478,1,0,1,11.8919,1924.17
477,1,0,1,11.8838,1881.98
1750,1,0,1,11.88,1861.72
2141,1,0,1,11.8736,1831.93
473,1,0,1,11.8734,1830.73
502,1,0,1,11.8643,1786.83
501,1,0,1,11.8582,1757.63
1016,1,0,2,12.1592,3369.07,0.0438333,191.188,0.28,3
1548,1,0,2,12.1523,3333.03
1012,1,0,2,12.148,3310.61
1014,1,0,2,12.1476,3308.41
989,1,0,2,12.1371,3252.55
990,1,0,2,12.1271,3202.29
704,1,0,2,12.1157,3144.55
2179,1,0,2,12.1155,3143.68
662,1,0,2,12.1093,3114.04
602,1,0,2,12.0984,3046.34
599,1,0,2,12.0945,3024.12
605,1,0,2,12.0906,3000.37
529,1,0,2,12.0734,2900.36
726,1,0,2,12.0586,2800.27
714,1,0,2,12.0584,2798.41
1543,1,0,2,12.0542,2768.44
710,1,0,2,12.0324,2646.84
1402,1,0,3,12.4663,4918.69,0.085,370.744,0.2,4
1390,1,0,3,12.4562,4864.29
1382,1,0,3,12.433,4743.98
1362,1,0,3,12.4091,4619.7
1361,1,0,3,12.4042,4593.25
1354,1,0,3,12.4041,4593.06
1355,1,0,3,12.3978,4559.22
2076,1,0,3,12.396,4550.11
1356,1,0,3,12.3902,4518.45
1357,1,0,3,12.3894,4514.73
1349,1,0,3,12.3782,4456.01
1348,1,0,3,12.3772,4450.96
1340,1,0,3,12.3767,4448.42
1339,1,0,3,12.3707,4417.99
1329,1,0,3,12.3578,4351.43
1158,1,0,3,12.3437,4278.91
2048,1,0,3,12.3234,4171.91
1131,1,0,3,12.3182,4144.68
1130,1,0,3,12.3124,4115.75
1129,1,0,3,12.293,4024.95
1121,1,0,3,12.2737,3925.02
1095,1,0,3,12.2657,3886.22
1093,1,0,3,12.258,3845.49
1074,1,0,3,12.2514,3809.29
1077,1,0,3,12.2411,3755.24
1080,1,0,3,12.2278,3688.79
1079,1,0,3,12.2201,3650.11
1061,1,0,3,12.2159,3628.82
1063,1,0,3,12.2125,3611.01
1062,1,0,3,12.2114,3603.94
2159,1,0,3,12.2112,3603.04
1045,1,0,3,12.2105,3599.89
1043,1,0,3,12.2074,3584.03
2029,1,0,3,12.2073,3583.62
1016,1,0,3,12.2031,3560.25
410,1,0,4,12.962,7451.77,0.109667,478.333,0.09,5
1986,1,0,4,12.9364,7326.03
883,1,0,4,12.9071,7172.67
882,1,0,4,12.8954,7109.1
2155,1,0,4,12.8916,7090.37
901,1,0,4,12.8581,6915.07
902,1,0,4,12.8443,6841.86
904,1,0,4,12.8296,6764.46
925,1,0,4,12.8068,6639.44
2019,1,0,4,12.8009,6610.13
929,1,0,4,12.8005,6608.15
938,1,0,4,12.7884,6542.02
950,1,0,4,12.7724,6460.99
951,1,0,4,12.766,6427.74
949,1,0,4,12.7544,6368.45
1302,1,0,4,12.7277,6228.78
1307,1,0,4,12.7125,6145
1308,1,0,4,12.7009,6083.95
1309,1,0,4,12.6835,5993.85
1314,1,0,4,12.6829,5990.98
2165,1,0,4,12.6639,5892.71
2071,1,0,4,12.6443,5786.86
1359,1,0,4,12.6244,5679.63
1370,1,0,4,12.6234,5675.18
1360,1,0,4,12.6007,5550.16
1382,1,0,4,12.5832,5457.91
1390,1,0,4,12.5623,5347.28
1402,1,0,4,12.5513,5289.44
110,1,0,5,13.3539,9505.78,0,0,0
1968,1,0,5,13.3388,9424.98
1969,1,0,5,13.3267,9348.63
115,1,0,5,13.3242,9334.21
2113,1,0,5,13.3194,9308.14
2133,1,0,5,13.1994,8630.62
366,1,0,5,13.1957,8603.99
2134,1,0,5,13.1847,8542.45
2136,1,0,5,13.1728,8477.53
393,1,0,5,13.1437,8325.64
401,1,0,5,13.1289,8247.18
400,1,0,5,13.1028,8104.08
411,1,0,5,13.0885,8029.53
412,1,0,5,13.0864,8010.02
398,1,0,5,13.072,7931.31
410,1,0,5,13.0717,7930.1
410,2,0,0,11.7022,1462.66,0.0726667,316.95,0.06,1
398,2,0,0,11.7019,1461.45
397,2,0,0,11.6893,1392.89
390,2,0,0,11.6698,1291.33
382,2,0,0,11.6525,1199.86
376,2,0,0,11.6345,1103.09
369,2,0,0,11.615,998.232
360,2,0,0,11.5927,878.986
361,2,0,0,11.5801,809.873
128,2,0,0,11.5196,481.115
126,2,0,0,11.5123,442.296
125,2,0,0,11.506,408.059
118,2,0,0,11.4731,231.019
1968,2,0,0,11.4453,81.9493
110,2,0,0,11.43,0
710,2,0,1,11.9946,3117.52,0.0443333,193.369,0.36,2
1543,2,0,1,11.9731,2997.25
715,2,0,1,11.9683,2952.99
714,2,0,1,11.9644,2928.98
726,2,0,1,11.9642,2927.1
529,2,0,1,11.9505,2827.61
605,2,0,1,11.9357,2731
603,2,0,1,11.9306,2703.02
604,2,0,1,11.9263,2679.88
596,2,0,1,11.9262,2678.91
580,2,0,1,11.9178,2620.63
574,2,0,1,11.9005,2527.39
573,2,0,1,11.8905,2471.49
564,2,0,1,11.8828,2430.34
557,2,0,1,11.8767,2396.35
561,2,0,1,11.87,2349.83
628,2,0,1,11.8655,2324.18
609,2,0,1,11.8528,2247.52
423,2,0,1,11.8469,2191.2
419,2,0,1,11.8422,2156.76
418,2,0,1,11.8269,2071.84
2139,2,0,1,11.823,2050.41
2138,2,0,1,11.8046,1948.97
411,2,0,1,11.791,1874.15
412,2,0,1,11.7885,1855.14
398,2,0,1,11.7751,1780.81
410,2,0,1,11.7748,1779.61
1402,2,0,2,12.4187,5338.74,0.085,370.744,0.2,3
1390,2,0,2,12.4086,5284.34
1382,2,0,2,12.3861,5167.23
1362,2,0,2,12.3668,5062.4
1361,2,0,2,12.3623,5037.88
1354,2,0,2,12.3623,5037.69
1355,2,0,2,12.3568,5007.65
2076,2,0,2,12.355,4998.54
1356,2,0,2,12.3462,4954.1
1357,2,0,2,12.3454,4950.38
1349,2,0,2,12.3321,4882.98
1348,2,0,2,12.3313,4878.64
1340,2,0,2,12.3308,4876.09
1339,2,0,2,12.3246,4844.97
1329,2,0,2,12.3122,4780.37
1158,2,0,2,12.2949,4694.54
2048,2,0,2,12.2746,4587.66
1131,2,0,2,12.2694,4560.43
1130,2,0,2,12.2636,4531.5
1129,2,0,2,12.2443,4440.71
1121,2,0,2,12.225,4340.78
1095,2,0,2,12.2169,4301.97
1093,2,0,2,12.2092,4261.25
1074,2,0,2,12.2026,4225.05
1077,2,0,2,12.1923,4170.99
1080,2,0,2,12.179,4104.54
1079,2,0,2,12.1714,4065.86
1061,2,0,2,12.1671,4044.57
1063,2,0,2,12.1637,4026.76
1062,2,0,2,12.1626,4019.69
2159,2,0,2,12.1625,4018.79
1045,2,0,2,12.1618,4015.64
1012,2,0,2,12.1545,3974.66
1014,2,0,2,12.1541,3972.45
989,2,0,2,12.1436,3916.59
990,2,0,2,12.1336,3866.33
704,2,0,2,12.1223,3808.59
2179,2,0,2,12.1221,3807.73
662,2,0,2,12.1159,3778.08
602,2,0,2,12.1049,3710.39
599,2,0,2,12.101,3688.16
605,2,0,2,12.0972,3664.41
529,2,0,2,12.0799,3564.4
726,2,0,2,12.0652,3464.31
714,2,0,2,12.065,3462.45
1543,2,0,2,12.0607,3432.49
710,2,0,2,12.0389,3310.88
1016,2,0,3,12.7691,7087.39,0.0438333,191.188,0.28,4
2029,2,0,3,12.7626,7054.38
1043,2,0,3,12.7625,7053.96
2158,2,0,3,12.7534,7009.82
2030,2,0,3,12.7494,6989.98
1041,2,0,3,12.7447,6964.99
1059,2,0,3,12.7365,6923.15
1058,2,0,3,12.7313,6897.09
1056,2,0,3,12.7249,6862.66
1072,2,0,3,12.7073,6771.76
1071,2,0,3,12.6991,6729.65
1090,2,0,3,12.6909,6685.01
1089,2,0,3,12.6842,6649.15
1119,2,0,3,12.6771,6609.92
1118,2,0,3,12.6703,6573.72
2044,2,0,3,12.6542,6490.47
2169,2,0,3,12.6477,6455.59
2171,2,0,3,12.6435,6433.46
2046,2,0,3,12.6373,6402.23
1778,2,0,3,12.6119,6273.72
1327,2,0,3,12.6006,6212.94
1343,2,0,3,12.6,6210.21
1355,2,0,3,12.5753,6079.39
1364,2,0,3,12.5752,6079.18
1362,2,0,3,12.565,6025.55
1382,2,0,3,12.5356,5877.96
1390,2,0,3,12.5147,5767.32
1402,2,0,3,12.5037,5709.48
501,2,0,4,13.0036,8204.08,0.0531667,231.897,0.2,5
1747,2,0,4,12.9969,8171.47
1746,2,0,4,12.9677,8026.97
1745,2,0,4,12.9568,7972.91
1844,2,0,4,12.9362,7872.68
575,2,0,4,12.9335,7856.62
571,2,0,4,12.9297,7836.65
570,2,0,4,12.9251,7814.32
569,2,0,4,12.9194,7786.73
640,2,0,4,12.9141,7759.71
649,2,0,4,12.9076,7728.37
646,2,0,4,12.9012,7697.49
691,2,0,4,12.8934,7660.73
689,2,0,4,12.8696,7549.84
979,2,0,4,12.8599,7505.8
980,2,0,4,12.8547,7479.73
978,2,0,4,12.8511,7461.24
1010,2,0,4,12.8354,7381.09
1016,2,0,4,12.8129,7278.58
110,2,0,5,13.3289,9896.75,0,0,0
1968,2,0,5,13.3139,9815.95
114,2,0,5,13.308,9780.76
1719,2,0,5,13.2727,9587.5
1718,2,0,5,13.2547,9488.96
129,2,0,5,13.2307,9355.21
134,2,0,5,13.2258,9326.7
133,2,0,5,13.2138,9261.86
138,2,0,5,13.1929,9157.28
184,2,0,5,13.1761,9066.89
440,2,0,5,13.1536,8950.51
451,2,0,5,13.1372,8865.09
1716,2,0,5,13.1348,8848.67
462,2,0,5,13.1276,8809.85
1990,2,0,5,13.1198,8756.81
463,2,0,5,13.1026,8666.78
474,2,0,5,13.0888,8593.78
2140,2,0,5,13.0806,8555.95
2141,2,0,5,13.0724,8510.97
473,2,0,5,13.0722,8510.21
502,2,0,5,13.0632,8466.31
501,2,0,5,13.0568,8435.98
410,3,0,0,11.7022,1462.66,0.0726667,316.95,0.06,1
398,3,0,0,11.7019,1461.45
397,3,0,0,11.6893,1392.89
390,3,0,0,11.6698,1291.33
382,3,0,0,11.6525,1199.86
376,3,0,0,11.6345,1103.09
369,3,0,0,11.615,998.232
360,3,0,0,11.5927,878.986
361,3,0,0,11.5801,809.873
128,3,0,0,11.5196,481.115
126,3,0,0,11.5123,442.296
125,3,0,0,11.506,408.059
118,3,0,0,11.4731,231.019
1968,3,0,0,11.4453,81.9493
110,3,0,0,11.43,0
710,3,0,1,11.9946,3117.52,0.0443333,193.369,0.36,2
1543,3,0,1,11.9731,2997.25
715,3,0,1,11.9683,2952.99
714,3,0,1,11.9644,2928.98
726,3,0,1,11.9642,2927.1
529,3,0,1,11.9505,2827.61
605,3,0,1,11.9357,2731
603,3,0,1,11.9306,2703.02
604,3,0,1,11.9263,2679.88
596,3,0,1,11.9262,2678.91
580,3,0,1,11.9178,2620.63
574,3,0,1,11.9005,2527.39
573,3,0,1,11.8905,2471.49
564,3,0,1,11.8828,2430.34
557,3,0,1,11.8767,2396.35
561,3,0,1,11.87,2349.83
628,3,0,1,11.8655,2324.18
609,3,0,1,11.8528,2247.52
423,3,0,1,11.8469,2191.2
419,3,0,1,11.8422,2156.76
418,3,0,1,11.8269,2071.84
2139,3,0,1,11.823,2050.41
2138,3,0,1,11.8046,1948.97
411,3,0,1,11.791,1874.15
412,3,0,1,11.7885,1855.14
398,3,0,1,11.7751,1780.81
410,3,0,1,11.7748,1779.61
501,3,0,2,12.1653,4004.15,0.102667,447.801,0.22,3
1747,3,0,2,12.1585,3971.54
505,3,0,2,12.1534,3945.32
506,3,0,2,12.1359,3864.64
507,3,0,2,12.1286,3829.61
510,3,0,2,12.1178,3778.53
509,3,0,2,12.1126,3753.11
508,3,0,2,12.1077,3726.5
512,3,0,2,12.0999,3687.28
511,3,0,2,12.0961,3668.12
2145,3,0,2,12.0954,3664.9
2146,3,0,2,12.0838,3600.57
529,3,0,2,12.0799,3564.4
726,3,0,2,12.0652,3464.31
714,3,0,2,12.065,3462.45
1543,3,0,2,12.0607,3432.49
710,3,0,2,12.0389,3310.88
1402,3,0,3,12.6748,6528.05,0.085,370.744,0.2,4
1390,3,0,3,12.6647,6473.65
1382,3,0,3,12.6422,6356.54
1362,3,0,3,12.6229,6251.71
1361,3,0,3,12.6184,6227.19
1354,3,0,3,12.6183,6227
1355,3,0,3,12.6129,6196.96
2076,3,0,3,12.6111,6187.84
1356,3,0,3,12.6023,6143.41
1357,3,0,3,12.6015,6139.69
1349,3,0,3,12.5882,6072.29
1348,3,0,3,12.5874,6067.95
1340,3,0,3,12.5869,6065.4
1339,3,0,3,12.5807,6034.28
1329,3,0,3,12.5683,5969.68
1158,3,0,3,12.551,5883.85
2048,3,0,3,12.5308,5777.27
1131,3,0,3,12.5253,5748.9
1130,3,0,3,12.5195,5719.97
1129,3,0,3,12.5007,5631.33
1121,3,0,3,12.4814,5531.4
1095,3,0,3,12.4733,5492.59
1093,3,0,3,12.4656,5451.87
1074,3,0,3,12.4591,5415.67
1073,3,0,3,12.4473,5356.8
1057,3,0,3,12.4291,5264.11
1042,3,0,3,12.4238,5237.73
2030,3,0,3,12.4168,5200.7
1011,3,0,3,12.4167,5199.85
1547,3,0,3,12.4024,5129.73
1546,3,0,3,12.3973,5104.04
975,3,0,3,12.3941,5086.89
2026,3,0,3,12.388,5054.16
2027,3,0,3,12.3804,5018.35
1998,3,0,3,12.3704,4967.25
1997,3,0,3,12.3622,4925.17
1996,3,0,3,12.3559,4895.54
1995,3,0,3,12.3493,4863.46
1993,3,0,3,12.3442,4836.65
1994,3,0,3,12.34,4815.17
572,3,0,3,12.3329,4776.05
541,3,0,3,12.324,4729.48
540,3,0,3,12.3133,4674.57
1754,3,0,3,12.3047,4630.38
518,3,0,3,12.2961,4587.43
500,3,0,3,12.2905,4559
501,3,0,3,12.2679,4451.95
1016,3,0,4,13.0252,8276.7,0.0561667,244.982,0.25,5
2029,3,0,4,13.0186,8243.69
1043,3,0,4,13.0186,8243.27
2158,3,0,4,13.0095,8199.12
2030,3,0,4,13.0055,8179.29
1041,3,0,4,13.0008,8154.3
1059,3,0,4,12.9926,8112.46
1058,3,0,4,12.9874,8086.4
1056,3,0,4,12.981,8051.96
1072,3,0,4,12.9634,7961.06
1071,3,0,4,12.9552,7918.96
1090,3,0,4,12.9469,7874.32
1089,3,0,4,12.9403,7838.46
1119,3,0,4,12.9332,7799.23
1118,3,0,4,12.9264,7763.03
2044,3,0,4,12.9103,7679.78
2169,3,0,4,12.9038,7644.9
2171,3,0,4,12.8996,7622.76
2046,3,0,4,12.8934,7591.54
1778,3,0,4,12.868,7463.03
1327,3,0,4,12.8567,7402.25
1343,3,0,4,12.8561,7399.52
1355,3,0,4,12.8314,7268.7
1364,3,0,4,12.8313,7268.49
1362,3,0,4,12.8211,7214.86
1382,3,0,4,12.7917,7067.27
1390,3,0,4,12.7707,6956.63
1402,3,0,4,12.7598,6898.79
110,3,0,5,13.5032,10718,0,0,0
1968,3,0,5,13.4881,10637.2
114,3,0,5,13.4823,10602
1719,3,0,5,13.4467,10407.2
1718,3,0,5,13.4284,10307.8
129,3,0,5,13.4041,10172.7
134,3,0,5,13.3968,10134.3
133,3,0,5,13.3841,10066.7
138,3,0,5,13.3633,9962.14
184,3,0,5,13.3456,9867.87
440,3,0,5,13.3246,9758.01
451,3,0,5,13.3082,9672.59
1716,3,0,5,13.3058,9656.17
462,3,0,5,13.2986,9617.35
1990,3,0,5,13.2908,9564.31
463,3,0,5,13.2736,9474.27
474,3,0,5,13.2598,9401.28
2140,3,0,5,13.2516,9363.45
475,3,0,5,13.2449,9332.18
499,3,0,5,13.2371,9292.59
500,3,0,5,13.2325,9269.18
518,3,0,5,13.227,9241
1754,3,0,5,13.2138,9179.14
540,3,0,5,13.2052,9135.24
541,3,0,5,13.1945,9080.09
572,3,0,5,13.1858,9034.33
1994,3,0,5,13.1761,8984.05
1993,3,0,5,13.1718,8962.57
1995,3,0,5,13.165,8928.2
1996,3,0,5,13.1589,8898.26
1997,3,0,5,13.155,8878.36
2027,3,0,5,13.1301,8757.58
2026,3,0,5,13.1243,8729.1
978,3,0,5,13.1153,8687.1
1010,3,0,5,13.1015,8614.98
1016,3,0,5,13.0814,8521.68
710,4,0,0,13.5525,1706.65,0.0466667,203.546,0.45,1
1543,4,0,0,13.5294,1579.59
459,4,0,0,13.5202,1517.38
458,4,0,0,13.5127,1471.15
456,4,0,0,13.5034,1410.12
457,4,0,0,13.4975,1377.61
454,4,0,0,13.4898,1323.63
455,4,0,0,13.4872,1308.67
453,4,0,0,13.4785,1243.21
446,4,0,0,13.4702,1195.77
442,4,0,0,13.4585,1137.28
1857,4,0,0,13.4497,1091.26
441,4,0,0,13.4436,1062.09
185,4,0,0,13.4326,1004.16
177,4,0,0,13.4203,938.786
184,4,0,0,13.4003,829.279
138,4,0,0,13.3836,739.414
133,4,0,0,13.3697,664.29
134,4,0,0,13.3621,612.333
129,4,0,0,13.355,574.749
1718,4,0,0,13.3291,432.78
1720,4,0,0,13.322,394.625
1719,4,0,0,13.3093,321.152
114,4,0,0,13.2716,117.424
1968,4,0,0,13.2648,79.7523
110,4,0,0,13.25,0
1402,4,0,1,14.0003,4027.57,0.0816667,356.205,0.16,2
1390,4,0,1,13.9911,3977.52
1382,4,0,1,13.9609,3827.77
1362,4,0,1,13.9382,3708.77
1361,4,0,1,13.9332,3681.77
1354,4,0,1,13.9331,3681.58
1355,4,0,1,13.9206,3621.92
2076,4,0,1,13.9188,3612.81
1356,4,0,1,13.9104,3570.09
1357,4,0,1,13.9096,3566.38
1349,4,0,1,13.8961,3498.2
1348,4,0,1,13.8955,3494.87
1340,4,0,1,13.895,3492.33
1339,4,0,1,13.8897,3464.61
1329,4,0,1,13.8787,3406.27
1158,4,0,1,13.8637,3329.94
2048,4,0,1,13.8436,3223.82
1151,4,0,1,13.8338,3171.97
1134,4,0,1,13.828,3141.99
1133,4,0,1,13.823,3115.82
1122,4,0,1,13.8116,3058.27
1096,4,0,1,13.786,2931.66
1099,4,0,1,13.7812,2907
1098,4,0,1,13.7739,2870.34
1101,4,0,1,13.7545,2772.1
1082,4,0,1,13.7461,2730.13
1079,4,0,1,13.737,2683.11
1061,4,0,1,13.7327,2661.83
1063,4,0,1,13.7295,2644.99
1062,4,0,1,13.7285,2637.95
2159,4,0,1,13.7283,2636.96
1045,4,0,1,13.7276,2633.81
1012,4,0,1,13.7204,2592.83
2028,4,0,1,13.7123,2547.36
989,4,0,1,13.7089,2531.63
990,4,0,1,13.6988,2481.36
991,4,0,1,13.6963,2469.01
706,4,0,1,13.6892,2429.55
704,4,0,1,13.6866,2416.78
2179,4,0,1,13.6864,2415.92
662,4,0,1,13.6802,2386.27
602,4,0,1,13.669,2318.13
599,4,0,1,13.6645,2293.43
605,4,0,1,13.6593,2265.31
529,4,0,1,13.6428,2166.41
726,4,0,1,13.6266,2064.88
714,4,0,1,13.6264,2063
1543,4,0,1,13.6206,2030.56
710,4,0,1,13.5991,1910.19
1016,4,0,2,14.34,5736.79,0.0881667,384.556,0.22,3
2029,4,0,2,14.3356,5713.04
1043,4,0,2,14.3356,5712.63
2158,4,0,2,14.3287,5677.85
2030,4,0,2,14.3248,5658.01
1041,4,0,2,14.3196,5631.43
1059,4,0,2,14.3108,5586.59
1058,4,0,2,14.3058,5561.34
1075,4,0,2,14.2882,5471.27
1072,4,0,2,14.2782,5419.83
1071,4,0,2,14.268,5369.35
1090,4,0,2,14.262,5332.13
1089,4,0,2,14.2559,5298.81
1119,4,0,2,14.2473,5252.92
1118,4,0,2,14.2411,5219.33
2044,4,0,2,14.2259,5139.77
2169,4,0,2,14.2179,5098.75
2171,4,0,2,14.2132,5074.6
1549,4,0,2,14.2054,5034.45
1147,4,0,2,14.198,4996.06
1327,4,0,2,14.1696,4848.09
1343,4,0,2,14.169,4845.36
1355,4,0,2,14.1422,4705.94
1364,4,0,2,14.1422,4705.73
1362,4,0,2,14.1324,4653.75
1382,4,0,2,14.1123,4545.92
1390,4,0,2,14.0908,4432.75
1402,4,0,2,14.0819,4383.78
501,4,0,3,14.6177,7043.04,0.107,466.702,0.18,4
1747,4,0,3,14.608,6998.73
1746,4,0,3,14.5801,6859.39
1745,4,0,3,14.567,6796.1
1844,4,0,3,14.5491,6706.86
575,4,0,3,14.5467,6691.35
571,4,0,3,14.5438,6675.23
570,4,0,3,14.539,6651.95
569,4,0,3,14.5338,6626.63
640,4,0,3,14.5257,6587.72
649,4,0,3,14.5164,6545.19
646,4,0,3,14.5086,6508.67
691,4,0,3,14.5027,6479.77
689,4,0,3,14.4806,6375.77
979,4,0,3,14.4721,6336.17
980,4,0,3,14.4662,6307.77
978,4,0,3,14.4627,6289.58
1010,4,0,3,14.4479,6212.81
1016,4,0,3,14.4282,6121.35
110,4,0,4,14.9984,8998.94,0,0,0
111,4,0,4,14.996,8983.06
1968,4,0,4,14.9866,8918.38
114,4,0,4,14.981,8883.65
1719,4,0,4,14.9431,8678.61
1720,4,0,4,14.928,8596.14
1718,4,0,4,14.9222,8563.59
129,4,0,4,14.897,8424.52
134,4,0,4,14.891,8391.56
133,4,0,4,14.8786,8325.03
138,4,0,4,14.8577,8220.45
184,4,0,4,14.8414,8131.91
440,4,0,4,14.8256,8044.29
451,4,0,4,14.809,7958.09
1716,4,0,4,14.8066,7941.67
462,4,0,4,14.7975,7894.59
1990,4,0,4,14.7904,7841.9
463,4,0,4,14.7717,7745.38
474,4,0,4,14.7564,7666.14
2140,4,0,4,14.7473,7624.8
2141,4,0,4,14.7395,7581.6
473,4,0,4,14.7392,7580.32
502,4,0,4,14.7302,7536.42
501,4,0,4,14.7247,7509.74
410,4,1,0,11.8322,1462.66,0.0726667,316.95,0.06,1
398,4,1,0,11.8319,1461.45
397,4,1,0,11.8193,1392.89
390,4,1,0,11.7998,1291.33
382,4,1,0,11.7825,1199.86
376,4,1,0,11.7645,1103.09
369,4,1,0,11.745,998.232
360,4,1,0,11.7227,878.986
361,4,1,0,11.7101,809.873
128,4,1,0,11.6496,481.115
126,4,1,0,11.6423,442.296
125,4,1,0,11.636,408.059
118,4,1,0,11.6031,231.019
1968,4,1,0,11.5753,81.9493
110,4,1,0,11.56,0
110,4,1,1,12.1897,3360.63,0,0,0
1968,4,1,1,12.1746,3279.59
1969,4,1,1,12.1623,3203.08
115,4,1,1,12.1598,3188.51
2113,4,1,1,12.155,3162.69
2133,4,1,1,12.0341,2480.93
366,4,1,1,12.0304,2454.3
2134,4,1,1,12.0188,2390.2
2136,4,1,1,12.0063,2322.55
393,4,1,1,11.9736,2155.53
392,4,1,1,11.9556,2054.99
400,4,1,1,11.9353,1948.22
411,4,1,1,11.921,1874.15
412,4,1,1,11.9185,1855.14
398,4,1,1,11.9051,1780.81
410,4,1,1,11.9048,1779.61
410,5,0,0,13.4143,1471.19,0.074,322.766,0.11,1
398,5,0,0,13.414,1469.98
397,5,0,0,13.4032,1408.71
390,5,0,0,13.3833,1305.9
382,5,0,0,13.3669,1218.33
376,5,0,0,13.3499,1125.74
369,5,0,0,13.3301,1019.33
360,5,0,0,13.3091,906.015
361,5,0,0,13.2946,828.632
128,5,0,0,13.2395,523.193
126,5,0,0,13.231,479.066
125,5,0,0,13.2218,432.83
118,5,0,0,13.187,247.521
1968,5,0,0,13.1548,79.7523
110,5,0,0,13.14,0
1016,5,0,1,13.7027,2978.6,0.0561667,244.982,0.25,2
1010,5,0,1,13.6936,2930.95
2026,5,0,1,13.6662,2797.16
2027,5,0,1,13.6611,2771.32
1998,5,0,1,13.6507,2718.62
1997,5,0,1,13.6421,2675.01
1996,5,0,1,13.6362,2646.71
1995,5,0,1,13.628,2608.39
1993,5,0,1,13.6189,2564.72
1994,5,0,1,13.6146,2543.23
562,5,0,1,13.6051,2494.18
563,5,0,1,13.6014,2475.26
564,5,0,1,13.5957,2444.42
557,5,0,1,13.5898,2411.34
561,5,0,1,13.5831,2364.8
628,5,0,1,13.5788,2339.43
609,5,0,1,13.5666,2263.63
423,5,0,1,13.5607,2207.31
419,5,0,1,13.5554,2172.47
418,5,0,1,13.5371,2074.91
2139,5,0,1,13.5338,2055.44
2138,5,0,1,13.5174,1962.7
411,5,0,1,13.5051,1893.38
412,5,0,1,13.503,1873.87
398,5,0,1,13.4886,1795.16
410,5,0,1,13.4883,1793.95
1402,5,0,2,14.0235,4590.97,0.0816667,356.205,0.16,3
1390,5,0,2,14.0144,4540.91
1382,5,0,2,13.9889,4410.86
1362,5,0,2,13.9683,4300.86
1361,5,0,2,13.9641,4277.69
1354,5,0,2,13.9641,4277.5
1355,5,0,2,13.9576,4243
2076,5,0,2,13.9558,4233.89
1356,5,0,2,13.9482,4194.54
1357,5,0,2,13.9474,4190.82
1349,5,0,2,13.9347,4125.87
1348,5,0,2,13.9341,4122.44
1340,5,0,2,13.9336,4119.9
1339,5,0,2,13.928,4091.16
1330,5,0,2,13.9073,3982.42
1161,5,0,2,13.8979,3934.51
1162,5,0,2,13.8879,3881.51
1136,5,0,2,13.8692,3783.31
1138,5,0,2,13.8625,3748.95
1137,5,0,2,13.8566,3717.85
1123,5,0,2,13.8429,3651.7
1775,5,0,2,13.8343,3607.71
1102,5,0,2,13.8186,3528.52
1100,5,0,2,13.8044,3459.13
1101,5,0,2,13.7934,3402.48
1082,5,0,2,13.785,3360.52
1079,5,0,2,13.7759,3313.5
1061,5,0,2,13.7716,3292.21
1063,5,0,2,13.7684,3275.37
1062,5,0,2,13.7674,3268.33
2159,5,0,2,13.7672,3267.35
1045,5,0,2,13.7665,3264.2
1043,5,0,2,13.7632,3247.52
2029,5,0,2,13.7631,3247.1
1016,5,0,2,13.7588,3223.58
501,5,0,3,14.5255,7106.11,0.107,466.702,0.18,4
1747,5,0,3,14.5195,7076.89
1746,5,0,3,14.4909,6934.48
540,5,0,3,14.4739,6848.54
541,5,0,3,14.4614,6786.03
572,5,0,3,14.4509,6732.79
567,5,0,3,14.4408,6679.38
565,5,0,3,14.4386,6665.89
562,5,0,3,14.4319,6631.38
639,5,0,3,14.4285,6613.94
638,5,0,3,14.4228,6584.27
637,5,0,3,14.4178,6559.24
685,5,0,3,14.4068,6505.46
687,5,0,3,14.4016,6479.43
971,5,0,3,14.3869,6410.53
972,5,0,3,14.3796,6374.32
973,5,0,3,14.3649,6305.19
1008,5,0,3,14.3552,6257.09
1009,5,0,3,14.343,6195.51
1041,5,0,3,14.3429,6194.82
1059,5,0,3,14.334,6149.99
1058,5,0,3,14.329,6124.74
1075,5,0,3,14.3115,6034.67
1072,5,0,3,14.3015,5983.22
1071,5,0,3,14.2913,5932.75
1090,5,0,3,14.2852,5895.53
1089,5,0,3,14.2791,5862.2
1119,5,0,3,14.2705,5816.31
1118,5,0,3,14.2643,5782.73
2044,5,0,3,14.2491,5703.16
2169,5,0,3,14.2411,5662.14
2171,5,0,3,14.2364,5637.99
1549,5,0,3,14.2287,5597.84
1147,5,0,3,14.2212,5559.46
1327,5,0,3,14.1928,5411.48
1343,5,0,3,14.1922,5408.75
1355,5,0,3,14.1655,5269.33
1364,5,0,3,14.1654,5269.12
1362,5,0,3,14.1556,5217.14
1382,5,0,3,14.1356,5109.31
1390,5,0,3,14.1141,4996.14
1402,5,0,3,14.1052,4947.17
110,5,0,4,14.9062,9062.01,0,0,0
111,5,0,4,14.9038,9046.13
1968,5,0,4,14.8944,8981.46
114,5,0,4,14.8888,8946.72
1719,5,0,4,14.8508,8741.69
1720,5,0,4,14.8358,8659.22
1718,5,0,4,14.83,8626.67
129,5,0,4,14.8048,8487.6
134,5,0,4,14.7988,8454.63
133,5,0,4,14.7864,8388.1
138,5,0,4,14.7655,8283.52
184,5,0,4,14.7492,8194.98
440,5,0,4,14.7333,8107.36
451,5,0,4,14.7168,8021.16
1716,5,0,4,14.7144,8004.74
462,5,0,4,14.7052,7957.67
1990,5,0,4,14.6982,7904.97
463,5,0,4,14.6795,7808.45
474,5,0,4,14.6641,7729.21
2140,5,0,4,14.6551,7687.88
2141,5,0,4,14.6473,7644.68
473,5,0,4,14.647,7643.39
502,5,0,4,14.638,7599.49
501,5,0,4,14.6325,7572.81
710,5,1,0,11.7484,1682.36,0.0443333,193.369,0.36,1
1543,5,1,0,11.7233,1546.36
459,5,1,0,11.7134,1483.42
458,5,1,0,11.7064,1437.75
456,5,1,0,11.6972,1376.86
457,5,1,0,11.6918,1346.64
454,5,1,0,11.6842,1292.68
455,5,1,0,11.6818,1278.37
453,5,1,0,11.6726,1212.8
446,5,1,0,11.664,1164.09
442,5,1,0,11.6558,1120.37
1857,5,1,0,11.6474,1076.3
441,5,1,0,11.6425,1051.98
185,5,1,0,11.6315,993.794
177,5,1,0,11.6189,927.553
184,5,1,0,11.5985,816.223
138,5,1,0,11.5828,730.3
133,5,1,0,11.5685,653.53
134,5,1,0,11.5609,601.574
129,5,1,0,11.5533,561.93
1718,5,1,0,11.5269,417.674
1719,5,1,0,11.5102,325.295
114,5,1,0,11.4723,120.486
1968,5,1,0,11.4653,81.9493
110,5,1,0,11.45,0
110,5,1,1,12.0992,3629.63,0,0,0
1968,5,1,1,12.0841,3548.6
114,5,1,1,12.0789,3514.27
1719,5,1,1,12.0359,3287.66
1718,5,1,1,12.0205,3200.61
129,5,1,1,11.996,3064.75
134,5,1,1,11.9896,3030.36
133,5,1,1,11.9768,2962.15
138,5,1,1,11.956,2857.57
184,5,1,1,11.9367,2756.61
440,5,1,1,11.9201,2665.42
451,5,1,1,11.9013,2569.71
1716,5,1,1,11.8989,2553.28
462,5,1,1,11.8885,2500.86
1990,5,1,1,11.8806,2447.83
452,5,1,1,11.8756,2415.39
453,5,1,1,11.8643,2328.21
455,5,1,1,11.8519,2258.28
454,5,1,1,11.849,2242.66
457,5,1,1,11.8423,2188.7
456,5,1,1,11.8372,2159.26
458,5,1,1,11.8277,2098.11
459,5,1,1,11.8218,2053.01
1543,5,1,1,11.8125,1990.78
710,5,1,1,11.7928,1875.73
410,6,0,0,13.4143,1471.19,0.074,322.766,0.11,1
398,6,0,0,13.414,1469.98
397,6,0,0,13.4032,1408.71
390,6,0,0,13.3833,1305.9
382,6,0,0,13.3669,1218.33
376,6,0,0,13.3499,1125.74
369,6,0,0,13.3301,1019.33
360,6,0,0,13.3091,906.015
361,6,0,0,13.2946,828.632
128,6,0,0,13.2395,523.193
126,6,0,0,13.231,479.066
125,6,0,0,13.2218,432.83
118,6,0,0,13.187,247.521
1968,6,0,0,13.1548,79.7523
110,6,0,0,13.14,0
1402,6,0,1,13.9149,4038.37,0.1085,473.244,0.18,2
1390,6,0,1,13.9057,3988.31
1389,6,0,1,13.8795,3847.36
1388,6,0,1,13.8594,3752.17
1323,6,0,1,13.8587,3748.39
2072,6,0,1,13.8345,3630.82
1317,6,0,1,13.8147,3524.14
2071,6,0,1,13.804,3460.08
2165,6,0,1,13.7817,3342.68
1314,6,0,1,13.7649,3253.68
2163,6,0,1,13.7502,3173.84
2023,6,0,1,13.7218,3022.47
1787,6,0,1,13.7137,2981.18
1788,6,0,1,13.7129,2977.48
943,6,0,1,13.697,2896.83
934,6,0,1,13.6882,2848.99
933,6,0,1,13.6779,2795.06
936,6,0,1,13.6773,2792.12
1737,6,0,1,13.6658,2728.89
917,6,0,1,13.649,2645.65
916,6,0,1,13.6489,2644.75
906,6,0,1,13.623,2511.66
889,6,0,1,13.6108,2449.74
890,6,0,1,13.6013,2401.78
2013,6,0,1,13.5783,2283.62
1988,6,0,1,13.5593,2183.84
416,6,0,1,13.5378,2077.27
2139,6,0,1,13.5338,2055.44
2138,6,0,1,13.5174,1962.7
411,6,0,1,13.5051,1893.38
412,6,0,1,13.503,1873.87
398,6,0,1,13.4886,1795.16
410,6,0,1,13.4883,1793.95
1016,6,0,2,14.2814,5864.63,0.0881667,384.556,0.22,3
2029,6,0,2,14.277,5840.88
1043,6,0,2,14.277,5840.46
2158,6,0,2,14.2701,5805.68
2030,6,0,2,14.2662,5785.85
1041,6,0,2,14.261,5759.26
1059,6,0,2,14.2522,5714.43
1058,6,0,2,14.2472,5689.18
1075,6,0,2,14.2297,5599.11
1072,6,0,2,14.2196,5547.66
1071,6,0,2,14.2095,5497.19
1090,6,0,2,14.2034,5459.97
1089,6,0,2,14.1973,5426.64
1119,6,0,2,14.1887,5380.76
1118,6,0,2,14.1825,5347.17
2044,6,0,2,14.1673,5267.61
2169,6,0,2,14.1593,5226.59
2171,6,0,2,14.1546,5202.43
1549,6,0,2,14.1468,5162.28
1147,6,0,2,14.1394,5123.9
1327,6,0,2,14.111,4975.93
1343,6,0,2,14.1104,4973.19
1355,6,0,2,14.0836,4833.77
1364,6,0,2,14.0836,4833.56
1362,6,0,2,14.0738,4781.58
1382,6,0,2,14.0537,4673.75
1390,6,0,2,14.0322,4560.58
1402,6,0,2,14.0234,4511.62
501,6,0,3,14.5591,7170.87,0.107,466.702,0.18,4
1747,6,0,3,14.5494,7126.57
1746,6,0,3,14.5215,6987.23
1745,6,0,3,14.5084,6923.94
1844,6,0,3,14.4905,6834.69
575,6,0,3,14.4881,6819.18
571,6,0,3,14.4852,6803.06
570,6,0,3,14.4804,6779.79
569,6,0,3,14.4753,6754.47
640,6,0,3,14.4671,6715.56
649,6,0,3,14.4578,6673.02
646,6,0,3,14.45,6636.51
691,6,0,3,14.4441,6607.6
689,6,0,3,14.422,6503.61
979,6,0,3,14.4135,6464.01
980,6,0,3,14.4077,6435.6
978,6,0,3,14.4041,6417.41
1010,6,0,3,14.3893,6340.65
1016,6,0,3,14.3696,6249.19
110,6,0,4,14.9398,9126.78,0,0,0
111,6,0,4,14.9375,9110.9
1968,6,0,4,14.928,9046.21
114,6,0,4,14.9225,9011.48
1719,6,0,4,14.8845,8806.45
1720,6,0,4,14.8694,8723.98
1718,6,0,4,14.8636,8691.43
129,6,0,4,14.8384,8552.36
134,6,0,4,14.8324,8519.39
133,6,0,4,14.82,8452.87
138,6,0,4,14.7991,8348.28
184,6,0,4,14.7828,8259.74
440,6,0,4,14.767,8172.12
451,6,0,4,14.7504,8085.93
1716,6,0,4,14.748,8069.5
462,6,0,4,14.7389,8022.43
1990,6,0,4,14.7318,7969.73
463,6,0,4,14.7131,7873.21
474,6,0,4,14.6978,7793.97
2140,6,0,4,14.6887,7752.64
2141,6,0,4,14.6809,7709.44
473,6,0,4,14.6807,7708.15
502,6,0,4,14.6716,7664.25
501,6,0,4,14.6661,7637.58
710,6,1,0,11.7484,1682.36,0.0443333,193.369,0.36,1
1543,6,1,0,11.7233,1546.36
459,6,1,0,11.7134,1483.42
458,6,1,0,11.7064,1437.75
456,6,1,0,11.6972,1376.86
457,6,1,0,11.6918,1346.64
454,6,1,0,11.6842,1292.68
455,6,1,0,11.6818,1278.37
453,6,1,0,11.6726,1212.8
446,6,1,0,11.664,1164.09
442,6,1,0,11.6558,1120.37
1857,6,1,0,11.6474,1076.3
441,6,1,0,11.6425,1051.98
185,6,1,0,11.6315,993.794
177,6,1,0,11.6189,927.553
184,6,1,0,11.5985,816.223
138,6,1,0,11.5828,730.3
133,6,1,0,11.5685,653.53
134,6,1,0,11.5609,601.574
129,6,1,0,11.5533,561.93
1718,6,1,0,11.5269,417.674
1719,6,1,0,11.5102,325.295
114,6,1,0,11.4723,120.486
1968,6,1,0,11.4653,81.9493
110,6,1,0,11.45,0
110,6,1,1,12.0992,3629.63,0,0,0
1968,6,1,1,12.0841,3548.6
114,6,1,1,12.0789,3514.27
1719,6,1,1,12.0359,3287.66
1718,6,1,1,12.0205,3200.61
129,6,1,1,11.996,3064.75
134,6,1,1,11.9896,3030.36
133,6,1,1,11.9768,2962.15
138,6,1,1,11.956,2857.57
184,6,1,1,11.9367,2756.61
440,6,1,1,11.9201,2665.42
451,6,1,1,11.9013,2569.71
1716,6,1,1,11.8989,2553.28
462,6,1,1,11.8885,2500.86
1990,6,1,1,11.8806,2447.83
452,6,1,1,11.8756,2415.39
453,6,1,1,11.8643,2328.21
455,6,1,1,11.8519,2258.28
454,6,1,1,11.849,2242.66
457,6,1,1,11.8423,2188.7
456,6,1,1,11.8372,2159.26
458,6,1,1,11.8277,2098.11
459,6,1,1,11.8218,2053.01
1543,6,1,1,11.8125,1990.78
710,6,1,1,11.7928,1875.73
501,7,0,0,13.5696,1510.92,0.0531667,231.897,0.2,1
502,7,0,0,13.5644,1485.38
473,7,0,0,13.5565,1446.3
2141,7,0,0,13.5563,1445.32
1750,7,0,0,13.552,1424.02
477,7,0,0,13.5475,1400.71
453,7,0,0,13.5185,1243.21
446,7,0,0,13.5102,1195.77
442,7,0,0,13.4985,1137.28
1857,7,0,0,13.4897,1091.26
441,7,0,0,13.4836,1062.09
185,7,0,0,13.4726,1004.16
177,7,0,0,13.4603,938.786
184,7,0,0,13.4403,829.279
138,7,0,0,13.4236,739.414
133,7,0,0,13.4097,664.29
134,7,0,0,13.4021,612.333
129,7,0,0,13.395,574.749
1718,7,0,0,13.3691,432.78
1720,7,0,0,13.362,394.625
1719,7,0,0,13.3493,321.152
114,7,0,0,13.3116,117.424
1968,7,0,0,13.3048,79.7523
110,7,0,0,13.29,0
1016,7,0,1,13.7872,2559.29,0.0561667,244.982,0.25,2
1010,7,0,1,13.7782,2511.64
2026,7,0,1,13.7508,2377.86
2027,7,0,1,13.7457,2352.02
1998,7,0,1,13.7353,2299.32
1997,7,0,1,13.7267,2255.7
1996,7,0,1,13.7208,2227.41
1995,7,0,1,13.7126,2189.09
1993,7,0,1,13.7035,2145.41
1994,7,0,1,13.6992,2123.93
572,7,0,1,13.6922,2085.28
541,7,0,1,13.68,2024.92
540,7,0,1,13.6696,1971.28
1754,7,0,1,13.6612,1927.61
518,7,0,1,13.6533,1887.64
500,7,0,1,13.6483,1861.85
501,7,0,1,13.6228,1742.82
1402,7,0,2,14.1081,4171.66,0.0816667,356.205,0.16,3
1390,7,0,2,14.099,4121.61
1382,7,0,2,14.0734,3991.55
1362,7,0,2,14.0529,3881.56
1361,7,0,2,14.0487,3858.38
1354,7,0,2,14.0487,3858.19
1355,7,0,2,14.0422,3823.7
2076,7,0,2,14.0404,3814.59
1356,7,0,2,14.0328,3775.24
1357,7,0,2,14.032,3771.52
1349,7,0,2,14.0193,3706.57
1348,7,0,2,14.0187,3703.13
1340,7,0,2,14.0182,3700.59
1339,7,0,2,14.0126,3671.86
1330,7,0,2,13.9918,3563.11
1161,7,0,2,13.9825,3515.2
1162,7,0,2,13.9725,3462.21
1136,7,0,2,13.9538,3364.01
1138,7,0,2,13.9471,3329.65
1137,7,0,2,13.9412,3298.54
1123,7,0,2,13.9275,3232.39
1775,7,0,2,13.9189,3188.4
1102,7,0,2,13.9032,3109.22
1100,7,0,2,13.889,3039.82
1101,7,0,2,13.878,2983.18
1082,7,0,2,13.8696,2941.21
1079,7,0,2,13.8605,2894.19
1061,7,0,2,13.8562,2872.91
1063,7,0,2,13.853,2856.07
1062,7,0,2,13.852,2849.03
2159,7,0,2,13.8518,2848.04
1045,7,0,2,13.8511,2844.89
1043,7,0,2,13.8478,2828.21
2029,7,0,2,13.8477,2827.8
1016,7,0,2,13.8434,2804.27
110,7,0,3,14.8246,7948.32,0,0,0
1968,7,0,3,14.807,7856.71
1969,7,0,3,14.7945,7779.85
115,7,0,3,14.792,7765.39
2113,7,0,3,14.7865,7736.2
2133,7,0,3,14.6528,6998.83
366,7,0,3,14.6488,6972.03
2134,7,0,3,14.6396,6914.26
2136,7,0,3,14.6288,6854.11
393,7,0,3,14.5988,6698.35
401,7,0,3,14.5861,6628.9
1739,7,0,3,14.5762,6575.04
1742,7,0,3,14.5697,6540.56
1741,7,0,3,14.5633,6506.07
418,7,0,3,14.5558,6466.55
417,7,0,3,14.553,6450.86
1989,7,0,3,14.535,6358.28
2011,7,0,3,14.5149,6255.21
2156,7,0,3,14.5094,6226.77
2013,7,0,3,14.5087,6223.62
886,7,0,3,14.4977,6169
888,7,0,3,14.4809,6075.87
903,7,0,3,14.4698,6017.61
904,7,0,3,14.4663,5998.75
925,7,0,3,14.4462,5885.54
2019,7,0,3,14.4405,5857.25
929,7,0,3,14.4401,5855.27
938,7,0,3,14.4285,5791
950,7,0,3,14.4136,5714.34
951,7,0,3,14.4027,5662.71
949,7,0,3,14.3904,5600.46
1302,7,0,3,14.3654,5468.03
1307,7,0,3,14.3517,5390.6
1308,7,0,3,14.3405,5331.03
1309,7,0,3,14.3222,5237.67
1314,7,0,3,14.3216,5234.8
2165,7,0,3,14.3061,5151.36
2071,7,0,3,14.2853,5040.21
1317,7,0,3,14.2733,4972.8
2072,7,0,3,14.2543,4870.1
1323,7,0,3,14.2383,4786.41
1388,7,0,3,14.2376,4782.63
1389,7,0,3,14.2289,4734.73
1390,7,0,3,14.1986,4576.84
1402,7,0,3,14.1898,4527.87
410,7,1,0,11.6422,1462.66,0.0726667,316.95,0.06,1
398,7,1,0,11.6419,1461.45
397,7,1,0,11.6293,1392.89
390,7,1,0,11.6098,1291.33
382,7,1,0,11.5925,1199.86
376,7,1,0,11.5745,1103.09
369,7,1,0,11.555,998.232
360,7,1,0,11.5327,878.986
361,7,1,0,11.5201,809.873
128,7,1,0,11.4596,481.115
126,7,1,0,11.4523,442.296
125,7,1,0,11.446,408.059
118,7,1,0,11.4131,231.019
1968,7,1,0,11.3853,81.9493
110,7,1,0,11.37,0
710,7,1,1,11.9346,3117.52,0.0443333,193.369,0.36,2
1543,7,1,1,11.9131,2997.25
715,7,1,1,11.9083,2952.99
714,7,1,1,11.9044,2928.98
726,7,1,1,11.9042,2927.1
529,7,1,1,11.8905,2827.61
605,7,1,1,11.8757,2731
603,7,1,1,11.8706,2703.02
604,7,1,1,11.8663,2679.88
596,7,1,1,11.8662,2678.91
580,7,1,1,11.8578,2620.63
574,7,1,1,11.8405,2527.39
573,7,1,1,11.8305,2471.49
564,7,1,1,11.8228,2430.34
557,7,1,1,11.8167,2396.35
561,7,1,1,11.81,2349.83
628,7,1,1,11.8055,2324.18
609,7,1,1,11.7928,2247.52
423,7,1,1,11.7869,2191.2
419,7,1,1,11.7822,2156.76
418,7,1,1,11.7669,2071.84
2139,7,1,1,11.763,2050.41
2138,7,1,1,11.7446,1948.97
411,7,1,1,11.731,1874.15
412,7,1,1,11.7285,1855.14
398,7,1,1,11.7151,1780.81
410,7,1,1,11.7148,1779.61
110,7,1,2,12.2854,5064.79,0,0,0
1968,7,1,2,12.2703,4983.75
114,7,1,2,12.2651,4949.43
1719,7,1,2,12.2221,4722.82
1718,7,1,2,12.2066,4635.77
129,7,1,2,12.1822,4499.9
134,7,1,2,12.1758,4465.51
133,7,1,2,12.163,4397.31
138,7,1,2,12.1421,4292.72
184,7,1,2,12.1229,4191.76
440,7,1,2,12.1062,4100.57
451,7,1,2,12.0874,4004.86
1716,7,1,2,12.085,3988.43
462,7,1,2,12.0746,3936.01
1990,7,1,2,12.0668,3882.98
452,7,1,2,12.0618,3850.54
453,7,1,2,12.0504,3763.36
455,7,1,2,12.038,3693.43
454,7,1,2,12.0352,3677.82
457,7,1,2,12.0285,3623.85
456,7,1,2,12.0233,3594.41
458,7,1,2,12.0139,3533.26
459,7,1,2,12.0079,3488.16
1543,7,1,2,11.9986,3425.93
710,7,1,2,11.9789,3310.88
501,8,0,0,13.5696,1510.92,0.0531667,231.897,0.2,1
502,8,0,0,13.5644,1485.38
473,8,0,0,13.5565,1446.3
2141,8,0,0,13.5563,1445.32
1750,8,0,0,13.552,1424.02
477,8,0,0,13.5475,1400.71
453,8,0,0,13.5185,1243.21
446,8,0,0,13.5102,1195.77
442,8,0,0,13.4985,1137.28
1857,8,0,0,13.4897,1091.26
441,8,0,0,13.4836,1062.09
185,8,0,0,13.4726,1004.16
177,8,0,0,13.4603,938.786
184,8,0,0,13.4403,829.279
138,8,0,0,13.4236,739.414
133,8,0,0,13.4097,664.29
134,8,0,0,13.4021,612.333
129,8,0,0,13.395,574.749
1718,8,0,0,13.3691,432.78
1720,8,0,0,13.362,394.625
1719,8,0,0,13.3493,321.152
114,8,0,0,13.3116,117.424
1968,8,0,0,13.3048,79.7523
110,8,0,0,13.29,0
1402,8,0,1,14.0538,3925.73,0.0816667,356.205,0.16,2
1390,8,0,1,14.0446,3875.67
1382,8,0,1,14.0144,3725.93
1362,8,0,1,13.9917,3606.92
1361,8,0,1,13.9867,3579.93
1354,8,0,1,13.9866,3579.74
1355,8,0,1,13.9741,3520.08
2076,8,0,1,13.9723,3510.96
1356,8,0,1,13.9639,3468.25
1357,8,0,1,13.9631,3464.53
1349,8,0,1,13.9496,3396.36
1348,8,0,1,13.949,3393.03
1340,8,0,1,13.9485,3390.49
1339,8,0,1,13.9432,3362.77
1329,8,0,1,13.9322,3304.43
1158,8,0,1,13.9172,3228.1
2048,8,0,1,13.8971,3122.06
1131,8,0,1,13.8915,3093.19
1130,8,0,1,13.8857,3064.26
1129,8,0,1,13.8705,2990.07
1121,8,0,1,13.8545,2904.14
1120,8,0,1,13.8505,2882.96
1094,8,0,1,13.8456,2857.02
1091,8,0,1,13.8355,2806.29
1092,8,0,1,13.8303,2780.39
1074,8,0,1,13.8245,2749.97
1073,8,0,1,13.8161,2705.29
1057,8,0,1,13.7963,2606.3
1042,8,0,1,13.791,2579.4
2030,8,0,1,13.7838,2541.56
1011,8,0,1,13.7835,2540.11
1547,8,0,1,13.7661,2457.47
1546,8,0,1,13.7607,2430.1
975,8,0,1,13.7573,2412.13
2026,8,0,1,13.7508,2377.86
2027,8,0,1,13.7457,2352.02
1998,8,0,1,13.7353,2299.32
1997,8,0,1,13.7267,2255.7
1996,8,0,1,13.7208,2227.41
1995,8,0,1,13.7126,2189.09
1993,8,0,1,13.7035,2145.41
1994,8,0,1,13.6992,2123.93
572,8,0,1,13.6922,2085.28
541,8,0,1,13.68,2024.92
540,8,0,1,13.6696,1971.28
1754,8,0,1,13.6612,1927.61
518,8,0,1,13.6533,1887.64
500,8,0,1,13.6483,1861.85
501,8,0,1,13.6228,1742.82
1016,8,0,2,14.3935,5634.95,0.0881667,384.556,0.22,3
2029,8,0,2,14.3891,5611.2
1043,8,0,2,14.389,5610.79
2158,8,0,2,14.3822,5576.01
2030,8,0,2,14.3783,5556.17
1041,8,0,2,14.3731,5529.59
1059,8,0,2,14.3643,5484.75
1058,8,0,2,14.3593,5459.5
1075,8,0,2,14.3417,5369.43
1072,8,0,2,14.3317,5317.99
1071,8,0,2,14.3215,5267.51
1090,8,0,2,14.3155,5230.29
1089,8,0,2,14.3094,5196.97
1119,8,0,2,14.3008,5151.08
1118,8,0,2,14.2946,5117.49
2044,8,0,2,14.2794,5037.93
2169,8,0,2,14.2714,4996.91
2171,8,0,2,14.2667,4972.76
1549,8,0,2,14.2589,4932.61
1147,8,0,2,14.2515,4894.22
1327,8,0,2,14.2231,4746.25
1343,8,0,2,14.2225,4743.51
1355,8,0,2,14.1957,4604.1
1364,8,0,2,14.1957,4603.89
1362,8,0,2,14.1859,4551.9
1382,8,0,2,14.1658,4444.08
1390,8,0,2,14.1443,4330.9
1402,8,0,2,14.1354,4281.94
110,8,0,3,14.9011,8225.21,0,0,0
111,8,0,3,14.8987,8209.33
1968,8,0,3,14.8893,8144.65
114,8,0,3,14.8837,8109.92
1719,8,0,3,14.8475,7912.3
1718,8,0,3,14.8276,7805.99
129,8,0,3,14.8036,7672.2
134,8,0,3,14.7979,7640.78
133,8,0,3,14.7872,7581.41
138,8,0,3,14.7663,7476.83
184,8,0,3,14.7497,7387.22
440,8,0,3,14.7293,7280
451,8,0,3,14.7128,7193.81
1716,8,0,3,14.7104,7177.38
462,8,0,3,14.7012,7130.31
1990,8,0,3,14.6942,7077.61
463,8,0,3,14.6755,6981.09
474,8,0,3,14.6601,6901.85
2140,8,0,3,14.6511,6860.52
475,8,0,3,14.6461,6836.29
499,8,0,3,14.6384,6796.7
500,8,0,3,14.6338,6773.29
518,8,0,3,14.6292,6749.19
1754,8,0,3,14.6255,6724.26
540,8,0,3,14.6173,6681.79
541,8,0,3,14.6055,6621.97
572,8,0,3,14.5959,6572.3
1994,8,0,3,14.5832,6509.9
1993,8,0,3,14.579,6488.41
1995,8,0,3,14.5663,6430.66
1996,8,0,3,14.5604,6401.48
1997,8,0,3,14.5565,6381.58
2027,8,0,3,14.5293,6251.36
2026,8,0,3,14.5235,6222.88
978,8,0,3,14.5162,6187.74
1010,8,0,3,14.5014,6110.97
1016,8,0,3,14.4816,6019.51
410,8,1,0,11.6422,1462.66,0.0726667,316.95,0.06,1
398,8,1,0,11.6419,1461.45
397,8,1,0,11.6293,1392.89
390,8,1,0,11.6098,1291.33
382,8,1,0,11.5925,1199.86
376,8,1,0,11.5745,1103.09
369,8,1,0,11.555,998.232
360,8,1,0,11.5327,878.986
361,8,1,0,11.5201,809.873
128,8,1,0,11.4596,481.115
126,8,1,0,11.4523,442.296
125,8,1,0,11.446,408.059
118,8,1,0,11.4131,231.019
1968,8,1,0,11.3853,81.9493
110,8,1,0,11.37,0
710,8,1,1,11.9346,3117.52,0.0443333,193.369,0.36,2
1543,8,1,1,11.9131,2997.25
715,8,1,1,11.9083,2952.99
714,8,1,1,11.9044,2928.98
726,8,1,1,11.9042,2927.1
529,8,1,1,11.8905,2827.61
605,8,1,1,11.8757,2731
603,8,1,1,11.8706,2703.02
604,8,1,1,11.8663,2679.88
596,8,1,1,11.8662,2678.91
580,8,1,1,11.8578,2620.63
574,8,1,1,11.8405,2527.39
573,8,1,1,11.8305,2471.49
564,8,1,1,11.8228,2430.34
557,8,1,1,11.8167,2396.35
561,8,1,1,11.81,2349.83
628,8,1,1,11.8055,2324.18
609,8,1,1,11.7928,2247.52
423,8,1,1,11.7869,2191.2
419,8,1,1,11.7822,2156.76
418,8,1,1,11.7669,2071.84
2139,8,1,1,11.763,2050.41
2138,8,1,1,11.7446,1948.97
411,8,1,1,11.731,1874.15
412,8,1,1,11.7285,1855.14
398,8,1,1,11.7151,1780.81
410,8,1,1,11.7148,1779.61
110,8,1,2,12.2854,5064.79,0,0,0
1968,8,1,2,12.2703,4983.75
114,8,1,2,12.2651,4949.43
1719,8,1,2,12.2221,4722.82
1718,8,1,2,12.2066,4635.77
129,8,1,2,12.1822,4499.9
134,8,1,2,12.1758,4465.51
133,8,1,2,12.163,4397.31
138,8,1,2,12.1421,4292.72
184,8,1,2,12.1229,4191.76
440,8,1,2,12.1062,4100.57
451,8,1,2,12.0874,4004.86
1716,8,1,2,12.085,3988.43
462,8,1,2,12.0746,3936.01
1990,8,1,2,12.0668,3882.98
452,8,1,2,12.0618,3850.54
453,8,1,2,12.0504,3763.36
455,8,1,2,12.038,3693.43
454,8,1,2,12.0352,3677.82
457,8,1,2,12.0285,3623.85
456,8,1,2,12.0233,3594.41
458,8,1,2,12.0139,3533.26
459,8,1,2,12.0079,3488.16
1543,8,1,2,11.9986,3425.93
710,8,1,2,11.9789,3310.88
1402,9,0,0,14.0934,3372.79,0.0816667,356.205,0.16,1
1390,9,0,0,14.0841,3321.76
1389,9,0,0,14.0555,3170.7
1388,9,0,0,14.0467,3122.71
1370,9,0,0,14.0098,2928.06
1359,9,0,0,14.0089,2923.6
2071,9,0,0,13.9923,2830.9
2165,9,0,0,13.9704,2715.19
1314,9,0,0,13.9531,2623.77
2163,9,0,0,13.9383,2543.94
2023,9,0,0,13.9117,2399.84
1787,9,0,0,13.9036,2358.52
2020,9,0,0,13.8847,2264.44
935,9,0,0,13.8749,2212.99
934,9,0,0,13.8744,2210.39
933,9,0,0,13.8627,2150.9
936,9,0,0,13.8622,2147.96
1737,9,0,0,13.8507,2085.09
917,9,0,0,13.8375,2016.59
916,9,0,0,13.8373,2015.68
906,9,0,0,13.8135,1891.34
889,9,0,0,13.8022,1832.97
890,9,0,0,13.7955,1797.06
2013,9,0,0,13.776,1693.84
1988,9,0,0,13.7584,1599.98
417,9,0,0,13.7379,1495.37
418,9,0,0,13.7339,1474.43
1741,9,0,0,13.7282,1442.44
1740,9,0,0,13.7244,1421.91
1739,9,0,0,13.7197,1395.5
401,9,0,0,13.7091,1338.14
393,9,0,0,13.6959,1266.67
2136,9,0,0,13.6731,1141.76
2134,9,0,0,13.6618,1079.42
360,9,0,0,13.6291,906.015
361,9,0,0,13.6146,828.632
128,9,0,0,13.5595,523.193
126,9,0,0,13.551,479.066
125,9,0,0,13.5418,432.83
118,9,0,0,13.507,247.521
1968,9,0,0,13.4748,79.7523
110,9,0,0,13.46,0
1016,9,0,1,14.4332,5082,0.0881667,384.556,0.22,2
2029,9,0,1,14.4288,5058.25
1043,9,0,1,14.4287,5057.84
2158,9,0,1,14.4219,5023.06
2030,9,0,1,14.4179,5003.22
1041,9,0,1,14.4128,4976.64
1059,9,0,1,14.4039,4931.8
1058,9,0,1,14.3989,4906.55
1075,9,0,1,14.3814,4816.48
1072,9,0,1,14.3714,4765.04
1071,9,0,1,14.3612,4714.56
1090,9,0,1,14.3551,4677.34
1089,9,0,1,14.349,4644.02
1119,9,0,1,14.3404,4598.13
1118,9,0,1,14.3343,4564.54
2044,9,0,1,14.319,4484.98
2169,9,0,1,14.311,4443.96
2171,9,0,1,14.3064,4419.81
1549,9,0,1,14.2986,4379.66
1147,9,0,1,14.2911,4341.27
1327,9,0,1,14.2628,4193.3
1343,9,0,1,14.2622,4190.57
1355,9,0,1,14.2354,4051.15
1364,9,0,1,14.2353,4050.94
1362,9,0,1,14.2255,3998.96
1382,9,0,1,14.2055,3891.13
1390,9,0,1,14.184,3777.96
1402,9,0,1,14.1751,3728.99
110,9,0,2,14.9407,7672.26,0,0,0
111,9,0,2,14.9384,7656.38
1968,9,0,2,14.9289,7591.7
114,9,0,2,14.9234,7556.97
1719,9,0,2,14.8872,7359.36
1718,9,0,2,14.8673,7253.04
129,9,0,2,14.8433,7119.25
134,9,0,2,14.8376,7087.84
133,9,0,2,14.8268,7028.46
138,9,0,2,14.806,6923.88
184,9,0,2,14.7894,6834.28
440,9,0,2,14.769,6727.06
451,9,0,2,14.7525,6640.86
1716,9,0,2,14.75,6624.43
462,9,0,2,14.7409,6577.36
1990,9,0,2,14.7339,6524.67
463,9,0,2,14.7152,6428.15
474,9,0,2,14.6998,6348.91
2140,9,0,2,14.6908,6307.57
475,9,0,2,14.6858,6283.34
499,9,0,2,14.678,6243.75
500,9,0,2,14.6734,6220.35
518,9,0,2,14.6688,6196.24
1754,9,0,2,14.6652,6171.31
540,9,0,2,14.657,6128.84
541,9,0,2,14.6451,6069.02
572,9,0,2,14.6355,6019.35
1994,9,0,2,14.6229,5956.95
1993,9,0,2,14.6186,5935.46
1995,9,0,2,14.606,5877.72
1996,9,0,2,14.6001,5848.54
1997,9,0,2,14.5962,5828.64
2027,9,0,2,14.569,5698.42
2026,9,0,2,14.5632,5669.93
978,9,0,2,14.5559,5634.79
1010,9,0,2,14.541,5558.02
1016,9,0,2,14.5213,5466.56
501,9,1,0,14.1196,1510.92,0.107,466.702,0.18,1
502,9,1,0,14.1144,1485.38
473,9,1,0,14.1065,1446.3
2141,9,1,0,14.1063,1445.32
1750,9,1,0,14.102,1424.02
477,9,1,0,14.0975,1400.71
453,9,1,0,14.0685,1243.21
446,9,1,0,14.0602,1195.77
442,9,1,0,14.0485,1137.28
1857,9,1,0,14.0397,1091.26
441,9,1,0,14.0336,1062.09
185,9,1,0,14.0226,1004.16
177,9,1,0,14.0103,938.786
184,9,1,0,13.9903,829.279
138,9,1,0,13.9736,739.414
133,9,1,0,13.9597,664.29
134,9,1,0,13.9521,612.333
129,9,1,0,13.945,574.749
1718,9,1,0,13.9191,432.78
1720,9,1,0,13.912,394.625
1719,9,1,0,13.8993,321.152
114,9,1,0,13.8616,117.424
1968,9,1,0,13.8548,79.7523
110,9,1,0,13.84,0
110,9,1,1,14.5003,3466.82,0,0,0
111,9,1,1,14.498,3450.94
1968,9,1,1,14.4885,3386.26
114,9,1,1,14.483,3351.53
1719,9,1,1,14.445,3146.49
1720,9,1,1,14.4299,3064.02
1718,9,1,1,14.4242,3031.47
129,9,1,1,14.399,2892.4
134,9,1,1,14.3929,2859.44
133,9,1,1,14.3805,2792.91
138,9,1,1,14.3597,2688.33
184,9,1,1,14.3433,2599.79
440,9,1,1,14.3275,2512.17
451,9,1,1,14.3109,2425.97
1716,9,1,1,14.3085,2409.55
462,9,1,1,14.2994,2362.47
1990,9,1,1,14.2923,2309.78
463,9,1,1,14.2736,2213.26
474,9,1,1,14.2583,2134.02
2140,9,1,1,14.2493,2092.69
2141,9,1,1,14.2414,2049.48
473,9,1,1,14.2412,2048.2
502,9,1,1,14.2321,2004.3
501,9,1,1,14.2266,1977.62
410,9,2,0,11.4122,1462.66,0.0726667,316.95,0.06,1
398,9,2,0,11.4119,1461.45
397,9,2,0,11.3993,1392.89
390,9,2,0,11.3798,1291.33
382,9,2,0,11.3625,1199.86
376,9,2,0,11.3445,1103.09
369,9,2,0,11.325,998.232
360,9,2,0,11.3027,878.986
361,9,2,0,11.2901,809.873
128,9,2,0,11.2296,481.115
126,9,2,0,11.2223,442.296
125,9,2,0,11.216,408.059
118,9,2,0,11.1831,231.019
1968,9,2,0,11.1553,81.9493
110,9,2,0,11.14,0
710,9,2,1,11.7046,3117.52,0.0443333,193.369,0.36,2
1543,9,2,1,11.6831,2997.25
715,9,2,1,11.6783,2952.99
714,9,2,1,11.6744,2928.98
726,9,2,1,11.6742,2927.1
529,9,2,1,11.6605,2827.61
605,9,2,1,11.6457,2731
603,9,2,1,11.6406,2703.02
604,9,2,1,11.6363,2679.88
596,9,2,1,11.6362,2678.91
580,9,2,1,11.6278,2620.63
574,9,2,1,11.6105,2527.39
573,9,2,1,11.6005,2471.49
564,9,2,1,11.5928,2430.34
557,9,2,1,11.5867,2396.35
561,9,2,1,11.58,2349.83
628,9,2,1,11.5755,2324.18
609,9,2,1,11.5628,2247.52
423,9,2,1,11.5569,2191.2
419,9,2,1,11.5522,2156.76
418,9,2,1,11.5369,2071.84
2139,9,2,1,11.533,2050.41
2138,9,2,1,11.5146,1948.97
411,9,2,1,11.501,1874.15
412,9,2,1,11.4985,1855.14
398,9,2,1,11.4851,1780.81
410,9,2,1,11.4848,1779.61
110,9,2,2,12.0554,5064.79,0,0,0
1968,9,2,2,12.0403,4983.75
114,9,2,2,12.0351,4949.43
1719,9,2,2,11.9921,4722.82
1718,9,2,2,11.9766,4635.77
129,9,2,2,11.9522,4499.9
134,9,2,2,11.9458,4465.51
133,9,2,2,11.933,4397.31
138,9,2,2,11.9121,4292.72
184,9,2,2,11.8929,4191.76
440,9,2,2,11.8762,4100.57
451,9,2,2,11.8574,4004.86
1716,9,2,2,11.855,3988.43
462,9,2,2,11.8446,3936.01
1990,9,2,2,11.8368,3882.98
452,9,2,2,11.8318,3850.54
453,9,2,2,11.8204,3763.36
455,9,2,2,11.808,3693.43
454,9,2,2,11.8052,3677.82
457,9,2,2,11.7985,3623.85
456,9,2,2,11.7933,3594.41
458,9,2,2,11.7839,3533.26
459,9,2,2,11.7779,3488.16
1543,9,2,2,11.7686,3425.93
710,9,2,2,11.7489,3310.88
1402,10,0,0,14.0934,3372.79,0.0816667,356.205,0.16,1
1390,10,0,0,14.0841,3321.76
1389,10,0,0,14.0555,3170.7
1388,10,0,0,14.0467,3122.71
1370,10,0,0,14.0098,2928.06
1359,10,0,0,14.0089,2923.6
2071,10,0,0,13.9923,2830.9
2165,10,0,0,13.9704,2715.19
1314,10,0,0,13.9531,2623.77
2163,10,0,0,13.9383,2543.94
2023,10,0,0,13.9117,2399.84
1787,10,0,0,13.9036,2358.52
2020,10,0,0,13.8847,2264.44
935,10,0,0,13.8749,2212.99
934,10,0,0,13.8744,2210.39
933,10,0,0,13.8627,2150.9
936,10,0,0,13.8622,2147.96
1737,10,0,0,13.8507,2085.09
917,10,0,0,13.8375,2016.59
916,10,0,0,13.8373,2015.68
906,10,0,0,13.8135,1891.34
889,10,0,0,13.8022,1832.97
890,10,0,0,13.7955,1797.06
2013,10,0,0,13.776,1693.84
1988,10,0,0,13.7584,1599.98
417,10,0,0,13.7379,1495.37
418,10,0,0,13.7339,1474.43
1741,10,0,0,13.7282,1442.44
1740,10,0,0,13.7244,1421.91
1739,10,0,0,13.7197,1395.5
401,10,0,0,13.7091,1338.14
393,10,0,0,13.6959,1266.67
2136,10,0,0,13.6731,1141.76
2134,10,0,0,13.6618,1079.42
360,10,0,0,13.6291,906.015
361,10,0,0,13.6146,828.632
128,10,0,0,13.5595,523.193
126,10,0,0,13.551,479.066
125,10,0,0,13.5418,432.83
118,10,0,0,13.507,247.521
1968,10,0,0,13.4748,79.7523
110,10,0,0,13.46,0
110,10,0,1,14.81,7149.45,0,0,0
1968,10,0,1,14.7924,7057.83
1969,10,0,1,14.7799,6980.98
115,10,0,1,14.7774,6966.51
2113,10,0,1,14.7718,6937.32
2133,10,0,1,14.6381,6199.96
366,10,0,1,14.6341,6173.15
2134,10,0,1,14.625,6115.38
2136,10,0,1,14.6141,6055.23
393,10,0,1,14.5842,5899.47
401,10,0,1,14.5714,5830.02
1739,10,0,1,14.5616,5776.17
1742,10,0,1,14.5551,5741.69
1741,10,0,1,14.5486,5707.19
418,10,0,1,14.5412,5667.67
417,10,0,1,14.5384,5651.99
1989,10,0,1,14.5203,5559.41
2011,10,0,1,14.5002,5456.34
2156,10,0,1,14.4947,5427.9
2013,10,0,1,14.4941,5424.74
886,10,0,1,14.483,5370.13
888,10,0,1,14.4662,5276.99
903,10,0,1,14.4552,5218.73
904,10,0,1,14.4516,5199.87
925,10,0,1,14.4315,5086.66
2019,10,0,1,14.4259,5058.38
929,10,0,1,14.4255,5056.39
938,10,0,1,14.4139,4992.12
950,10,0,1,14.3989,4915.47
951,10,0,1,14.3881,4863.83
949,10,0,1,14.3757,4801.58
1302,10,0,1,14.3507,4669.15
1307,10,0,1,14.337,4591.72
1308,10,0,1,14.3258,4532.15
1309,10,0,1,14.3075,4438.8
1314,10,0,1,14.307,4435.92
2165,10,0,1,14.2915,4352.48
2071,10,0,1,14.2707,4241.33
1317,10,0,1,14.2586,4173.92
2072,10,0,1,14.2397,4071.22
1323,10,0,1,14.2237,3987.53
1388,10,0,1,14.2229,3983.75
1389,10,0,1,14.2142,3935.85
1390,10,0,1,14.184,3777.96
1402,10,0,1,14.1751,3728.99
501,10,1,0,14.1196,1510.92,0.107,466.702,0.18,1
502,10,1,0,14.1144,1485.38
473,10,1,0,14.1065,1446.3
2141,10,1,0,14.1063,1445.32
1750,10,1,0,14.102,1424.02
477,10,1,0,14.0975,1400.71
453,10,1,0,14.0685,1243.21
446,10,1,0,14.0602,1195.77
442,10,1,0,14.0485,1137.28
1857,10,1,0,14.0397,1091.26
441,10,1,0,14.0336,1062.09
185,10,1,0,14.0226,1004.16
177,10,1,0,14.0103,938.786
184,10,1,0,13.9903,829.279
138,10,1,0,13.9736,739.414
133,10,1,0,13.9597,664.29
134,10,1,0,13.9521,612.333
129,10,1,0,13.945,574.749
1718,10,1,0,13.9191,432.78
1720,10,1,0,13.912,394.625
1719,10,1,0,13.8993,321.152
114,10,1,0,13.8616,117.424
1968,10,1,0,13.8548,79.7523
110,10,1,0,13.84,0
1016,10,1,1,14.3921,2797.98,0.0881667,384.556,0.22,2
1010,10,1,1,14.3829,2749.88
2026,10,1,1,14.3513,2599.02
2027,10,1,1,14.3459,2571.86
1998,10,1,1,14.3356,2519.68
1997,10,1,1,14.3273,2477.44
1996,10,1,1,14.3217,2450.12
1995,10,1,1,14.3144,2415.28
1993,10,1,1,14.3044,2368.11
1994,10,1,1,14.3001,2346.63
572,10,1,1,14.2922,2304.07
541,10,1,1,14.2812,2248.59
540,10,1,1,14.2692,2188.07
1754,10,1,1,14.2621,2150.13
518,10,1,1,14.2566,2120.35
500,10,1,1,14.2508,2091.18
501,10,1,1,14.2266,1977.62
110,10,1,2,14.8997,5388.24,0,0,0
111,10,1,2,14.8973,5372.36
1968,10,1,2,14.8879,5307.68
114,10,1,2,14.8823,5272.95
1719,10,1,2,14.8461,5075.33
1718,10,1,2,14.8262,4969.02
129,10,1,2,14.8022,4835.23
134,10,1,2,14.7965,4803.81
133,10,1,2,14.7857,4744.44
138,10,1,2,14.7649,4639.86
184,10,1,2,14.7483,4550.25
440,10,1,2,14.7279,4443.03
451,10,1,2,14.7114,4356.83
1716,10,1,2,14.709,4340.41
462,10,1,2,14.6998,4293.34
1990,10,1,2,14.6928,4240.64
463,10,1,2,14.6741,4144.12
474,10,1,2,14.6587,4064.88
2140,10,1,2,14.6497,4023.55
475,10,1,2,14.6447,3999.32
499,10,1,2,14.637,3959.73
500,10,1,2,14.6324,3936.32
518,10,1,2,14.6278,3912.22
1754,10,1,2,14.6241,3887.29
540,10,1,2,14.6159,3844.82
541,10,1,2,14.604,3785
572,10,1,2,14.5944,3735.33
1994,10,1,2,14.5818,3672.93
1993,10,1,2,14.5775,3651.44
1995,10,1,2,14.5649,3593.69
1996,10,1,2,14.559,3564.51
1997,10,1,2,14.5551,3544.61
2027,10,1,2,14.5279,3414.39
2026,10,1,2,14.5221,3385.91
978,10,1,2,14.5148,3350.77
1010,10,1,2,14.5,3274
1016,10,1,2,14.4802,3182.54
410,10,2,0,11.4122,1462.66,0.0726667,316.95,0.06,1
398,10,2,0,11.4119,1461.45
397,10,2,0,11.3993,1392.89
390,10,2,0,11.3798,1291.33
382,10,2,0,11.3625,1199.86
376,10,2,0,11.3445,1103.09
369,10,2,0,11.325,998.232
360,10,2,0,11.3027,878.986
361,10,2,0,11.2901,809.873
128,10,2,0,11.2296,481.115
126,10,2,0,11.2223,442.296
125,10,2,0,11.216,408.059
118,10,2,0,11.1831,231.019
1968,10,2,0,11.1553,81.9493
110,10,2,0,11.14,0
710,10,2,1,11.7046,3117.52,0.0443333,193.369,0.36,2
1543,10,2,1,11.6831,2997.25
715,10,2,1,11.6783,2952.99
714,10,2,1,11.6744,2928.98
726,10,2,1,11.6742,2927.1
529,10,2,1,11.6605,2827.61
605,10,2,1,11.6457,2731
603,10,2,1,11.6406,2703.02
604,10,2,1,11.6363,2679.88
596,10,2,1,11.6362,2678.91
580,10,2,1,11.6278,2620.63
574,10,2,1,11.6105,2527.39
573,10,2,1,11.6005,2471.49
564,10,2,1,11.5928,2430.34
557,10,2,1,11.5867,2396.35
561,10,2,1,11.58,2349.83
628,10,2,1,11.5755,2324.18
609,10,2,1,11.5628,2247.52
423,10,2,1,11.5569,2191.2
419,10,2,1,11.5522,2156.76
418,10,2,1,11.5369,2071.84
2139,10,2,1,11.533,2050.41
2138,10,2,1,11.5146,1948.97
411,10,2,1,11.501,1874.15
412,10,2,1,11.4985,1855.14
398,10,2,1,11.4851,1780.81
410,10,2,1,11.4848,1779.61
110,10,2,2,12.0554,5064.79,0,0,0
1968,10,2,2,12.0403,4983.75
114,10,2,2,12.0351,4949.43
1719,10,2,2,11.9921,4722.82
1718,10,2,2,11.9766,4635.77
129,10,2,2,11.9522,4499.9
134,10,2,2,11.9458,4465.51
133,10,2,2,11.933,4397.31
138,10,2,2,11.9121,4292.72
184,10,2,2,11.8929,4191.76
440,10,2,2,11.8762,4100.57
451,10,2,2,11.8574,4004.86
1716,10,2,2,11.855,3988.43
462,10,2,2,11.8446,3936.01
1990,10,2,2,11.8368,3882.98
452,10,2,2,11.8318,3850.54
453,10,2,2,11.8204,3763.36
455,10,2,2,11.808,3693.43
454,10,2,2,11.8052,3677.82
457,10,2,2,11.7985,3623.85
456,10,2,2,11.7933,3594.41
458,10,2,2,11.7839,3533.26
459,10,2,2,11.7779,3488.16
1543,10,2,2,11.7686,3425.93
710,10,2,2,11.7489,3310.88
