Nodo,Individuo,Ruta,Segmento,Tiempo viaje,Costo viaje,Tiempo atencion,Costo atencion,Tasa fallo,Demanda
1402,0,0,0,14.0334,3372.79,0.0816667,356.205,0.16,1
1390,0,0,0,14.0241,3321.76
1389,0,0,0,13.9955,3170.7
1388,0,0,0,13.9867,3122.71
1370,0,0,0,13.9498,2928.06
1359,0,0,0,13.9489,2923.6
2071,0,0,0,13.9323,2830.9
2165,0,0,0,13.9104,2715.19
1314,0,0,0,13.8931,2623.77
2163,0,0,0,13.8783,2543.94
2023,0,0,0,13.8517,2399.84
1787,0,0,0,13.8436,2358.52
2020,0,0,0,13.8247,2264.44
935,0,0,0,13.8149,2212.99
934,0,0,0,13.8144,2210.39
933,0,0,0,13.8027,2150.9
936,0,0,0,13.8022,2147.96
1737,0,0,0,13.7907,2085.09
917,0,0,0,13.7775,2016.59
916,0,0,0,13.7773,2015.68
906,0,0,0,13.7535,1891.34
889,0,0,0,13.7422,1832.97
890,0,0,0,13.7355,1797.06
2013,0,0,0,13.716,1693.84
1988,0,0,0,13.6984,1599.98
417,0,0,0,13.6779,1495.37
418,0,0,0,13.6739,1474.43
1741,0,0,0,13.6682,1442.44
1740,0,0,0,13.6644,1421.91
1739,0,0,0,13.6597,1395.5
401,0,0,0,13.6491,1338.14
393,0,0,0,13.6359,1266.67
2136,0,0,0,13.6131,1141.76
2134,0,0,0,13.6018,1079.42
360,0,0,0,13.5691,906.015
361,0,0,0,13.5546,828.632
128,0,0,0,13.4995,523.193
126,0,0,0,13.491,479.066
125,0,0,0,13.4818,432.83
118,0,0,0,13.447,247.521
1968,0,0,0,13.4148,79.7523
110,0,0,0,13.4,0
1016,0,0,1,14.3732,5082,0.0881667,384.556,0.22,2
2029,0,0,1,14.3688,5058.25
1043,0,0,1,14.3687,5057.84
2158,0,0,1,14.3619,5023.06
2030,0,0,1,14.3579,5003.22
1041,0,0,1,14.3528,4976.64
1059,0,0,1,14.3439,4931.8
1058,0,0,1,14.3389,4906.55
1075,0,0,1,14.3214,4816.48
1072,0,0,1,14.3114,4765.04
1071,0,0,1,14.3012,4714.56
1090,0,0,1,14.2951,4677.34
1089,0,0,1,14.289,4644.02
1119,0,0,1,14.2804,4598.13
1118,0,0,1,14.2743,4564.54
2044,0,0,1,14.259,4484.98
2169,0,0,1,14.251,4443.96
2171,0,0,1,14.2464,4419.81
1549,0,0,1,14.2386,4379.66
1147,0,0,1,14.2311,4341.27
1327,0,0,1,14.2028,4193.3
1343,0,0,1,14.2022,4190.57
1355,0,0,1,14.1754,4051.15
1364,0,0,1,14.1753,4050.94
1362,0,0,1,14.1655,3998.96
1382,0,0,1,14.1455,3891.13
1390,0,0,1,14.124,3777.96
1402,0,0,1,14.1151,3728.99
110,0,0,2,14.8807,7672.26,0,0,0
111,0,0,2,14.8784,7656.38
1968,0,0,2,14.8689,7591.7
114,0,0,2,14.8634,7556.97
1719,0,0,2,14.8272,7359.36
1718,0,0,2,14.8073,7253.04
129,0,0,2,14.7833,7119.25
134,0,0,2,14.7776,7087.84
133,0,0,2,14.7668,7028.46
138,0,0,2,14.746,6923.88
184,0,0,2,14.7294,6834.28
440,0,0,2,14.709,6727.06
451,0,0,2,14.6925,6640.86
1716,0,0,2,14.69,6624.43
462,0,0,2,14.6809,6577.36
1990,0,0,2,14.6739,6524.67
463,0,0,2,14.6552,6428.15
474,0,0,2,14.6398,6348.91
2140,0,0,2,14.6308,6307.57
475,0,0,2,14.6258,6283.34
499,0,0,2,14.618,6243.75
500,0,0,2,14.6134,6220.35
518,0,0,2,14.6088,6196.24
1754,0,0,2,14.6052,6171.31
540,0,0,2,14.597,6128.84
541,0,0,2,14.5851,6069.02
572,0,0,2,14.5755,6019.35
1994,0,0,2,14.5629,5956.95
1993,0,0,2,14.5586,5935.46
1995,0,0,2,14.546,5877.72
1996,0,0,2,14.5401,5848.54
1997,0,0,2,14.5362,5828.64
2027,0,0,2,14.509,5698.42
2026,0,0,2,14.5032,5669.93
978,0,0,2,14.4959,5634.79
1010,0,0,2,14.481,5558.02
1016,0,0,2,14.4613,5466.56
410,0,1,0,11.6422,1462.66,0.0726667,316.95,0.06,1
398,0,1,0,11.6419,1461.45
397,0,1,0,11.6293,1392.89
390,0,1,0,11.6098,1291.33
382,0,1,0,11.5925,1199.86
376,0,1,0,11.5745,1103.09
369,0,1,0,11.555,998.232
360,0,1,0,11.5327,878.986
361,0,1,0,11.5201,809.873
128,0,1,0,11.4596,481.115
126,0,1,0,11.4523,442.296
125,0,1,0,11.446,408.059
118,0,1,0,11.4131,231.019
1968,0,1,0,11.3853,81.9493
110,0,1,0,11.37,0
710,0,1,1,11.9346,3117.52,0.0443333,193.369,0.36,2
1543,0,1,1,11.9131,2997.25
715,0,1,1,11.9083,2952.99
714,0,1,1,11.9044,2928.98
726,0,1,1,11.9042,2927.1
529,0,1,1,11.8905,2827.61
605,0,1,1,11.8757,2731
603,0,1,1,11.8706,2703.02
604,0,1,1,11.8663,2679.88
596,0,1,1,11.8662,2678.91
580,0,1,1,11.8578,2620.63
574,0,1,1,11.8405,2527.39
573,0,1,1,11.8305,2471.49
564,0,1,1,11.8228,2430.34
557,0,1,1,11.8167,2396.35
561,0,1,1,11.81,2349.83
628,0,1,1,11.8055,2324.18
609,0,1,1,11.7928,2247.52
423,0,1,1,11.7869,2191.2
419,0,1,1,11.7822,2156.76
418,0,1,1,11.7669,2071.84
2139,0,1,1,11.763,2050.41
2138,0,1,1,11.7446,1948.97
411,0,1,1,11.731,1874.15
412,0,1,1,11.7285,1855.14
398,0,1,1,11.7151,1780.81
410,0,1,1,11.7148,1779.61
110,0,1,2,12.2854,5064.79,0,0,0
1968,0,1,2,12.2703,4983.75
114,0,1,2,12.2651,4949.43
1719,0,1,2,12.2221,4722.82
1718,0,1,2,12.2066,4635.77
129,0,1,2,12.1822,4499.9
134,0,1,2,12.1758,4465.51
133,0,1,2,12.163,4397.31
138,0,1,2,12.1421,4292.72
184,0,1,2,12.1229,4191.76
440,0,1,2,12.1062,4100.57
451,0,1,2,12.0874,4004.86
1716,0,1,2,12.085,3988.43
462,0,1,2,12.0746,3936.01
1990,0,1,2,12.0668,3882.98
452,0,1,2,12.0618,3850.54
453,0,1,2,12.0504,3763.36
455,0,1,2,12.038,3693.43
454,0,1,2,12.0352,3677.82
457,0,1,2,12.0285,3623.85
456,0,1,2,12.0233,3594.41
458,0,1,2,12.0139,3533.26
459,0,1,2,12.0079,3488.16
1543,0,1,2,11.9986,3425.93
710,0,1,2,11.9789,3310.88
501,0,2,0,14.1096,1510.92,0.107,466.702,0.18,1
502,0,2,0,14.1044,1485.38
473,0,2,0,14.0965,1446.3
2141,0,2,0,14.0963,1445.32
1750,0,2,0,14.092,1424.02
477,0,2,0,14.0875,1400.71
453,0,2,0,14.0585,1243.21
446,0,2,0,14.0502,1195.77
442,0,2,0,14.0385,1137.28
1857,0,2,0,14.0297,1091.26
441,0,2,0,14.0236,1062.09
185,0,2,0,14.0126,1004.16
177,0,2,0,14.0003,938.786
184,0,2,0,13.9803,829.279
138,0,2,0,13.9636,739.414
133,0,2,0,13.9497,664.29
134,0,2,0,13.9421,612.333
129,0,2,0,13.935,574.749
1718,0,2,0,13.9091,432.78
1720,0,2,0,13.902,394.625
1719,0,2,0,13.8893,321.152
114,0,2,0,13.8516,117.424
1968,0,2,0,13.8448,79.7523
110,0,2,0,13.83,0
110,0,2,1,14.4903,3466.82,0,0,0
111,0,2,1,14.488,3450.94
1968,0,2,1,14.4785,3386.26
114,0,2,1,14.473,3351.53
1719,0,2,1,14.435,3146.49
1720,0,2,1,14.4199,3064.02
1718,0,2,1,14.4142,3031.47
129,0,2,1,14.389,2892.4
134,0,2,1,14.3829,2859.44
133,0,2,1,14.3705,2792.91
138,0,2,1,14.3497,2688.33
184,0,2,1,14.3333,2599.79
440,0,2,1,14.3175,2512.17
451,0,2,1,14.3009,2425.97
1716,0,2,1,14.2985,2409.55
462,0,2,1,14.2894,2362.47
1990,0,2,1,14.2823,2309.78
463,0,2,1,14.2636,2213.26
474,0,2,1,14.2483,2134.02
2140,0,2,1,14.2393,2092.69
2141,0,2,1,14.2314,2049.48
473,0,2,1,14.2312,2048.2
502,0,2,1,14.2221,2004.3
501,0,2,1,14.2166,1977.62
501,1,0,0,13.6296,1510.92,0.0531667,231.897,0.2,1
502,1,0,0,13.6244,1485.38
473,1,0,0,13.6165,1446.3
2141,1,0,0,13.6163,1445.32
1750,1,0,0,13.612,1424.02
477,1,0,0,13.6075,1400.71
453,1,0,0,13.5785,1243.21
446,1,0,0,13.5702,1195.77
442,1,0,0,13.5585,1137.28
1857,1,0,0,13.5497,1091.26
441,1,0,0,13.5436,1062.09
185,1,0,0,13.5326,1004.16
177,1,0,0,13.5203,938.786
184,1,0,0,13.5003,829.279
138,1,0,0,13.4836,739.414
133,1,0,0,13.4697,664.29
134,1,0,0,13.4621,612.333
129,1,0,0,13.455,574.749
1718,1,0,0,13.4291,432.78
1720,1,0,0,13.422,394.625
1719,1,0,0,13.4093,321.152
114,1,0,0,13.3716,117.424
1968,1,0,0,13.3648,79.7523
110,1,0,0,13.35,0
1402,1,0,1,14.1138,3925.73,0.0816667,356.205,0.16,2
1390,1,0,1,14.1046,3875.67
1382,1,0,1,14.0744,3725.93
1362,1,0,1,14.0517,3606.92
1361,1,0,1,14.0467,3579.93
1354,1,0,1,14.0466,3579.74
1355,1,0,1,14.0341,3520.08
2076,1,0,1,14.0323,3510.96
1356,1,0,1,14.0239,3468.25
1357,1,0,1,14.0231,3464.53
1349,1,0,1,14.0096,3396.36
1348,1,0,1,14.009,3393.03
1340,1,0,1,14.0085,3390.49
1339,1,0,1,14.0032,3362.77
1329,1,0,1,13.9922,3304.43
1158,1,0,1,13.9772,3228.1
2048,1,0,1,13.9571,3122.06
1131,1,0,1,13.9515,3093.19
1130,1,0,1,13.9457,3064.26
1129,1,0,1,13.9305,2990.07
1121,1,0,1,13.9145,2904.14
1120,1,0,1,13.9105,2882.96
1094,1,0,1,13.9056,2857.02
1091,1,0,1,13.8955,2806.29
1092,1,0,1,13.8903,2780.39
1074,1,0,1,13.8845,2749.97
1073,1,0,1,13.8761,2705.29
1057,1,0,1,13.8563,2606.3
1042,1,0,1,13.851,2579.4
2030,1,0,1,13.8438,2541.56
1011,1,0,1,13.8435,2540.11
1547,1,0,1,13.8261,2457.47
1546,1,0,1,13.8207,2430.1
975,1,0,1,13.8173,2412.13
2026,1,0,1,13.8108,2377.86
2027,1,0,1,13.8057,2352.02
1998,1,0,1,13.7953,2299.32
1997,1,0,1,13.7867,2255.7
1996,1,0,1,13.7808,2227.41
1995,1,0,1,13.7726,2189.09
1993,1,0,1,13.7635,2145.41
1994,1,0,1,13.7592,2123.93
572,1,0,1,13.7522,2085.28
541,1,0,1,13.74,2024.92
540,1,0,1,13.7296,1971.28
1754,1,0,1,13.7212,1927.61
518,1,0,1,13.7133,1887.64
500,1,0,1,13.7083,1861.85
501,1,0,1,13.6828,1742.82
1016,1,0,2,14.4535,5634.95,0.0881667,384.556,0.22,3
2029,1,0,2,14.4491,5611.2
1043,1,0,2,14.449,5610.79
2158,1,0,2,14.4422,5576.01
2030,1,0,2,14.4383,5556.17
1041,1,0,2,14.4331,5529.59
1059,1,0,2,14.4243,5484.75
1058,1,0,2,14.4193,5459.5
1075,1,0,2,14.4017,5369.43
1072,1,0,2,14.3917,5317.99
1071,1,0,2,14.3815,5267.51
1090,1,0,2,14.3755,5230.29
1089,1,0,2,14.3694,5196.97
1119,1,0,2,14.3608,5151.08
1118,1,0,2,14.3546,5117.49
2044,1,0,2,14.3394,5037.93
2169,1,0,2,14.3314,4996.91
2171,1,0,2,14.3267,4972.76
1549,1,0,2,14.3189,4932.61
1147,1,0,2,14.3115,4894.22
1327,1,0,2,14.2831,4746.25
1343,1,0,2,14.2825,4743.51
1355,1,0,2,14.2557,4604.1
1364,1,0,2,14.2557,4603.89
1362,1,0,2,14.2459,4551.9
1382,1,0,2,14.2258,4444.08
1390,1,0,2,14.2043,4330.9
1402,1,0,2,14.1954,4281.94
110,1,0,3,14.9611,8225.21,0,0,0
111,1,0,3,14.9587,8209.33
1968,1,0,3,14.9493,8144.65
114,1,0,3,14.9437,8109.92
1719,1,0,3,14.9075,7912.3
1718,1,0,3,14.8876,7805.99
129,1,0,3,14.8636,7672.2
134,1,0,3,14.8579,7640.78
133,1,0,3,14.8472,7581.41
138,1,0,3,14.8263,7476.83
184,1,0,3,14.8097,7387.22
440,1,0,3,14.7893,7280
451,1,0,3,14.7728,7193.81
1716,1,0,3,14.7704,7177.38
462,1,0,3,14.7612,7130.31
1990,1,0,3,14.7542,7077.61
463,1,0,3,14.7355,6981.09
474,1,0,3,14.7201,6901.85
2140,1,0,3,14.7111,6860.52
475,1,0,3,14.7061,6836.29
499,1,0,3,14.6984,6796.7
500,1,0,3,14.6938,6773.29
518,1,0,3,14.6892,6749.19
1754,1,0,3,14.6855,6724.26
540,1,0,3,14.6773,6681.79
541,1,0,3,14.6655,6621.97
572,1,0,3,14.6559,6572.3
1994,1,0,3,14.6432,6509.9
1993,1,0,3,14.639,6488.41
1995,1,0,3,14.6263,6430.66
1996,1,0,3,14.6204,6401.48
1997,1,0,3,14.6165,6381.58
2027,1,0,3,14.5893,6251.36
2026,1,0,3,14.5835,6222.88
978,1,0,3,14.5762,6187.74
1010,1,0,3,14.5614,6110.97
1016,1,0,3,14.5416,6019.51
410,1,1,0,11.5522,1462.66,0.0726667,316.95,0.06,1
398,1,1,0,11.5519,1461.45
397,1,1,0,11.5393,1392.89
390,1,1,0,11.5198,1291.33
382,1,1,0,11.5025,1199.86
376,1,1,0,11.4845,1103.09
369,1,1,0,11.465,998.232
360,1,1,0,11.4427,878.986
361,1,1,0,11.4301,809.873
128,1,1,0,11.3696,481.115
126,1,1,0,11.3623,442.296
125,1,1,0,11.356,408.059
118,1,1,0,11.3231,231.019
1968,1,1,0,11.2953,81.9493
110,1,1,0,11.28,0
710,1,1,1,11.8446,3117.52,0.0443333,193.369,0.36,2
1543,1,1,1,11.8231,2997.25
715,1,1,1,11.8183,2952.99
714,1,1,1,11.8144,2928.98
726,1,1,1,11.8142,2927.1
529,1,1,1,11.8005,2827.61
605,1,1,1,11.7857,2731
603,1,1,1,11.7806,2703.02
604,1,1,1,11.7763,2679.88
596,1,1,1,11.7762,2678.91
580,1,1,1,11.7678,2620.63
574,1,1,1,11.7505,2527.39
573,1,1,1,11.7405,2471.49
564,1,1,1,11.7328,2430.34
557,1,1,1,11.7267,2396.35
561,1,1,1,11.72,2349.83
628,1,1,1,11.7155,2324.18
609,1,1,1,11.7028,2247.52
423,1,1,1,11.6969,2191.2
419,1,1,1,11.6922,2156.76
418,1,1,1,11.6769,2071.84
2139,1,1,1,11.673,2050.41
2138,1,1,1,11.6546,1948.97
411,1,1,1,11.641,1874.15
412,1,1,1,11.6385,1855.14
398,1,1,1,11.6251,1780.81
410,1,1,1,11.6248,1779.61
110,1,1,2,12.1954,5064.79,0,0,0
1968,1,1,2,12.1803,4983.75
114,1,1,2,12.1751,4949.43
1719,1,1,2,12.1321,4722.82
1718,1,1,2,12.1166,4635.77
129,1,1,2,12.0922,4499.9
134,1,1,2,12.0858,4465.51
133,1,1,2,12.073,4397.31
138,1,1,2,12.0521,4292.72
184,1,1,2,12.0329,4191.76
440,1,1,2,12.0162,4100.57
451,1,1,2,11.9974,4004.86
1716,1,1,2,11.995,3988.43
462,1,1,2,11.9846,3936.01
1990,1,1,2,11.9768,3882.98
452,1,1,2,11.9718,3850.54
453,1,1,2,11.9604,3763.36
455,1,1,2,11.948,3693.43
454,1,1,2,11.9452,3677.82
457,1,1,2,11.9385,3623.85
456,1,1,2,11.9333,3594.41
458,1,1,2,11.9239,3533.26
459,1,1,2,11.9179,3488.16
1543,1,1,2,11.9086,3425.93
710,1,1,2,11.8889,3310.88
501,2,0,0,13.5996,1510.92,0.0531667,231.897,0.2,1
502,2,0,0,13.5944,1485.38
473,2,0,0,13.5865,1446.3
2141,2,0,0,13.5863,1445.32
1750,2,0,0,13.582,1424.02
477,2,0,0,13.5775,1400.71
453,2,0,0,13.5485,1243.21
446,2,0,0,13.5402,1195.77
442,2,0,0,13.5285,1137.28
1857,2,0,0,13.5197,1091.26
441,2,0,0,13.5136,1062.09
185,2,0,0,13.5026,1004.16
177,2,0,0,13.4903,938.786
184,2,0,0,13.4703,829.279
138,2,0,0,13.4536,739.414
133,2,0,0,13.4397,664.29
134,2,0,0,13.4321,612.333
129,2,0,0,13.425,574.749
1718,2,0,0,13.3991,432.78
1720,2,0,0,13.392,394.625
1719,2,0,0,13.3793,321.152
114,2,0,0,13.3416,117.424
1968,2,0,0,13.3348,79.7523
110,2,0,0,13.32,0
1016,2,0,1,13.8172,2559.29,0.0561667,244.982,0.25,2
1010,2,0,1,13.8082,2511.64
2026,2,0,1,13.7808,2377.86
2027,2,0,1,13.7757,2352.02
1998,2,0,1,13.7653,2299.32
1997,2,0,1,13.7567,2255.7
1996,2,0,1,13.7508,2227.41
1995,2,0,1,13.7426,2189.09
1993,2,0,1,13.7335,2145.41
1994,2,0,1,13.7292,2123.93
572,2,0,1,13.7222,2085.28
541,2,0,1,13.71,2024.92
540,2,0,1,13.6996,1971.28
1754,2,0,1,13.6912,1927.61
518,2,0,1,13.6833,1887.64
500,2,0,1,13.6783,1861.85
501,2,0,1,13.6528,1742.82
1402,2,0,2,14.1381,4171.66,0.0816667,356.205,0.16,3
1390,2,0,2,14.129,4121.61
1382,2,0,2,14.1034,3991.55
1362,2,0,2,14.0829,3881.56
1361,2,0,2,14.0787,3858.38
1354,2,0,2,14.0787,3858.19
1355,2,0,2,14.0722,3823.7
2076,2,0,2,14.0704,3814.59
1356,2,0,2,14.0628,3775.24
1357,2,0,2,14.062,3771.52
1349,2,0,2,14.0493,3706.57
1348,2,0,2,14.0487,3703.13
1340,2,0,2,14.0482,3700.59
1339,2,0,2,14.0426,3671.86
1330,2,0,2,14.0218,3563.11
1161,2,0,2,14.0125,3515.2
1162,2,0,2,14.0025,3462.21
1136,2,0,2,13.9838,3364.01
1138,2,0,2,13.9771,3329.65
1137,2,0,2,13.9712,3298.54
1123,2,0,2,13.9575,3232.39
1775,2,0,2,13.9489,3188.4
1102,2,0,2,13.9332,3109.22
1100,2,0,2,13.919,3039.82
1101,2,0,2,13.908,2983.18
1082,2,0,2,13.8996,2941.21
1079,2,0,2,13.8905,2894.19
1061,2,0,2,13.8862,2872.91
1063,2,0,2,13.883,2856.07
1062,2,0,2,13.882,2849.03
2159,2,0,2,13.8818,2848.04
1045,2,0,2,13.8811,2844.89
1043,2,0,2,13.8778,2828.21
2029,2,0,2,13.8777,2827.8
1016,2,0,2,13.8734,2804.27
110,2,0,3,14.8546,7948.32,0,0,0
1968,2,0,3,14.837,7856.71
1969,2,0,3,14.8245,7779.85
115,2,0,3,14.822,7765.39
2113,2,0,3,14.8165,7736.2
2133,2,0,3,14.6828,6998.83
366,2,0,3,14.6788,6972.03
2134,2,0,3,14.6696,6914.26
2136,2,0,3,14.6588,6854.11
393,2,0,3,14.6288,6698.35
401,2,0,3,14.6161,6628.9
1739,2,0,3,14.6062,6575.04
1742,2,0,3,14.5997,6540.56
1741,2,0,3,14.5933,6506.07
418,2,0,3,14.5858,6466.55
417,2,0,3,14.583,6450.86
1989,2,0,3,14.565,6358.28
2011,2,0,3,14.5449,6255.21
2156,2,0,3,14.5394,6226.77
2013,2,0,3,14.5387,6223.62
886,2,0,3,14.5277,6169
888,2,0,3,14.5109,6075.87
903,2,0,3,14.4998,6017.61
904,2,0,3,14.4963,5998.75
925,2,0,3,14.4762,5885.54
2019,2,0,3,14.4705,5857.25
929,2,0,3,14.4701,5855.27
938,2,0,3,14.4585,5791
950,2,0,3,14.4436,5714.34
951,2,0,3,14.4327,5662.71
949,2,0,3,14.4204,5600.46
1302,2,0,3,14.3954,5468.03
1307,2,0,3,14.3817,5390.6
1308,2,0,3,14.3705,5331.03
1309,2,0,3,14.3522,5237.67
1314,2,0,3,14.3516,5234.8
2165,2,0,3,14.3361,5151.36
2071,2,0,3,14.3153,5040.21
1317,2,0,3,14.3033,4972.8
2072,2,0,3,14.2843,4870.1
1323,2,0,3,14.2683,4786.41
1388,2,0,3,14.2676,4782.63
1389,2,0,3,14.2589,4734.73
1390,2,0,3,14.2286,4576.84
1402,2,0,3,14.2198,4527.87
410,2,1,0,11.5522,1462.66,0.0726667,316.95,0.06,1
398,2,1,0,11.5519,1461.45
397,2,1,0,11.5393,1392.89
390,2,1,0,11.5198,1291.33
382,2,1,0,11.5025,1199.86
376,2,1,0,11.4845,1103.09
369,2,1,0,11.465,998.232
360,2,1,0,11.4427,878.986
361,2,1,0,11.4301,809.873
128,2,1,0,11.3696,481.115
126,2,1,0,11.3623,442.296
125,2,1,0,11.356,408.059
118,2,1,0,11.3231,231.019
1968,2,1,0,11.2953,81.9493
110,2,1,0,11.28,0
710,2,1,1,11.8446,3117.52,0.0443333,193.369,0.36,2
1543,2,1,1,11.8231,2997.25
715,2,1,1,11.8183,2952.99
714,2,1,1,11.8144,2928.98
726,2,1,1,11.8142,2927.1
529,2,1,1,11.8005,2827.61
605,2,1,1,11.7857,2731
603,2,1,1,11.7806,2703.02
604,2,1,1,11.7763,2679.88
596,2,1,1,11.7762,2678.91
580,2,1,1,11.7678,2620.63
574,2,1,1,11.7505,2527.39
573,2,1,1,11.7405,2471.49
564,2,1,1,11.7328,2430.34
557,2,1,1,11.7267,2396.35
561,2,1,1,11.72,2349.83
628,2,1,1,11.7155,2324.18
609,2,1,1,11.7028,2247.52
423,2,1,1,11.6969,2191.2
419,2,1,1,11.6922,2156.76
418,2,1,1,11.6769,2071.84
2139,2,1,1,11.673,2050.41
2138,2,1,1,11.6546,1948.97
411,2,1,1,11.641,1874.15
412,2,1,1,11.6385,1855.14
398,2,1,1,11.6251,1780.81
410,2,1,1,11.6248,1779.61
110,2,1,2,12.1954,5064.79,0,0,0
1968,2,1,2,12.1803,4983.75
114,2,1,2,12.1751,4949.43
1719,2,1,2,12.1321,4722.82
1718,2,1,2,12.1166,4635.77
129,2,1,2,12.0922,4499.9
134,2,1,2,12.0858,4465.51
133,2,1,2,12.073,4397.31
138,2,1,2,12.0521,4292.72
184,2,1,2,12.0329,4191.76
440,2,1,2,12.0162,4100.57
451,2,1,2,11.9974,4004.86
1716,2,1,2,11.995,3988.43
462,2,1,2,11.9846,3936.01
1990,2,1,2,11.9768,3882.98
452,2,1,2,11.9718,3850.54
453,2,1,2,11.9604,3763.36
455,2,1,2,11.948,3693.43
454,2,1,2,11.9452,3677.82
457,2,1,2,11.9385,3623.85
456,2,1,2,11.9333,3594.41
458,2,1,2,11.9239,3533.26
459,2,1,2,11.9179,3488.16
1543,2,1,2,11.9086,3425.93
710,2,1,2,11.8889,3310.88
410,3,0,0,13.4143,1471.19,0.074,322.766,0.11,1
398,3,0,0,13.414,1469.98
397,3,0,0,13.4032,1408.71
390,3,0,0,13.3833,1305.9
382,3,0,0,13.3669,1218.33
376,3,0,0,13.3499,1125.74
369,3,0,0,13.3301,1019.33
360,3,0,0,13.3091,906.015
361,3,0,0,13.2946,828.632
128,3,0,0,13.2395,523.193
126,3,0,0,13.231,479.066
125,3,0,0,13.2218,432.83
118,3,0,0,13.187,247.521
1968,3,0,0,13.1548,79.7523
110,3,0,0,13.14,0
1402,3,0,1,13.9149,4038.37,0.1085,473.244,0.18,2
1390,3,0,1,13.9057,3988.31
1389,3,0,1,13.8795,3847.36
1388,3,0,1,13.8594,3752.17
1323,3,0,1,13.8587,3748.39
2072,3,0,1,13.8345,3630.82
1317,3,0,1,13.8147,3524.14
2071,3,0,1,13.804,3460.08
2165,3,0,1,13.7817,3342.68
1314,3,0,1,13.7649,3253.68
2163,3,0,1,13.7502,3173.84
2023,3,0,1,13.7218,3022.47
1787,3,0,1,13.7137,2981.18
1788,3,0,1,13.7129,2977.48
943,3,0,1,13.697,2896.83
934,3,0,1,13.6882,2848.99
933,3,0,1,13.6779,2795.06
936,3,0,1,13.6773,2792.12
1737,3,0,1,13.6658,2728.89
917,3,0,1,13.649,2645.65
916,3,0,1,13.6489,2644.75
906,3,0,1,13.623,2511.66
889,3,0,1,13.6108,2449.74
890,3,0,1,13.6013,2401.78
2013,3,0,1,13.5783,2283.62
1988,3,0,1,13.5593,2183.84
416,3,0,1,13.5378,2077.27
2139,3,0,1,13.5338,2055.44
2138,3,0,1,13.5174,1962.7
411,3,0,1,13.5051,1893.38
412,3,0,1,13.503,1873.87
398,3,0,1,13.4886,1795.16
410,3,0,1,13.4883,1793.95
1016,3,0,2,14.2814,5864.63,0.0881667,384.556,0.22,3
2029,3,0,2,14.277,5840.88
1043,3,0,2,14.277,5840.46
2158,3,0,2,14.2701,5805.68
2030,3,0,2,14.2662,5785.85
1041,3,0,2,14.261,5759.26
1059,3,0,2,14.2522,5714.43
1058,3,0,2,14.2472,5689.18
1075,3,0,2,14.2297,5599.11
1072,3,0,2,14.2196,5547.66
1071,3,0,2,14.2095,5497.19
1090,3,0,2,14.2034,5459.97
1089,3,0,2,14.1973,5426.64
1119,3,0,2,14.1887,5380.76
1118,3,0,2,14.1825,5347.17
2044,3,0,2,14.1673,5267.61
2169,3,0,2,14.1593,5226.59
2171,3,0,2,14.1546,5202.43
1549,3,0,2,14.1468,5162.28
1147,3,0,2,14.1394,5123.9
1327,3,0,2,14.111,4975.93
1343,3,0,2,14.1104,4973.19
1355,3,0,2,14.0836,4833.77
1364,3,0,2,14.0836,4833.56
1362,3,0,2,14.0738,4781.58
1382,3,0,2,14.0537,4673.75
1390,3,0,2,14.0322,4560.58
1402,3,0,2,14.0234,4511.62
501,3,0,3,14.5591,7170.87,0.107,466.702,0.18,4
1747,3,0,3,14.5494,7126.57
1746,3,0,3,14.5215,6987.23
1745,3,0,3,14.5084,6923.94
1844,3,0,3,14.4905,6834.69
575,3,0,3,14.4881,6819.18
571,3,0,3,14.4852,6803.06
570,3,0,3,14.4804,6779.79
569,3,0,3,14.4753,6754.47
640,3,0,3,14.4671,6715.56
649,3,0,3,14.4578,6673.02
646,3,0,3,14.45,6636.51
691,3,0,3,14.4441,6607.6
689,3,0,3,14.422,6503.61
979,3,0,3,14.4135,6464.01
980,3,0,3,14.4077,6435.6
978,3,0,3,14.4041,6417.41
1010,3,0,3,14.3893,6340.65
1016,3,0,3,14.3696,6249.19
110,3,0,4,14.9398,9126.78,0,0,0
111,3,0,4,14.9375,9110.9
1968,3,0,4,14.928,9046.21
114,3,0,4,14.9225,9011.48
1719,3,0,4,14.8845,8806.45
1720,3,0,4,14.8694,8723.98
1718,3,0,4,14.8636,8691.43
129,3,0,4,14.8384,8552.36
134,3,0,4,14.8324,8519.39
133,3,0,4,14.82,8452.87
138,3,0,4,14.7991,8348.28
184,3,0,4,14.7828,8259.74
440,3,0,4,14.767,8172.12
451,3,0,4,14.7504,8085.93
1716,3,0,4,14.748,8069.5
462,3,0,4,14.7389,8022.43
1990,3,0,4,14.7318,7969.73
463,3,0,4,14.7131,7873.21
474,3,0,4,14.6978,7793.97
2140,3,0,4,14.6887,7752.64
2141,3,0,4,14.6809,7709.44
473,3,0,4,14.6807,7708.15
502,3,0,4,14.6716,7664.25
501,3,0,4,14.6661,7637.58
710,3,1,0,11.5484,1682.36,0.0443333,193.369,0.36,1
1543,3,1,0,11.5233,1546.36
459,3,1,0,11.5134,1483.42
458,3,1,0,11.5064,1437.75
456,3,1,0,11.4972,1376.86
457,3,1,0,11.4918,1346.64
454,3,1,0,11.4842,1292.68
455,3,1,0,11.4818,1278.37
453,3,1,0,11.4726,1212.8
446,3,1,0,11.464,1164.09
442,3,1,0,11.4558,1120.37
1857,3,1,0,11.4474,1076.3
441,3,1,0,11.4425,1051.98
185,3,1,0,11.4315,993.794
177,3,1,0,11.4189,927.553
184,3,1,0,11.3985,816.223
138,3,1,0,11.3828,730.3
133,3,1,0,11.3685,653.53
134,3,1,0,11.3609,601.574
129,3,1,0,11.3533,561.93
1718,3,1,0,11.3269,417.674
1719,3,1,0,11.3102,325.295
114,3,1,0,11.2723,120.486
1968,3,1,0,11.2653,81.9493
110,3,1,0,11.25,0
110,3,1,1,11.8992,3629.63,0,0,0
1968,3,1,1,11.8841,3548.6
114,3,1,1,11.8789,3514.27
1719,3,1,1,11.8359,3287.66
1718,3,1,1,11.8205,3200.61
129,3,1,1,11.796,3064.75
134,3,1,1,11.7896,3030.36
133,3,1,1,11.7768,2962.15
138,3,1,1,11.756,2857.57
184,3,1,1,11.7367,2756.61
440,3,1,1,11.7201,2665.42
451,3,1,1,11.7013,2569.71
1716,3,1,1,11.6989,2553.28
462,3,1,1,11.6885,2500.86
1990,3,1,1,11.6806,2447.83
452,3,1,1,11.6756,2415.39
453,3,1,1,11.6643,2328.21
455,3,1,1,11.6519,2258.28
454,3,1,1,11.649,2242.66
457,3,1,1,11.6423,2188.7
456,3,1,1,11.6372,2159.26
458,3,1,1,11.6277,2098.11
459,3,1,1,11.6218,2053.01
1543,3,1,1,11.6125,1990.78
710,3,1,1,11.5928,1875.73
410,4,0,0,13.4143,1471.19,0.074,322.766,0.11,1
398,4,0,0,13.414,1469.98
397,4,0,0,13.4032,1408.71
390,4,0,0,13.3833,1305.9
382,4,0,0,13.3669,1218.33
376,4,0,0,13.3499,1125.74
369,4,0,0,13.3301,1019.33
360,4,0,0,13.3091,906.015
361,4,0,0,13.2946,828.632
128,4,0,0,13.2395,523.193
126,4,0,0,13.231,479.066
125,4,0,0,13.2218,432.83
118,4,0,0,13.187,247.521
1968,4,0,0,13.1548,79.7523
110,4,0,0,13.14,0
1016,4,0,1,13.7027,2978.6,0.0561667,244.982,0.25,2
1010,4,0,1,13.6936,2930.95
2026,4,0,1,13.6662,2797.16
2027,4,0,1,13.6611,2771.32
1998,4,0,1,13.6507,2718.62
1997,4,0,1,13.6421,2675.01
1996,4,0,1,13.6362,2646.71
1995,4,0,1,13.628,2608.39
1993,4,0,1,13.6189,2564.72
1994,4,0,1,13.6146,2543.23
562,4,0,1,13.6051,2494.18
563,4,0,1,13.6014,2475.26
564,4,0,1,13.5957,2444.42
557,4,0,1,13.5898,2411.34
561,4,0,1,13.5831,2364.8
628,4,0,1,13.5788,2339.43
609,4,0,1,13.5666,2263.63
423,4,0,1,13.5607,2207.31
419,4,0,1,13.5554,2172.47
418,4,0,1,13.5371,2074.91
2139,4,0,1,13.5338,2055.44
2138,4,0,1,13.5174,1962.7
411,4,0,1,13.5051,1893.38
412,4,0,1,13.503,1873.87
398,4,0,1,13.4886,1795.16
410,4,0,1,13.4883,1793.95
1402,4,0,2,14.0235,4590.97,0.0816667,356.205,0.16,3
1390,4,0,2,14.0144,4540.91
1382,4,0,2,13.9889,4410.86
1362,4,0,2,13.9683,4300.86
1361,4,0,2,13.9641,4277.69
1354,4,0,2,13.9641,4277.5
1355,4,0,2,13.9576,4243
2076,4,0,2,13.9558,4233.89
1356,4,0,2,13.9482,4194.54
1357,4,0,2,13.9474,4190.82
1349,4,0,2,13.9347,4125.87
1348,4,0,2,13.9341,4122.44
1340,4,0,2,13.9336,4119.9
1339,4,0,2,13.928,4091.16
1330,4,0,2,13.9073,3982.42
1161,4,0,2,13.8979,3934.51
1162,4,0,2,13.8879,3881.51
1136,4,0,2,13.8692,3783.31
1138,4,0,2,13.8625,3748.95
1137,4,0,2,13.8566,3717.85
1123,4,0,2,13.8429,3651.7
1775,4,0,2,13.8343,3607.71
1102,4,0,2,13.8186,3528.52
1100,4,0,2,13.8044,3459.13
1101,4,0,2,13.7934,3402.48
1082,4,0,2,13.785,3360.52
1079,4,0,2,13.7759,3313.5
1061,4,0,2,13.7716,3292.21
1063,4,0,2,13.7684,3275.37
1062,4,0,2,13.7674,3268.33
2159,4,0,2,13.7672,3267.35
1045,4,0,2,13.7665,3264.2
1043,4,0,2,13.7632,3247.52
2029,4,0,2,13.7631,3247.1
1016,4,0,2,13.7588,3223.58
501,4,0,3,14.5255,7106.11,0.107,466.702,0.18,4
1747,4,0,3,14.5195,7076.89
1746,4,0,3,14.4909,6934.48
540,4,0,3,14.4739,6848.54
541,4,0,3,14.4614,6786.03
572,4,0,3,14.4509,6732.79
567,4,0,3,14.4408,6679.38
565,4,0,3,14.4386,6665.89
562,4,0,3,14.4319,6631.38
639,4,0,3,14.4285,6613.94
638,4,0,3,14.4228,6584.27
637,4,0,3,14.4178,6559.24
685,4,0,3,14.4068,6505.46
687,4,0,3,14.4016,6479.43
971,4,0,3,14.3869,6410.53
972,4,0,3,14.3796,6374.32
973,4,0,3,14.3649,6305.19
1008,4,0,3,14.3552,6257.09
1009,4,0,3,14.343,6195.51
1041,4,0,3,14.3429,6194.82
1059,4,0,3,14.334,6149.99
1058,4,0,3,14.329,6124.74
1075,4,0,3,14.3115,6034.67
1072,4,0,3,14.3015,5983.22
1071,4,0,3,14.2913,5932.75
1090,4,0,3,14.2852,5895.53
1089,4,0,3,14.2791,5862.2
1119,4,0,3,14.2705,5816.31
1118,4,0,3,14.2643,5782.73
2044,4,0,3,14.2491,5703.16
2169,4,0,3,14.2411,5662.14
2171,4,0,3,14.2364,5637.99
1549,4,0,3,14.2287,5597.84
1147,4,0,3,14.2212,5559.46
1327,4,0,3,14.1928,5411.48
1343,4,0,3,14.1922,5408.75
1355,4,0,3,14.1655,5269.33
1364,4,0,3,14.1654,5269.12
1362,4,0,3,14.1556,5217.14
1382,4,0,3,14.1356,5109.31
1390,4,0,3,14.1141,4996.14
1402,4,0,3,14.1052,4947.17
110,4,0,4,14.9062,9062.01,0,0,0
111,4,0,4,14.9038,9046.13
1968,4,0,4,14.8944,8981.46
114,4,0,4,14.8888,8946.72
1719,4,0,4,14.8508,8741.69
1720,4,0,4,14.8358,8659.22
1718,4,0,4,14.83,8626.67
129,4,0,4,14.8048,8487.6
134,4,0,4,14.7988,8454.63
133,4,0,4,14.7864,8388.1
138,4,0,4,14.7655,8283.52
184,4,0,4,14.7492,8194.98
440,4,0,4,14.7333,8107.36
451,4,0,4,14.7168,8021.16
1716,4,0,4,14.7144,8004.74
462,4,0,4,14.7052,7957.67
1990,4,0,4,14.6982,7904.97
463,4,0,4,14.6795,7808.45
474,4,0,4,14.6641,7729.21
2140,4,0,4,14.6551,7687.88
2141,4,0,4,14.6473,7644.68
473,4,0,4,14.647,7643.39
502,4,0,4,14.638,7599.49
501,4,0,4,14.6325,7572.81
710,4,1,0,11.5484,1682.36,0.0443333,193.369,0.36,1
1543,4,1,0,11.5233,1546.36
459,4,1,0,11.5134,1483.42
458,4,1,0,11.5064,1437.75
456,4,1,0,11.4972,1376.86
457,4,1,0,11.4918,1346.64
454,4,1,0,11.4842,1292.68
455,4,1,0,11.4818,1278.37
453,4,1,0,11.4726,1212.8
446,4,1,0,11.464,1164.09
442,4,1,0,11.4558,1120.37
1857,4,1,0,11.4474,1076.3
441,4,1,0,11.4425,1051.98
185,4,1,0,11.4315,993.794
177,4,1,0,11.4189,927.553
184,4,1,0,11.3985,816.223
138,4,1,0,11.3828,730.3
133,4,1,0,11.3685,653.53
134,4,1,0,11.3609,601.574
129,4,1,0,11.3533,561.93
1718,4,1,0,11.3269,417.674
1719,4,1,0,11.3102,325.295
114,4,1,0,11.2723,120.486
1968,4,1,0,11.2653,81.9493
110,4,1,0,11.25,0
110,4,1,1,11.8992,3629.63,0,0,0
1968,4,1,1,11.8841,3548.6
114,4,1,1,11.8789,3514.27
1719,4,1,1,11.8359,3287.66
1718,4,1,1,11.8205,3200.61
129,4,1,1,11.796,3064.75
134,4,1,1,11.7896,3030.36
133,4,1,1,11.7768,2962.15
138,4,1,1,11.756,2857.57
184,4,1,1,11.7367,2756.61
440,4,1,1,11.7201,2665.42
451,4,1,1,11.7013,2569.71
1716,4,1,1,11.6989,2553.28
462,4,1,1,11.6885,2500.86
1990,4,1,1,11.6806,2447.83
452,4,1,1,11.6756,2415.39
453,4,1,1,11.6643,2328.21
455,4,1,1,11.6519,2258.28
454,4,1,1,11.649,2242.66
457,4,1,1,11.6423,2188.7
456,4,1,1,11.6372,2159.26
458,4,1,1,11.6277,2098.11
459,4,1,1,11.6218,2053.01
1543,4,1,1,11.6125,1990.78
710,4,1,1,11.5928,1875.73
710,5,0,0,13.5525,1706.65,0.0466667,203.546,0.45,1
1543,5,0,0,13.5294,1579.59
459,5,0,0,13.5202,1517.38
458,5,0,0,13.5127,1471.15
456,5,0,0,13.5034,1410.12
457,5,0,0,13.4975,1377.61
454,5,0,0,13.4898,1323.63
455,5,0,0,13.4872,1308.67
453,5,0,0,13.4785,1243.21
446,5,0,0,13.4702,1195.77
442,5,0,0,13.4585,1137.28
1857,5,0,0,13.4497,1091.26
441,5,0,0,13.4436,1062.09
185,5,0,0,13.4326,1004.16
177,5,0,0,13.4203,938.786
184,5,0,0,13.4003,829.279
138,5,0,0,13.3836,739.414
133,5,0,0,13.3697,664.29
134,5,0,0,13.3621,612.333
129,5,0,0,13.355,574.749
1718,5,0,0,13.3291,432.78
1720,5,0,0,13.322,394.625
1719,5,0,0,13.3093,321.152
114,5,0,0,13.2716,117.424
1968,5,0,0,13.2648,79.7523
110,5,0,0,13.25,0
1402,5,0,1,14.0003,4027.57,0.0816667,356.205,0.16,2
1390,5,0,1,13.9911,3977.52
1382,5,0,1,13.9609,3827.77
1362,5,0,1,13.9382,3708.77
1361,5,0,1,13.9332,3681.77
1354,5,0,1,13.9331,3681.58
1355,5,0,1,13.9206,3621.92
2076,5,0,1,13.9188,3612.81
1356,5,0,1,13.9104,3570.09
1357,5,0,1,13.9096,3566.38
1349,5,0,1,13.8961,3498.2
1348,5,0,1,13.8955,3494.87
1340,5,0,1,13.895,3492.33
1339,5,0,1,13.8897,3464.61
1329,5,0,1,13.8787,3406.27
1158,5,0,1,13.8637,3329.94
2048,5,0,1,13.8436,3223.82
1151,5,0,1,13.8338,3171.97
1134,5,0,1,13.828,3141.99
1133,5,0,1,13.823,3115.82
1122,5,0,1,13.8116,3058.27
1096,5,0,1,13.786,2931.66
1099,5,0,1,13.7812,2907
1098,5,0,1,13.7739,2870.34
1101,5,0,1,13.7545,2772.1
1082,5,0,1,13.7461,2730.13
1079,5,0,1,13.737,2683.11
1061,5,0,1,13.7327,2661.83
1063,5,0,1,13.7295,2644.99
1062,5,0,1,13.7285,2637.95
2159,5,0,1,13.7283,2636.96
1045,5,0,1,13.7276,2633.81
1012,5,0,1,13.7204,2592.83
2028,5,0,1,13.7123,2547.36
989,5,0,1,13.7089,2531.63
990,5,0,1,13.6988,2481.36
991,5,0,1,13.6963,2469.01
706,5,0,1,13.6892,2429.55
704,5,0,1,13.6866,2416.78
2179,5,0,1,13.6864,2415.92
662,5,0,1,13.6802,2386.27
602,5,0,1,13.669,2318.13
599,5,0,1,13.6645,2293.43
605,5,0,1,13.6593,2265.31
529,5,0,1,13.6428,2166.41
726,5,0,1,13.6266,2064.88
714,5,0,1,13.6264,2063
1543,5,0,1,13.6206,2030.56
710,5,0,1,13.5991,1910.19
1016,5,0,2,14.34,5736.79,0.0881667,384.556,0.22,3
2029,5,0,2,14.3356,5713.04
1043,5,0,2,14.3356,5712.63
2158,5,0,2,14.3287,5677.85
2030,5,0,2,14.3248,5658.01
1041,5,0,2,14.3196,5631.43
1059,5,0,2,14.3108,5586.59
1058,5,0,2,14.3058,5561.34
1075,5,0,2,14.2882,5471.27
1072,5,0,2,14.2782,5419.83
1071,5,0,2,14.268,5369.35
1090,5,0,2,14.262,5332.13
1089,5,0,2,14.2559,5298.81
1119,5,0,2,14.2473,5252.92
1118,5,0,2,14.2411,5219.33
2044,5,0,2,14.2259,5139.77
2169,5,0,2,14.2179,5098.75
2171,5,0,2,14.2132,5074.6
1549,5,0,2,14.2054,5034.45
1147,5,0,2,14.198,4996.06
1327,5,0,2,14.1696,4848.09
1343,5,0,2,14.169,4845.36
1355,5,0,2,14.1422,4705.94
1364,5,0,2,14.1422,4705.73
1362,5,0,2,14.1324,4653.75
1382,5,0,2,14.1123,4545.92
1390,5,0,2,14.0908,4432.75
1402,5,0,2,14.0819,4383.78
501,5,0,3,14.6177,7043.04,0.107,466.702,0.18,4
1747,5,0,3,14.608,6998.73
1746,5,0,3,14.5801,6859.39
1745,5,0,3,14.567,6796.1
1844,5,0,3,14.5491,6706.86
575,5,0,3,14.5467,6691.35
571,5,0,3,14.5438,6675.23
570,5,0,3,14.539,6651.95
569,5,0,3,14.5338,6626.63
640,5,0,3,14.5257,6587.72
649,5,0,3,14.5164,6545.19
646,5,0,3,14.5086,6508.67
691,5,0,3,14.5027,6479.77
689,5,0,3,14.4806,6375.77
979,5,0,3,14.4721,6336.17
980,5,0,3,14.4662,6307.77
978,5,0,3,14.4627,6289.58
1010,5,0,3,14.4479,6212.81
1016,5,0,3,14.4282,6121.35
110,5,0,4,14.9984,8998.94,0,0,0
111,5,0,4,14.996,8983.06
1968,5,0,4,14.9866,8918.38
114,5,0,4,14.981,8883.65
1719,5,0,4,14.9431,8678.61
1720,5,0,4,14.928,8596.14
1718,5,0,4,14.9222,8563.59
129,5,0,4,14.897,8424.52
134,5,0,4,14.891,8391.56
133,5,0,4,14.8786,8325.03
138,5,0,4,14.8577,8220.45
184,5,0,4,14.8414,8131.91
440,5,0,4,14.8256,8044.29
451,5,0,4,14.809,7958.09
1716,5,0,4,14.8066,7941.67
462,5,0,4,14.7975,7894.59
1990,5,0,4,14.7904,7841.9
463,5,0,4,14.7717,7745.38
474,5,0,4,14.7564,7666.14
2140,5,0,4,14.7473,7624.8
2141,5,0,4,14.7395,7581.6
473,5,0,4,14.7392,7580.32
502,5,0,4,14.7302,7536.42
501,5,0,4,14.7247,7509.74
410,5,1,0,11.4422,1462.66,0.0726667,316.95,0.06,1
398,5,1,0,11.4419,1461.45
397,5,1,0,11.4293,1392.89
390,5,1,0,11.4098,1291.33
382,5,1,0,11.3925,1199.86
376,5,1,0,11.3745,1103.09
369,5,1,0,11.355,998.232
360,5,1,0,11.3327,878.986
361,5,1,0,11.3201,809.873
128,5,1,0,11.2596,481.115
126,5,1,0,11.2523,442.296
125,5,1,0,11.246,408.059
118,5,1,0,11.2131,231.019
1968,5,1,0,11.1853,81.9493
110,5,1,0,11.17,0
110,5,1,1,11.7997,3360.63,0,0,0
1968,5,1,1,11.7846,3279.59
1969,5,1,1,11.7723,3203.08
115,5,1,1,11.7698,3188.51
2113,5,1,1,11.765,3162.69
2133,5,1,1,11.6441,2480.93
366,5,1,1,11.6404,2454.3
2134,5,1,1,11.6288,2390.2
2136,5,1,1,11.6163,2322.55
393,5,1,1,11.5836,2155.53
392,5,1,1,11.5656,2054.99
400,5,1,1,11.5453,1948.22
411,5,1,1,11.531,1874.15
412,5,1,1,11.5285,1855.14
398,5,1,1,11.5151,1780.81
410,5,1,1,11.5148,1779.61
410,6,0,0,11.7022,1462.66,0.0726667,316.95,0.06,1
398,6,0,0,11.7019,1461.45
397,6,0,0,11.6893,1392.89
390,6,0,0,11.6698,1291.33
382,6,0,0,11.6525,1199.86
376,6,0,0,11.6345,1103.09
369,6,0,0,11.615,998.232
360,6,0,0,11.5927,878.986
361,6,0,0,11.5801,809.873
128,6,0,0,11.5196,481.115
126,6,0,0,11.5123,442.296
125,6,0,0,11.506,408.059
118,6,0,0,11.4731,231.019
1968,6,0,0,11.4453,81.9493
110,6,0,0,11.43,0
710,6,0,1,11.9946,3117.52,0.0443333,193.369,0.36,2
1543,6,0,1,11.9731,2997.25
715,6,0,1,11.9683,2952.99
714,6,0,1,11.9644,2928.98
726,6,0,1,11.9642,2927.1
529,6,0,1,11.9505,2827.61
605,6,0,1,11.9357,2731
603,6,0,1,11.9306,2703.02
604,6,0,1,11.9263,2679.88
596,6,0,1,11.9262,2678.91
580,6,0,1,11.9178,2620.63
574,6,0,1,11.9005,2527.39
573,6,0,1,11.8905,2471.49
564,6,0,1,11.8828,2430.34
557,6,0,1,11.8767,2396.35
561,6,0,1,11.87,2349.83
628,6,0,1,11.8655,2324.18
609,6,0,1,11.8528,2247.52
423,6,0,1,11.8469,2191.2
419,6,0,1,11.8422,2156.76
418,6,0,1,11.8269,2071.84
2139,6,0,1,11.823,2050.41
2138,6,0,1,11.8046,1948.97
411,6,0,1,11.791,1874.15
412,6,0,1,11.7885,1855.14
398,6,0,1,11.7751,1780.81
410,6,0,1,11.7748,1779.61
501,6,0,2,12.1653,4004.15,0.102667,447.801,0.22,3
1747,6,0,2,12.1585,3971.54
505,6,0,2,12.1534,3945.32
506,6,0,2,12.1359,3864.64
507,6,0,2,12.1286,3829.61
510,6,0,2,12.1178,3778.53
509,6,0,2,12.1126,3753.11
508,6,0,2,12.1077,3726.5
512,6,0,2,12.0999,3687.28
511,6,0,2,12.0961,3668.12
2145,6,0,2,12.0954,3664.9
2146,6,0,2,12.0838,3600.57
529,6,0,2,12.0799,3564.4
726,6,0,2,12.0652,3464.31
714,6,0,2,12.065,3462.45
1543,6,0,2,12.0607,3432.49
710,6,0,2,12.0389,3310.88
1402,6,0,3,12.6748,6528.05,0.085,370.744,0.2,4
1390,6,0,3,12.6647,6473.65
1382,6,0,3,12.6422,6356.54
1362,6,0,3,12.6229,6251.71
1361,6,0,3,12.6184,6227.19
1354,6,0,3,12.6183,6227
1355,6,0,3,12.6129,6196.96
2076,6,0,3,12.6111,6187.84
1356,6,0,3,12.6023,6143.41
1357,6,0,3,12.6015,6139.69
1349,6,0,3,12.5882,6072.29
1348,6,0,3,12.5874,6067.95
1340,6,0,3,12.5869,6065.4
1339,6,0,3,12.5807,6034.28
1329,6,0,3,12.5683,5969.68
1158,6,0,3,12.551,5883.85
2048,6,0,3,12.5308,5777.27
1131,6,0,3,12.5253,5748.9
1130,6,0,3,12.5195,5719.97
1129,6,0,3,12.5007,5631.33
1121,6,0,3,12.4814,5531.4
1095,6,0,3,12.4733,5492.59
1093,6,0,3,12.4656,5451.87
1074,6,0,3,12.4591,5415.67
1073,6,0,3,12.4473,5356.8
1057,6,0,3,12.4291,5264.11
1042,6,0,3,12.4238,5237.73
2030,6,0,3,12.4168,5200.7
1011,6,0,3,12.4167,5199.85
1547,6,0,3,12.4024,5129.73
1546,6,0,3,12.3973,5104.04
975,6,0,3,12.3941,5086.89
2026,6,0,3,12.388,5054.16
2027,6,0,3,12.3804,5018.35
1998,6,0,3,12.3704,4967.25
1997,6,0,3,12.3622,4925.17
1996,6,0,3,12.3559,4895.54
1995,6,0,3,12.3493,4863.46
1993,6,0,3,12.3442,4836.65
1994,6,0,3,12.34,4815.17
572,6,0,3,12.3329,4776.05
541,6,0,3,12.324,4729.48
540,6,0,3,12.3133,4674.57
1754,6,0,3,12.3047,4630.38
518,6,0,3,12.2961,4587.43
500,6,0,3,12.2905,4559
501,6,0,3,12.2679,4451.95
1016,6,0,4,13.0252,8276.7,0.0561667,244.982,0.25,5
2029,6,0,4,13.0186,8243.69
1043,6,0,4,13.0186,8243.27
2158,6,0,4,13.0095,8199.12
2030,6,0,4,13.0055,8179.29
1041,6,0,4,13.0008,8154.3
1059,6,0,4,12.9926,8112.46
1058,6,0,4,12.9874,8086.4
1056,6,0,4,12.981,8051.96
1072,6,0,4,12.9634,7961.06
1071,6,0,4,12.9552,7918.96
1090,6,0,4,12.9469,7874.32
1089,6,0,4,12.9403,7838.46
1119,6,0,4,12.9332,7799.23
1118,6,0,4,12.9264,7763.03
2044,6,0,4,12.9103,7679.78
2169,6,0,4,12.9038,7644.9
2171,6,0,4,12.8996,7622.76
2046,6,0,4,12.8934,7591.54
1778,6,0,4,12.868,7463.03
1327,6,0,4,12.8567,7402.25
1343,6,0,4,12.8561,7399.52
1355,6,0,4,12.8314,7268.7
1364,6,0,4,12.8313,7268.49
1362,6,0,4,12.8211,7214.86
1382,6,0,4,12.7917,7067.27
1390,6,0,4,12.7707,6956.63
1402,6,0,4,12.7598,6898.79
110,6,0,5,13.5032,10718,0,0,0
1968,6,0,5,13.4881,10637.2
114,6,0,5,13.4823,10602
1719,6,0,5,13.4467,10407.2
1718,6,0,5,13.4284,10307.8
129,6,0,5,13.4041,10172.7
134,6,0,5,13.3968,10134.3
133,6,0,5,13.3841,10066.7
138,6,0,5,13.3633,9962.14
184,6,0,5,13.3456,9867.87
440,6,0,5,13.3246,9758.01
451,6,0,5,13.3082,9672.59
1716,6,0,5,13.3058,9656.17
462,6,0,5,13.2986,9617.35
1990,6,0,5,13.2908,9564.31
463,6,0,5,13.2736,9474.27
474,6,0,5,13.2598,9401.28
2140,6,0,5,13.2516,9363.45
475,6,0,5,13.2449,9332.18
499,6,0,5,13.2371,9292.59
500,6,0,5,13.2325,9269.18
518,6,0,5,13.227,9241
1754,6,0,5,13.2138,9179.14
540,6,0,5,13.2052,9135.24
541,6,0,5,13.1945,9080.09
572,6,0,5,13.1858,9034.33
1994,6,0,5,13.1761,8984.05
1993,6,0,5,13.1718,8962.57
1995,6,0,5,13.165,8928.2
1996,6,0,5,13.1589,8898.26
1997,6,0,5,13.155,8878.36
2027,6,0,5,13.1301,8757.58
2026,6,0,5,13.1243,8729.1
978,6,0,5,13.1153,8687.1
1010,6,0,5,13.1015,8614.98
1016,6,0,5,13.0814,8521.68
410,7,0,0,11.7022,1462.66,0.0726667,316.95,0.06,1
398,7,0,0,11.7019,1461.45
397,7,0,0,11.6893,1392.89
390,7,0,0,11.6698,1291.33
382,7,0,0,11.6525,1199.86
376,7,0,0,11.6345,1103.09
369,7,0,0,11.615,998.232
360,7,0,0,11.5927,878.986
361,7,0,0,11.5801,809.873
128,7,0,0,11.5196,481.115
126,7,0,0,11.5123,442.296
125,7,0,0,11.506,408.059
118,7,0,0,11.4731,231.019
1968,7,0,0,11.4453,81.9493
110,7,0,0,11.43,0
710,7,0,1,11.9946,3117.52,0.0443333,193.369,0.36,2
1543,7,0,1,11.9731,2997.25
715,7,0,1,11.9683,2952.99
714,7,0,1,11.9644,2928.98
726,7,0,1,11.9642,2927.1
529,7,0,1,11.9505,2827.61
605,7,0,1,11.9357,2731
603,7,0,1,11.9306,2703.02
604,7,0,1,11.9263,2679.88
596,7,0,1,11.9262,2678.91
580,7,0,1,11.9178,2620.63
574,7,0,1,11.9005,2527.39
573,7,0,1,11.8905,2471.49
564,7,0,1,11.8828,2430.34
557,7,0,1,11.8767,2396.35
561,7,0,1,11.87,2349.83
628,7,0,1,11.8655,2324.18
609,7,0,1,11.8528,2247.52
423,7,0,1,11.8469,2191.2
419,7,0,1,11.8422,2156.76
418,7,0,1,11.8269,2071.84
2139,7,0,1,11.823,2050.41
2138,7,0,1,11.8046,1948.97
411,7,0,1,11.791,1874.15
412,7,0,1,11.7885,1855.14
398,7,0,1,11.7751,1780.81
410,7,0,1,11.7748,1779.61
1402,7,0,2,12.4187,5338.74,0.085,370.744,0.2,3
1390,7,0,2,12.4086,5284.34
1382,7,0,2,12.3861,5167.23
1362,7,0,2,12.3668,5062.4
1361,7,0,2,12.3623,5037.88
1354,7,0,2,12.3623,5037.69
1355,7,0,2,12.3568,5007.65
2076,7,0,2,12.355,4998.54
1356,7,0,2,12.3462,4954.1
1357,7,0,2,12.3454,4950.38
1349,7,0,2,12.3321,4882.98
1348,7,0,2,12.3313,4878.64
1340,7,0,2,12.3308,4876.09
1339,7,0,2,12.3246,4844.97
1329,7,0,2,12.3122,4780.37
1158,7,0,2,12.2949,4694.54
2048,7,0,2,12.2746,4587.66
1131,7,0,2,12.2694,4560.43
1130,7,0,2,12.2636,4531.5
1129,7,0,2,12.2443,4440.71
1121,7,0,2,12.225,4340.78
1095,7,0,2,12.2169,4301.97
1093,7,0,2,12.2092,4261.25
1074,7,0,2,12.2026,4225.05
1077,7,0,2,12.1923,4170.99
1080,7,0,2,12.179,4104.54
1079,7,0,2,12.1714,4065.86
1061,7,0,2,12.1671,4044.57
1063,7,0,2,12.1637,4026.76
1062,7,0,2,12.1626,4019.69
2159,7,0,2,12.1625,4018.79
1045,7,0,2,12.1618,4015.64
1012,7,0,2,12.1545,3974.66
1014,7,0,2,12.1541,3972.45
989,7,0,2,12.1436,3916.59
990,7,0,2,12.1336,3866.33
704,7,0,2,12.1223,3808.59
2179,7,0,2,12.1221,3807.73
662,7,0,2,12.1159,3778.08
602,7,0,2,12.1049,3710.39
599,7,0,2,12.101,3688.16
605,7,0,2,12.0972,3664.41
529,7,0,2,12.0799,3564.4
726,7,0,2,12.0652,3464.31
714,7,0,2,12.065,3462.45
1543,7,0,2,12.0607,3432.49
710,7,0,2,12.0389,3310.88
1016,7,0,3,12.7691,7087.39,0.0438333,191.188,0.28,4
2029,7,0,3,12.7626,7054.38
1043,7,0,3,12.7625,7053.96
2158,7,0,3,12.7534,7009.82
2030,7,0,3,12.7494,6989.98
1041,7,0,3,12.7447,6964.99
1059,7,0,3,12.7365,6923.15
1058,7,0,3,12.7313,6897.09
1056,7,0,3,12.7249,6862.66
1072,7,0,3,12.7073,6771.76
1071,7,0,3,12.6991,6729.65
1090,7,0,3,12.6909,6685.01
1089,7,0,3,12.6842,6649.15
1119,7,0,3,12.6771,6609.92
1118,7,0,3,12.6703,6573.72
2044,7,0,3,12.6542,6490.47
2169,7,0,3,12.6477,6455.59
2171,7,0,3,12.6435,6433.46
2046,7,0,3,12.6373,6402.23
1778,7,0,3,12.6119,6273.72
1327,7,0,3,12.6006,6212.94
1343,7,0,3,12.6,6210.21
1355,7,0,3,12.5753,6079.39
1364,7,0,3,12.5752,6079.18
1362,7,0,3,12.565,6025.55
1382,7,0,3,12.5356,5877.96
1390,7,0,3,12.5147,5767.32
1402,7,0,3,12.5037,5709.48
501,7,0,4,13.0036,8204.08,0.0531667,231.897,0.2,5
1747,7,0,4,12.9969,8171.47
1746,7,0,4,12.9677,8026.97
1745,7,0,4,12.9568,7972.91
1844,7,0,4,12.9362,7872.68
575,7,0,4,12.9335,7856.62
571,7,0,4,12.9297,7836.65
570,7,0,4,12.9251,7814.32
569,7,0,4,12.9194,7786.73
640,7,0,4,12.9141,7759.71
649,7,0,4,12.9076,7728.37
646,7,0,4,12.9012,7697.49
691,7,0,4,12.8934,7660.73
689,7,0,4,12.8696,7549.84
979,7,0,4,12.8599,7505.8
980,7,0,4,12.8547,7479.73
978,7,0,4,12.8511,7461.24
1010,7,0,4,12.8354,7381.09
1016,7,0,4,12.8129,7278.58
110,7,0,5,13.3289,9896.75,0,0,0
1968,7,0,5,13.3139,9815.95
114,7,0,5,13.308,9780.76
1719,7,0,5,13.2727,9587.5
1718,7,0,5,13.2547,9488.96
129,7,0,5,13.2307,9355.21
134,7,0,5,13.2258,9326.7
133,7,0,5,13.2138,9261.86
138,7,0,5,13.1929,9157.28
184,7,0,5,13.1761,9066.89
440,7,0,5,13.1536,8950.51
451,7,0,5,13.1372,8865.09
1716,7,0,5,13.1348,8848.67
462,7,0,5,13.1276,8809.85
1990,7,0,5,13.1198,8756.81
463,7,0,5,13.1026,8666.78
474,7,0,5,13.0888,8593.78
2140,7,0,5,13.0806,8555.95
2141,7,0,5,13.0724,8510.97
473,7,0,5,13.0722,8510.21
502,7,0,5,13.0632,8466.31
501,7,0,5,13.0568,8435.98
501,8,0,0,11.7539,1433.41,0.0743333,324.22,0.22,1
502,8,0,0,11.7486,1407.87
473,8,0,0,11.739,1361.69
2141,8,0,0,11.7388,1360.71
2140,8,0,0,11.7304,1314.68
475,8,0,0,11.7275,1299.26
474,8,0,0,11.7234,1278.25
463,8,0,0,11.7086,1201.35
1990,8,0,0,11.6951,1126.94
462,8,0,0,11.6864,1072.9
461,8,0,0,11.684,1058.4
1716,8,0,0,11.6758,1015.28
451,8,0,0,11.6714,992.322
440,8,0,0,11.6554,908.617
184,8,0,0,11.6385,816.223
138,8,0,0,11.6228,730.3
133,8,0,0,11.6085,653.53
134,8,0,0,11.6009,601.574
129,8,0,0,11.5933,561.93
1718,8,0,0,11.5669,417.674
1719,8,0,0,11.5502,325.295
114,8,0,0,11.5123,120.486
1968,8,0,0,11.5053,81.9493
110,8,0,0,11.49,0
710,8,0,1,11.958,2453.47,0.0443333,193.369,0.36,2
1543,8,0,1,11.9366,2333.21
459,8,0,1,11.9263,2269.8
488,8,0,1,11.8976,2112.91
2144,8,0,1,11.8809,2022.7
486,8,0,1,11.8796,2016.25
482,8,0,1,11.872,1976.94
2142,8,0,1,11.8669,1949.91
2143,8,0,1,11.8665,1948.14
480,8,0,1,11.8661,1946.24
478,8,0,1,11.8619,1924.17
477,8,0,1,11.8538,1881.98
1750,8,0,1,11.85,1861.72
2141,8,0,1,11.8436,1831.93
473,8,0,1,11.8434,1830.73
502,8,0,1,11.8343,1786.83
501,8,0,1,11.8282,1757.63
1016,8,0,2,12.1292,3369.07,0.0438333,191.188,0.28,3
1548,8,0,2,12.1223,3333.03
1012,8,0,2,12.118,3310.61
1014,8,0,2,12.1176,3308.41
989,8,0,2,12.1071,3252.55
990,8,0,2,12.0971,3202.29
704,8,0,2,12.0857,3144.55
2179,8,0,2,12.0855,3143.68
662,8,0,2,12.0793,3114.04
602,8,0,2,12.0684,3046.34
599,8,0,2,12.0645,3024.12
605,8,0,2,12.0606,3000.37
529,8,0,2,12.0434,2900.36
726,8,0,2,12.0286,2800.27
714,8,0,2,12.0284,2798.41
1543,8,0,2,12.0242,2768.44
710,8,0,2,12.0024,2646.84
1402,8,0,3,12.4363,4918.69,0.085,370.744,0.2,4
1390,8,0,3,12.4262,4864.29
1382,8,0,3,12.403,4743.98
1362,8,0,3,12.3791,4619.7
1361,8,0,3,12.3742,4593.25
1354,8,0,3,12.3741,4593.06
1355,8,0,3,12.3678,4559.22
2076,8,0,3,12.366,4550.11
1356,8,0,3,12.3602,4518.45
1357,8,0,3,12.3594,4514.73
1349,8,0,3,12.3482,4456.01
1348,8,0,3,12.3472,4450.96
1340,8,0,3,12.3467,4448.42
1339,8,0,3,12.3407,4417.99
1329,8,0,3,12.3278,4351.43
1158,8,0,3,12.3137,4278.91
2048,8,0,3,12.2934,4171.91
1131,8,0,3,12.2882,4144.68
1130,8,0,3,12.2824,4115.75
1129,8,0,3,12.263,4024.95
1121,8,0,3,12.2437,3925.02
1095,8,0,3,12.2357,3886.22
1093,8,0,3,12.228,3845.49
1074,8,0,3,12.2214,3809.29
1077,8,0,3,12.2111,3755.24
1080,8,0,3,12.1978,3688.79
1079,8,0,3,12.1901,3650.11
1061,8,0,3,12.1859,3628.82
1063,8,0,3,12.1825,3611.01
1062,8,0,3,12.1814,3603.94
2159,8,0,3,12.1812,3603.04
1045,8,0,3,12.1805,3599.89
1043,8,0,3,12.1774,3584.03
2029,8,0,3,12.1773,3583.62
1016,8,0,3,12.1731,3560.25
410,8,0,4,12.932,7451.77,0.109667,478.333,0.09,5
1986,8,0,4,12.9064,7326.03
883,8,0,4,12.8771,7172.67
882,8,0,4,12.8654,7109.1
2155,8,0,4,12.8616,7090.37
901,8,0,4,12.8281,6915.07
902,8,0,4,12.8143,6841.86
904,8,0,4,12.7996,6764.46
925,8,0,4,12.7768,6639.44
2019,8,0,4,12.7709,6610.13
929,8,0,4,12.7705,6608.15
938,8,0,4,12.7584,6542.02
950,8,0,4,12.7424,6460.99
951,8,0,4,12.736,6427.74
949,8,0,4,12.7244,6368.45
1302,8,0,4,12.6977,6228.78
1307,8,0,4,12.6825,6145
1308,8,0,4,12.6709,6083.95
1309,8,0,4,12.6535,5993.85
1314,8,0,4,12.6529,5990.98
2165,8,0,4,12.6339,5892.71
2071,8,0,4,12.6143,5786.86
1359,8,0,4,12.5944,5679.63
1370,8,0,4,12.5934,5675.18
1360,8,0,4,12.5707,5550.16
1382,8,0,4,12.5532,5457.91
1390,8,0,4,12.5323,5347.28
1402,8,0,4,12.5213,5289.44
110,8,0,5,13.3239,9505.78,0,0,0
1968,8,0,5,13.3088,9424.98
1969,8,0,5,13.2967,9348.63
115,8,0,5,13.2942,9334.21
2113,8,0,5,13.2894,9308.14
2133,8,0,5,13.1694,8630.62
366,8,0,5,13.1657,8603.99
2134,8,0,5,13.1547,8542.45
2136,8,0,5,13.1428,8477.53
393,8,0,5,13.1137,8325.64
401,8,0,5,13.0989,8247.18
400,8,0,5,13.0728,8104.08
411,8,0,5,13.0585,8029.53
412,8,0,5,13.0564,8010.02
398,8,0,5,13.042,7931.31
410,8,0,5,13.0417,7930.1
410,9,0,0,11.9722,1462.66,0.0726667,316.95,0.06,1
398,9,0,0,11.9719,1461.45
397,9,0,0,11.9593,1392.89
390,9,0,0,11.9398,1291.33
382,9,0,0,11.9225,1199.86
376,9,0,0,11.9045,1103.09
369,9,0,0,11.885,998.232
360,9,0,0,11.8627,878.986
361,9,0,0,11.8501,809.873
128,9,0,0,11.7896,481.115
126,9,0,0,11.7823,442.296
125,9,0,0,11.776,408.059
118,9,0,0,11.7431,231.019
1968,9,0,0,11.7153,81.9493
110,9,0,0,11.7,0
1402,9,0,1,12.4552,3950.11,0.085,370.744,0.2,2
1390,9,0,1,12.445,3895.71
1382,9,0,1,12.4226,3778.6
1362,9,0,1,12.4032,3673.78
1361,9,0,1,12.3987,3649.26
1354,9,0,1,12.3987,3649.07
2188,9,0,1,12.3923,3615.31
2075,9,0,1,12.3713,3507.36
1822,9,0,1,12.3705,3503.36
1353,9,0,1,12.3615,3457.62
2118,9,0,1,12.34,3341.45
2117,9,0,1,12.3375,3316.82
2164,9,0,1,12.3202,3203.67
1307,9,0,1,12.3036,3116.68
1302,9,0,1,12.287,3026.44
949,9,0,1,12.2642,2903.64
2025,9,0,1,12.2608,2886.18
1598,9,0,1,12.2574,2867.22
948,9,0,1,12.2506,2832.53
928,9,0,1,12.239,2769.48
923,9,0,1,12.2027,2588.73
924,9,0,1,12.1944,2549.42
914,9,0,1,12.174,2442.33
902,9,0,1,12.1678,2407.32
887,9,0,1,12.1511,2322.03
2012,9,0,1,12.1336,2230.38
884,9,0,1,12.1292,2207.45
1987,9,0,1,12.0917,2017.46
413,9,0,1,12.0724,1919.77
414,9,0,1,12.0671,1892.12
410,9,0,1,12.0448,1779.61
1016,9,0,2,12.8055,5698.77,0.0438333,191.188,0.28,3
2029,9,0,2,12.799,5665.75
1043,9,0,2,12.7989,5665.34
2158,9,0,2,12.7898,5621.19
2030,9,0,2,12.7859,5601.35
1041,9,0,2,12.7811,5576.37
1059,9,0,2,12.773,5534.52
1058,9,0,2,12.7678,5508.47
1056,9,0,2,12.7613,5474.03
1072,9,0,2,12.7437,5383.13
1071,9,0,2,12.7355,5341.02
1090,9,0,2,12.7273,5296.38
1089,9,0,2,12.7206,5260.53
1119,9,0,2,12.7136,5221.29
1118,9,0,2,12.7068,5185.09
2044,9,0,2,12.6907,5101.85
2169,9,0,2,12.6841,5066.97
2171,9,0,2,12.6799,5044.83
2046,9,0,2,12.6737,5013.6
1778,9,0,2,12.6483,4885.09
1327,9,0,2,12.6371,4824.32
1343,9,0,2,12.6365,4821.58
1355,9,0,2,12.6117,4690.77
1364,9,0,2,12.6117,4690.56
1362,9,0,2,12.6015,4636.93
1382,9,0,2,12.572,4489.33
1390,9,0,2,12.5511,4378.7
1402,9,0,2,12.5402,4320.85
710,9,0,3,13.0117,6815.76,0.0466667,203.546,0.45,4
1543,9,0,3,12.9893,6691.56
715,9,0,3,12.9845,6647.41
714,9,0,3,12.9805,6623.26
726,9,0,3,12.9803,6621.4
529,9,0,3,12.9662,6521.75
605,9,0,3,12.9513,6425.08
603,9,0,3,12.945,6392.01
2202,9,0,3,12.9416,6371.22
602,9,0,3,12.9372,6345.93
1851,9,0,3,12.9264,6275.39
1852,9,0,3,12.9215,6251.31
706,9,0,3,12.9083,6186.8
991,9,0,3,12.8965,6126.72
2028,9,0,3,12.8858,6074.05
1012,9,0,3,12.8723,6005.34
1045,9,0,3,12.8568,5929.59
1043,9,0,3,12.8537,5913.73
2029,9,0,3,12.8536,5913.32
1016,9,0,3,12.8494,5889.95
501,9,0,4,13.1807,7687.73,0.0531667,231.897,0.2,5
1747,9,0,4,13.1748,7658.71
505,9,0,4,13.1683,7627.22
506,9,0,4,13.1541,7559.45
507,9,0,4,13.1472,7526.06
510,9,0,4,13.1384,7483.31
509,9,0,4,13.1345,7463.11
508,9,0,4,13.1291,7434.34
512,9,0,4,13.1209,7393.3
511,9,0,4,13.1177,7376.55
2145,9,0,4,13.117,7373.34
2146,9,0,4,13.1059,7311.58
529,9,0,4,13.102,7275.53
726,9,0,4,13.0859,7173.99
714,9,0,4,13.0857,7172.11
1543,9,0,4,13.0799,7139.68
710,9,0,4,13.0584,7019.31
110,9,0,5,13.506,9380.4,0,0,0
1968,9,0,5,13.4909,9299.59
114,9,0,5,13.4851,9264.41
1719,9,0,5,13.4498,9071.14
1718,9,0,5,13.4317,8972.6
129,9,0,5,13.4078,8838.85
134,9,0,5,13.4028,8810.34
133,9,0,5,13.3908,8745.51
138,9,0,5,13.37,8640.92
184,9,0,5,13.3532,8550.54
440,9,0,5,13.3306,8434.16
451,9,0,5,13.3143,8348.74
1716,9,0,5,13.3119,8332.31
462,9,0,5,13.3047,8293.49
1990,9,0,5,13.2969,8240.45
463,9,0,5,13.2797,8150.42
474,9,0,5,13.2658,8077.43
2140,9,0,5,13.2577,8039.59
2141,9,0,5,13.2495,7994.61
473,9,0,5,13.2493,7993.85
502,9,0,5,13.2403,7949.95
501,9,0,5,13.2338,7919.63
