Nodo,Individuo,Ruta,Segmento,Tiempo viaje,Costo viaje,Tiempo atencion,Costo atencion,Tasa fallo,Demanda
410,0,0,0,11.9822,1462.66,0.0726667,316.95,0.06,1
398,0,0,0,11.9819,1461.45
397,0,0,0,11.9693,1392.89
390,0,0,0,11.9498,1291.33
382,0,0,0,11.9325,1199.86
376,0,0,0,11.9145,1103.09
369,0,0,0,11.895,998.232
360,0,0,0,11.8727,878.986
361,0,0,0,11.8601,809.873
128,0,0,0,11.7996,481.115
126,0,0,0,11.7923,442.296
125,0,0,0,11.786,408.059
118,0,0,0,11.7531,231.019
1968,0,0,0,11.7253,81.9493
110,0,0,0,11.71,0
1402,0,0,1,12.4652,3950.11,0.085,370.744,0.2,2
1390,0,0,1,12.455,3895.71
1382,0,0,1,12.4326,3778.6
1362,0,0,1,12.4132,3673.78
1361,0,0,1,12.4087,3649.26
1354,0,0,1,12.4087,3649.07
2188,0,0,1,12.4023,3615.31
2075,0,0,1,12.3813,3507.36
1822,0,0,1,12.3805,3503.36
1353,0,0,1,12.3715,3457.62
2118,0,0,1,12.35,3341.45
2117,0,0,1,12.3475,3316.82
2164,0,0,1,12.3302,3203.67
1307,0,0,1,12.3136,3116.68
1302,0,0,1,12.297,3026.44
949,0,0,1,12.2742,2903.64
2025,0,0,1,12.2708,2886.18
1598,0,0,1,12.2674,2867.22
948,0,0,1,12.2606,2832.53
928,0,0,1,12.249,2769.48
923,0,0,1,12.2127,2588.73
924,0,0,1,12.2044,2549.42
914,0,0,1,12.184,2442.33
902,0,0,1,12.1778,2407.32
887,0,0,1,12.1611,2322.03
2012,0,0,1,12.1436,2230.38
884,0,0,1,12.1392,2207.45
1987,0,0,1,12.1017,2017.46
413,0,0,1,12.0824,1919.77
414,0,0,1,12.0771,1892.12
410,0,0,1,12.0548,1779.61
1016,0,0,2,12.8155,5698.77,0.0438333,191.188,0.28,3
2029,0,0,2,12.809,5665.75
1043,0,0,2,12.8089,5665.34
2158,0,0,2,12.7998,5621.19
2030,0,0,2,12.7959,5601.35
1041,0,0,2,12.7911,5576.37
1059,0,0,2,12.783,5534.52
1058,0,0,2,12.7778,5508.47
1056,0,0,2,12.7713,5474.03
1072,0,0,2,12.7537,5383.13
1071,0,0,2,12.7455,5341.02
1090,0,0,2,12.7373,5296.38
1089,0,0,2,12.7306,5260.53
1119,0,0,2,12.7236,5221.29
1118,0,0,2,12.7168,5185.09
2044,0,0,2,12.7007,5101.85
2169,0,0,2,12.6941,5066.97
2171,0,0,2,12.6899,5044.83
2046,0,0,2,12.6837,5013.6
1778,0,0,2,12.6583,4885.09
1327,0,0,2,12.6471,4824.32
1343,0,0,2,12.6465,4821.58
1355,0,0,2,12.6217,4690.77
1364,0,0,2,12.6217,4690.56
1362,0,0,2,12.6115,4636.93
1382,0,0,2,12.582,4489.33
1390,0,0,2,12.5611,4378.7
1402,0,0,2,12.5502,4320.85
710,0,0,3,13.0217,6815.76,0.0466667,203.546,0.45,4
1543,0,0,3,12.9993,6691.56
715,0,0,3,12.9945,6647.41
714,0,0,3,12.9905,6623.26
726,0,0,3,12.9903,6621.4
529,0,0,3,12.9762,6521.75
605,0,0,3,12.9613,6425.08
603,0,0,3,12.955,6392.01
2202,0,0,3,12.9516,6371.22
602,0,0,3,12.9472,6345.93
1851,0,0,3,12.9364,6275.39
1852,0,0,3,12.9315,6251.31
706,0,0,3,12.9183,6186.8
991,0,0,3,12.9065,6126.72
2028,0,0,3,12.8958,6074.05
1012,0,0,3,12.8823,6005.34
1045,0,0,3,12.8668,5929.59
1043,0,0,3,12.8637,5913.73
2029,0,0,3,12.8636,5913.32
1016,0,0,3,12.8594,5889.95
501,0,0,4,13.1907,7687.73,0.0531667,231.897,0.2,5
1747,0,0,4,13.1848,7658.71
505,0,0,4,13.1783,7627.22
506,0,0,4,13.1641,7559.45
507,0,0,4,13.1572,7526.06
510,0,0,4,13.1484,7483.31
509,0,0,4,13.1445,7463.11
508,0,0,4,13.1391,7434.34
512,0,0,4,13.1309,7393.3
511,0,0,4,13.1277,7376.55
2145,0,0,4,13.127,7373.34
2146,0,0,4,13.1159,7311.58
529,0,0,4,13.112,7275.53
726,0,0,4,13.0959,7173.99
714,0,0,4,13.0957,7172.11
1543,0,0,4,13.0899,7139.68
710,0,0,4,13.0684,7019.31
110,0,0,5,13.516,9380.4,0,0,0
1968,0,0,5,13.5009,9299.59
114,0,0,5,13.4951,9264.41
1719,0,0,5,13.4598,9071.14
1718,0,0,5,13.4417,8972.6
129,0,0,5,13.4178,8838.85
134,0,0,5,13.4128,8810.34
133,0,0,5,13.4008,8745.51
138,0,0,5,13.38,8640.92
184,0,0,5,13.3632,8550.54
440,0,0,5,13.3406,8434.16
451,0,0,5,13.3243,8348.74
1716,0,0,5,13.3219,8332.31
462,0,0,5,13.3147,8293.49
1990,0,0,5,13.3069,8240.45
463,0,0,5,13.2897,8150.42
474,0,0,5,13.2758,8077.43
2140,0,0,5,13.2677,8039.59
2141,0,0,5,13.2595,7994.61
473,0,0,5,13.2593,7993.85
502,0,0,5,13.2503,7949.95
501,0,0,5,13.2438,7919.63
410,1,0,0,11.5622,1462.66,0.0726667,316.95,0.06,1
398,1,0,0,11.5619,1461.45
397,1,0,0,11.5493,1392.89
390,1,0,0,11.5298,1291.33
382,1,0,0,11.5125,1199.86
376,1,0,0,11.4945,1103.09
369,1,0,0,11.475,998.232
360,1,0,0,11.4527,878.986
361,1,0,0,11.4401,809.873
128,1,0,0,11.3796,481.115
126,1,0,0,11.3723,442.296
125,1,0,0,11.366,408.059
118,1,0,0,11.3331,231.019
1968,1,0,0,11.3053,81.9493
110,1,0,0,11.29,0
710,1,0,1,11.8546,3117.52,0.0443333,193.369,0.36,2
1543,1,0,1,11.8331,2997.25
715,1,0,1,11.8283,2952.99
714,1,0,1,11.8244,2928.98
726,1,0,1,11.8242,2927.1
529,1,0,1,11.8105,2827.61
605,1,0,1,11.7957,2731
603,1,0,1,11.7906,2703.02
604,1,0,1,11.7863,2679.88
596,1,0,1,11.7862,2678.91
580,1,0,1,11.7778,2620.63
574,1,0,1,11.7605,2527.39
573,1,0,1,11.7505,2471.49
564,1,0,1,11.7428,2430.34
557,1,0,1,11.7367,2396.35
561,1,0,1,11.73,2349.83
628,1,0,1,11.7255,2324.18
609,1,0,1,11.7128,2247.52
423,1,0,1,11.7069,2191.2
419,1,0,1,11.7022,2156.76
418,1,0,1,11.6869,2071.84
2139,1,0,1,11.683,2050.41
2138,1,0,1,11.6646,1948.97
411,1,0,1,11.651,1874.15
412,1,0,1,11.6485,1855.14
398,1,0,1,11.6351,1780.81
410,1,0,1,11.6348,1779.61
110,1,0,2,12.2054,5064.79,0,0,0
1968,1,0,2,12.1903,4983.75
114,1,0,2,12.1851,4949.43
1719,1,0,2,12.1421,4722.82
1718,1,0,2,12.1266,4635.77
129,1,0,2,12.1022,4499.9
134,1,0,2,12.0958,4465.51
133,1,0,2,12.083,4397.31
138,1,0,2,12.0621,4292.72
184,1,0,2,12.0429,4191.76
440,1,0,2,12.0262,4100.57
451,1,0,2,12.0074,4004.86
1716,1,0,2,12.005,3988.43
462,1,0,2,11.9946,3936.01
1990,1,0,2,11.9868,3882.98
452,1,0,2,11.9818,3850.54
453,1,0,2,11.9704,3763.36
455,1,0,2,11.958,3693.43
454,1,0,2,11.9552,3677.82
457,1,0,2,11.9485,3623.85
456,1,0,2,11.9433,3594.41
458,1,0,2,11.9339,3533.26
459,1,0,2,11.9279,3488.16
1543,1,0,2,11.9186,3425.93
710,1,0,2,11.8989,3310.88
1402,1,1,0,14.0034,3372.79,0.0816667,356.205,0.16,1
1390,1,1,0,13.9941,3321.76
1389,1,1,0,13.9655,3170.7
1388,1,1,0,13.9567,3122.71
1370,1,1,0,13.9198,2928.06
1359,1,1,0,13.9189,2923.6
2071,1,1,0,13.9023,2830.9
2165,1,1,0,13.8804,2715.19
1314,1,1,0,13.8631,2623.77
2163,1,1,0,13.8483,2543.94
2023,1,1,0,13.8217,2399.84
1787,1,1,0,13.8136,2358.52
2020,1,1,0,13.7947,2264.44
935,1,1,0,13.7849,2212.99
934,1,1,0,13.7844,2210.39
933,1,1,0,13.7727,2150.9
936,1,1,0,13.7722,2147.96
1737,1,1,0,13.7607,2085.09
917,1,1,0,13.7475,2016.59
916,1,1,0,13.7473,2015.68
906,1,1,0,13.7235,1891.34
889,1,1,0,13.7122,1832.97
890,1,1,0,13.7055,1797.06
2013,1,1,0,13.686,1693.84
1988,1,1,0,13.6684,1599.98
417,1,1,0,13.6479,1495.37
418,1,1,0,13.6439,1474.43
1741,1,1,0,13.6382,1442.44
1740,1,1,0,13.6344,1421.91
1739,1,1,0,13.6297,1395.5
401,1,1,0,13.6191,1338.14
393,1,1,0,13.6059,1266.67
2136,1,1,0,13.5831,1141.76
2134,1,1,0,13.5718,1079.42
360,1,1,0,13.5391,906.015
361,1,1,0,13.5246,828.632
128,1,1,0,13.4695,523.193
126,1,1,0,13.461,479.066
125,1,1,0,13.4518,432.83
118,1,1,0,13.417,247.521
1968,1,1,0,13.3848,79.7523
110,1,1,0,13.37,0
1016,1,1,1,14.3432,5082,0.0881667,384.556,0.22,2
2029,1,1,1,14.3388,5058.25
1043,1,1,1,14.3387,5057.84
2158,1,1,1,14.3319,5023.06
2030,1,1,1,14.3279,5003.22
1041,1,1,1,14.3228,4976.64
1059,1,1,1,14.3139,4931.8
1058,1,1,1,14.3089,4906.55
1075,1,1,1,14.2914,4816.48
1072,1,1,1,14.2814,4765.04
1071,1,1,1,14.2712,4714.56
1090,1,1,1,14.2651,4677.34
1089,1,1,1,14.259,4644.02
1119,1,1,1,14.2504,4598.13
1118,1,1,1,14.2443,4564.54
2044,1,1,1,14.229,4484.98
2169,1,1,1,14.221,4443.96
2171,1,1,1,14.2164,4419.81
1549,1,1,1,14.2086,4379.66
1147,1,1,1,14.2011,4341.27
1327,1,1,1,14.1728,4193.3
1343,1,1,1,14.1722,4190.57
1355,1,1,1,14.1454,4051.15
1364,1,1,1,14.1453,4050.94
1362,1,1,1,14.1355,3998.96
1382,1,1,1,14.1155,3891.13
1390,1,1,1,14.094,3777.96
1402,1,1,1,14.0851,3728.99
110,1,1,2,14.8507,7672.26,0,0,0
111,1,1,2,14.8484,7656.38
1968,1,1,2,14.8389,7591.7
114,1,1,2,14.8334,7556.97
1719,1,1,2,14.7972,7359.36
1718,1,1,2,14.7773,7253.04
129,1,1,2,14.7533,7119.25
134,1,1,2,14.7476,7087.84
133,1,1,2,14.7368,7028.46
138,1,1,2,14.716,6923.88
184,1,1,2,14.6994,6834.28
440,1,1,2,14.679,6727.06
451,1,1,2,14.6625,6640.86
1716,1,1,2,14.66,6624.43
462,1,1,2,14.6509,6577.36
1990,1,1,2,14.6439,6524.67
463,1,1,2,14.6252,6428.15
474,1,1,2,14.6098,6348.91
2140,1,1,2,14.6008,6307.57
475,1,1,2,14.5958,6283.34
499,1,1,2,14.588,6243.75
500,1,1,2,14.5834,6220.35
518,1,1,2,14.5788,6196.24
1754,1,1,2,14.5752,6171.31
540,1,1,2,14.567,6128.84
541,1,1,2,14.5551,6069.02
572,1,1,2,14.5455,6019.35
1994,1,1,2,14.5329,5956.95
1993,1,1,2,14.5286,5935.46
1995,1,1,2,14.516,5877.72
1996,1,1,2,14.5101,5848.54
1997,1,1,2,14.5062,5828.64
2027,1,1,2,14.479,5698.42
2026,1,1,2,14.4732,5669.93
978,1,1,2,14.4659,5634.79
1010,1,1,2,14.451,5558.02
1016,1,1,2,14.4313,5466.56
501,1,2,0,13.0121,1508.45,0.0531667,231.897,0.2,1
502,1,2,0,13.0069,1482.92
473,1,2,0,12.9967,1434.29
2141,1,2,0,12.9965,1433.31
2140,1,2,0,12.9834,1367.84
475,1,2,0,12.9775,1339.48
474,1,2,0,12.9734,1318.65
463,1,2,0,12.9561,1231.14
1990,1,2,0,12.9376,1135.57
462,1,2,0,12.9281,1080.35
461,1,2,0,12.9256,1065.62
1716,1,2,0,12.9172,1021.71
451,1,2,0,12.9126,997.904
440,1,2,0,12.8956,909.841
184,1,2,0,12.8797,821.613
138,1,2,0,12.8624,728.996
133,1,2,0,12.8471,647.895
134,1,2,0,12.8395,595.939
129,1,2,0,12.8314,554.222
1718,1,2,0,12.808,423.217
1719,1,2,0,12.7889,320.2
114,1,2,0,12.7504,112.847
1968,1,2,0,12.7442,77.2014
110,1,2,0,12.73,0
110,1,2,1,13.3375,3201.12,0,0,0
1968,1,2,1,13.3224,3120.32
114,1,2,1,13.3165,3085.13
1719,1,2,1,13.2813,2891.86
1718,1,2,1,13.2632,2793.33
129,1,2,1,13.2392,2659.57
134,1,2,1,13.2343,2631.07
133,1,2,1,13.2223,2566.23
138,1,2,1,13.2014,2461.65
184,1,2,1,13.1847,2371.26
440,1,2,1,13.1621,2254.88
451,1,2,1,13.1458,2169.46
1716,1,2,1,13.1434,2153.04
462,1,2,1,13.1362,2114.22
1990,1,2,1,13.1283,2061.18
463,1,2,1,13.1112,1971.14
474,1,2,1,13.0973,1898.15
2140,1,2,1,13.0891,1860.32
2141,1,2,1,13.0809,1815.34
473,1,2,1,13.0808,1814.58
502,1,2,1,13.0717,1770.68
501,1,2,1,13.0653,1740.35
410,2,0,0,11.3722,1462.66,0.0726667,316.95,0.06,1
398,2,0,0,11.3719,1461.45
397,2,0,0,11.3593,1392.89
390,2,0,0,11.3398,1291.33
382,2,0,0,11.3225,1199.86
376,2,0,0,11.3045,1103.09
369,2,0,0,11.285,998.232
360,2,0,0,11.2627,878.986
361,2,0,0,11.2501,809.873
128,2,0,0,11.1896,481.115
126,2,0,0,11.1823,442.296
125,2,0,0,11.176,408.059
118,2,0,0,11.1431,231.019
1968,2,0,0,11.1153,81.9493
110,2,0,0,11.1,0
710,2,0,1,11.6646,3117.52,0.0443333,193.369,0.36,2
1543,2,0,1,11.6431,2997.25
715,2,0,1,11.6383,2952.99
714,2,0,1,11.6344,2928.98
726,2,0,1,11.6342,2927.1
529,2,0,1,11.6205,2827.61
605,2,0,1,11.6057,2731
603,2,0,1,11.6006,2703.02
604,2,0,1,11.5963,2679.88
596,2,0,1,11.5962,2678.91
580,2,0,1,11.5878,2620.63
574,2,0,1,11.5705,2527.39
573,2,0,1,11.5605,2471.49
564,2,0,1,11.5528,2430.34
557,2,0,1,11.5467,2396.35
561,2,0,1,11.54,2349.83
628,2,0,1,11.5355,2324.18
609,2,0,1,11.5228,2247.52
423,2,0,1,11.5169,2191.2
419,2,0,1,11.5122,2156.76
418,2,0,1,11.4969,2071.84
2139,2,0,1,11.493,2050.41
2138,2,0,1,11.4746,1948.97
411,2,0,1,11.461,1874.15
412,2,0,1,11.4585,1855.14
398,2,0,1,11.4451,1780.81
410,2,0,1,11.4448,1779.61
110,2,0,2,12.0154,5064.79,0,0,0
1968,2,0,2,12.0003,4983.75
114,2,0,2,11.9951,4949.43
1719,2,0,2,11.9521,4722.82
1718,2,0,2,11.9366,4635.77
129,2,0,2,11.9122,4499.9
134,2,0,2,11.9058,4465.51
133,2,0,2,11.893,4397.31
138,2,0,2,11.8721,4292.72
184,2,0,2,11.8529,4191.76
440,2,0,2,11.8362,4100.57
451,2,0,2,11.8174,4004.86
1716,2,0,2,11.815,3988.43
462,2,0,2,11.8046,3936.01
1990,2,0,2,11.7968,3882.98
452,2,0,2,11.7918,3850.54
453,2,0,2,11.7804,3763.36
455,2,0,2,11.768,3693.43
454,2,0,2,11.7652,3677.82
457,2,0,2,11.7585,3623.85
456,2,0,2,11.7533,3594.41
458,2,0,2,11.7439,3533.26
459,2,0,2,11.7379,3488.16
1543,2,0,2,11.7286,3425.93
710,2,0,2,11.7089,3310.88
501,2,1,0,13.6396,1510.92,0.0531667,231.897,0.2,1
502,2,1,0,13.6344,1485.38
473,2,1,0,13.6265,1446.3
2141,2,1,0,13.6263,1445.32
1750,2,1,0,13.622,1424.02
477,2,1,0,13.6175,1400.71
453,2,1,0,13.5885,1243.21
446,2,1,0,13.5802,1195.77
442,2,1,0,13.5685,1137.28
1857,2,1,0,13.5597,1091.26
441,2,1,0,13.5536,1062.09
185,2,1,0,13.5426,1004.16
177,2,1,0,13.5303,938.786
184,2,1,0,13.5103,829.279
138,2,1,0,13.4936,739.414
133,2,1,0,13.4797,664.29
134,2,1,0,13.4721,612.333
129,2,1,0,13.465,574.749
1718,2,1,0,13.4391,432.78
1720,2,1,0,13.432,394.625
1719,2,1,0,13.4193,321.152
114,2,1,0,13.3816,117.424
1968,2,1,0,13.3748,79.7523
110,2,1,0,13.36,0
1402,2,1,1,14.1238,3925.73,0.0816667,356.205,0.16,2
1390,2,1,1,14.1146,3875.67
1382,2,1,1,14.0844,3725.93
1362,2,1,1,14.0617,3606.92
1361,2,1,1,14.0567,3579.93
1354,2,1,1,14.0566,3579.74
1355,2,1,1,14.0441,3520.08
2076,2,1,1,14.0423,3510.96
1356,2,1,1,14.0339,3468.25
1357,2,1,1,14.0331,3464.53
1349,2,1,1,14.0196,3396.36
1348,2,1,1,14.019,3393.03
1340,2,1,1,14.0185,3390.49
1339,2,1,1,14.0132,3362.77
1329,2,1,1,14.0022,3304.43
1158,2,1,1,13.9872,3228.1
2048,2,1,1,13.9671,3122.06
1131,2,1,1,13.9615,3093.19
1130,2,1,1,13.9557,3064.26
1129,2,1,1,13.9405,2990.07
1121,2,1,1,13.9245,2904.14
1120,2,1,1,13.9205,2882.96
1094,2,1,1,13.9156,2857.02
1091,2,1,1,13.9055,2806.29
1092,2,1,1,13.9003,2780.39
1074,2,1,1,13.8945,2749.97
1073,2,1,1,13.8861,2705.29
1057,2,1,1,13.8663,2606.3
1042,2,1,1,13.861,2579.4
2030,2,1,1,13.8538,2541.56
1011,2,1,1,13.8535,2540.11
1547,2,1,1,13.8361,2457.47
1546,2,1,1,13.8307,2430.1
975,2,1,1,13.8273,2412.13
2026,2,1,1,13.8208,2377.86
2027,2,1,1,13.8157,2352.02
1998,2,1,1,13.8053,2299.32
1997,2,1,1,13.7967,2255.7
1996,2,1,1,13.7908,2227.41
1995,2,1,1,13.7826,2189.09
1993,2,1,1,13.7735,2145.41
1994,2,1,1,13.7692,2123.93
572,2,1,1,13.7622,2085.28
541,2,1,1,13.75,2024.92
540,2,1,1,13.7396,1971.28
1754,2,1,1,13.7312,1927.61
518,2,1,1,13.7233,1887.64
500,2,1,1,13.7183,1861.85
501,2,1,1,13.6928,1742.82
1016,2,1,2,14.4635,5634.95,0.0881667,384.556,0.22,3
2029,2,1,2,14.4591,5611.2
1043,2,1,2,14.459,5610.79
2158,2,1,2,14.4522,5576.01
2030,2,1,2,14.4483,5556.17
1041,2,1,2,14.4431,5529.59
1059,2,1,2,14.4343,5484.75
1058,2,1,2,14.4293,5459.5
1075,2,1,2,14.4117,5369.43
1072,2,1,2,14.4017,5317.99
1071,2,1,2,14.3915,5267.51
1090,2,1,2,14.3855,5230.29
1089,2,1,2,14.3794,5196.97
1119,2,1,2,14.3708,5151.08
1118,2,1,2,14.3646,5117.49
2044,2,1,2,14.3494,5037.93
2169,2,1,2,14.3414,4996.91
2171,2,1,2,14.3367,4972.76
1549,2,1,2,14.3289,4932.61
1147,2,1,2,14.3215,4894.22
1327,2,1,2,14.2931,4746.25
1343,2,1,2,14.2925,4743.51
1355,2,1,2,14.2657,4604.1
1364,2,1,2,14.2657,4603.89
1362,2,1,2,14.2559,4551.9
1382,2,1,2,14.2358,4444.08
1390,2,1,2,14.2143,4330.9
1402,2,1,2,14.2054,4281.94
110,2,1,3,14.9711,8225.21,0,0,0
111,2,1,3,14.9687,8209.33
1968,2,1,3,14.9593,8144.65
114,2,1,3,14.9537,8109.92
1719,2,1,3,14.9175,7912.3
1718,2,1,3,14.8976,7805.99
129,2,1,3,14.8736,7672.2
134,2,1,3,14.8679,7640.78
133,2,1,3,14.8572,7581.41
138,2,1,3,14.8363,7476.83
184,2,1,3,14.8197,7387.22
440,2,1,3,14.7993,7280
451,2,1,3,14.7828,7193.81
1716,2,1,3,14.7804,7177.38
462,2,1,3,14.7712,7130.31
1990,2,1,3,14.7642,7077.61
463,2,1,3,14.7455,6981.09
474,2,1,3,14.7301,6901.85
2140,2,1,3,14.7211,6860.52
475,2,1,3,14.7161,6836.29
499,2,1,3,14.7084,6796.7
500,2,1,3,14.7038,6773.29
518,2,1,3,14.6992,6749.19
1754,2,1,3,14.6955,6724.26
540,2,1,3,14.6873,6681.79
541,2,1,3,14.6755,6621.97
572,2,1,3,14.6659,6572.3
1994,2,1,3,14.6532,6509.9
1993,2,1,3,14.649,6488.41
1995,2,1,3,14.6363,6430.66
1996,2,1,3,14.6304,6401.48
1997,2,1,3,14.6265,6381.58
2027,2,1,3,14.5993,6251.36
2026,2,1,3,14.5935,6222.88
978,2,1,3,14.5862,6187.74
1010,2,1,3,14.5714,6110.97
1016,2,1,3,14.5516,6019.51
410,3,0,0,11.7022,1462.66,0.0726667,316.95,0.06,1
398,3,0,0,11.7019,1461.45
397,3,0,0,11.6893,1392.89
390,3,0,0,11.6698,1291.33
382,3,0,0,11.6525,1199.86
376,3,0,0,11.6345,1103.09
369,3,0,0,11.615,998.232
360,3,0,0,11.5927,878.986
361,3,0,0,11.5801,809.873
128,3,0,0,11.5196,481.115
126,3,0,0,11.5123,442.296
125,3,0,0,11.506,408.059
118,3,0,0,11.4731,231.019
1968,3,0,0,11.4453,81.9493
110,3,0,0,11.43,0
710,3,0,1,11.9946,3117.52,0.0443333,193.369,0.36,2
1543,3,0,1,11.9731,2997.25
715,3,0,1,11.9683,2952.99
714,3,0,1,11.9644,2928.98
726,3,0,1,11.9642,2927.1
529,3,0,1,11.9505,2827.61
605,3,0,1,11.9357,2731
603,3,0,1,11.9306,2703.02
604,3,0,1,11.9263,2679.88
596,3,0,1,11.9262,2678.91
580,3,0,1,11.9178,2620.63
574,3,0,1,11.9005,2527.39
573,3,0,1,11.8905,2471.49
564,3,0,1,11.8828,2430.34
557,3,0,1,11.8767,2396.35
561,3,0,1,11.87,2349.83
628,3,0,1,11.8655,2324.18
609,3,0,1,11.8528,2247.52
423,3,0,1,11.8469,2191.2
419,3,0,1,11.8422,2156.76
418,3,0,1,11.8269,2071.84
2139,3,0,1,11.823,2050.41
2138,3,0,1,11.8046,1948.97
411,3,0,1,11.791,1874.15
412,3,0,1,11.7885,1855.14
398,3,0,1,11.7751,1780.81
410,3,0,1,11.7748,1779.61
501,3,0,2,12.1653,4004.15,0.102667,447.801,0.22,3
1747,3,0,2,12.1585,3971.54
505,3,0,2,12.1534,3945.32
506,3,0,2,12.1359,3864.64
507,3,0,2,12.1286,3829.61
510,3,0,2,12.1178,3778.53
509,3,0,2,12.1126,3753.11
508,3,0,2,12.1077,3726.5
512,3,0,2,12.0999,3687.28
511,3,0,2,12.0961,3668.12
2145,3,0,2,12.0954,3664.9
2146,3,0,2,12.0838,3600.57
529,3,0,2,12.0799,3564.4
726,3,0,2,12.0652,3464.31
714,3,0,2,12.065,3462.45
1543,3,0,2,12.0607,3432.49
710,3,0,2,12.0389,3310.88
1402,3,0,3,12.6748,6528.05,0.085,370.744,0.2,4
1390,3,0,3,12.6647,6473.65
1382,3,0,3,12.6422,6356.54
1362,3,0,3,12.6229,6251.71
1361,3,0,3,12.6184,6227.19
1354,3,0,3,12.6183,6227
1355,3,0,3,12.6129,6196.96
2076,3,0,3,12.6111,6187.84
1356,3,0,3,12.6023,6143.41
1357,3,0,3,12.6015,6139.69
1349,3,0,3,12.5882,6072.29
1348,3,0,3,12.5874,6067.95
1340,3,0,3,12.5869,6065.4
1339,3,0,3,12.5807,6034.28
1329,3,0,3,12.5683,5969.68
1158,3,0,3,12.551,5883.85
2048,3,0,3,12.5308,5777.27
1131,3,0,3,12.5253,5748.9
1130,3,0,3,12.5195,5719.97
1129,3,0,3,12.5007,5631.33
1121,3,0,3,12.4814,5531.4
1095,3,0,3,12.4733,5492.59
1093,3,0,3,12.4656,5451.87
1074,3,0,3,12.4591,5415.67
1073,3,0,3,12.4473,5356.8
1057,3,0,3,12.4291,5264.11
1042,3,0,3,12.4238,5237.73
2030,3,0,3,12.4168,5200.7
1011,3,0,3,12.4167,5199.85
1547,3,0,3,12.4024,5129.73
1546,3,0,3,12.3973,5104.04
975,3,0,3,12.3941,5086.89
2026,3,0,3,12.388,5054.16
2027,3,0,3,12.3804,5018.35
1998,3,0,3,12.3704,4967.25
1997,3,0,3,12.3622,4925.17
1996,3,0,3,12.3559,4895.54
1995,3,0,3,12.3493,4863.46
1993,3,0,3,12.3442,4836.65
1994,3,0,3,12.34,4815.17
572,3,0,3,12.3329,4776.05
541,3,0,3,12.324,4729.48
540,3,0,3,12.3133,4674.57
1754,3,0,3,12.3047,4630.38
518,3,0,3,12.2961,4587.43
500,3,0,3,12.2905,4559
501,3,0,3,12.2679,4451.95
1016,3,0,4,13.0252,8276.7,0.0561667,244.982,0.25,5
2029,3,0,4,13.0186,8243.69
1043,3,0,4,13.0186,8243.27
2158,3,0,4,13.0095,8199.12
2030,3,0,4,13.0055,8179.29
1041,3,0,4,13.0008,8154.3
1059,3,0,4,12.9926,8112.46
1058,3,0,4,12.9874,8086.4
1056,3,0,4,12.981,8051.96
1072,3,0,4,12.9634,7961.06
1071,3,0,4,12.9552,7918.96
1090,3,0,4,12.9469,7874.32
1089,3,0,4,12.9403,7838.46
1119,3,0,4,12.9332,7799.23
1118,3,0,4,12.9264,7763.03
2044,3,0,4,12.9103,7679.78
2169,3,0,4,12.9038,7644.9
2171,3,0,4,12.8996,7622.76
2046,3,0,4,12.8934,7591.54
1778,3,0,4,12.868,7463.03
1327,3,0,4,12.8567,7402.25
1343,3,0,4,12.8561,7399.52
1355,3,0,4,12.8314,7268.7
1364,3,0,4,12.8313,7268.49
1362,3,0,4,12.8211,7214.86
1382,3,0,4,12.7917,7067.27
1390,3,0,4,12.7707,6956.63
1402,3,0,4,12.7598,6898.79
110,3,0,5,13.5032,10718,0,0,0
1968,3,0,5,13.4881,10637.2
114,3,0,5,13.4823,10602
1719,3,0,5,13.4467,10407.2
1718,3,0,5,13.4284,10307.8
129,3,0,5,13.4041,10172.7
134,3,0,5,13.3968,10134.3
133,3,0,5,13.3841,10066.7
138,3,0,5,13.3633,9962.14
184,3,0,5,13.3456,9867.87
440,3,0,5,13.3246,9758.01
451,3,0,5,13.3082,9672.59
1716,3,0,5,13.3058,9656.17
462,3,0,5,13.2986,9617.35
1990,3,0,5,13.2908,9564.31
463,3,0,5,13.2736,9474.27
474,3,0,5,13.2598,9401.28
2140,3,0,5,13.2516,9363.45
475,3,0,5,13.2449,9332.18
499,3,0,5,13.2371,9292.59
500,3,0,5,13.2325,9269.18
518,3,0,5,13.227,9241
1754,3,0,5,13.2138,9179.14
540,3,0,5,13.2052,9135.24
541,3,0,5,13.1945,9080.09
572,3,0,5,13.1858,9034.33
1994,3,0,5,13.1761,8984.05
1993,3,0,5,13.1718,8962.57
1995,3,0,5,13.165,8928.2
1996,3,0,5,13.1589,8898.26
1997,3,0,5,13.155,8878.36
2027,3,0,5,13.1301,8757.58
2026,3,0,5,13.1243,8729.1
978,3,0,5,13.1153,8687.1
1010,3,0,5,13.1015,8614.98
1016,3,0,5,13.0814,8521.68
710,4,0,0,13.5525,1706.65,0.0466667,203.546,0.45,1
1543,4,0,0,13.5294,1579.59
459,4,0,0,13.5202,1517.38
458,4,0,0,13.5127,1471.15
456,4,0,0,13.5034,1410.12
457,4,0,0,13.4975,1377.61
454,4,0,0,13.4898,1323.63
455,4,0,0,13.4872,1308.67
453,4,0,0,13.4785,1243.21
446,4,0,0,13.4702,1195.77
442,4,0,0,13.4585,1137.28
1857,4,0,0,13.4497,1091.26
441,4,0,0,13.4436,1062.09
185,4,0,0,13.4326,1004.16
177,4,0,0,13.4203,938.786
184,4,0,0,13.4003,829.279
138,4,0,0,13.3836,739.414
133,4,0,0,13.3697,664.29
134,4,0,0,13.3621,612.333
129,4,0,0,13.355,574.749
1718,4,0,0,13.3291,432.78
1720,4,0,0,13.322,394.625
1719,4,0,0,13.3093,321.152
114,4,0,0,13.2716,117.424
1968,4,0,0,13.2648,79.7523
110,4,0,0,13.25,0
1402,4,0,1,14.0003,4027.57,0.0816667,356.205,0.16,2
1390,4,0,1,13.9911,3977.52
1382,4,0,1,13.9609,3827.77
1362,4,0,1,13.9382,3708.77
1361,4,0,1,13.9332,3681.77
1354,4,0,1,13.9331,3681.58
1355,4,0,1,13.9206,3621.92
2076,4,0,1,13.9188,3612.81
1356,4,0,1,13.9104,3570.09
1357,4,0,1,13.9096,3566.38
1349,4,0,1,13.8961,3498.2
1348,4,0,1,13.8955,3494.87
1340,4,0,1,13.895,3492.33
1339,4,0,1,13.8897,3464.61
1329,4,0,1,13.8787,3406.27
1158,4,0,1,13.8637,3329.94
2048,4,0,1,13.8436,3223.82
1151,4,0,1,13.8338,3171.97
1134,4,0,1,13.828,3141.99
1133,4,0,1,13.823,3115.82
1122,4,0,1,13.8116,3058.27
1096,4,0,1,13.786,2931.66
1099,4,0,1,13.7812,2907
1098,4,0,1,13.7739,2870.34
1101,4,0,1,13.7545,2772.1
1082,4,0,1,13.7461,2730.13
1079,4,0,1,13.737,2683.11
1061,4,0,1,13.7327,2661.83
1063,4,0,1,13.7295,2644.99
1062,4,0,1,13.7285,2637.95
2159,4,0,1,13.7283,2636.96
1045,4,0,1,13.7276,2633.81
1012,4,0,1,13.7204,2592.83
2028,4,0,1,13.7123,2547.36
989,4,0,1,13.7089,2531.63
990,4,0,1,13.6988,2481.36
991,4,0,1,13.6963,2469.01
706,4,0,1,13.6892,2429.55
704,4,0,1,13.6866,2416.78
2179,4,0,1,13.6864,2415.92
662,4,0,1,13.6802,2386.27
602,4,0,1,13.669,2318.13
599,4,0,1,13.6645,2293.43
605,4,0,1,13.6593,2265.31
529,4,0,1,13.6428,2166.41
726,4,0,1,13.6266,2064.88
714,4,0,1,13.6264,2063
1543,4,0,1,13.6206,2030.56
710,4,0,1,13.5991,1910.19
1016,4,0,2,14.34,5736.79,0.0881667,384.556,0.22,3
2029,4,0,2,14.3356,5713.04
1043,4,0,2,14.3356,5712.63
2158,4,0,2,14.3287,5677.85
2030,4,0,2,14.3248,5658.01
1041,4,0,2,14.3196,5631.43
1059,4,0,2,14.3108,5586.59
1058,4,0,2,14.3058,5561.34
1075,4,0,2,14.2882,5471.27
1072,4,0,2,14.2782,5419.83
1071,4,0,2,14.268,5369.35
1090,4,0,2,14.262,5332.13
1089,4,0,2,14.2559,5298.81
1119,4,0,2,14.2473,5252.92
1118,4,0,2,14.2411,5219.33
2044,4,0,2,14.2259,5139.77
2169,4,0,2,14.2179,5098.75
2171,4,0,2,14.2132,5074.6
1549,4,0,2,14.2054,5034.45
1147,4,0,2,14.198,4996.06
1327,4,0,2,14.1696,4848.09
1343,4,0,2,14.169,4845.36
1355,4,0,2,14.1422,4705.94
1364,4,0,2,14.1422,4705.73
1362,4,0,2,14.1324,4653.75
1382,4,0,2,14.1123,4545.92
1390,4,0,2,14.0908,4432.75
1402,4,0,2,14.0819,4383.78
501,4,0,3,14.6177,7043.04,0.107,466.702,0.18,4
1747,4,0,3,14.608,6998.73
1746,4,0,3,14.5801,6859.39
1745,4,0,3,14.567,6796.1
1844,4,0,3,14.5491,6706.86
575,4,0,3,14.5467,6691.35
571,4,0,3,14.5438,6675.23
570,4,0,3,14.539,6651.95
569,4,0,3,14.5338,6626.63
640,4,0,3,14.5257,6587.72
649,4,0,3,14.5164,6545.19
646,4,0,3,14.5086,6508.67
691,4,0,3,14.5027,6479.77
689,4,0,3,14.4806,6375.77
979,4,0,3,14.4721,6336.17
980,4,0,3,14.4662,6307.77
978,4,0,3,14.4627,6289.58
1010,4,0,3,14.4479,6212.81
1016,4,0,3,14.4282,6121.35
110,4,0,4,14.9984,8998.94,0,0,0
111,4,0,4,14.996,8983.06
1968,4,0,4,14.9866,8918.38
114,4,0,4,14.981,8883.65
1719,4,0,4,14.9431,8678.61
1720,4,0,4,14.928,8596.14
1718,4,0,4,14.9222,8563.59
129,4,0,4,14.897,8424.52
134,4,0,4,14.891,8391.56
133,4,0,4,14.8786,8325.03
138,4,0,4,14.8577,8220.45
184,4,0,4,14.8414,8131.91
440,4,0,4,14.8256,8044.29
451,4,0,4,14.809,7958.09
1716,4,0,4,14.8066,7941.67
462,4,0,4,14.7975,7894.59
1990,4,0,4,14.7904,7841.9
463,4,0,4,14.7717,7745.38
474,4,0,4,14.7564,7666.14
2140,4,0,4,14.7473,7624.8
2141,4,0,4,14.7395,7581.6
473,4,0,4,14.7392,7580.32
502,4,0,4,14.7302,7536.42
501,4,0,4,14.7247,7509.74
410,4,1,0,11.4522,1462.66,0.0726667,316.95,0.06,1
398,4,1,0,11.4519,1461.45
397,4,1,0,11.4393,1392.89
390,4,1,0,11.4198,1291.33
382,4,1,0,11.4025,1199.86
376,4,1,0,11.3845,1103.09
369,4,1,0,11.365,998.232
360,4,1,0,11.3427,878.986
361,4,1,0,11.3301,809.873
128,4,1,0,11.2696,481.115
126,4,1,0,11.2623,442.296
125,4,1,0,11.256,408.059
118,4,1,0,11.2231,231.019
1968,4,1,0,11.1953,81.9493
110,4,1,0,11.18,0
110,4,1,1,11.8097,3360.63,0,0,0
1968,4,1,1,11.7946,3279.59
1969,4,1,1,11.7823,3203.08
115,4,1,1,11.7798,3188.51
2113,4,1,1,11.775,3162.69
2133,4,1,1,11.6541,2480.93
366,4,1,1,11.6504,2454.3
2134,4,1,1,11.6388,2390.2
2136,4,1,1,11.6263,2322.55
393,4,1,1,11.5936,2155.53
392,4,1,1,11.5756,2054.99
400,4,1,1,11.5553,1948.22
411,4,1,1,11.541,1874.15
412,4,1,1,11.5385,1855.14
398,4,1,1,11.5251,1780.81
410,4,1,1,11.5248,1779.61
501,5,0,0,11.7639,1433.41,0.0743333,324.22,0.22,1
502,5,0,0,11.7586,1407.87
473,5,0,0,11.749,1361.69
2141,5,0,0,11.7488,1360.71
2140,5,0,0,11.7404,1314.68
475,5,0,0,11.7375,1299.26
474,5,0,0,11.7334,1278.25
463,5,0,0,11.7186,1201.35
1990,5,0,0,11.7051,1126.94
462,5,0,0,11.6964,1072.9
461,5,0,0,11.694,1058.4
1716,5,0,0,11.6858,1015.28
451,5,0,0,11.6814,992.322
440,5,0,0,11.6655,908.617
184,5,0,0,11.6485,816.223
138,5,0,0,11.6328,730.3
133,5,0,0,11.6185,653.53
134,5,0,0,11.6109,601.574
129,5,0,0,11.6033,561.93
1718,5,0,0,11.5769,417.674
1719,5,0,0,11.5602,325.295
114,5,0,0,11.5223,120.486
1968,5,0,0,11.5153,81.9493
110,5,0,0,11.5,0
710,5,0,1,11.968,2453.47,0.0443333,193.369,0.36,2
1543,5,0,1,11.9466,2333.21
459,5,0,1,11.9363,2269.8
488,5,0,1,11.9076,2112.91
2144,5,0,1,11.8909,2022.7
486,5,0,1,11.8896,2016.25
482,5,0,1,11.882,1976.94
2142,5,0,1,11.8769,1949.91
2143,5,0,1,11.8765,1948.14
480,5,0,1,11.8761,1946.24
478,5,0,1,11.8719,1924.17
477,5,0,1,11.8638,1881.98
1750,5,0,1,11.86,1861.72
2141,5,0,1,11.8536,1831.93
473,5,0,1,11.8534,1830.73
502,5,0,1,11.8443,1786.83
501,5,0,1,11.8382,1757.63
1016,5,0,2,12.1392,3369.07,0.0438333,191.188,0.28,3
1548,5,0,2,12.1323,3333.03
1012,5,0,2,12.128,3310.61
1014,5,0,2,12.1276,3308.41
989,5,0,2,12.1171,3252.55
990,5,0,2,12.1071,3202.29
704,5,0,2,12.0957,3144.55
2179,5,0,2,12.0955,3143.68
662,5,0,2,12.0893,3114.04
602,5,0,2,12.0784,3046.34
599,5,0,2,12.0745,3024.12
605,5,0,2,12.0706,3000.37
529,5,0,2,12.0534,2900.36
726,5,0,2,12.0386,2800.27
714,5,0,2,12.0384,2798.41
1543,5,0,2,12.0342,2768.44
710,5,0,2,12.0124,2646.84
1402,5,0,3,12.4463,4918.69,0.085,370.744,0.2,4
1390,5,0,3,12.4362,4864.29
1382,5,0,3,12.413,4743.98
1362,5,0,3,12.3891,4619.7
1361,5,0,3,12.3842,4593.25
1354,5,0,3,12.3841,4593.06
1355,5,0,3,12.3778,4559.22
2076,5,0,3,12.376,4550.11
1356,5,0,3,12.3702,4518.45
1357,5,0,3,12.3694,4514.73
1349,5,0,3,12.3582,4456.01
1348,5,0,3,12.3572,4450.96
1340,5,0,3,12.3567,4448.42
1339,5,0,3,12.3507,4417.99
1329,5,0,3,12.3378,4351.43
1158,5,0,3,12.3237,4278.91
2048,5,0,3,12.3034,4171.91
1131,5,0,3,12.2982,4144.68
1130,5,0,3,12.2924,4115.75
1129,5,0,3,12.273,4024.95
1121,5,0,3,12.2537,3925.02
1095,5,0,3,12.2457,3886.22
1093,5,0,3,12.238,3845.49
1074,5,0,3,12.2314,3809.29
1077,5,0,3,12.2211,3755.24
1080,5,0,3,12.2078,3688.79
1079,5,0,3,12.2001,3650.11
1061,5,0,3,12.1959,3628.82
1063,5,0,3,12.1925,3611.01
1062,5,0,3,12.1914,3603.94
2159,5,0,3,12.1912,3603.04
1045,5,0,3,12.1905,3599.89
1043,5,0,3,12.1874,3584.03
2029,5,0,3,12.1873,3583.62
1016,5,0,3,12.1831,3560.25
410,5,0,4,12.942,7451.77,0.109667,478.333,0.09,5
1986,5,0,4,12.9164,7326.03
883,5,0,4,12.8871,7172.67
882,5,0,4,12.8754,7109.1
2155,5,0,4,12.8716,7090.37
901,5,0,4,12.8381,6915.07
902,5,0,4,12.8243,6841.86
904,5,0,4,12.8096,6764.46
925,5,0,4,12.7868,6639.44
2019,5,0,4,12.7809,6610.13
929,5,0,4,12.7805,6608.15
938,5,0,4,12.7684,6542.02
950,5,0,4,12.7524,6460.99
951,5,0,4,12.746,6427.74
949,5,0,4,12.7344,6368.45
1302,5,0,4,12.7077,6228.78
1307,5,0,4,12.6925,6145
1308,5,0,4,12.6809,6083.95
1309,5,0,4,12.6635,5993.85
1314,5,0,4,12.6629,5990.98
2165,5,0,4,12.6439,5892.71
2071,5,0,4,12.6243,5786.86
1359,5,0,4,12.6044,5679.63
1370,5,0,4,12.6034,5675.18
1360,5,0,4,12.5807,5550.16
1382,5,0,4,12.5632,5457.91
1390,5,0,4,12.5423,5347.28
1402,5,0,4,12.5313,5289.44
110,5,0,5,13.3339,9505.78,0,0,0
1968,5,0,5,13.3188,9424.98
1969,5,0,5,13.3067,9348.63
115,5,0,5,13.3042,9334.21
2113,5,0,5,13.2994,9308.14
2133,5,0,5,13.1794,8630.62
366,5,0,5,13.1757,8603.99
2134,5,0,5,13.1647,8542.45
2136,5,0,5,13.1528,8477.53
393,5,0,5,13.1237,8325.64
401,5,0,5,13.1089,8247.18
400,5,0,5,13.0828,8104.08
411,5,0,5,13.0685,8029.53
412,5,0,5,13.0664,8010.02
398,5,0,5,13.052,7931.31
410,5,0,5,13.0517,7930.1
410,6,0,0,11.7022,1462.66,0.0726667,316.95,0.06,1
398,6,0,0,11.7019,1461.45
397,6,0,0,11.6893,1392.89
390,6,0,0,11.6698,1291.33
382,6,0,0,11.6525,1199.86
376,6,0,0,11.6345,1103.09
369,6,0,0,11.615,998.232
360,6,0,0,11.5927,878.986
361,6,0,0,11.5801,809.873
128,6,0,0,11.5196,481.115
126,6,0,0,11.5123,442.296
125,6,0,0,11.506,408.059
118,6,0,0,11.4731,231.019
1968,6,0,0,11.4453,81.9493
110,6,0,0,11.43,0
710,6,0,1,11.9946,3117.52,0.0443333,193.369,0.36,2
1543,6,0,1,11.9731,2997.25
715,6,0,1,11.9683,2952.99
714,6,0,1,11.9644,2928.98
726,6,0,1,11.9642,2927.1
529,6,0,1,11.9505,2827.61
605,6,0,1,11.9357,2731
603,6,0,1,11.9306,2703.02
604,6,0,1,11.9263,2679.88
596,6,0,1,11.9262,2678.91
580,6,0,1,11.9178,2620.63
574,6,0,1,11.9005,2527.39
573,6,0,1,11.8905,2471.49
564,6,0,1,11.8828,2430.34
557,6,0,1,11.8767,2396.35
561,6,0,1,11.87,2349.83
628,6,0,1,11.8655,2324.18
609,6,0,1,11.8528,2247.52
423,6,0,1,11.8469,2191.2
419,6,0,1,11.8422,2156.76
418,6,0,1,11.8269,2071.84
2139,6,0,1,11.823,2050.41
2138,6,0,1,11.8046,1948.97
411,6,0,1,11.791,1874.15
412,6,0,1,11.7885,1855.14
398,6,0,1,11.7751,1780.81
410,6,0,1,11.7748,1779.61
1402,6,0,2,12.4187,5338.74,0.085,370.744,0.2,3
1390,6,0,2,12.4086,5284.34
1382,6,0,2,12.3861,5167.23
1362,6,0,2,12.3668,5062.4
1361,6,0,2,12.3623,5037.88
1354,6,0,2,12.3623,5037.69
1355,6,0,2,12.3568,5007.65
2076,6,0,2,12.355,4998.54
1356,6,0,2,12.3462,4954.1
1357,6,0,2,12.3454,4950.38
1349,6,0,2,12.3321,4882.98
1348,6,0,2,12.3313,4878.64
1340,6,0,2,12.3308,4876.09
1339,6,0,2,12.3246,4844.97
1329,6,0,2,12.3122,4780.37
1158,6,0,2,12.2949,4694.54
2048,6,0,2,12.2746,4587.66
1131,6,0,2,12.2694,4560.43
1130,6,0,2,12.2636,4531.5
1129,6,0,2,12.2443,4440.71
1121,6,0,2,12.225,4340.78
1095,6,0,2,12.2169,4301.97
1093,6,0,2,12.2092,4261.25
1074,6,0,2,12.2026,4225.05
1077,6,0,2,12.1923,4170.99
1080,6,0,2,12.179,4104.54
1079,6,0,2,12.1714,4065.86
1061,6,0,2,12.1671,4044.57
1063,6,0,2,12.1637,4026.76
1062,6,0,2,12.1626,4019.69
2159,6,0,2,12.1625,4018.79
1045,6,0,2,12.1618,4015.64
1012,6,0,2,12.1545,3974.66
1014,6,0,2,12.1541,3972.45
989,6,0,2,12.1436,3916.59
990,6,0,2,12.1336,3866.33
704,6,0,2,12.1223,3808.59
2179,6,0,2,12.1221,3807.73
662,6,0,2,12.1159,3778.08
602,6,0,2,12.1049,3710.39
599,6,0,2,12.101,3688.16
605,6,0,2,12.0972,3664.41
529,6,0,2,12.0799,3564.4
726,6,0,2,12.0652,3464.31
714,6,0,2,12.065,3462.45
1543,6,0,2,12.0607,3432.49
710,6,0,2,12.0389,3310.88
1016,6,0,3,12.7691,7087.39,0.0438333,191.188,0.28,4
2029,6,0,3,12.7626,7054.38
1043,6,0,3,12.7625,7053.96
2158,6,0,3,12.7534,7009.82
2030,6,0,3,12.7494,6989.98
1041,6,0,3,12.7447,6964.99
1059,6,0,3,12.7365,6923.15
1058,6,0,3,12.7313,6897.09
1056,6,0,3,12.7249,6862.66
1072,6,0,3,12.7073,6771.76
1071,6,0,3,12.6991,6729.65
1090,6,0,3,12.6909,6685.01
1089,6,0,3,12.6842,6649.15
1119,6,0,3,12.6771,6609.92
1118,6,0,3,12.6703,6573.72
2044,6,0,3,12.6542,6490.47
2169,6,0,3,12.6477,6455.59
2171,6,0,3,12.6435,6433.46
2046,6,0,3,12.6373,6402.23
1778,6,0,3,12.6119,6273.72
1327,6,0,3,12.6006,6212.94
1343,6,0,3,12.6,6210.21
1355,6,0,3,12.5753,6079.39
1364,6,0,3,12.5752,6079.18
1362,6,0,3,12.565,6025.55
1382,6,0,3,12.5356,5877.96
1390,6,0,3,12.5147,5767.32
1402,6,0,3,12.5037,5709.48
501,6,0,4,13.0036,8204.08,0.0531667,231.897,0.2,5
1747,6,0,4,12.9969,8171.47
1746,6,0,4,12.9677,8026.97
1745,6,0,4,12.9568,7972.91
1844,6,0,4,12.9362,7872.68
575,6,0,4,12.9335,7856.62
571,6,0,4,12.9297,7836.65
570,6,0,4,12.9251,7814.32
569,6,0,4,12.9194,7786.73
640,6,0,4,12.9141,7759.71
649,6,0,4,12.9076,7728.37
646,6,0,4,12.9012,7697.49
691,6,0,4,12.8934,7660.73
689,6,0,4,12.8696,7549.84
979,6,0,4,12.8599,7505.8
980,6,0,4,12.8547,7479.73
978,6,0,4,12.8511,7461.24
1010,6,0,4,12.8354,7381.09
1016,6,0,4,12.8129,7278.58
110,6,0,5,13.3289,9896.75,0,0,0
1968,6,0,5,13.3139,9815.95
114,6,0,5,13.308,9780.76
1719,6,0,5,13.2727,9587.5
1718,6,0,5,13.2547,9488.96
129,6,0,5,13.2307,9355.21
134,6,0,5,13.2258,9326.7
133,6,0,5,13.2138,9261.86
138,6,0,5,13.1929,9157.28
184,6,0,5,13.1761,9066.89
440,6,0,5,13.1536,8950.51
451,6,0,5,13.1372,8865.09
1716,6,0,5,13.1348,8848.67
462,6,0,5,13.1276,8809.85
1990,6,0,5,13.1198,8756.81
463,6,0,5,13.1026,8666.78
474,6,0,5,13.0888,8593.78
2140,6,0,5,13.0806,8555.95
2141,6,0,5,13.0724,8510.97
473,6,0,5,13.0722,8510.21
502,6,0,5,13.0632,8466.31
501,6,0,5,13.0568,8435.98
410,7,0,0,11.3722,1462.66,0.0726667,316.95,0.06,1
398,7,0,0,11.3719,1461.45
397,7,0,0,11.3593,1392.89
390,7,0,0,11.3398,1291.33
382,7,0,0,11.3225,1199.86
376,7,0,0,11.3045,1103.09
369,7,0,0,11.285,998.232
360,7,0,0,11.2627,878.986
361,7,0,0,11.2501,809.873
128,7,0,0,11.1896,481.115
126,7,0,0,11.1823,442.296
125,7,0,0,11.176,408.059
118,7,0,0,11.1431,231.019
1968,7,0,0,11.1153,81.9493
110,7,0,0,11.1,0
710,7,0,1,11.6646,3117.52,0.0443333,193.369,0.36,2
1543,7,0,1,11.6431,2997.25
715,7,0,1,11.6383,2952.99
714,7,0,1,11.6344,2928.98
726,7,0,1,11.6342,2927.1
529,7,0,1,11.6205,2827.61
605,7,0,1,11.6057,2731
603,7,0,1,11.6006,2703.02
604,7,0,1,11.5963,2679.88
596,7,0,1,11.5962,2678.91
580,7,0,1,11.5878,2620.63
574,7,0,1,11.5705,2527.39
573,7,0,1,11.5605,2471.49
564,7,0,1,11.5528,2430.34
557,7,0,1,11.5467,2396.35
561,7,0,1,11.54,2349.83
628,7,0,1,11.5355,2324.18
609,7,0,1,11.5228,2247.52
423,7,0,1,11.5169,2191.2
419,7,0,1,11.5122,2156.76
418,7,0,1,11.4969,2071.84
2139,7,0,1,11.493,2050.41
2138,7,0,1,11.4746,1948.97
411,7,0,1,11.461,1874.15
412,7,0,1,11.4585,1855.14
398,7,0,1,11.4451,1780.81
410,7,0,1,11.4448,1779.61
110,7,0,2,12.0154,5064.79,0,0,0
1968,7,0,2,12.0003,4983.75
114,7,0,2,11.9951,4949.43
1719,7,0,2,11.9521,4722.82
1718,7,0,2,11.9366,4635.77
129,7,0,2,11.9122,4499.9
134,7,0,2,11.9058,4465.51
133,7,0,2,11.893,4397.31
138,7,0,2,11.8721,4292.72
184,7,0,2,11.8529,4191.76
440,7,0,2,11.8362,4100.57
451,7,0,2,11.8174,4004.86
1716,7,0,2,11.815,3988.43
462,7,0,2,11.8046,3936.01
1990,7,0,2,11.7968,3882.98
452,7,0,2,11.7918,3850.54
453,7,0,2,11.7804,3763.36
455,7,0,2,11.768,3693.43
454,7,0,2,11.7652,3677.82
457,7,0,2,11.7585,3623.85
456,7,0,2,11.7533,3594.41
458,7,0,2,11.7439,3533.26
459,7,0,2,11.7379,3488.16
1543,7,0,2,11.7286,3425.93
710,7,0,2,11.7089,3310.88
501,7,1,0,13.5296,1510.92,0.0531667,231.897,0.2,1
502,7,1,0,13.5244,1485.38
473,7,1,0,13.5165,1446.3
2141,7,1,0,13.5163,1445.32
1750,7,1,0,13.512,1424.02
477,7,1,0,13.5075,1400.71
453,7,1,0,13.4785,1243.21
446,7,1,0,13.4702,1195.77
442,7,1,0,13.4585,1137.28
1857,7,1,0,13.4497,1091.26
441,7,1,0,13.4436,1062.09
185,7,1,0,13.4326,1004.16
177,7,1,0,13.4203,938.786
184,7,1,0,13.4003,829.279
138,7,1,0,13.3836,739.414
133,7,1,0,13.3697,664.29
134,7,1,0,13.3621,612.333
129,7,1,0,13.355,574.749
1718,7,1,0,13.3291,432.78
1720,7,1,0,13.322,394.625
1719,7,1,0,13.3093,321.152
114,7,1,0,13.2716,117.424
1968,7,1,0,13.2648,79.7523
110,7,1,0,13.25,0
1016,7,1,1,13.7472,2559.29,0.0561667,244.982,0.25,2
1010,7,1,1,13.7382,2511.64
2026,7,1,1,13.7108,2377.86
2027,7,1,1,13.7057,2352.02
1998,7,1,1,13.6953,2299.32
1997,7,1,1,13.6867,2255.7
1996,7,1,1,13.6808,2227.41
1995,7,1,1,13.6726,2189.09
1993,7,1,1,13.6635,2145.41
1994,7,1,1,13.6592,2123.93
572,7,1,1,13.6522,2085.28
541,7,1,1,13.64,2024.92
540,7,1,1,13.6296,1971.28
1754,7,1,1,13.6212,1927.61
518,7,1,1,13.6133,1887.64
500,7,1,1,13.6083,1861.85
501,7,1,1,13.5828,1742.82
1402,7,1,2,14.0681,4171.66,0.0816667,356.205,0.16,3
1390,7,1,2,14.059,4121.61
1382,7,1,2,14.0334,3991.55
1362,7,1,2,14.0129,3881.56
1361,7,1,2,14.0087,3858.38
1354,7,1,2,14.0087,3858.19
1355,7,1,2,14.0022,3823.7
2076,7,1,2,14.0004,3814.59
1356,7,1,2,13.9928,3775.24
1357,7,1,2,13.992,3771.52
1349,7,1,2,13.9793,3706.57
1348,7,1,2,13.9787,3703.13
1340,7,1,2,13.9782,3700.59
1339,7,1,2,13.9726,3671.86
1330,7,1,2,13.9518,3563.11
1161,7,1,2,13.9425,3515.2
1162,7,1,2,13.9325,3462.21
1136,7,1,2,13.9138,3364.01
1138,7,1,2,13.9071,3329.65
1137,7,1,2,13.9012,3298.54
1123,7,1,2,13.8875,3232.39
1775,7,1,2,13.8789,3188.4
1102,7,1,2,13.8632,3109.22
1100,7,1,2,13.849,3039.82
1101,7,1,2,13.838,2983.18
1082,7,1,2,13.8296,2941.21
1079,7,1,2,13.8205,2894.19
1061,7,1,2,13.8162,2872.91
1063,7,1,2,13.813,2856.07
1062,7,1,2,13.812,2849.03
2159,7,1,2,13.8118,2848.04
1045,7,1,2,13.8111,2844.89
1043,7,1,2,13.8078,2828.21
2029,7,1,2,13.8077,2827.8
1016,7,1,2,13.8034,2804.27
110,7,1,3,14.7846,7948.32,0,0,0
1968,7,1,3,14.767,7856.71
1969,7,1,3,14.7545,7779.85
115,7,1,3,14.752,7765.39
2113,7,1,3,14.7465,7736.2
2133,7,1,3,14.6128,6998.83
366,7,1,3,14.6088,6972.03
2134,7,1,3,14.5996,6914.26
2136,7,1,3,14.5888,6854.11
393,7,1,3,14.5588,6698.35
401,7,1,3,14.5461,6628.9
1739,7,1,3,14.5362,6575.04
1742,7,1,3,14.5297,6540.56
1741,7,1,3,14.5233,6506.07
418,7,1,3,14.5158,6466.55
417,7,1,3,14.513,6450.86
1989,7,1,3,14.495,6358.28
2011,7,1,3,14.4749,6255.21
2156,7,1,3,14.4694,6226.77
2013,7,1,3,14.4687,6223.62
886,7,1,3,14.4577,6169
888,7,1,3,14.4409,6075.87
903,7,1,3,14.4298,6017.61
904,7,1,3,14.4263,5998.75
925,7,1,3,14.4062,5885.54
2019,7,1,3,14.4005,5857.25
929,7,1,3,14.4001,5855.27
938,7,1,3,14.3885,5791
950,7,1,3,14.3736,5714.34
951,7,1,3,14.3627,5662.71
949,7,1,3,14.3504,5600.46
1302,7,1,3,14.3254,5468.03
1307,7,1,3,14.3117,5390.6
1308,7,1,3,14.3005,5331.03
1309,7,1,3,14.2822,5237.67
1314,7,1,3,14.2816,5234.8
2165,7,1,3,14.2661,5151.36
2071,7,1,3,14.2453,5040.21
1317,7,1,3,14.2333,4972.8
2072,7,1,3,14.2143,4870.1
1323,7,1,3,14.1983,4786.41
1388,7,1,3,14.1976,4782.63
1389,7,1,3,14.1889,4734.73
1390,7,1,3,14.1586,4576.84
1402,7,1,3,14.1498,4527.87
410,8,0,0,11.6122,1462.66,0.0726667,316.95,0.06,1
398,8,0,0,11.6119,1461.45
397,8,0,0,11.5993,1392.89
390,8,0,0,11.5798,1291.33
382,8,0,0,11.5625,1199.86
376,8,0,0,11.5445,1103.09
369,8,0,0,11.525,998.232
360,8,0,0,11.5027,878.986
361,8,0,0,11.4901,809.873
128,8,0,0,11.4296,481.115
126,8,0,0,11.4223,442.296
125,8,0,0,11.416,408.059
118,8,0,0,11.3831,231.019
1968,8,0,0,11.3553,81.9493
110,8,0,0,11.34,0
710,8,0,1,11.9046,3117.52,0.0443333,193.369,0.36,2
1543,8,0,1,11.8831,2997.25
715,8,0,1,11.8783,2952.99
714,8,0,1,11.8744,2928.98
726,8,0,1,11.8742,2927.1
529,8,0,1,11.8605,2827.61
605,8,0,1,11.8457,2731
603,8,0,1,11.8406,2703.02
604,8,0,1,11.8363,2679.88
596,8,0,1,11.8362,2678.91
580,8,0,1,11.8278,2620.63
574,8,0,1,11.8105,2527.39
573,8,0,1,11.8005,2471.49
564,8,0,1,11.7928,2430.34
557,8,0,1,11.7867,2396.35
561,8,0,1,11.78,2349.83
628,8,0,1,11.7755,2324.18
609,8,0,1,11.7628,2247.52
423,8,0,1,11.7569,2191.2
419,8,0,1,11.7522,2156.76
418,8,0,1,11.7369,2071.84
2139,8,0,1,11.733,2050.41
2138,8,0,1,11.7146,1948.97
411,8,0,1,11.701,1874.15
412,8,0,1,11.6985,1855.14
398,8,0,1,11.6851,1780.81
410,8,0,1,11.6848,1779.61
110,8,0,2,12.2554,5064.79,0,0,0
1968,8,0,2,12.2403,4983.75
114,8,0,2,12.2351,4949.43
1719,8,0,2,12.1921,4722.82
1718,8,0,2,12.1766,4635.77
129,8,0,2,12.1522,4499.9
134,8,0,2,12.1458,4465.51
133,8,0,2,12.133,4397.31
138,8,0,2,12.1121,4292.72
184,8,0,2,12.0929,4191.76
440,8,0,2,12.0762,4100.57
451,8,0,2,12.0574,4004.86
1716,8,0,2,12.055,3988.43
462,8,0,2,12.0446,3936.01
1990,8,0,2,12.0368,3882.98
452,8,0,2,12.0318,3850.54
453,8,0,2,12.0204,3763.36
455,8,0,2,12.008,3693.43
454,8,0,2,12.0052,3677.82
457,8,0,2,11.9985,3623.85
456,8,0,2,11.9933,3594.41
458,8,0,2,11.9839,3533.26
459,8,0,2,11.9779,3488.16
1543,8,0,2,11.9686,3425.93
710,8,0,2,11.9489,3310.88
1402,8,1,0,14.0034,3372.79,0.0816667,356.205,0.16,1
1390,8,1,0,13.9941,3321.76
1389,8,1,0,13.9655,3170.7
1388,8,1,0,13.9567,3122.71
1370,8,1,0,13.9198,2928.06
1359,8,1,0,13.9189,2923.6
2071,8,1,0,13.9023,2830.9
2165,8,1,0,13.8804,2715.19
1314,8,1,0,13.8631,2623.77
2163,8,1,0,13.8483,2543.94
2023,8,1,0,13.8217,2399.84
1787,8,1,0,13.8136,2358.52
2020,8,1,0,13.7947,2264.44
935,8,1,0,13.7849,2212.99
934,8,1,0,13.7844,2210.39
933,8,1,0,13.7727,2150.9
936,8,1,0,13.7722,2147.96
1737,8,1,0,13.7607,2085.09
917,8,1,0,13.7475,2016.59
916,8,1,0,13.7473,2015.68
906,8,1,0,13.7235,1891.34
889,8,1,0,13.7122,1832.97
890,8,1,0,13.7055,1797.06
2013,8,1,0,13.686,1693.84
1988,8,1,0,13.6684,1599.98
417,8,1,0,13.6479,1495.37
418,8,1,0,13.6439,1474.43
1741,8,1,0,13.6382,1442.44
1740,8,1,0,13.6344,1421.91
1739,8,1,0,13.6297,1395.5
401,8,1,0,13.6191,1338.14
393,8,1,0,13.6059,1266.67
2136,8,1,0,13.5831,1141.76
2134,8,1,0,13.5718,1079.42
360,8,1,0,13.5391,906.015
361,8,1,0,13.5246,828.632
128,8,1,0,13.4695,523.193
126,8,1,0,13.461,479.066
125,8,1,0,13.4518,432.83
118,8,1,0,13.417,247.521
1968,8,1,0,13.3848,79.7523
110,8,1,0,13.37,0
1016,8,1,1,14.3432,5082,0.0881667,384.556,0.22,2
2029,8,1,1,14.3388,5058.25
1043,8,1,1,14.3387,5057.84
2158,8,1,1,14.3319,5023.06
2030,8,1,1,14.3279,5003.22
1041,8,1,1,14.3228,4976.64
1059,8,1,1,14.3139,4931.8
1058,8,1,1,14.3089,4906.55
1075,8,1,1,14.2914,4816.48
1072,8,1,1,14.2814,4765.04
1071,8,1,1,14.2712,4714.56
1090,8,1,1,14.2651,4677.34
1089,8,1,1,14.259,4644.02
1119,8,1,1,14.2504,4598.13
1118,8,1,1,14.2443,4564.54
2044,8,1,1,14.229,4484.98
2169,8,1,1,14.221,4443.96
2171,8,1,1,14.2164,4419.81
1549,8,1,1,14.2086,4379.66
1147,8,1,1,14.2011,4341.27
1327,8,1,1,14.1728,4193.3
1343,8,1,1,14.1722,4190.57
1355,8,1,1,14.1454,4051.15
1364,8,1,1,14.1453,4050.94
1362,8,1,1,14.1355,3998.96
1382,8,1,1,14.1155,3891.13
1390,8,1,1,14.094,3777.96
1402,8,1,1,14.0851,3728.99
110,8,1,2,14.8507,7672.26,0,0,0
111,8,1,2,14.8484,7656.38
1968,8,1,2,14.8389,7591.7
114,8,1,2,14.8334,7556.97
1719,8,1,2,14.7972,7359.36
1718,8,1,2,14.7773,7253.04
129,8,1,2,14.7533,7119.25
134,8,1,2,14.7476,7087.84
133,8,1,2,14.7368,7028.46
138,8,1,2,14.716,6923.88
184,8,1,2,14.6994,6834.28
440,8,1,2,14.679,6727.06
451,8,1,2,14.6625,6640.86
1716,8,1,2,14.66,6624.43
462,8,1,2,14.6509,6577.36
1990,8,1,2,14.6439,6524.67
463,8,1,2,14.6252,6428.15
474,8,1,2,14.6098,6348.91
2140,8,1,2,14.6008,6307.57
475,8,1,2,14.5958,6283.34
499,8,1,2,14.588,6243.75
500,8,1,2,14.5834,6220.35
518,8,1,2,14.5788,6196.24
1754,8,1,2,14.5752,6171.31
540,8,1,2,14.567,6128.84
541,8,1,2,14.5551,6069.02
572,8,1,2,14.5455,6019.35
1994,8,1,2,14.5329,5956.95
1993,8,1,2,14.5286,5935.46
1995,8,1,2,14.516,5877.72
1996,8,1,2,14.5101,5848.54
1997,8,1,2,14.5062,5828.64
2027,8,1,2,14.479,5698.42
2026,8,1,2,14.4732,5669.93
978,8,1,2,14.4659,5634.79
1010,8,1,2,14.451,5558.02
1016,8,1,2,14.4313,5466.56
501,8,2,0,14.0696,1510.92,0.107,466.702,0.18,1
502,8,2,0,14.0644,1485.38
473,8,2,0,14.0565,1446.3
2141,8,2,0,14.0563,1445.32
1750,8,2,0,14.052,1424.02
477,8,2,0,14.0475,1400.71
453,8,2,0,14.0185,1243.21
446,8,2,0,14.0102,1195.77
442,8,2,0,13.9985,1137.28
1857,8,2,0,13.9897,1091.26
441,8,2,0,13.9836,1062.09
185,8,2,0,13.9726,1004.16
177,8,2,0,13.9603,938.786
184,8,2,0,13.9403,829.279
138,8,2,0,13.9236,739.414
133,8,2,0,13.9097,664.29
134,8,2,0,13.9021,612.333
129,8,2,0,13.895,574.749
1718,8,2,0,13.8691,432.78
1720,8,2,0,13.862,394.625
1719,8,2,0,13.8493,321.152
114,8,2,0,13.8116,117.424
1968,8,2,0,13.8048,79.7523
110,8,2,0,13.79,0
110,8,2,1,14.4503,3466.82,0,0,0
111,8,2,1,14.448,3450.94
1968,8,2,1,14.4385,3386.26
114,8,2,1,14.433,3351.53
1719,8,2,1,14.395,3146.49
1720,8,2,1,14.3799,3064.02
1718,8,2,1,14.3742,3031.47
129,8,2,1,14.349,2892.4
134,8,2,1,14.3429,2859.44
133,8,2,1,14.3305,2792.91
138,8,2,1,14.3097,2688.33
184,8,2,1,14.2933,2599.79
440,8,2,1,14.2775,2512.17
451,8,2,1,14.2609,2425.97
1716,8,2,1,14.2585,2409.55
462,8,2,1,14.2494,2362.47
1990,8,2,1,14.2423,2309.78
463,8,2,1,14.2236,2213.26
474,8,2,1,14.2083,2134.02
2140,8,2,1,14.1993,2092.69
2141,8,2,1,14.1914,2049.48
473,8,2,1,14.1912,2048.2
502,8,2,1,14.1821,2004.3
501,8,2,1,14.1766,1977.62
410,9,0,0,13.4143,1471.19,0.074,322.766,0.11,1
398,9,0,0,13.414,1469.98
397,9,0,0,13.4032,1408.71
390,9,0,0,13.3833,1305.9
382,9,0,0,13.3669,1218.33
376,9,0,0,13.3499,1125.74
369,9,0,0,13.3301,1019.33
360,9,0,0,13.3091,906.015
361,9,0,0,13.2946,828.632
128,9,0,0,13.2395,523.193
126,9,0,0,13.231,479.066
125,9,0,0,13.2218,432.83
118,9,0,0,13.187,247.521
1968,9,0,0,13.1548,79.7523
110,9,0,0,13.14,0
1402,9,0,1,13.9149,4038.37,0.1085,473.244,0.18,2
1390,9,0,1,13.9057,3988.31
1389,9,0,1,13.8795,3847.36
1388,9,0,1,13.8594,3752.17
1323,9,0,1,13.8587,3748.39
2072,9,0,1,13.8345,3630.82
1317,9,0,1,13.8147,3524.14
2071,9,0,1,13.804,3460.08
2165,9,0,1,13.7817,3342.68
1314,9,0,1,13.7649,3253.68
2163,9,0,1,13.7502,3173.84
2023,9,0,1,13.7218,3022.47
1787,9,0,1,13.7137,2981.18
1788,9,0,1,13.7129,2977.48
943,9,0,1,13.697,2896.83
934,9,0,1,13.6882,2848.99
933,9,0,1,13.6779,2795.06
936,9,0,1,13.6773,2792.12
1737,9,0,1,13.6658,2728.89
917,9,0,1,13.649,2645.65
916,9,0,1,13.6489,2644.75
906,9,0,1,13.623,2511.66
889,9,0,1,13.6108,2449.74
890,9,0,1,13.6013,2401.78
2013,9,0,1,13.5783,2283.62
1988,9,0,1,13.5593,2183.84
416,9,0,1,13.5378,2077.27
2139,9,0,1,13.5338,2055.44
2138,9,0,1,13.5174,1962.7
411,9,0,1,13.5051,1893.38
412,9,0,1,13.503,1873.87
398,9,0,1,13.4886,1795.16
410,9,0,1,13.4883,1793.95
1016,9,0,2,14.2814,5864.63,0.0881667,384.556,0.22,3
2029,9,0,2,14.277,5840.88
1043,9,0,2,14.277,5840.46
2158,9,0,2,14.2701,5805.68
2030,9,0,2,14.2662,5785.85
1041,9,0,2,14.261,5759.26
1059,9,0,2,14.2522,5714.43
1058,9,0,2,14.2472,5689.18
1075,9,0,2,14.2297,5599.11
1072,9,0,2,14.2196,5547.66
1071,9,0,2,14.2095,5497.19
1090,9,0,2,14.2034,5459.97
1089,9,0,2,14.1973,5426.64
1119,9,0,2,14.1887,5380.76
1118,9,0,2,14.1825,5347.17
2044,9,0,2,14.1673,5267.61
2169,9,0,2,14.1593,5226.59
2171,9,0,2,14.1546,5202.43
1549,9,0,2,14.1468,5162.28
1147,9,0,2,14.1394,5123.9
1327,9,0,2,14.111,4975.93
1343,9,0,2,14.1104,4973.19
1355,9,0,2,14.0836,4833.77
1364,9,0,2,14.0836,4833.56
1362,9,0,2,14.0738,4781.58
1382,9,0,2,14.0537,4673.75
1390,9,0,2,14.0322,4560.58
1402,9,0,2,14.0234,4511.62
501,9,0,3,14.5591,7170.87,0.107,466.702,0.18,4
1747,9,0,3,14.5494,7126.57
1746,9,0,3,14.5215,6987.23
1745,9,0,3,14.5084,6923.94
1844,9,0,3,14.4905,6834.69
575,9,0,3,14.4881,6819.18
571,9,0,3,14.4852,6803.06
570,9,0,3,14.4804,6779.79
569,9,0,3,14.4753,6754.47
640,9,0,3,14.4671,6715.56
649,9,0,3,14.4578,6673.02
646,9,0,3,14.45,6636.51
691,9,0,3,14.4441,6607.6
689,9,0,3,14.422,6503.61
979,9,0,3,14.4135,6464.01
980,9,0,3,14.4077,6435.6
978,9,0,3,14.4041,6417.41
1010,9,0,3,14.3893,6340.65
1016,9,0,3,14.3696,6249.19
110,9,0,4,14.9398,9126.78,0,0,0
111,9,0,4,14.9375,9110.9
1968,9,0,4,14.928,9046.21
114,9,0,4,14.9225,9011.48
1719,9,0,4,14.8845,8806.45
1720,9,0,4,14.8694,8723.98
1718,9,0,4,14.8636,8691.43
129,9,0,4,14.8384,8552.36
134,9,0,4,14.8324,8519.39
133,9,0,4,14.82,8452.87
138,9,0,4,14.7991,8348.28
184,9,0,4,14.7828,8259.74
440,9,0,4,14.767,8172.12
451,9,0,4,14.7504,8085.93
1716,9,0,4,14.748,8069.5
462,9,0,4,14.7389,8022.43
1990,9,0,4,14.7318,7969.73
463,9,0,4,14.7131,7873.21
474,9,0,4,14.6978,7793.97
2140,9,0,4,14.6887,7752.64
2141,9,0,4,14.6809,7709.44
473,9,0,4,14.6807,7708.15
502,9,0,4,14.6716,7664.25
501,9,0,4,14.6661,7637.58
710,9,1,0,11.7184,1682.36,0.0443333,193.369,0.36,1
1543,9,1,0,11.6933,1546.36
459,9,1,0,11.6834,1483.42
458,9,1,0,11.6764,1437.75
456,9,1,0,11.6672,1376.86
457,9,1,0,11.6618,1346.64
454,9,1,0,11.6542,1292.68
455,9,1,0,11.6518,1278.37
453,9,1,0,11.6426,1212.8
446,9,1,0,11.634,1164.09
442,9,1,0,11.6258,1120.37
1857,9,1,0,11.6174,1076.3
441,9,1,0,11.6125,1051.98
185,9,1,0,11.6015,993.794
177,9,1,0,11.5889,927.553
184,9,1,0,11.5685,816.223
138,9,1,0,11.5528,730.3
133,9,1,0,11.5385,653.53
134,9,1,0,11.5309,601.574
129,9,1,0,11.5233,561.93
1718,9,1,0,11.4969,417.674
1719,9,1,0,11.4802,325.295
114,9,1,0,11.4423,120.486
1968,9,1,0,11.4353,81.9493
110,9,1,0,11.42,0
110,9,1,1,12.0692,3629.63,0,0,0
1968,9,1,1,12.0541,3548.6
114,9,1,1,12.0489,3514.27
1719,9,1,1,12.0059,3287.66
1718,9,1,1,11.9905,3200.61
129,9,1,1,11.966,3064.75
134,9,1,1,11.9596,3030.36
133,9,1,1,11.9468,2962.15
138,9,1,1,11.926,2857.57
184,9,1,1,11.9067,2756.61
440,9,1,1,11.8901,2665.42
451,9,1,1,11.8713,2569.71
1716,9,1,1,11.8689,2553.28
462,9,1,1,11.8585,2500.86
1990,9,1,1,11.8506,2447.83
452,9,1,1,11.8456,2415.39
453,9,1,1,11.8343,2328.21
455,9,1,1,11.8219,2258.28
454,9,1,1,11.819,2242.66
457,9,1,1,11.8123,2188.7
456,9,1,1,11.8072,2159.26
458,9,1,1,11.7977,2098.11
459,9,1,1,11.7918,2053.01
1543,9,1,1,11.7825,1990.78
710,9,1,1,11.7628,1875.73
410,10,0,0,13.4143,1471.19,0.074,322.766,0.11,1
398,10,0,0,13.414,1469.98
397,10,0,0,13.4032,1408.71
390,10,0,0,13.3833,1305.9
382,10,0,0,13.3669,1218.33
376,10,0,0,13.3499,1125.74
369,10,0,0,13.3301,1019.33
360,10,0,0,13.3091,906.015
361,10,0,0,13.2946,828.632
128,10,0,0,13.2395,523.193
126,10,0,0,13.231,479.066
125,10,0,0,13.2218,432.83
118,10,0,0,13.187,247.521
1968,10,0,0,13.1548,79.7523
110,10,0,0,13.14,0
1016,10,0,1,13.7027,2978.6,0.0561667,244.982,0.25,2
1010,10,0,1,13.6936,2930.95
2026,10,0,1,13.6662,2797.16
2027,10,0,1,13.6611,2771.32
1998,10,0,1,13.6507,2718.62
1997,10,0,1,13.6421,2675.01
1996,10,0,1,13.6362,2646.71
1995,10,0,1,13.628,2608.39
1993,10,0,1,13.6189,2564.72
1994,10,0,1,13.6146,2543.23
562,10,0,1,13.6051,2494.18
563,10,0,1,13.6014,2475.26
564,10,0,1,13.5957,2444.42
557,10,0,1,13.5898,2411.34
561,10,0,1,13.5831,2364.8
628,10,0,1,13.5788,2339.43
609,10,0,1,13.5666,2263.63
423,10,0,1,13.5607,2207.31
419,10,0,1,13.5554,2172.47
418,10,0,1,13.5371,2074.91
2139,10,0,1,13.5338,2055.44
2138,10,0,1,13.5174,1962.7
411,10,0,1,13.5051,1893.38
412,10,0,1,13.503,1873.87
398,10,0,1,13.4886,1795.16
410,10,0,1,13.4883,1793.95
1402,10,0,2,14.0235,4590.97,0.0816667,356.205,0.16,3
1390,10,0,2,14.0144,4540.91
1382,10,0,2,13.9889,4410.86
1362,10,0,2,13.9683,4300.86
1361,10,0,2,13.9641,4277.69
1354,10,0,2,13.9641,4277.5
1355,10,0,2,13.9576,4243
2076,10,0,2,13.9558,4233.89
1356,10,0,2,13.9482,4194.54
1357,10,0,2,13.9474,4190.82
1349,10,0,2,13.9347,4125.87
1348,10,0,2,13.9341,4122.44
1340,10,0,2,13.9336,4119.9
1339,10,0,2,13.928,4091.16
1330,10,0,2,13.9073,3982.42
1161,10,0,2,13.8979,3934.51
1162,10,0,2,13.8879,3881.51
1136,10,0,2,13.8692,3783.31
1138,10,0,2,13.8625,3748.95
1137,10,0,2,13.8566,3717.85
1123,10,0,2,13.8429,3651.7
1775,10,0,2,13.8343,3607.71
1102,10,0,2,13.8186,3528.52
1100,10,0,2,13.8044,3459.13
1101,10,0,2,13.7934,3402.48
1082,10,0,2,13.785,3360.52
1079,10,0,2,13.7759,3313.5
1061,10,0,2,13.7716,3292.21
1063,10,0,2,13.7684,3275.37
1062,10,0,2,13.7674,3268.33
2159,10,0,2,13.7672,3267.35
1045,10,0,2,13.7665,3264.2
1043,10,0,2,13.7632,3247.52
2029,10,0,2,13.7631,3247.1
1016,10,0,2,13.7588,3223.58
501,10,0,3,14.5255,7106.11,0.107,466.702,0.18,4
1747,10,0,3,14.5195,7076.89
1746,10,0,3,14.4909,6934.48
540,10,0,3,14.4739,6848.54
541,10,0,3,14.4614,6786.03
572,10,0,3,14.4509,6732.79
567,10,0,3,14.4408,6679.38
565,10,0,3,14.4386,6665.89
562,10,0,3,14.4319,6631.38
639,10,0,3,14.4285,6613.94
638,10,0,3,14.4228,6584.27
637,10,0,3,14.4178,6559.24
685,10,0,3,14.4068,6505.46
687,10,0,3,14.4016,6479.43
971,10,0,3,14.3869,6410.53
972,10,0,3,14.3796,6374.32
973,10,0,3,14.3649,6305.19
1008,10,0,3,14.3552,6257.09
1009,10,0,3,14.343,6195.51
1041,10,0,3,14.3429,6194.82
1059,10,0,3,14.334,6149.99
1058,10,0,3,14.329,6124.74
1075,10,0,3,14.3115,6034.67
1072,10,0,3,14.3015,5983.22
1071,10,0,3,14.2913,5932.75
1090,10,0,3,14.2852,5895.53
1089,10,0,3,14.2791,5862.2
1119,10,0,3,14.2705,5816.31
1118,10,0,3,14.2643,5782.73
2044,10,0,3,14.2491,5703.16
2169,10,0,3,14.2411,5662.14
2171,10,0,3,14.2364,5637.99
1549,10,0,3,14.2287,5597.84
1147,10,0,3,14.2212,5559.46
1327,10,0,3,14.1928,5411.48
1343,10,0,3,14.1922,5408.75
1355,10,0,3,14.1655,5269.33
1364,10,0,3,14.1654,5269.12
1362,10,0,3,14.1556,5217.14
1382,10,0,3,14.1356,5109.31
1390,10,0,3,14.1141,4996.14
1402,10,0,3,14.1052,4947.17
110,10,0,4,14.9062,9062.01,0,0,0
111,10,0,4,14.9038,9046.13
1968,10,0,4,14.8944,8981.46
114,10,0,4,14.8888,8946.72
1719,10,0,4,14.8508,8741.69
1720,10,0,4,14.8358,8659.22
1718,10,0,4,14.83,8626.67
129,10,0,4,14.8048,8487.6
134,10,0,4,14.7988,8454.63
133,10,0,4,14.7864,8388.1
138,10,0,4,14.7655,8283.52
184,10,0,4,14.7492,8194.98
440,10,0,4,14.7333,8107.36
451,10,0,4,14.7168,8021.16
1716,10,0,4,14.7144,8004.74
462,10,0,4,14.7052,7957.67
1990,10,0,4,14.6982,7904.97
463,10,0,4,14.6795,7808.45
474,10,0,4,14.6641,7729.21
2140,10,0,4,14.6551,7687.88
2141,10,0,4,14.6473,7644.68
473,10,0,4,14.647,7643.39
502,10,0,4,14.638,7599.49
501,10,0,4,14.6325,7572.81
710,10,1,0,11.7484,1682.36,0.0443333,193.369,0.36,1
1543,10,1,0,11.7233,1546.36
459,10,1,0,11.7134,1483.42
458,10,1,0,11.7064,1437.75
456,10,1,0,11.6972,1376.86
457,10,1,0,11.6918,1346.64
454,10,1,0,11.6842,1292.68
455,10,1,0,11.6818,1278.37
453,10,1,0,11.6726,1212.8
446,10,1,0,11.664,1164.09
442,10,1,0,11.6558,1120.37
1857,10,1,0,11.6474,1076.3
441,10,1,0,11.6425,1051.98
185,10,1,0,11.6315,993.794
177,10,1,0,11.6189,927.553
184,10,1,0,11.5985,816.223
138,10,1,0,11.5828,730.3
133,10,1,0,11.5685,653.53
134,10,1,0,11.5609,601.574
129,10,1,0,11.5533,561.93
1718,10,1,0,11.5269,417.674
1719,10,1,0,11.5102,325.295
114,10,1,0,11.4723,120.486
1968,10,1,0,11.4653,81.9493
110,10,1,0,11.45,0
110,10,1,1,12.0992,3629.63,0,0,0
1968,10,1,1,12.0841,3548.6
114,10,1,1,12.0789,3514.27
1719,10,1,1,12.0359,3287.66
1718,10,1,1,12.0205,3200.61
129,10,1,1,11.996,3064.75
134,10,1,1,11.9896,3030.36
133,10,1,1,11.9768,2962.15
138,10,1,1,11.956,2857.57
184,10,1,1,11.9367,2756.61
440,10,1,1,11.9201,2665.42
451,10,1,1,11.9013,2569.71
1716,10,1,1,11.8989,2553.28
462,10,1,1,11.8885,2500.86
1990,10,1,1,11.8806,2447.83
452,10,1,1,11.8756,2415.39
453,10,1,1,11.8643,2328.21
455,10,1,1,11.8519,2258.28
454,10,1,1,11.849,2242.66
457,10,1,1,11.8423,2188.7
456,10,1,1,11.8372,2159.26
458,10,1,1,11.8277,2098.11
459,10,1,1,11.8218,2053.01
1543,10,1,1,11.8125,1990.78
710,10,1,1,11.7928,1875.73
