218557 206256 206852 217729 203679 182424 203679 210615 218557 17.45
215657 219349 203205 213602 210039 185495 203205 212370 219349 17.43
208651 203541 209248 216991 211618 186674 203541 210010 216991 16.85
207330 206086 207874 210910 217653 188531 206086 209971 217653 16.61
210969 217925 207302 220370 206145 188701 206145 212542 220370 15.54
224481 208519 210902 205406 223287 188913 205406 214519 224481 15.2
211101 226380 229146 211924 210169 192972 210169 217744 229146 14.92
215696 216552 228661 211192 218100 195866 211192 218040 228661 14.7
221946 218479 219316 221408 222584 198291 218479 220747 222584 14.26
223370 226907 232547 231796 231747 202166 223370 229273 232547 14
220895 220723 221622 235569 230429 205107 220723 225848 235569 13.9
227455 227414 221303 226577 226929 206018 221303 225936 227455 13.5
238152 233383 227297 234121 225096 208548 225096 231610 238152 13.2
229883 233122 226753 234119 227198 210196 226753 230215 234119 12.89
231891 239087 253293 223483 231920 212576 223483 235935 253293 12.72
235079 232983 237711 232177 231199 214919 231199 233830 237711 12.39
246684 242089 237052 248465 252188 220187 237052 245296 252188 12.37
239440 235375 238485 246973 239150 222634 235375 239885 246973 12.09
243353 240811 235991 241470 253249 226492 235991 242975 253249 12.01
251709 246507 257265 257610 245912 229861 245912 251801 257610 11.82
