14474.4 16774.2 9380.39 13877.2 16807.9 9380.39 9380.39 14262.8 16807.9 1.18
12706.9 9505.77 13133.2 14925.7 17393.8 9505.77 9505.77 13533.1 17393.8 1.15
9896.75 9896.75 13524.2 9896.75 14393.6 9896.75 9896.75 11521.6 14393.6 1.1
15812 14989.3 14345.5 13919.1 13919.1 10718 13919.1 14597 15812 1.08
15987 16630.8 20616.1 19845 19845 12359.6 15987 18584.8 20616.1 1.06
12691.6 17341.2 16962.9 12691.6 12691.6 12691.6 12691.6 14475.8 17341.2 1.05
17027.7 17850.4 17645.3 17253.2 12756.4 12756.4 12756.4 16506.6 17850.4 1.04
17509.9 16640.6 13013.1 18077.9 19982.9 13013.1 13013.1 17044.9 19982.9 1.03
17786.8 16917.4 16917.4 16917.4 13290 13290 13290 16365.8 17786.8 1
21268.7 23689.3 16203.9 16203.9 19405 16203.9 16203.9 19354.1 23689.3 0.98
17602.5 17602.5 21229.9 20803.6 21229.9 17602.5 17602.5 19693.7 21229.9 0.97
