13877.2 9380.39 13007.8 12581.5 17268.4 9380.39 9380.39 13223.1 17268.4 1.18
16475.6 16270.6 9505.77 9505.77 16475.6 9505.77 9505.77 13646.7 16475.6 1.15
13524.2 13097.9 9896.75 9896.75 9896.75 9896.75 9896.75 11262.5 13524.2 1.1
10342.9 13544 10342.9 15436.9 10342.9 10342.9 10342.9 12002 15436.9 1.09
10718 15214.8 10718 10718 10718 10718 10718 11617.4 15214.8 1.08
12359.6 17845.6 19329.4 19329.4 15987 12359.6 12359.6 16970.2 19329.4 1.06
12691.6 12691.6 16319 17188.4 16962.8 12691.6 12691.6 15170.7 17188.4 1.05
12756.3 16383.8 21012.9 16383.8 16117 12756.3 12756.3 16530.8 21012.9 1.04
13013.1 16373.7 18107.1 19982.9 18107.1 13013.1 13013.1 17116.8 19982.9 1.03
16917.4 16917.4 13290 17561.3 20259.8 13290 13290 16989.2 20259.8 1
20435 15938.2 19565.6 19565.6 20435 15938.2 15938.2 19187.9 20435 0.99
19831.3 16203.9 19405 23173.7 20700.7 16203.9 16203.9 19862.9 23173.7 0.97
