
N° 	   F1 	 F2
1	182424	17.45
2	185495	17.43
3	186674	16.85
4	188531	16.61
5	188701	15.54
6	188913	15.2
7	192972	14.92
8	195866	14.7
9	198291	14.26
10	202166	14
11	205107	13.9
12	206018	13.5
13	208548	13.2
14	210196	12.89
15	212576	12.72
16	214919	12.39
17	220187	12.37
18	222634	12.09
19	226492	12.01
20	229861	11.82

0
1
2
3
4
0
1
2
3
4
0
1
2
3
4
0
1
2
3
4
0
1
2
3
4
0
1
2
3
4
0
1
2
3
4
0
1
2
3
4
0
1
2
3
4
0
1
2
3
4
0
1
2
3
4
0
1
2
3
4
0
1
2
3
4
0
1
2
3
4
0
1
2
3
4
0
1
2
3
4
0
1
2
3
4
0
1
2
3
4
0
1
2
3
4
0
1
2
3
4
624 20 80 90 90 1000 14.3058 0.788748 3.70241
