40414.7 42873.1 42658.9 40408.5 42217 34008.7 40408.5 41714.4 42873.1 3.55
43473 42476.4 46849.1 42925.3 48500 34424.6 42476.4 44844.7 48500 3.47
44242.3 45621.2 42449.9 44130.5 48739.2 34444.1 42449.9 45036.6 48739.2 3.36
41270.3 44571.1 40875.3 44973.8 45132.5 34549 40875.3 43364.6 45132.5 3.16
43659 41658.2 50505.7 51518 45218.2 35119.4 41658.2 46511.8 51518 3.02
39106 41310 39551.1 49577.6 39749.2 35163.5 39106 41858.8 49577.6 2.86
39902.3 42631.9 42021.4 44937.1 41053.7 36502.4 39902.3 42109.3 44937.1 2.67
39475.2 46789.8 43600.2 46241.6 47761.7 37407.9 39475.2 44773.7 47761.7 2.6
46428.3 45750.3 46207 45085.5 45684.9 38812 45085.5 45831.2 46428.3 2.53
46805.1 45681.2 38951.1 46097.2 49574.5 38951.1 38951.1 45421.8 49574.5 2.36
47683.5 45018.7 51621.2 40683.5 43255.4 39149.2 40683.5 45652.5 51621.2 2.34
47170.6 46765.8 54467.5 45779.5 50736.6 39996.2 45779.5 48984 54467.5 2.32
46065.6 46257.4 41972.5 45678.5 45767 40474.1 41972.5 45148.2 46257.4 2.15
40981.7 47608.4 48450.8 46186.1 52431.6 40981.7 40981.7 47131.7 52431.6 2.05
48865.8 58718.8 43292 58000.8 52595 43292 43292 52294.5 58718.8 1.96
58127.6 51707.9 59124.1 44488.8 55910.2 44488.8 44488.8 53871.7 59124.1 1.91
52840.4 57333.9 47937.6 54534.9 48550.9 47937.6 47937.6 52239.6 57333.9 1.9
56630.2 53398.8 57669.1 61511 56179.4 50033 53398.8 57077.7 61511 1.87
60026.5 59672.9 52203.7 59661.7 65625.6 52203.7 52203.7 59438.1 65625.6 1.73
53310.3 53310.3 58514.7 61753.3 53310.3 53310.3 53310.3 56039.8 61753.3 1.66
55697.3 65794.7 53630 60776.4 68392 53630 53630 60858.1 68392 1.65
60085.2 60985.6 57520.7 61170.6 55387.3 55387.3 55387.3 59029.9 61170.6 1.58
64771.1 60254.2 65415.7 60270.5 61625 56074.4 60254.2 62467.3 65415.7 1.49
71116.7 63306.7 64056.8 65733.9 63959.7 57430.1 63306.7 65634.8 71116.7 1.44
63721.3 58516.9 58516.9 64539 63123.7 58516.9 58516.9 61683.6 64539 1.42
