37369.6 35581.5 30221.9 44621.4 39718.7 30221.9 30221.9 37502.6 44621.4 3.6
35272.8 31202.5 47974.8 38109.1 39160.3 30589.2 31202.5 38343.9 47974.8 3.54
37884.8 39635.6 40119.6 33520.8 37905.6 30632.2 33520.8 37813.3 40119.6 3.46
42976.2 32148.5 36754.5 39116.6 37893.8 30650 32148.5 37777.9 42976.2 3.33
41090.2 41982.3 45274.5 38995.3 43514.1 30669.2 38995.3 42171.3 45274.5 3.18
45859.2 31272.8 35379.1 40127.2 40457.5 31272.8 31272.8 38619.2 45859.2 3.11
38520.5 42544.7 41212.6 37411.9 38991 31841.7 37411.9 39736.1 42544.7 3.06
41508.8 42814.6 39622.3 39460 39316.8 32270.3 39316.8 40544.5 42814.6 3.01
39897.7 39589.6 41170.2 42181.6 42370.5 32607.3 39589.6 41041.9 42370.5 2.94
35271.4 47457.8 45325.5 44474.7 44121.6 32908.4 35271.4 43330.2 47457.8 2.87
40090.1 41291.9 41662.9 39783.2 37100.4 32920.6 37100.4 39985.7 41662.9 2.84
41795.2 43115.4 41170.4 39374.7 41818.7 33228.2 39374.7 41454.9 43115.4 2.77
37786.3 37987.9 37786.3 43674.9 40829.4 33664.7 37786.3 39612.9 43674.9 2.72
39560.2 43376.9 41308.5 41640.5 43206.4 33776.9 39560.2 41818.5 43376.9 2.62
46341.3 39301.2 42603.9 43020.4 48135.6 34230.9 39301.2 43880.5 48135.6 2.55
47331.9 43865.6 40640.6 37605.7 41854.1 34857.3 37605.7 42259.6 47331.9 2.51
41539.5 42718.9 42982.4 39188 45817.4 35358.5 39188 42449.2 45817.4 2.48
35707.5 47185.6 42538.7 42855.2 45766.3 35707.5 35707.5 42810.7 47185.6 2.42
41147.1 40611.6 43100.2 42068.4 44367.3 36006.8 40611.6 42258.9 44367.3 2.38
40887.2 42490.7 45449.7 45903.1 43295 36707.4 40887.2 43605.1 45903.1 2.34
41025.6 50020.9 43251.2 44298.6 41428.5 36829.4 41025.6 44005 50020.9 2.25
41139.9 47219.5 51454.5 46063.6 47995 37197.4 41139.9 46774.5 51454.5 2.21
42662.1 41400.2 51159.6 48558.3 43790.1 37457.7 41400.2 45514.1 51159.6 2.18
38050.8 50206.1 48102.9 38050.8 45385.3 38050.8 38050.8 43959.2 50206.1 2.08
42717.9 40656.9 42039.5 44944.4 45021.4 38394.7 40656.9 43076 45021.4 2.06
47378.2 38781.2 49909.2 45064.8 40315.4 38781.2 38781.2 44289.8 49909.2 2.01
38979.3 47154.3 49938.8 46309.4 46343.9 38979.3 38979.3 45745.1 49938.8 2
44769.8 47188.8 47936.6 47179 47499.5 39565.4 44769.8 46914.7 47936.6 1.97
43995.5 45672.6 50182.6 45672.6 43320.2 39889.3 43320.2 45768.7 50182.6 1.95
49556.8 48096.9 46106.8 43051.2 52804.6 40627.7 43051.2 47923.3 52804.6 1.93
44650.6 41280.5 45476.6 45223 41280.5 41280.5 41280.5 43582.2 45476.6 1.87
43983.2 55989.1 49100.5 47689.2 53961.1 42484.8 43983.2 50144.6 55989.1 1.86
48902.3 47746.4 49906.3 49267.7 48627.6 43423.2 47746.4 48890.1 49906.3 1.84
49504.7 51109.1 53602.9 52436.6 47913.3 44482.4 47913.3 50913.3 53602.9 1.83
50709.3 52385.5 47680.7 48081.2 50287 45514.9 47680.7 49828.8 52385.5 1.81
53227.8 45758.7 53113.5 59046.2 45758.7 45758.7 45758.7 51381 59046.2 1.76
51499.7 55037.6 48068.1 46295.3 54462.1 46295.3 46295.3 51072.6 55037.6 1.73
46845.4 58238.2 52829.9 57416.9 52443.8 46845.4 46845.4 53554.8 58238.2 1.72
48472.7 48472.7 52046 56251.3 58832.7 48472.7 48472.7 52815.1 58832.7 1.68
61686.6 52843.8 53767.1 54994.5 53767.1 49443.9 52843.8 55411.8 61686.6 1.67
56179 57091.1 56825.8 57440.5 55852.1 49552.3 55852.1 56677.7 57440.5 1.66
55795.7 56329.8 54307.5 56776.6 50591.3 50591.3 50591.3 54760.2 56776.6 1.63
58706.7 59464.3 55462.8 54666.6 55818 51266.7 54666.6 56823.7 59464.3 1.6
59450.6 61233.5 56773.8 63736.8 54940.6 52577.6 54940.6 59227.1 63736.8 1.58
52785.5 56907.1 59951.6 56981.6 59543 52785.5 52785.5 57233.8 59951.6 1.57
