Nodo,Individuo,Ruta,Segmento,Tiempo viaje,Costo viaje,Tiempo atencion,Costo atencion,Tasa fallo,Demanda
220,0,0,0,13.0502,511.167,0.072,314.042,0.12,1
2130,0,0,0,13.0324,417.757
215,0,0,0,13.0269,383.417
205,0,0,0,12.9989,223.068
196,0,0,0,12.985,137.521
195,0,0,0,12.9819,117.624
64,0,0,0,12.96,0
710,0,0,1,13.189,1171.13,0.0466667,203.546,0.45,2
223,0,0,1,13.1699,1071.11
224,0,0,1,13.1466,958.91
222,0,0,1,13.1309,874.132
220,0,0,1,13.1222,825.209
455,0,0,2,13.2963,1763.6,0.0423333,184.645,0.11,3
454,0,0,2,13.2931,1746.22
457,0,0,2,13.2865,1692.15
456,0,0,2,13.2816,1663.11
458,0,0,2,13.2723,1602.2
459,0,0,2,13.2657,1556.85
1543,0,0,2,13.2571,1495.04
710,0,0,2,13.2356,1374.67
1108,0,0,3,13.6022,3410.34,0.0723333,315.496,0.16,4
1109,0,0,3,13.5982,3388.96
1113,0,0,3,13.5918,3356.71
1847,0,0,3,13.58,3296.07
1086,0,0,3,13.5763,3275.89
1087,0,0,3,13.5629,3207.33
1090,0,0,3,13.5543,3162.57
1076,0,0,3,13.5362,3069.24
1074,0,0,3,13.5322,3048.58
1077,0,0,3,13.5188,2981.61
1080,0,0,3,13.5039,2908.26
1079,0,0,3,13.4967,2871.78
1061,0,0,3,13.4925,2850.49
1063,0,0,3,13.4893,2833.65
1062,0,0,3,13.4883,2826.61
2159,0,0,3,13.4881,2825.63
1045,0,0,3,13.4874,2822.48
1012,0,0,3,13.4802,2781.49
2028,0,0,3,13.4721,2736.03
989,0,0,3,13.4687,2720.29
990,0,0,3,13.4586,2670.03
991,0,0,3,13.456,2657.68
706,0,0,3,13.449,2618.21
704,0,0,3,13.4464,2605.44
2179,0,0,3,13.4462,2604.58
662,0,0,3,13.44,2574.93
602,0,0,3,13.4287,2506.79
599,0,0,3,13.4242,2482.09
605,0,0,3,13.4191,2453.97
529,0,0,3,13.4025,2355.08
726,0,0,3,13.3864,2253.54
714,0,0,3,13.3862,2251.66
1543,0,0,3,13.3804,2219.22
459,0,0,3,13.3703,2156.04
458,0,0,3,13.3636,2110.63
456,0,0,3,13.355,2050.23
457,0,0,3,13.349,2017.18
454,0,0,3,13.3413,1963.2
455,0,0,3,13.3386,1948.24
1304,0,0,4,13.8032,4404.31,0.0735,320.585,0.21,5
952,0,0,4,13.7791,4272.99
953,0,0,4,13.7669,4211.94
2023,0,0,4,13.7661,4207.84
2108,0,0,4,13.7519,4132.18
1794,0,0,4,13.7456,4099.83
2106,0,0,4,13.7317,4026.08
2039,0,0,4,13.7131,3928.56
1106,0,0,4,13.7029,3874.16
2035,0,0,4,13.6909,3809.57
1108,0,0,4,13.6746,3725.83
1302,0,0,5,13.9238,4963.89,0.035,152.659,0.22,6
1303,0,0,5,13.9034,4860.2
1305,0,0,5,13.8882,4784.18
1304,0,0,5,13.8767,4724.9
895,0,0,6,14.1077,5894.32,0.081,353.298,0.02,7
896,0,0,6,14.104,5876.08
892,0,0,6,14.1003,5857.33
906,0,0,6,14.0877,5788.47
1555,0,0,6,14.0595,5633.87
2157,0,0,6,14.0485,5580.12
2019,0,0,6,14.0217,5453.86
929,0,0,6,14.0213,5451.88
938,0,0,6,14.0093,5386.03
950,0,0,6,13.9958,5315.47
951,0,0,6,13.9888,5279.75
949,0,0,6,13.9778,5223.27
1302,0,0,6,13.9588,5116.55
978,0,0,7,14.3547,7086.98,0.0373333,162.837,0.05,8
1010,0,0,7,14.3399,7010.21
1011,0,0,7,14.3256,6937.58
1009,0,0,7,14.32,6908.14
1038,0,0,7,14.3118,6867.54
1039,0,0,7,14.3113,6864.87
1037,0,0,7,14.3014,6816.31
1034,0,0,7,14.2932,6772.47
2032,0,0,7,14.2777,6694.87
1050,0,0,7,14.2514,6561.09
1049,0,0,7,14.2513,6561
1025,0,0,7,14.244,6523.3
1029,0,0,7,14.2309,6457.51
1027,0,0,7,14.2181,6394.14
898,0,0,7,14.2077,6341.65
895,0,0,7,14.1887,6247.62
636,0,0,8,14.4717,7640.24,0.0391667,170.833,0.15,9
631,0,0,8,14.465,7607.45
630,0,0,8,14.4592,7578.93
637,0,0,8,14.4487,7526.85
1996,0,0,8,14.4362,7463.56
1997,0,0,8,14.4323,7443.66
2027,0,0,8,14.4051,7313.44
2026,0,0,8,14.3993,7284.96
978,0,0,8,14.392,7249.82
603,0,0,9,14.5952,8246.8,0.0658333,287.145,0.35,10
604,0,0,9,14.5904,8221.39
596,0,0,9,14.5902,8220.42
580,0,0,9,14.576,8144.21
583,0,0,9,14.5697,8114.4
587,0,0,9,14.5675,8099.97
578,0,0,9,14.5644,8083.16
575,0,0,9,14.5589,8052.05
571,0,0,9,14.556,8035.93
570,0,0,9,14.5512,8012.65
1994,0,0,9,14.5384,7948.3
562,0,0,9,14.5251,7883.24
639,0,0,9,14.5216,7865.8
638,0,0,9,14.5149,7831.77
636,0,0,9,14.5109,7811.07
64,0,0,10,14.8229,9558.76,0,0,0
195,0,0,10,14.8014,9442.51
196,0,0,10,14.7986,9422.93
205,0,0,10,14.7844,9336.85
215,0,0,10,14.76,9181.87
225,0,0,10,14.7351,8978.04
715,0,0,10,14.7001,8787.49
714,0,0,10,14.6964,8763.65
726,0,0,10,14.6962,8761.79
529,0,0,10,14.6822,8662.18
605,0,0,10,14.6668,8564.93
603,0,0,10,14.661,8533.95
220,1,0,0,11.2372,472.978,0.0955,416.542,0.04,1
2130,1,0,0,11.2224,392.48
215,1,0,0,11.2175,358.782
205,1,0,0,11.1936,204.484
196,1,0,0,11.1805,119.897
195,1,0,0,11.1779,100.335
64,1,0,0,11.16,0
455,1,0,1,11.4221,1421.69,0.0408333,178.103,0.03,2
454,1,0,1,11.4193,1406.07
457,1,0,1,11.4125,1352.11
456,1,0,1,11.4074,1322.67
458,1,0,1,11.3979,1261.52
459,1,0,1,11.392,1216.42
450,1,0,1,11.3768,1132.53
229,1,0,1,11.3673,1079.68
222,1,0,1,11.343,945.57
220,1,0,1,11.3327,889.52
710,1,0,2,11.5256,1988,0.0443333,193.369,0.36,3
1543,1,0,2,11.5042,1867.73
459,1,0,2,11.4939,1804.33
458,1,0,2,11.4874,1759.07
456,1,0,2,11.4783,1698.29
457,1,0,2,11.4729,1668.07
454,1,0,2,11.4653,1614.11
455,1,0,2,11.4629,1599.79
64,1,0,3,11.6705,2864.25,0,0,0
195,1,0,3,11.6493,2749.57
196,1,0,3,11.6465,2729.96
205,1,0,3,11.634,2646.06
215,1,0,3,11.6141,2493.96
225,1,0,3,11.5889,2290.4
1680,1,0,3,11.5859,2271.38
710,1,0,3,11.57,2181.37
603,1,1,0,11.1684,1012.31,0.109,475.425,0.32,1
604,1,1,0,11.1641,989.164
596,1,1,0,11.164,988.193
595,1,1,0,11.1585,957.784
605,1,1,0,11.1574,949.793
529,1,1,0,11.1402,849.768
726,1,1,0,11.1243,748.573
714,1,1,0,11.1241,746.688
715,1,1,0,11.1207,723.201
225,1,1,0,11.1032,562.11
215,1,1,0,11.0775,358.782
205,1,1,0,11.0536,204.484
196,1,1,0,11.0405,119.897
195,1,1,0,11.0379,100.335
64,1,1,0,11.02,0
1108,1,1,1,11.4695,2486.85,0.0935,407.819,0.09,2
1109,1,1,1,11.4652,2464.18
1113,1,1,1,11.4583,2430.03
1847,1,1,1,11.4449,2362.5
1086,1,1,1,11.4413,2342.47
1087,1,1,1,11.4267,2269.28
1090,1,1,1,11.418,2224.12
1076,1,1,1,11.3919,2097.14
1074,1,1,1,11.3878,2076.03
1077,1,1,1,11.3782,2025.21
1080,1,1,1,11.3647,1958
1079,1,1,1,11.3581,1923.55
1061,1,1,1,11.3538,1902.26
1063,1,1,1,11.3503,1884.1
1062,1,1,1,11.3492,1877.02
2159,1,1,1,11.349,1875.9
1045,1,1,1,11.3483,1872.75
1012,1,1,1,11.3411,1831.77
1014,1,1,1,11.3405,1828.9
989,1,1,1,11.3295,1770.6
990,1,1,1,11.3194,1720.33
991,1,1,1,11.3168,1707.98
706,1,1,1,11.3098,1668.52
704,1,1,1,11.3072,1655.75
2179,1,1,1,11.307,1654.88
662,1,1,1,11.3008,1625.24
602,1,1,1,11.2894,1556.96
604,1,1,1,11.2869,1540.16
596,1,1,1,11.2867,1539.19
595,1,1,1,11.2813,1508.78
603,1,1,1,11.2774,1487.73
1304,1,1,2,11.6926,3577.29,0.0428333,186.826,0.12,3
952,1,1,2,11.6682,3444.3
953,1,1,2,11.6574,3389.53
2023,1,1,2,11.6566,3385.43
2108,1,1,2,11.6401,3300.22
1794,1,1,2,11.6331,3264.46
2106,1,1,2,11.6178,3185.09
2039,1,1,2,11.6002,3091.56
1106,1,1,2,11.5906,3039.61
2035,1,1,2,11.5763,2965.56
1108,1,1,2,11.563,2894.67
895,1,1,3,11.8942,4576.55,0.103333,450.709,0.01,4
907,1,1,3,11.8786,4499.65
908,1,1,3,11.8693,4453.6
2014,1,1,3,11.8687,4450.92
2017,1,1,3,11.8676,4445.23
2170,1,1,3,11.8646,4430.37
1738,1,1,3,11.8501,4355.29
1737,1,1,3,11.8447,4327.23
936,1,1,3,11.8296,4248.61
933,1,1,3,11.829,4245.67
934,1,1,3,11.8235,4208.03
943,1,1,3,11.8069,4127.49
2020,1,1,3,11.8061,4123.55
1787,1,1,3,11.7887,4035.69
1788,1,1,3,11.788,4031.98
1789,1,1,3,11.7779,3980.67
952,1,1,3,11.7699,3940.16
1304,1,1,3,11.7354,3764.11
64,1,1,4,12.3342,7034.23,0,0,0
195,1,1,4,12.3121,6916
196,1,1,4,12.3092,6896.27
205,1,1,4,12.2953,6810.71
215,1,1,4,12.2697,6654.27
225,1,1,4,12.2444,6450.75
715,1,1,4,12.2163,6285.72
714,1,1,4,12.2124,6261.72
726,1,1,4,12.2122,6259.84
529,1,1,4,12.1985,6160.34
605,1,1,4,12.1837,6063.73
603,1,1,4,12.1786,6035.75
604,1,1,4,12.1743,6012.61
596,1,1,4,12.1742,6011.64
580,1,1,4,12.1658,5953.37
574,1,1,4,12.1485,5860.12
573,1,1,4,12.1384,5804.22
564,1,1,4,12.1308,5763.07
557,1,1,4,12.1247,5729.08
561,1,1,4,12.118,5682.56
628,1,1,4,12.1135,5656.91
609,1,1,4,12.1007,5580.26
423,1,1,4,12.0948,5523.94
419,1,1,4,12.0902,5489.49
420,1,1,4,12.0842,5453.55
431,1,1,4,12.0644,5356.51
434,1,1,4,12.0579,5325.9
873,1,1,4,12.0536,5302.89
874,1,1,4,12.0405,5239.64
870,1,1,4,12.0346,5209.76
894,1,1,4,12.0076,5077.24
895,1,1,4,11.9975,5027.26
1302,1,2,0,13.7342,2766.91,0.035,152.659,0.22,1
949,1,2,0,13.7112,2642.85
2025,1,2,0,13.7077,2625.39
1598,1,2,0,13.7044,2606.63
948,1,2,0,13.6995,2579.61
928,1,2,0,13.6891,2522.31
929,1,2,0,13.6689,2416.19
2019,1,2,0,13.6685,2414.21
2157,1,2,0,13.6424,2290.85
905,1,2,0,13.6055,2102.44
889,1,2,0,13.5962,2054.31
890,1,2,0,13.5896,2018.4
2013,1,2,0,13.5701,1915.19
1988,1,2,0,13.5525,1821.32
417,1,2,0,13.532,1716.71
418,1,2,0,13.528,1695.77
419,1,2,0,13.5125,1609.96
423,1,2,0,13.5063,1573.67
609,1,2,0,13.5004,1517.35
628,1,2,0,13.4906,1443.34
561,1,2,0,13.4867,1418.58
557,1,2,0,13.4793,1371.34
554,1,2,0,13.4771,1360.2
565,1,2,0,13.467,1306.55
573,1,2,0,13.4617,1279.96
574,1,2,0,13.4544,1230.49
580,1,2,0,13.4316,1113.57
596,1,2,0,13.4255,1053.72
595,1,2,0,13.4205,1025.37
605,1,2,0,13.4193,1017.31
529,1,2,0,13.4027,918.413
726,1,2,0,13.3866,816.876
714,1,2,0,13.3864,814.998
715,1,2,0,13.3829,791.373
225,1,2,0,13.3651,630.742
215,1,2,0,13.3379,427.668
205,1,2,0,13.3069,255.297
196,1,2,0,13.2918,168.03
195,1,2,0,13.2892,148.465
64,1,2,0,13.26,0
978,1,2,1,14.0531,4355.78,0.0373333,162.837,0.05,2
1010,1,2,1,14.0382,4278.67
1011,1,2,1,14.0241,4206.68
1009,1,2,1,14.0174,4172.76
1038,1,2,1,14.0094,4132.87
1039,1,2,1,14.0088,4130.2
1037,1,2,1,13.996,4069.25
1034,1,2,1,13.9862,4019.03
2032,1,2,1,13.9708,3941.44
1050,1,2,1,13.9418,3796.99
1804,1,2,1,13.9287,3730.98
2015,1,2,1,13.9175,3674.76
2014,1,2,1,13.9093,3633.76
2017,1,2,1,13.9082,3628.07
2170,1,2,1,13.9053,3613.42
917,1,2,1,13.8991,3582.43
2016,1,2,1,13.8983,3578.62
915,1,2,1,13.8773,3473.67
1555,1,2,1,13.8699,3436.9
2157,1,2,1,13.859,3383.15
2019,1,2,1,13.8321,3256.89
929,1,2,1,13.8317,3254.9
938,1,2,1,13.8198,3189.05
950,1,2,1,13.8063,3118.49
951,1,2,1,13.7993,3082.77
949,1,2,1,13.7883,3026.3
1302,1,2,1,13.7692,2919.57
636,1,2,2,14.1701,4909.04,0.0391667,170.833,0.15,3
631,1,2,2,14.1634,4876.25
630,1,2,2,14.1576,4847.73
637,1,2,2,14.1471,4795.65
1996,1,2,2,14.1346,4732.36
1997,1,2,2,14.1307,4712.46
2027,1,2,2,14.1035,4582.24
2026,1,2,2,14.0977,4553.76
978,1,2,2,14.0904,4518.61
64,1,2,3,14.4555,6540.42,0,0,0
195,1,2,3,14.4339,6424.16
196,1,2,3,14.4312,6404.58
205,1,2,3,14.4169,6318.5
215,1,2,3,14.3925,6163.52
225,1,2,3,14.3676,5959.69
715,1,2,3,14.3327,5769.15
714,1,2,3,14.329,5745.31
726,1,2,3,14.3288,5743.45
529,1,2,3,14.3147,5643.84
605,1,2,3,14.2994,5546.58
603,1,2,3,14.2936,5515.6
604,1,2,3,14.2888,5490.19
596,1,2,3,14.2886,5489.22
580,1,2,3,14.2743,5413.01
583,1,2,3,14.2681,5383.2
587,1,2,3,14.2659,5368.77
578,1,2,3,14.2628,5351.95
575,1,2,3,14.2573,5320.85
571,1,2,3,14.2544,5304.73
570,1,2,3,14.2496,5281.45
1994,1,2,3,14.2368,5217.1
562,1,2,3,14.2235,5152.04
639,1,2,3,14.22,5134.6
638,1,2,3,14.2133,5100.57
636,1,2,3,14.2093,5079.87
895,2,0,0,11.4428,2071.46,0.103333,450.709,0.01,1
896,2,0,0,11.4391,2053.22
893,2,0,0,11.4279,1998.64
894,2,0,0,11.4241,1979.55
897,2,0,0,11.4045,1883.31
877,2,0,0,11.382,1772.21
878,2,0,0,11.3744,1735.4
879,2,0,0,11.3626,1677.39
437,2,0,0,11.3553,1641.8
439,2,0,0,11.3521,1623.85
436,2,0,0,11.343,1579.59
425,2,0,0,11.3347,1537.6
426,2,0,0,11.3305,1515.51
424,2,0,0,11.3282,1502.11
613,2,0,0,11.3236,1475.94
611,2,0,0,11.3186,1443.75
609,2,0,0,11.3168,1425.67
628,2,0,0,11.3041,1349.23
561,2,0,0,11.3001,1324.19
557,2,0,0,11.292,1276.11
554,2,0,0,11.2905,1267.65
565,2,0,0,11.2829,1224.71
573,2,0,0,11.2776,1198.12
574,2,0,0,11.2686,1146.32
580,2,0,0,11.2502,1048.05
596,2,0,0,11.244,988.193
595,2,0,0,11.2385,957.784
605,2,0,0,11.2374,949.793
529,2,0,0,11.2202,849.768
726,2,0,0,11.2043,748.573
714,2,0,0,11.2041,746.688
715,2,0,0,11.2007,723.201
225,2,0,0,11.1832,562.11
215,2,0,0,11.1575,358.782
205,2,0,0,11.1336,204.484
196,2,0,0,11.1205,119.897
195,2,0,0,11.1179,100.335
64,2,0,0,11.1,0
1108,2,0,1,11.6842,3223.93,0.0935,407.819,0.09,2
1107,2,0,1,11.6694,3148.47
1106,2,0,1,11.6562,3078.52
2035,2,0,1,11.6419,3004.47
1085,2,0,1,11.629,2936.44
920,2,0,1,11.6118,2842.84
2018,2,0,1,11.6064,2815.78
2015,2,0,1,11.5911,2743.14
910,2,0,1,11.591,2742.66
909,2,0,1,11.5771,2677.75
898,2,0,1,11.5637,2610.42
895,2,0,1,11.5461,2522.17
1304,2,0,2,11.9072,4314.37,0.0428333,186.826,0.12,3
952,2,0,2,11.8828,4181.38
953,2,0,2,11.8721,4126.61
2023,2,0,2,11.8712,4122.51
2108,2,0,2,11.8548,4037.3
1794,2,0,2,11.8477,4001.54
2106,2,0,2,11.8324,3922.17
2039,2,0,2,11.8148,3828.64
1106,2,0,2,11.8052,3776.69
2035,2,0,2,11.7909,3702.64
1108,2,0,2,11.7777,3631.75
1302,2,0,3,12.0002,4752.9,0.106833,465.975,0.24,4
1303,2,0,3,11.9796,4648.39
1305,2,0,3,11.9649,4574.51
1304,2,0,3,11.95,4501.19
64,2,0,4,12.5731,7904.46,0,0,0
195,2,0,4,12.5439,7756.09
196,2,0,4,12.5412,7736.49
205,2,0,4,12.5267,7650.04
215,2,0,4,12.5012,7493.66
225,2,0,4,12.4751,7290.45
715,2,0,4,12.4413,7104.81
714,2,0,4,12.4376,7080.94
726,2,0,4,12.4374,7079.05
529,2,0,4,12.4233,6979.45
605,2,0,4,12.4089,6883.15
603,2,0,4,12.4023,6849.06
604,2,0,4,12.3976,6824
596,2,0,4,12.3975,6823.02
580,2,0,4,12.386,6758.61
574,2,0,4,12.3661,6654.27
573,2,0,4,12.3557,6596.85
564,2,0,4,12.3482,6556.59
557,2,0,4,12.3434,6525.52
561,2,0,4,12.3368,6479.08
628,2,0,4,12.3327,6453.94
609,2,0,4,12.3209,6378.65
423,2,0,4,12.315,6322.33
419,2,0,4,12.3083,6284.75
420,2,0,4,12.3023,6248.72
421,2,0,4,12.2977,6221.23
417,2,0,4,12.2927,6194.51
1989,2,0,4,12.2743,6100.3
2011,2,0,4,12.255,6000.59
2156,2,0,4,12.2495,5972.55
2013,2,0,4,12.2489,5969.39
886,2,0,4,12.2407,5926.79
888,2,0,4,12.2223,5826.72
903,2,0,4,12.2125,5773.75
904,2,0,4,12.2092,5756.03
925,2,0,4,12.1856,5627.54
2019,2,0,4,12.1802,5600.22
929,2,0,4,12.1798,5598.24
938,2,0,4,12.1678,5532.11
950,2,0,4,12.1518,5451.08
951,2,0,4,12.1454,5417.83
949,2,0,4,12.1337,5358.54
1302,2,0,4,12.107,5218.87
220,2,1,0,11.1172,472.978,0.0955,416.542,0.04,1
2130,2,1,0,11.1024,392.48
215,2,1,0,11.0975,358.782
205,2,1,0,11.0736,204.484
196,2,1,0,11.0605,119.897
195,2,1,0,11.0579,100.335
64,2,1,0,11.04,0
455,2,1,1,11.3021,1421.69,0.0408333,178.103,0.03,2
454,2,1,1,11.2993,1406.07
457,2,1,1,11.2925,1352.11
456,2,1,1,11.2874,1322.67
458,2,1,1,11.2779,1261.52
459,2,1,1,11.272,1216.42
450,2,1,1,11.2568,1132.53
229,2,1,1,11.2473,1079.68
222,2,1,1,11.223,945.57
220,2,1,1,11.2127,889.52
603,2,1,2,11.4333,2163.88,0.109,475.425,0.32,3
604,2,1,2,11.4291,2140.74
596,2,1,2,11.4289,2139.76
595,2,1,2,11.4234,2109.36
605,2,1,2,11.4223,2101.36
529,2,1,2,11.4051,2001.34
726,2,1,2,11.3892,1900.14
714,2,1,2,11.389,1898.26
1543,2,1,2,11.3842,1867.73
459,2,1,2,11.3739,1804.33
458,2,1,2,11.3674,1759.07
456,2,1,2,11.3583,1698.29
457,2,1,2,11.3529,1668.07
454,2,1,2,11.3453,1614.11
455,2,1,2,11.3429,1599.79
710,2,1,3,11.6064,3053.8,0.0443333,193.369,0.36,4
1543,2,1,3,11.5849,2933.53
715,2,1,3,11.5801,2889.27
714,2,1,3,11.5762,2865.27
726,2,1,3,11.576,2863.39
529,2,1,3,11.5622,2763.89
605,2,1,3,11.5474,2667.28
603,2,1,3,11.5423,2639.3
64,2,1,4,11.7512,3930.05,0,0,0
195,2,1,4,11.73,3815.37
196,2,1,4,11.7272,3795.76
205,2,1,4,11.7147,3711.85
215,2,1,4,11.6949,3559.76
225,2,1,4,11.6696,3356.19
1680,2,1,4,11.6666,3337.18
710,2,1,4,11.6507,3247.17
978,2,2,0,14.3046,1541.01,0.0373333,162.837,0.05,1
1010,2,2,0,14.2901,1465.78
1016,2,2,0,14.2704,1374.31
1548,2,2,0,14.2634,1338.05
1012,2,2,0,14.2584,1312.65
2028,2,2,0,14.2503,1267.19
989,2,2,0,14.2469,1251.45
990,2,2,0,14.2369,1201.19
991,2,2,0,14.2343,1188.84
706,2,2,0,14.2273,1149.38
704,2,2,0,14.2246,1136.6
2179,2,2,0,14.2244,1135.74
662,2,2,0,14.2182,1106.09
602,2,2,0,14.207,1038.03
599,2,2,0,14.203,1015.4
605,2,2,0,14.1993,991.921
529,2,2,0,14.1822,892.037
726,2,2,0,14.1676,792.08
714,2,2,0,14.1674,790.213
715,2,2,0,14.1638,766.53
225,2,2,0,14.1463,605.342
215,2,2,0,14.1204,402.069
205,2,2,0,14.0937,243.798
196,2,2,0,14.0795,157.808
195,2,2,0,14.0768,138.229
64,2,2,0,14.05,0
636,2,2,1,14.4216,2094.27,0.0391667,170.833,0.15,2
631,2,2,1,14.4149,2061.48
630,2,2,1,14.4092,2032.96
637,2,2,1,14.3986,1980.88
1996,2,2,1,14.3861,1917.59
1997,2,2,1,14.3823,1897.69
2027,2,2,1,14.355,1767.47
2026,2,2,1,14.3492,1738.99
978,2,2,1,14.3419,1703.84
64,2,2,2,14.707,3725.65,0,0,0
195,2,2,2,14.6854,3609.39
196,2,2,2,14.6827,3589.81
205,2,2,2,14.6685,3503.73
215,2,2,2,14.644,3348.75
225,2,2,2,14.6192,3144.92
715,2,2,2,14.5842,2954.38
714,2,2,2,14.5805,2930.54
726,2,2,2,14.5803,2928.68
529,2,2,2,14.5662,2829.07
605,2,2,2,14.5509,2731.81
603,2,2,2,14.5451,2700.83
604,2,2,2,14.5403,2675.42
596,2,2,2,14.5401,2674.45
580,2,2,2,14.5259,2598.24
583,2,2,2,14.5196,2568.43
587,2,2,2,14.5174,2554
578,2,2,2,14.5144,2537.18
575,2,2,2,14.5088,2506.08
571,2,2,2,14.5059,2489.96
570,2,2,2,14.5011,2466.68
1994,2,2,2,14.4884,2402.33
562,2,2,2,14.475,2337.27
639,2,2,2,14.4715,2319.83
638,2,2,2,14.4648,2285.8
636,2,2,2,14.4608,2265.1
220,3,0,0,11.7472,472.978,0.0955,416.542,0.04,1
2130,3,0,0,11.7324,392.48
215,3,0,0,11.7275,358.782
205,3,0,0,11.7036,204.484
196,3,0,0,11.6905,119.897
195,3,0,0,11.6879,100.335
64,3,0,0,11.67,0
710,3,0,1,11.9004,1198.14,0.0443333,193.369,0.36,2
223,3,0,1,11.8829,1104.91
224,3,0,1,11.8688,1031.05
222,3,0,1,11.853,945.57
220,3,0,1,11.8427,889.52
603,3,0,2,12.0136,1802.69,0.0631667,275.514,0.35,3
604,3,0,2,12.0093,1779.55
596,3,0,2,12.0092,1778.58
595,3,0,2,12.0037,1748.17
605,3,0,2,12.0026,1740.18
529,3,0,2,11.9853,1640.15
726,3,0,2,11.9695,1538.96
714,3,0,2,11.9693,1537.07
1543,3,0,2,11.9644,1506.55
710,3,0,2,11.9447,1391.51
1108,3,0,3,12.2652,3060.77,0.0588333,256.613,0.13,4
1109,3,0,3,12.2611,3039.24
1113,3,0,3,12.2538,3003.3
1847,3,0,3,12.2408,2937.45
1086,3,0,3,12.2371,2917.22
1087,3,0,3,12.2234,2847.43
1090,3,0,3,12.2142,2800.18
1076,3,0,3,12.1911,2685.99
1074,3,0,3,12.1872,2665.6
1077,3,0,3,12.1768,2611.54
1080,3,0,3,12.1636,2545.1
1079,3,0,3,12.1559,2506.41
1061,3,0,3,12.1517,2485.13
1063,3,0,3,12.1482,2467.32
1062,3,0,3,12.1472,2460.25
2159,3,0,3,12.147,2459.35
1045,3,0,3,12.1463,2456.2
1012,3,0,3,12.1391,2415.21
1014,3,0,3,12.1387,2413.01
989,3,0,3,12.1282,2357.15
990,3,0,3,12.1181,2306.89
704,3,0,3,12.1068,2249.15
2179,3,0,3,12.1066,2248.28
662,3,0,3,12.1004,2218.64
602,3,0,3,12.0895,2150.94
604,3,0,3,12.087,2134.26
596,3,0,3,12.0869,2133.29
595,3,0,3,12.0809,2100.55
603,3,0,3,12.0767,2078.21
1304,3,0,4,12.4569,4012.03,0.0815,355.478,0.17,5
2163,3,0,4,12.4359,3902.29
2051,3,0,4,12.4023,3724.2
2050,3,0,4,12.3912,3665.19
2106,3,0,4,12.3842,3630.46
2039,3,0,4,12.3665,3536.49
1106,3,0,4,12.3566,3483.54
2035,3,0,4,12.3441,3416.72
1108,3,0,4,12.324,3317.39
1302,3,0,5,12.5844,4601.51,0.106833,465.975,0.24,6
1303,3,0,5,12.564,4497.98
1305,3,0,5,12.5505,4429.06
1304,3,0,5,12.5384,4367.51
895,3,0,6,12.857,5916.22,0.0435,189.734,0.02,7
896,3,0,6,12.8533,5897.98
892,3,0,6,12.8498,5880.2
906,3,0,6,12.8316,5787.4
1555,3,0,6,12.8061,5644.65
2157,3,0,6,12.7935,5584.01
2019,3,0,6,12.7644,5448.84
929,3,0,6,12.764,5446.85
938,3,0,6,12.7519,5380.72
950,3,0,6,12.736,5299.7
951,3,0,6,12.7295,5266.44
949,3,0,6,12.7179,5207.16
1302,3,0,6,12.6912,5067.49
978,3,0,7,13.0685,6954.91,0.0648333,282.783,0.06,8
1010,3,0,7,13.0528,6874.76
1011,3,0,7,13.0394,6805.35
1009,3,0,7,13.0342,6777.73
1041,3,0,7,13.0341,6777.04
1039,3,0,7,13.0263,6736.56
1037,3,0,7,13.0167,6689.08
1034,3,0,7,13.008,6643.39
2032,3,0,7,12.9926,6565.8
1050,3,0,7,12.9613,6411.7
1049,3,0,7,12.9613,6411.61
1025,3,0,7,12.9525,6367.95
1029,3,0,7,12.9392,6301.12
1027,3,0,7,12.9274,6242.16
898,3,0,7,12.9192,6198.63
895,3,0,7,12.9005,6105.96
636,3,0,8,13.2106,7619.12,0.0665,290.053,0.15,9
633,3,0,8,13.2049,7589.59
639,3,0,8,13.2015,7571.45
1993,3,0,8,13.1899,7513.16
1995,3,0,8,13.183,7478.8
1996,3,0,8,13.1769,7448.85
1997,3,0,8,13.173,7428.95
2027,3,0,8,13.1481,7308.18
2026,3,0,8,13.1423,7279.69
978,3,0,8,13.1333,7237.69
455,3,0,9,13.4397,8778.28,0.0423333,184.645,0.11,10
453,3,0,9,13.4311,8712.82
452,3,0,9,13.4188,8625.5
1678,3,0,9,13.4031,8541.11
474,3,0,9,13.3831,8441.6
2140,3,0,9,13.3749,8403.76
475,3,0,9,13.3682,8372.49
499,3,0,9,13.3605,8332.9
500,3,0,9,13.3559,8309.5
518,3,0,9,13.3503,8281.31
1754,3,0,9,13.3371,8219.45
540,3,0,9,13.3286,8175.55
541,3,0,9,13.3178,8120.4
572,3,0,9,13.3091,8074.65
1994,3,0,9,13.2994,8024.37
562,3,0,9,13.2899,7975.32
639,3,0,9,13.2864,7957.88
638,3,0,9,13.2812,7930.09
636,3,0,9,13.2771,7909.17
64,3,0,10,13.6605,9954.86,0,0,0
63,3,0,10,13.655,9924.51
199,3,0,10,13.6166,9728.31
202,3,0,10,13.5951,9612.27
208,3,0,10,13.5833,9540.49
170,3,0,10,13.5597,9416.25
176,3,0,10,13.5596,9415.93
183,3,0,10,13.5423,9319.66
192,3,0,10,13.5377,9288.55
458,3,0,10,13.507,9125.31
456,3,0,10,13.4984,9064.91
457,3,0,10,13.4924,9031.86
454,3,0,10,13.4847,8977.88
455,3,0,10,13.4821,8962.92
220,4,0,0,11.6772,472.978,0.0955,416.542,0.04,1
2130,4,0,0,11.6624,392.48
215,4,0,0,11.6575,358.782
205,4,0,0,11.6336,204.484
196,4,0,0,11.6205,119.897
195,4,0,0,11.6179,100.335
64,4,0,0,11.6,0
710,4,0,1,11.8304,1198.14,0.0443333,193.369,0.36,2
223,4,0,1,11.8129,1104.91
224,4,0,1,11.7988,1031.05
222,4,0,1,11.783,945.57
220,4,0,1,11.7727,889.52
455,4,0,2,11.9338,1774.06,0.0408333,178.103,0.03,3
454,4,0,2,11.931,1758.44
457,4,0,2,11.9243,1704.48
456,4,0,2,11.9191,1675.03
458,4,0,2,11.9096,1613.89
459,4,0,2,11.9037,1568.78
1543,4,0,2,11.8944,1506.55
710,4,0,2,11.8747,1391.51
603,4,0,3,12.065,2516.24,0.0631667,275.514,0.35,4
604,4,0,3,12.0608,2493.1
596,4,0,3,12.0606,2492.13
595,4,0,3,12.0552,2461.72
605,4,0,3,12.054,2453.73
529,4,0,3,12.0368,2353.71
726,4,0,3,12.0209,2252.51
714,4,0,3,12.0207,2250.62
1543,4,0,3,12.0159,2220.1
459,4,0,3,12.0056,2156.7
458,4,0,3,11.9991,2111.44
456,4,0,3,11.99,2050.65
457,4,0,3,11.9846,2020.43
454,4,0,3,11.977,1966.47
455,4,0,3,11.9746,1952.16
1108,4,0,4,12.3166,3774.32,0.0588333,256.613,0.13,5
1109,4,0,4,12.3126,3752.79
1113,4,0,4,12.3053,3716.85
1847,4,0,4,12.2923,3651
1086,4,0,4,12.2886,3630.77
1087,4,0,4,12.2749,3560.98
1090,4,0,4,12.2657,3513.73
1076,4,0,4,12.2426,3399.54
1074,4,0,4,12.2386,3379.15
1077,4,0,4,12.2283,3325.1
1080,4,0,4,12.215,3258.65
1079,4,0,4,12.2074,3219.96
1061,4,0,4,12.2031,3198.68
1063,4,0,4,12.1997,3180.87
1062,4,0,4,12.1986,3173.8
2159,4,0,4,12.1985,3172.9
1045,4,0,4,12.1978,3169.75
1012,4,0,4,12.1905,3128.76
1014,4,0,4,12.1901,3126.56
989,4,0,4,12.1796,3070.7
990,4,0,4,12.1696,3020.44
704,4,0,4,12.1583,2962.7
2179,4,0,4,12.1581,2961.83
662,4,0,4,12.1519,2932.19
602,4,0,4,12.1409,2864.49
604,4,0,4,12.1385,2847.81
596,4,0,4,12.1384,2846.84
595,4,0,4,12.1324,2814.1
603,4,0,4,12.1282,2791.76
1304,4,0,5,12.5084,4725.58,0.0815,355.478,0.17,6
2163,4,0,5,12.4874,4615.84
2051,4,0,5,12.4538,4437.75
2050,4,0,5,12.4426,4378.74
2106,4,0,5,12.4357,4344.01
2039,4,0,5,12.418,4250.04
1106,4,0,5,12.4081,4197.09
2035,4,0,5,12.3955,4130.27
1108,4,0,5,12.3755,4030.94
1302,4,0,6,12.6358,5315.06,0.106833,465.975,0.24,7
1303,4,0,6,12.6155,5211.53
1305,4,0,6,12.602,5142.62
1304,4,0,6,12.5899,5081.06
895,4,0,7,12.9085,6629.77,0.0435,189.734,0.02,8
896,4,0,7,12.9048,6611.53
892,4,0,7,12.9013,6593.75
906,4,0,7,12.883,6500.95
1555,4,0,7,12.8575,6358.2
2157,4,0,7,12.8449,6297.56
2019,4,0,7,12.8158,6162.39
929,4,0,7,12.8154,6160.4
938,4,0,7,12.8034,6094.27
950,4,0,7,12.7874,6013.25
951,4,0,7,12.781,5979.99
949,4,0,7,12.7693,5920.71
1302,4,0,7,12.7427,5781.04
978,4,0,8,13.1199,7668.46,0.0648333,282.783,0.06,9
1010,4,0,8,13.1043,7588.31
1011,4,0,8,13.0908,7518.91
1009,4,0,8,13.0857,7491.28
1041,4,0,8,13.0855,7490.59
1039,4,0,8,13.0777,7450.11
1037,4,0,8,13.0682,7402.63
1034,4,0,8,13.0595,7356.94
2032,4,0,8,13.044,7279.35
1050,4,0,8,13.0128,7125.25
1049,4,0,8,13.0128,7125.16
1025,4,0,8,13.0039,7081.5
1029,4,0,8,12.9907,7014.67
1027,4,0,8,12.9789,6955.71
898,4,0,8,12.9706,6912.18
895,4,0,8,12.952,6819.51
636,4,0,9,13.2621,8332.67,0.0665,290.053,0.15,10
633,4,0,9,13.2564,8303.14
639,4,0,9,13.2529,8285
1993,4,0,9,13.2413,8226.71
1995,4,0,9,13.2345,8192.35
1996,4,0,9,13.2284,8162.4
1997,4,0,9,13.2245,8142.5
2027,4,0,9,13.1996,8021.73
2026,4,0,9,13.1938,7993.25
978,4,0,9,13.1848,7951.24
64,4,0,10,13.576,10076.7,0,0,0
195,4,0,10,13.5517,9949.05
196,4,0,10,13.549,9929.46
205,4,0,10,13.534,9842.34
215,4,0,10,13.5025,9668.03
225,4,0,10,13.4765,9464.79
715,4,0,10,13.4485,9299.91
714,4,0,10,13.4447,9276
726,4,0,10,13.4445,9274.15
529,4,0,10,13.4306,9174.62
605,4,0,10,13.416,9078.13
603,4,0,10,13.4074,9035.49
604,4,0,10,13.4024,9009.09
596,4,0,10,13.4022,9008.12
580,4,0,10,13.3907,8943.8
583,4,0,10,13.3845,8913.98
587,4,0,10,13.3823,8899.6
578,4,0,10,13.3794,8883.5
575,4,0,10,13.3736,8851.06
571,4,0,10,13.371,8835.95
570,4,0,10,13.3671,8816.9
1994,4,0,10,13.3509,8737.92
562,4,0,10,13.3413,8688.87
639,4,0,10,13.3379,8671.43
638,4,0,10,13.3326,8643.64
636,4,0,10,13.3286,8622.72
220,5,0,0,11.0872,472.978,0.0955,416.542,0.04,1
2130,5,0,0,11.0724,392.48
215,5,0,0,11.0675,358.782
205,5,0,0,11.0436,204.484
196,5,0,0,11.0305,119.897
195,5,0,0,11.0279,100.335
64,5,0,0,11.01,0
710,5,0,1,11.2404,1198.14,0.0443333,193.369,0.36,2
223,5,0,1,11.2229,1104.91
224,5,0,1,11.2088,1031.05
222,5,0,1,11.193,945.57
220,5,0,1,11.1827,889.52
455,5,0,2,11.3438,1774.06,0.0408333,178.103,0.03,3
454,5,0,2,11.341,1758.44
457,5,0,2,11.3343,1704.48
456,5,0,2,11.3291,1675.03
458,5,0,2,11.3196,1613.89
459,5,0,2,11.3137,1568.78
1543,5,0,2,11.3044,1506.55
710,5,0,2,11.2847,1391.51
603,5,0,3,11.475,2516.24,0.109,475.425,0.32,4
604,5,0,3,11.4708,2493.1
596,5,0,3,11.4706,2492.13
595,5,0,3,11.4652,2461.72
605,5,0,3,11.464,2453.73
529,5,0,3,11.4468,2353.71
726,5,0,3,11.4309,2252.51
714,5,0,3,11.4307,2250.62
1543,5,0,3,11.4259,2220.1
459,5,0,3,11.4156,2156.7
458,5,0,3,11.4091,2111.44
456,5,0,3,11.4,2050.65
457,5,0,3,11.3946,2020.43
454,5,0,3,11.387,1966.47
455,5,0,3,11.3846,1952.16
1108,5,0,4,11.7762,3990.79,0.0935,407.819,0.09,5
1109,5,0,4,11.7718,3968.11
1113,5,0,4,11.765,3933.96
1847,5,0,4,11.7515,3866.44
1086,5,0,4,11.7479,3846.41
1087,5,0,4,11.7334,3773.22
1090,5,0,4,11.7247,3728.06
1076,5,0,4,11.6985,3601.08
1074,5,0,4,11.6944,3579.96
1077,5,0,4,11.6848,3529.14
1080,5,0,4,11.6713,3461.94
1079,5,0,4,11.6647,3427.48
1061,5,0,4,11.6605,3406.2
1063,5,0,4,11.6569,3388.03
1062,5,0,4,11.6559,3380.95
2159,5,0,4,11.6556,3379.84
1045,5,0,4,11.6549,3376.69
1012,5,0,4,11.6477,3335.7
1014,5,0,4,11.6472,3332.84
989,5,0,4,11.6361,3274.53
990,5,0,4,11.6261,3224.27
991,5,0,4,11.6235,3211.92
706,5,0,4,11.6165,3172.46
704,5,0,4,11.6138,3159.68
2179,5,0,4,11.6136,3158.82
662,5,0,4,11.6074,3129.17
602,5,0,4,11.5961,3060.9
604,5,0,4,11.5935,3044.1
596,5,0,4,11.5934,3043.13
595,5,0,4,11.5879,3012.72
603,5,0,4,11.584,2991.67
1304,5,0,5,11.9992,5081.23,0.0428333,186.826,0.12,6
952,5,0,5,11.9748,4948.24
953,5,0,5,11.9641,4893.46
2023,5,0,5,11.9632,4889.36
2108,5,0,5,11.9468,4804.15
1794,5,0,5,11.9397,4768.39
2106,5,0,5,11.9245,4689.02
2039,5,0,5,11.9068,4595.49
1106,5,0,5,11.8972,4543.54
2035,5,0,5,11.883,4469.49
1108,5,0,5,11.8697,4398.6
1302,5,0,6,12.088,5502.06,0.106833,465.975,0.24,7
1303,5,0,6,12.0676,5398.52
1305,5,0,6,12.0541,5329.61
1304,5,0,6,12.042,5268.05
895,5,0,7,12.3606,6816.77,0.0435,189.734,0.02,8
896,5,0,7,12.3569,6798.53
892,5,0,7,12.3534,6780.74
906,5,0,7,12.3351,6687.94
1555,5,0,7,12.3097,6545.19
2157,5,0,7,12.2971,6484.56
2019,5,0,7,12.268,6349.38
929,5,0,7,12.2676,6347.4
938,5,0,7,12.2555,6281.27
950,5,0,7,12.2396,6200.24
951,5,0,7,12.2331,6166.99
949,5,0,7,12.2215,6107.7
1302,5,0,7,12.1948,5968.03
978,5,0,8,12.5721,7855.45,0.107833,470.336,0.07,9
1010,5,0,8,12.5564,7775.3
1011,5,0,8,12.543,7705.9
1009,5,0,8,12.5378,7678.27
1041,5,0,8,12.5376,7677.58
1039,5,0,8,12.5299,7637.11
1037,5,0,8,12.5203,7589.62
1034,5,0,8,12.5116,7543.93
2032,5,0,8,12.4962,7466.34
1050,5,0,8,12.4649,7312.25
1049,5,0,8,12.4649,7312.15
1025,5,0,8,12.4561,7268.49
1029,5,0,8,12.4428,7201.66
1027,5,0,8,12.431,7142.71
898,5,0,8,12.4227,7099.17
895,5,0,8,12.4041,7006.5
636,5,0,9,12.7654,8740.28,0.091,396.915,0.15,10
633,5,0,9,12.7588,8706.67
639,5,0,9,12.7554,8689.13
1993,5,0,9,12.7457,8638.52
1995,5,0,9,12.7361,8593.22
1996,5,0,9,12.7246,8541.49
1997,5,0,9,12.7207,8521.58
2027,5,0,9,12.6925,8387.24
2026,5,0,9,12.6867,8358.94
978,5,0,9,12.6799,8325.79
64,5,0,10,13.1035,10581.5,0,0,0
195,5,0,10,13.0767,10443.3
196,5,0,10,13.0736,10423.4
205,5,0,10,13.0583,10335.6
215,5,0,10,13.0327,10179.1
225,5,0,10,13.0057,9975.99
715,5,0,10,12.9756,9806.43
714,5,0,10,12.9716,9782.27
726,5,0,10,12.9714,9780.42
529,5,0,10,12.9573,9680.77
605,5,0,10,12.9424,9584.1
603,5,0,10,12.9361,9551.02
604,5,0,10,12.9322,9529.16
596,5,0,10,12.932,9528.19
580,5,0,10,12.9205,9463.67
583,5,0,10,12.9143,9433.85
587,5,0,10,12.9122,9419.58
578,5,0,10,12.9093,9403.52
579,5,0,10,12.902,9364.72
570,5,0,10,12.895,9331.56
1994,5,0,10,12.8821,9266.48
562,5,0,10,12.8691,9203.11
639,5,0,10,12.8656,9185.67
638,5,0,10,12.8603,9157.42
636,5,0,10,12.8564,9137.2
220,6,0,0,11.0972,472.978,0.0955,416.542,0.04,1
2130,6,0,0,11.0824,392.48
215,6,0,0,11.0775,358.782
205,6,0,0,11.0536,204.484
196,6,0,0,11.0405,119.897
195,6,0,0,11.0379,100.335
64,6,0,0,11.02,0
710,6,0,1,11.2504,1198.14,0.0443333,193.369,0.36,2
223,6,0,1,11.2329,1104.91
224,6,0,1,11.2188,1031.05
222,6,0,1,11.203,945.57
220,6,0,1,11.1927,889.52
455,6,0,2,11.3538,1774.06,0.0408333,178.103,0.03,3
454,6,0,2,11.351,1758.44
457,6,0,2,11.3443,1704.48
456,6,0,2,11.3391,1675.03
458,6,0,2,11.3296,1613.89
459,6,0,2,11.3237,1568.78
1543,6,0,2,11.3144,1506.55
710,6,0,2,11.2947,1391.51
1108,6,0,3,11.6619,3428.96,0.0935,407.819,0.09,4
1109,6,0,3,11.6567,3402.77
1113,6,0,3,11.6506,3371.72
1847,6,0,3,11.6377,3306.52
1086,6,0,3,11.6341,3286.49
1087,6,0,3,11.6195,3213.3
1090,6,0,3,11.6108,3168.13
1076,6,0,3,11.5847,3041.16
1074,6,0,3,11.5805,3020.04
1077,6,0,3,11.571,2969.22
1080,6,0,3,11.5575,2902.01
1079,6,0,3,11.5509,2867.56
1061,6,0,3,11.5466,2846.28
1063,6,0,3,11.5431,2828.11
1062,6,0,3,11.542,2821.03
2159,6,0,3,11.5418,2819.92
1045,6,0,3,11.5411,2816.77
1012,6,0,3,11.5339,2775.78
1014,6,0,3,11.5333,2772.91
989,6,0,3,11.5223,2714.61
990,6,0,3,11.5122,2664.35
991,6,0,3,11.5096,2652
706,6,0,3,11.5026,2612.53
704,6,0,3,11.5,2599.76
2179,6,0,3,11.4998,2598.9
662,6,0,3,11.4936,2569.25
602,6,0,3,11.4822,2500.98
599,6,0,3,11.4781,2477.72
605,6,0,3,11.474,2453.73
529,6,0,3,11.4568,2353.71
726,6,0,3,11.4409,2252.51
714,6,0,3,11.4407,2250.62
1543,6,0,3,11.4359,2220.1
459,6,0,3,11.4256,2156.7
458,6,0,3,11.4191,2111.44
456,6,0,3,11.41,2050.65
457,6,0,3,11.4046,2020.43
454,6,0,3,11.397,1966.47
455,6,0,3,11.3946,1952.16
1304,6,0,4,11.8849,4519.4,0.0428333,186.826,0.12,5
952,6,0,4,11.8605,4386.42
953,6,0,4,11.8498,4331.64
2023,6,0,4,11.849,4327.54
2108,6,0,4,11.8325,4242.33
1794,6,0,4,11.8254,4206.57
2106,6,0,4,11.8102,4127.2
2039,6,0,4,11.7925,4033.67
1106,6,0,4,11.7829,3981.72
2035,6,0,4,11.7687,3907.67
1108,6,0,4,11.7554,3836.78
1302,6,0,5,11.9779,4957.93,0.068,296.595,0.26,6
1303,6,0,5,11.9573,4853.42
1305,6,0,5,11.9427,4779.54
1304,6,0,5,11.9277,4706.23
895,6,0,6,12.2117,6103.27,0.0435,189.734,0.02,7
896,6,0,6,12.208,6085.03
892,6,0,6,12.2045,6067.24
906,6,0,6,12.1863,5974.44
1555,6,0,6,12.1608,5831.69
2157,6,0,6,12.1482,5771.05
2019,6,0,6,12.1191,5635.88
929,6,0,6,12.1187,5633.9
938,6,0,6,12.1066,5567.77
950,6,0,6,12.0907,5486.74
951,6,0,6,12.0842,5453.48
949,6,0,6,12.0726,5394.2
1302,6,0,6,12.0459,5254.53
978,6,0,7,12.4232,7141.95,0.107833,470.336,0.07,8
1010,6,0,7,12.4076,7061.8
1011,6,0,7,12.3941,6992.4
1009,6,0,7,12.3889,6964.77
1041,6,0,7,12.3888,6964.08
1039,6,0,7,12.381,6923.61
1037,6,0,7,12.3714,6876.12
1034,6,0,7,12.3627,6830.43
2032,6,0,7,12.3473,6752.84
1050,6,0,7,12.316,6598.74
1049,6,0,7,12.316,6598.65
1025,6,0,7,12.3072,6554.99
1029,6,0,7,12.2939,6488.16
1027,6,0,7,12.2821,6429.2
898,6,0,7,12.2739,6385.67
895,6,0,7,12.2552,6293
636,6,0,8,12.6166,8026.78,0.091,396.915,0.15,9
633,6,0,8,12.6099,7993.17
639,6,0,8,12.6065,7975.63
1993,6,0,8,12.5968,7925.01
1995,6,0,8,12.5872,7879.72
1996,6,0,8,12.5757,7827.98
1997,6,0,8,12.5718,7808.08
2027,6,0,8,12.5436,7673.74
2026,6,0,8,12.5378,7645.43
978,6,0,8,12.531,7612.29
603,6,0,9,12.7873,8837.52,0.0631667,275.514,0.35,10
604,6,0,9,12.7833,8815.66
596,6,0,9,12.7832,8814.69
580,6,0,9,12.7716,8750.16
583,6,0,9,12.7654,8720.35
587,6,0,9,12.7634,8706.08
578,6,0,9,12.7605,8690.02
579,6,0,9,12.7531,8651.22
570,6,0,9,12.7461,8618.06
1994,6,0,9,12.7332,8552.98
562,6,0,9,12.7202,8489.6
639,6,0,9,12.7168,8472.16
638,6,0,9,12.7114,8443.92
636,6,0,9,12.7076,8423.69
64,6,0,10,13.0177,10143.5,0,0,0
195,6,0,10,12.991,10005.3
196,6,0,10,12.9879,9985.38
205,6,0,10,12.9726,9897.63
215,6,0,10,12.9469,9741.07
225,6,0,10,12.92,9538
715,6,0,10,12.8899,9368.44
714,6,0,10,12.8859,9344.28
726,6,0,10,12.8857,9342.43
529,6,0,10,12.8716,9242.78
605,6,0,10,12.8567,9146.11
603,6,0,10,12.8504,9113.03
220,7,0,0,11.0872,472.978,0.0955,416.542,0.04,1
2130,7,0,0,11.0724,392.48
215,7,0,0,11.0675,358.782
205,7,0,0,11.0436,204.484
196,7,0,0,11.0305,119.897
195,7,0,0,11.0279,100.335
64,7,0,0,11.01,0
710,7,0,1,11.2404,1198.14,0.0443333,193.369,0.36,2
223,7,0,1,11.2229,1104.91
224,7,0,1,11.2088,1031.05
222,7,0,1,11.193,945.57
220,7,0,1,11.1827,889.52
455,7,0,2,11.3438,1774.06,0.0408333,178.103,0.03,3
454,7,0,2,11.341,1758.44
457,7,0,2,11.3343,1704.48
456,7,0,2,11.3291,1675.03
458,7,0,2,11.3196,1613.89
459,7,0,2,11.3137,1568.78
1543,7,0,2,11.3044,1506.55
710,7,0,2,11.2847,1391.51
603,7,0,3,11.475,2516.24,0.109,475.425,0.32,4
604,7,0,3,11.4708,2493.1
596,7,0,3,11.4706,2492.13
595,7,0,3,11.4652,2461.72
605,7,0,3,11.464,2453.73
529,7,0,3,11.4468,2353.71
726,7,0,3,11.4309,2252.51
714,7,0,3,11.4307,2250.62
1543,7,0,3,11.4259,2220.1
459,7,0,3,11.4156,2156.7
458,7,0,3,11.4091,2111.44
456,7,0,3,11.4,2050.65
457,7,0,3,11.3946,2020.43
454,7,0,3,11.387,1966.47
455,7,0,3,11.3846,1952.16
1108,7,0,4,11.7762,3990.79,0.0935,407.819,0.09,5
1109,7,0,4,11.7718,3968.11
1113,7,0,4,11.765,3933.96
1847,7,0,4,11.7515,3866.44
1086,7,0,4,11.7479,3846.41
1087,7,0,4,11.7334,3773.22
1090,7,0,4,11.7247,3728.06
1076,7,0,4,11.6985,3601.08
1074,7,0,4,11.6944,3579.96
1077,7,0,4,11.6848,3529.14
1080,7,0,4,11.6713,3461.94
1079,7,0,4,11.6647,3427.48
1061,7,0,4,11.6605,3406.2
1063,7,0,4,11.6569,3388.03
1062,7,0,4,11.6559,3380.95
2159,7,0,4,11.6556,3379.84
1045,7,0,4,11.6549,3376.69
1012,7,0,4,11.6477,3335.7
1014,7,0,4,11.6472,3332.84
989,7,0,4,11.6361,3274.53
990,7,0,4,11.6261,3224.27
991,7,0,4,11.6235,3211.92
706,7,0,4,11.6165,3172.46
704,7,0,4,11.6138,3159.68
2179,7,0,4,11.6136,3158.82
662,7,0,4,11.6074,3129.17
602,7,0,4,11.5961,3060.9
604,7,0,4,11.5935,3044.1
596,7,0,4,11.5934,3043.13
595,7,0,4,11.5879,3012.72
603,7,0,4,11.584,2991.67
1304,7,0,5,11.9992,5081.23,0.0428333,186.826,0.12,6
952,7,0,5,11.9748,4948.24
953,7,0,5,11.9641,4893.46
2023,7,0,5,11.9632,4889.36
2108,7,0,5,11.9468,4804.15
1794,7,0,5,11.9397,4768.39
2106,7,0,5,11.9245,4689.02
2039,7,0,5,11.9068,4595.49
1106,7,0,5,11.8972,4543.54
2035,7,0,5,11.883,4469.49
1108,7,0,5,11.8697,4398.6
1302,7,0,6,12.088,5502.06,0.106833,465.975,0.24,7
1303,7,0,6,12.0676,5398.52
1305,7,0,6,12.0541,5329.61
1304,7,0,6,12.042,5268.05
895,7,0,7,12.3606,6816.77,0.0435,189.734,0.02,8
896,7,0,7,12.3569,6798.53
892,7,0,7,12.3534,6780.74
906,7,0,7,12.3351,6687.94
1555,7,0,7,12.3097,6545.19
2157,7,0,7,12.2971,6484.56
2019,7,0,7,12.268,6349.38
929,7,0,7,12.2676,6347.4
938,7,0,7,12.2555,6281.27
950,7,0,7,12.2396,6200.24
951,7,0,7,12.2331,6166.99
949,7,0,7,12.2215,6107.7
1302,7,0,7,12.1948,5968.03
64,7,0,8,12.7649,9124.82,0,0,0
195,7,0,8,12.7357,8976.45
196,7,0,8,12.733,8956.85
205,7,0,8,12.7185,8870.4
215,7,0,8,12.693,8714.02
225,7,0,8,12.6669,8510.81
715,7,0,8,12.6354,8335.14
714,7,0,8,12.6314,8310.99
726,7,0,8,12.6312,8309.13
529,7,0,8,12.6171,8209.48
605,7,0,8,12.6023,8112.82
603,7,0,8,12.596,8079.74
604,7,0,8,12.592,8057.88
596,7,0,8,12.5919,8056.91
580,7,0,8,12.5803,7992.38
574,7,0,8,12.5589,7881.26
573,7,0,8,12.5493,7827.46
564,7,0,8,12.5418,7787.2
557,7,0,8,12.5369,7756.14
561,7,0,8,12.5304,7709.7
628,7,0,8,12.5263,7684.55
609,7,0,8,12.5145,7609.26
423,7,0,8,12.5086,7552.94
419,7,0,8,12.5019,7515.36
420,7,0,8,12.4958,7479.33
421,7,0,8,12.4913,7451.84
417,7,0,8,12.4863,7425.13
1989,7,0,8,12.4678,7330.91
2011,7,0,8,12.4485,7231.2
891,7,0,8,12.4266,7116.75
893,7,0,8,12.4205,7085.88
894,7,0,8,12.4153,7061.13
895,7,0,8,12.4041,7006.5
978,7,1,0,14.4046,1541.01,0.0373333,162.837,0.05,1
1010,7,1,0,14.3901,1465.78
1016,7,1,0,14.3704,1374.31
1548,7,1,0,14.3634,1338.05
1012,7,1,0,14.3584,1312.65
2028,7,1,0,14.3503,1267.19
989,7,1,0,14.3469,1251.45
990,7,1,0,14.3369,1201.19
991,7,1,0,14.3343,1188.84
706,7,1,0,14.3273,1149.38
704,7,1,0,14.3246,1136.6
2179,7,1,0,14.3244,1135.74
662,7,1,0,14.3182,1106.09
602,7,1,0,14.307,1038.03
599,7,1,0,14.303,1015.4
605,7,1,0,14.2993,991.921
529,7,1,0,14.2822,892.037
726,7,1,0,14.2676,792.08
714,7,1,0,14.2674,790.213
715,7,1,0,14.2638,766.53
225,7,1,0,14.2463,605.342
215,7,1,0,14.2204,402.069
205,7,1,0,14.1937,243.798
196,7,1,0,14.1795,157.808
195,7,1,0,14.1768,138.229
64,7,1,0,14.15,0
636,7,1,1,14.5216,2094.27,0.0391667,170.833,0.15,2
631,7,1,1,14.5149,2061.48
630,7,1,1,14.5092,2032.96
637,7,1,1,14.4986,1980.88
1996,7,1,1,14.4861,1917.59
1997,7,1,1,14.4823,1897.69
2027,7,1,1,14.455,1767.47
2026,7,1,1,14.4492,1738.99
978,7,1,1,14.4419,1703.84
64,7,1,2,14.807,3725.65,0,0,0
195,7,1,2,14.7854,3609.39
196,7,1,2,14.7827,3589.81
205,7,1,2,14.7685,3503.73
215,7,1,2,14.744,3348.75
225,7,1,2,14.7192,3144.92
715,7,1,2,14.6842,2954.38
714,7,1,2,14.6805,2930.54
726,7,1,2,14.6803,2928.68
529,7,1,2,14.6662,2829.07
605,7,1,2,14.6509,2731.81
603,7,1,2,14.6451,2700.83
604,7,1,2,14.6403,2675.42
596,7,1,2,14.6401,2674.45
580,7,1,2,14.6259,2598.24
583,7,1,2,14.6196,2568.43
587,7,1,2,14.6174,2554
578,7,1,2,14.6144,2537.18
575,7,1,2,14.6088,2506.08
571,7,1,2,14.6059,2489.96
570,7,1,2,14.6011,2466.68
1994,7,1,2,14.5884,2402.33
562,7,1,2,14.575,2337.27
639,7,1,2,14.5715,2319.83
638,7,1,2,14.5648,2285.8
636,7,1,2,14.5608,2265.1
220,8,0,0,11.1872,472.978,0.0955,416.542,0.04,1
2130,8,0,0,11.1724,392.48
215,8,0,0,11.1675,358.782
205,8,0,0,11.1436,204.484
196,8,0,0,11.1305,119.897
195,8,0,0,11.1279,100.335
64,8,0,0,11.11,0
710,8,0,1,11.3404,1198.14,0.0443333,193.369,0.36,2
223,8,0,1,11.3229,1104.91
224,8,0,1,11.3088,1031.05
222,8,0,1,11.293,945.57
220,8,0,1,11.2827,889.52
455,8,0,2,11.4438,1774.06,0.0408333,178.103,0.03,3
454,8,0,2,11.441,1758.44
457,8,0,2,11.4343,1704.48
456,8,0,2,11.4291,1675.03
458,8,0,2,11.4196,1613.89
459,8,0,2,11.4137,1568.78
1543,8,0,2,11.4044,1506.55
710,8,0,2,11.3847,1391.51
1108,8,0,3,11.7519,3428.96,0.0935,407.819,0.09,4
1109,8,0,3,11.7467,3402.77
1113,8,0,3,11.7406,3371.72
1847,8,0,3,11.7277,3306.52
1086,8,0,3,11.7241,3286.49
1087,8,0,3,11.7095,3213.3
1090,8,0,3,11.7008,3168.13
1076,8,0,3,11.6747,3041.16
1074,8,0,3,11.6705,3020.04
1077,8,0,3,11.661,2969.22
1080,8,0,3,11.6475,2902.01
1079,8,0,3,11.6409,2867.56
1061,8,0,3,11.6366,2846.28
1063,8,0,3,11.6331,2828.11
1062,8,0,3,11.632,2821.03
2159,8,0,3,11.6318,2819.92
1045,8,0,3,11.6311,2816.77
1012,8,0,3,11.6239,2775.78
1014,8,0,3,11.6233,2772.91
989,8,0,3,11.6123,2714.61
990,8,0,3,11.6022,2664.35
991,8,0,3,11.5996,2652
706,8,0,3,11.5926,2612.53
704,8,0,3,11.59,2599.76
2179,8,0,3,11.5898,2598.9
662,8,0,3,11.5836,2569.25
602,8,0,3,11.5722,2500.98
599,8,0,3,11.5681,2477.72
605,8,0,3,11.564,2453.73
529,8,0,3,11.5468,2353.71
726,8,0,3,11.5309,2252.51
714,8,0,3,11.5307,2250.62
1543,8,0,3,11.5259,2220.1
459,8,0,3,11.5156,2156.7
458,8,0,3,11.5091,2111.44
456,8,0,3,11.5,2050.65
457,8,0,3,11.4946,2020.43
454,8,0,3,11.487,1966.47
455,8,0,3,11.4846,1952.16
1304,8,0,4,11.9749,4519.4,0.0428333,186.826,0.12,5
952,8,0,4,11.9505,4386.42
953,8,0,4,11.9398,4331.64
2023,8,0,4,11.939,4327.54
2108,8,0,4,11.9225,4242.33
1794,8,0,4,11.9154,4206.57
2106,8,0,4,11.9002,4127.2
2039,8,0,4,11.8825,4033.67
1106,8,0,4,11.8729,3981.72
2035,8,0,4,11.8587,3907.67
1108,8,0,4,11.8454,3836.78
1302,8,0,5,12.0637,4940.23,0.106833,465.975,0.24,6
1303,8,0,5,12.0433,4836.7
1305,8,0,5,12.0298,4767.79
1304,8,0,5,12.0177,4706.23
895,8,0,6,12.3363,6254.95,0.0435,189.734,0.02,7
896,8,0,6,12.3326,6236.71
892,8,0,6,12.3291,6218.92
906,8,0,6,12.3109,6126.12
1555,8,0,6,12.2854,5983.37
2157,8,0,6,12.2728,5922.73
2019,8,0,6,12.2437,5787.56
929,8,0,6,12.2433,5785.58
938,8,0,6,12.2312,5719.45
950,8,0,6,12.2153,5638.42
951,8,0,6,12.2088,5605.16
949,8,0,6,12.1972,5545.88
1302,8,0,6,12.1705,5406.21
978,8,0,7,12.5478,7293.63,0.107833,470.336,0.07,8
1010,8,0,7,12.5321,7213.48
1011,8,0,7,12.5187,7144.08
1009,8,0,7,12.5135,7116.45
1041,8,0,7,12.5134,7115.76
1039,8,0,7,12.5056,7075.29
1037,8,0,7,12.496,7027.8
1034,8,0,7,12.4873,6982.11
2032,8,0,7,12.4719,6904.52
1050,8,0,7,12.4406,6750.42
1049,8,0,7,12.4406,6750.33
1025,8,0,7,12.4318,6706.67
1029,8,0,7,12.4185,6639.84
1027,8,0,7,12.4067,6580.88
898,8,0,7,12.3984,6537.35
895,8,0,7,12.3798,6444.68
636,8,0,8,12.7411,8178.46,0.091,396.915,0.15,9
633,8,0,8,12.7345,8144.85
639,8,0,8,12.7311,8127.31
1993,8,0,8,12.7214,8076.69
1995,8,0,8,12.7118,8031.4
1996,8,0,8,12.7003,7979.66
1997,8,0,8,12.6964,7959.76
2027,8,0,8,12.6682,7825.42
2026,8,0,8,12.6624,7797.11
978,8,0,8,12.6556,7763.97
603,8,0,9,12.9119,8989.2,0.0631667,275.514,0.35,10
604,8,0,9,12.9079,8967.34
596,8,0,9,12.9077,8966.37
580,8,0,9,12.8962,8901.84
583,8,0,9,12.89,8872.03
587,8,0,9,12.8879,8857.76
578,8,0,9,12.885,8841.7
579,8,0,9,12.8777,8802.9
570,8,0,9,12.8707,8769.74
1994,8,0,9,12.8578,8704.66
562,8,0,9,12.8448,8641.29
639,8,0,9,12.8414,8623.84
638,8,0,9,12.836,8595.6
636,8,0,9,12.8321,8575.37
64,8,0,10,13.1423,10295.2,0,0,0
195,8,0,10,13.1156,10157
196,8,0,10,13.1124,10137.1
205,8,0,10,13.0971,10049.3
215,8,0,10,13.0715,9892.75
225,8,0,10,13.0446,9689.68
715,8,0,10,13.0145,9520.12
714,8,0,10,13.0105,9495.96
726,8,0,10,13.0103,9494.11
529,8,0,10,12.9962,9394.46
605,8,0,10,12.9813,9297.79
603,8,0,10,12.975,9264.71
220,9,0,0,12.8502,511.167,0.0923333,402.73,0.08,1
2130,9,0,0,12.8324,417.757
215,9,0,0,12.8269,383.417
205,9,0,0,12.7989,223.068
196,9,0,0,12.785,137.521
195,9,0,0,12.7819,117.624
64,9,0,0,12.76,0
710,9,0,1,13.007,1250.5,0.0466667,203.546,0.45,2
223,9,0,1,12.9904,1161.15
224,9,0,1,12.9685,1054.49
222,9,0,1,12.9526,968.676
220,9,0,1,12.9426,913.897
455,9,0,2,13.1144,1842.97,0.0423333,184.645,0.11,3
454,9,0,2,13.1111,1825.59
457,9,0,2,13.1046,1771.53
456,9,0,2,13.0996,1742.49
458,9,0,2,13.0904,1681.58
459,9,0,2,13.0838,1636.23
1543,9,0,2,13.0752,1574.42
710,9,0,2,13.0537,1454.05
1108,9,0,3,13.4203,3489.72,0.0723333,315.496,0.16,4
1109,9,0,3,13.4162,3468.33
1113,9,0,3,13.4098,3436.08
1847,9,0,3,13.3981,3375.45
1086,9,0,3,13.3944,3355.26
1087,9,0,3,13.381,3286.71
1090,9,0,3,13.3724,3241.94
1076,9,0,3,13.3543,3148.62
1074,9,0,3,13.3503,3127.95
1077,9,0,3,13.3368,3060.98
1080,9,0,3,13.3219,2987.63
1079,9,0,3,13.3148,2951.15
1061,9,0,3,13.3105,2929.87
1063,9,0,3,13.3073,2913.03
1062,9,0,3,13.3063,2905.99
2159,9,0,3,13.3061,2905
1045,9,0,3,13.3054,2901.85
1012,9,0,3,13.2982,2860.87
2028,9,0,3,13.2901,2815.4
989,9,0,3,13.2867,2799.67
990,9,0,3,13.2767,2749.41
991,9,0,3,13.2741,2737.05
706,9,0,3,13.2671,2697.59
704,9,0,3,13.2644,2684.82
2179,9,0,3,13.2642,2683.96
662,9,0,3,13.258,2654.31
602,9,0,3,13.2468,2586.17
599,9,0,3,13.2423,2561.47
605,9,0,3,13.2371,2533.35
529,9,0,3,13.2206,2434.45
726,9,0,3,13.2044,2332.92
714,9,0,3,13.2042,2331.04
1543,9,0,3,13.1985,2298.6
459,9,0,3,13.1883,2235.42
458,9,0,3,13.1816,2190.01
456,9,0,3,13.173,2129.61
457,9,0,3,13.167,2096.56
454,9,0,3,13.1594,2042.58
455,9,0,3,13.1567,2027.62
1304,9,0,4,13.6212,4483.69,0.0735,320.585,0.21,5
952,9,0,4,13.5972,4352.37
953,9,0,4,13.5849,4291.32
2023,9,0,4,13.5841,4287.22
2108,9,0,4,13.5699,4211.55
1794,9,0,4,13.5636,4179.21
2106,9,0,4,13.5497,4105.45
2039,9,0,4,13.5312,4007.94
1106,9,0,4,13.5209,3953.53
2035,9,0,4,13.5089,3888.95
1108,9,0,4,13.4926,3805.21
1302,9,0,5,13.7418,5043.27,0.035,152.659,0.22,6
1303,9,0,5,13.7215,4939.58
1305,9,0,5,13.7062,4863.56
1304,9,0,5,13.6947,4804.28
895,9,0,6,13.9258,5973.7,0.0823333,359.113,0.02,7
896,9,0,6,13.9221,5955.46
892,9,0,6,13.9183,5936.71
906,9,0,6,13.9057,5867.85
1555,9,0,6,13.8775,5713.25
2157,9,0,6,13.8666,5659.5
2019,9,0,6,13.8397,5533.24
929,9,0,6,13.8393,5531.26
938,9,0,6,13.8273,5465.41
950,9,0,6,13.8138,5394.84
951,9,0,6,13.8068,5359.13
949,9,0,6,13.7959,5302.65
1302,9,0,6,13.7768,5195.93
978,9,0,7,14.1741,7172.17,0.0373333,162.837,0.05,8
1010,9,0,7,14.1592,7095.41
1011,9,0,7,14.145,7022.77
1009,9,0,7,14.1394,6993.33
1038,9,0,7,14.1312,6952.74
1039,9,0,7,14.1306,6950.06
1037,9,0,7,14.1208,6901.5
1034,9,0,7,14.1126,6857.66
2032,9,0,7,14.0971,6780.07
1050,9,0,7,14.0707,6646.28
1049,9,0,7,14.0707,6646.19
1025,9,0,7,14.0633,6608.49
1029,9,0,7,14.0503,6542.71
1027,9,0,7,14.0375,6479.33
898,9,0,7,14.0271,6426.85
895,9,0,7,14.0081,6332.81
636,9,0,8,14.2911,7725.43,0.0391667,170.833,0.15,9
631,9,0,8,14.2844,7692.64
630,9,0,8,14.2786,7664.12
637,9,0,8,14.268,7612.04
1996,9,0,8,14.2556,7548.76
1997,9,0,8,14.2517,7528.85
2027,9,0,8,14.2245,7398.64
2026,9,0,8,14.2187,7370.15
978,9,0,8,14.2114,7335.01
603,9,0,9,14.4145,8331.99,0.0658333,287.145,0.35,10
604,9,0,9,14.4097,8306.58
596,9,0,9,14.4096,8305.61
580,9,0,9,14.3953,8229.41
583,9,0,9,14.3891,8199.59
587,9,0,9,14.3869,8185.16
578,9,0,9,14.3838,8168.35
575,9,0,9,14.3783,8137.24
571,9,0,9,14.3754,8121.12
570,9,0,9,14.3706,8097.85
1994,9,0,9,14.3578,8033.49
562,9,0,9,14.3444,7968.44
639,9,0,9,14.341,7950.99
638,9,0,9,14.3343,7916.96
636,9,0,9,14.3303,7896.26
64,9,0,10,14.6423,9643.96,0,0,0
195,9,0,10,14.6207,9527.7
196,9,0,10,14.618,9508.12
205,9,0,10,14.6038,9422.04
215,9,0,10,14.5793,9267.06
225,9,0,10,14.5545,9063.23
715,9,0,10,14.5195,8872.69
714,9,0,10,14.5158,8848.84
726,9,0,10,14.5156,8846.99
529,9,0,10,14.5015,8747.38
605,9,0,10,14.4862,8650.12
603,9,0,10,14.4804,8619.14
220,10,0,0,12.9702,511.167,0.0923333,402.73,0.08,1
2130,10,0,0,12.9524,417.757
215,10,0,0,12.9469,383.417
205,10,0,0,12.9189,223.068
196,10,0,0,12.905,137.521
195,10,0,0,12.9019,117.624
64,10,0,0,12.88,0
455,10,0,1,13.1563,1463.97,0.0423333,184.645,0.11,2
454,10,0,1,13.1531,1446.59
457,10,0,1,13.1465,1392.52
456,10,0,1,13.1416,1363.49
458,10,0,1,13.1323,1302.57
459,10,0,1,13.1257,1257.22
450,10,0,1,13.1105,1173.3
229,10,0,1,13.0994,1113.43
222,10,0,1,13.0712,962.82
220,10,0,1,13.0626,913.897
1108,10,0,2,13.4622,3110.71,0.0723333,315.496,0.16,3
1109,10,0,2,13.4582,3089.33
1113,10,0,2,13.4518,3057.08
1847,10,0,2,13.44,2996.45
1086,10,0,2,13.4363,2976.26
1087,10,0,2,13.4229,2907.7
1090,10,0,2,13.4143,2862.94
1076,10,0,2,13.3962,2769.61
1074,10,0,2,13.3922,2748.95
1077,10,0,2,13.3788,2681.98
1080,10,0,2,13.3639,2608.63
1079,10,0,2,13.3567,2572.15
1061,10,0,2,13.3525,2550.86
1063,10,0,2,13.3493,2534.02
1062,10,0,2,13.3483,2526.98
2159,10,0,2,13.348,2526
1045,10,0,2,13.3474,2522.85
1012,10,0,2,13.3401,2481.86
2028,10,0,2,13.3321,2436.4
989,10,0,2,13.3287,2420.66
990,10,0,2,13.3186,2370.4
991,10,0,2,13.316,2358.05
706,10,0,2,13.309,2318.58
704,10,0,2,13.3064,2305.81
2179,10,0,2,13.3062,2304.95
662,10,0,2,13.3,2275.3
602,10,0,2,13.2887,2207.17
599,10,0,2,13.2842,2182.47
605,10,0,2,13.2791,2154.34
529,10,0,2,13.2625,2055.45
726,10,0,2,13.2464,1953.91
714,10,0,2,13.2462,1952.03
1543,10,0,2,13.2404,1919.6
459,10,0,2,13.2303,1856.41
458,10,0,2,13.2236,1811.01
456,10,0,2,13.215,1750.6
457,10,0,2,13.2089,1717.56
454,10,0,2,13.2013,1663.57
455,10,0,2,13.1986,1648.61
1304,10,0,3,13.6631,4104.69,0.0735,320.585,0.21,4
952,10,0,3,13.6391,3973.36
953,10,0,3,13.6269,3912.31
2023,10,0,3,13.6261,3908.21
2108,10,0,3,13.6118,3832.55
1794,10,0,3,13.6056,3800.2
2106,10,0,3,13.5917,3726.45
2039,10,0,3,13.5731,3628.93
1106,10,0,3,13.5629,3574.53
2035,10,0,3,13.5509,3509.94
1108,10,0,3,13.5346,3426.21
1302,10,0,4,13.7838,4664.26,0.035,152.659,0.22,5
1303,10,0,4,13.7634,4560.57
1305,10,0,4,13.7482,4484.55
1304,10,0,4,13.7366,4425.27
895,10,0,5,13.9677,5594.69,0.0823333,359.113,0.02,6
896,10,0,5,13.964,5576.45
892,10,0,5,13.9603,5557.7
906,10,0,5,13.9477,5488.84
1555,10,0,5,13.9194,5334.24
2157,10,0,5,13.9085,5280.49
2019,10,0,5,13.8817,5154.23
929,10,0,5,13.8812,5152.25
938,10,0,5,13.8693,5086.4
950,10,0,5,13.8558,5015.84
951,10,0,5,13.8488,4980.12
949,10,0,5,13.8378,4923.64
1302,10,0,5,13.8188,4816.92
978,10,0,6,14.216,6793.17,0.0373333,162.837,0.05,7
1010,10,0,6,14.2012,6716.4
1011,10,0,6,14.187,6643.76
1009,10,0,6,14.1813,6614.33
1038,10,0,6,14.1732,6573.73
1039,10,0,6,14.1726,6571.06
1037,10,0,6,14.1627,6522.49
1034,10,0,6,14.1545,6478.66
2032,10,0,6,14.139,6401.06
1050,10,0,6,14.1127,6267.28
1049,10,0,6,14.1127,6267.19
1025,10,0,6,14.1053,6229.49
1029,10,0,6,14.0923,6163.7
1027,10,0,6,14.0794,6100.32
898,10,0,6,14.069,6047.84
895,10,0,6,14.05,5953.81
636,10,0,7,14.3331,7346.43,0.0391667,170.833,0.15,8
631,10,0,7,14.3264,7313.63
630,10,0,7,14.3206,7285.12
637,10,0,7,14.31,7233.04
1996,10,0,7,14.2976,7169.75
1997,10,0,7,14.2937,7149.85
2027,10,0,7,14.2664,7019.63
2026,10,0,7,14.2606,6991.15
978,10,0,7,14.2533,6956
603,10,0,8,14.4565,7952.99,0.0658333,287.145,0.35,9
604,10,0,8,14.4517,7927.58
596,10,0,8,14.4516,7926.61
580,10,0,8,14.4373,7850.4
583,10,0,8,14.4311,7820.59
587,10,0,8,14.4288,7806.16
578,10,0,8,14.4258,7789.34
575,10,0,8,14.4202,7758.24
571,10,0,8,14.4173,7742.11
570,10,0,8,14.4125,7718.84
1994,10,0,8,14.3998,7654.49
562,10,0,8,14.3864,7589.43
639,10,0,8,14.3829,7571.99
638,10,0,8,14.3762,7537.96
636,10,0,8,14.3722,7517.26
710,10,0,9,14.5861,8653.53,0.0876667,382.376,0.44,10
1543,10,0,9,14.5662,8538.16
715,10,0,9,14.5615,8493.68
714,10,0,9,14.5577,8469.84
726,10,0,9,14.5575,8467.98
529,10,0,9,14.5435,8368.37
605,10,0,9,14.5281,8271.11
603,10,0,9,14.5223,8240.13
64,10,0,10,14.7825,9734.74,0,0,0
195,10,0,10,14.7609,9618.49
196,10,0,10,14.7582,9598.91
205,10,0,10,14.7439,9512.83
215,10,0,10,14.7195,9357.85
225,10,0,10,14.6946,9154.01
1680,10,0,10,14.6918,9135.17
710,10,0,10,14.6738,9035.9
220,11,0,0,12.8302,511.167,0.0923333,402.73,0.08,1
2130,11,0,0,12.8124,417.757
215,11,0,0,12.8069,383.417
205,11,0,0,12.7789,223.068
196,11,0,0,12.765,137.521
195,11,0,0,12.7619,117.624
64,11,0,0,12.74,0
710,11,0,1,12.987,1250.5,0.0983333,428.9,0.42,2
223,11,0,1,12.9704,1161.15
224,11,0,1,12.9485,1054.49
222,11,0,1,12.9326,968.676
220,11,0,1,12.9226,913.897
455,11,0,2,13.146,2068.33,0.0423333,184.645,0.11,3
454,11,0,2,13.1428,2050.95
457,11,0,2,13.1362,1996.88
456,11,0,2,13.1313,1967.85
458,11,0,2,13.1221,1906.93
459,11,0,2,13.1154,1861.58
1543,11,0,2,13.1069,1799.77
710,11,0,2,13.0854,1679.4
1108,11,0,3,13.452,3715.07,0.0723333,315.496,0.16,4
1109,11,0,3,13.4479,3693.69
1113,11,0,3,13.4415,3661.44
1847,11,0,3,13.4297,3600.81
1086,11,0,3,13.4261,3580.62
1087,11,0,3,13.4126,3512.06
1090,11,0,3,13.404,3467.3
1076,11,0,3,13.386,3373.97
1074,11,0,3,13.3819,3353.31
1077,11,0,3,13.3685,3286.34
1080,11,0,3,13.3536,3212.99
1079,11,0,3,13.3465,3176.51
1061,11,0,3,13.3422,3155.22
1063,11,0,3,13.339,3138.38
1062,11,0,3,13.338,3131.34
2159,11,0,3,13.3378,3130.36
1045,11,0,3,13.3371,3127.21
1012,11,0,3,13.3299,3086.22
2028,11,0,3,13.3218,3040.76
989,11,0,3,13.3184,3025.02
990,11,0,3,13.3083,2974.76
991,11,0,3,13.3057,2962.41
706,11,0,3,13.2987,2922.94
704,11,0,3,13.2961,2910.17
2179,11,0,3,13.2959,2909.31
662,11,0,3,13.2897,2879.66
602,11,0,3,13.2785,2811.52
599,11,0,3,13.274,2786.83
605,11,0,3,13.2688,2758.7
529,11,0,3,13.2522,2659.81
726,11,0,3,13.2361,2558.27
714,11,0,3,13.2359,2556.39
1543,11,0,3,13.2301,2523.95
459,11,0,3,13.22,2460.77
458,11,0,3,13.2133,2415.36
456,11,0,3,13.2047,2354.96
457,11,0,3,13.1987,2321.91
454,11,0,3,13.191,2267.93
455,11,0,3,13.1884,2252.97
1304,11,0,4,13.6529,4709.04,0.0735,320.585,0.21,5
952,11,0,4,13.6289,4577.72
953,11,0,4,13.6166,4516.67
2023,11,0,4,13.6158,4512.57
2108,11,0,4,13.6016,4436.91
1794,11,0,4,13.5953,4404.56
2106,11,0,4,13.5814,4330.81
2039,11,0,4,13.5628,4233.29
1106,11,0,4,13.5526,4178.89
2035,11,0,4,13.5406,4114.3
1108,11,0,4,13.5243,4030.57
1302,11,0,5,13.7735,5268.62,0.035,152.659,0.22,6
1303,11,0,5,13.7531,5164.93
1305,11,0,5,13.7379,5088.91
1304,11,0,5,13.7264,5029.63
895,11,0,6,13.9574,6199.05,0.0823333,359.113,0.02,7
896,11,0,6,13.9537,6180.81
892,11,0,6,13.95,6162.06
906,11,0,6,13.9374,6093.2
1555,11,0,6,13.9092,5938.6
2157,11,0,6,13.8982,5884.85
2019,11,0,6,13.8714,5758.59
929,11,0,6,13.871,5756.61
938,11,0,6,13.859,5690.76
950,11,0,6,13.8455,5620.2
951,11,0,6,13.8385,5584.48
949,11,0,6,13.8275,5528
1302,11,0,6,13.8085,5421.28
978,11,0,7,14.2057,7397.53,0.0373333,162.837,0.05,8
1010,11,0,7,14.1909,7320.76
1011,11,0,7,14.1767,7248.12
1009,11,0,7,14.1711,7218.69
1038,11,0,7,14.1629,7178.09
1039,11,0,7,14.1623,7175.42
1037,11,0,7,14.1525,7126.85
1034,11,0,7,14.1442,7083.01
2032,11,0,7,14.1288,7005.42
1050,11,0,7,14.1024,6871.64
1049,11,0,7,14.1024,6871.55
1025,11,0,7,14.095,6833.85
1029,11,0,7,14.082,6768.06
1027,11,0,7,14.0691,6704.68
898,11,0,7,14.0587,6652.2
895,11,0,7,14.0398,6558.17
636,11,0,8,14.3228,7950.79,0.0391667,170.833,0.15,9
631,11,0,8,14.3161,7917.99
630,11,0,8,14.3103,7889.48
637,11,0,8,14.2997,7837.4
1996,11,0,8,14.2873,7774.11
1997,11,0,8,14.2834,7754.21
2027,11,0,8,14.2562,7623.99
2026,11,0,8,14.2504,7595.51
978,11,0,8,14.2431,7560.36
603,11,0,9,14.4462,8557.35,0.0658333,287.145,0.35,10
604,11,0,9,14.4414,8531.94
596,11,0,9,14.4413,8530.97
580,11,0,9,14.427,8454.76
583,11,0,9,14.4208,8424.95
587,11,0,9,14.4186,8410.52
578,11,0,9,14.4155,8393.7
575,11,0,9,14.41,8362.6
571,11,0,9,14.4071,8346.47
570,11,0,9,14.4022,8323.2
1994,11,0,9,14.3895,8258.84
562,11,0,9,14.3761,8193.79
639,11,0,9,14.3726,8176.35
638,11,0,9,14.3659,8142.32
636,11,0,9,14.3619,8121.62
64,11,0,10,14.674,9869.31,0,0,0
195,11,0,10,14.6524,9753.06
196,11,0,10,14.6497,9733.48
205,11,0,10,14.6354,9647.4
215,11,0,10,14.611,9492.42
225,11,0,10,14.5861,9288.58
715,11,0,10,14.5512,9098.04
714,11,0,10,14.5474,9074.2
726,11,0,10,14.5473,9072.34
529,11,0,10,14.5332,8972.73
605,11,0,10,14.5178,8875.47
603,11,0,10,14.512,8844.49
220,12,0,0,11.0872,472.978,0.0955,416.542,0.04,1
2130,12,0,0,11.0724,392.48
215,12,0,0,11.0675,358.782
205,12,0,0,11.0436,204.484
196,12,0,0,11.0305,119.897
195,12,0,0,11.0279,100.335
64,12,0,0,11.01,0
455,12,0,1,11.2721,1421.69,0.0408333,178.103,0.03,2
454,12,0,1,11.2693,1406.07
457,12,0,1,11.2625,1352.11
456,12,0,1,11.2574,1322.67
458,12,0,1,11.2479,1261.52
459,12,0,1,11.242,1216.42
450,12,0,1,11.2268,1132.53
229,12,0,1,11.2173,1079.68
222,12,0,1,11.193,945.57
220,12,0,1,11.1827,889.52
710,12,0,2,11.3756,1988,0.0443333,193.369,0.36,3
1543,12,0,2,11.3542,1867.73
459,12,0,2,11.3439,1804.33
458,12,0,2,11.3374,1759.07
456,12,0,2,11.3283,1698.29
457,12,0,2,11.3229,1668.07
454,12,0,2,11.3153,1614.11
455,12,0,2,11.3129,1599.79
64,12,0,3,11.5205,2864.25,0,0,0
195,12,0,3,11.4993,2749.57
196,12,0,3,11.4965,2729.96
205,12,0,3,11.484,2646.06
215,12,0,3,11.4641,2493.96
225,12,0,3,11.4389,2290.4
1680,12,0,3,11.4359,2271.38
710,12,0,3,11.42,2181.37
603,12,1,0,11.4284,1012.31,0.109,475.425,0.32,1
604,12,1,0,11.4241,989.164
596,12,1,0,11.424,988.193
595,12,1,0,11.4185,957.784
605,12,1,0,11.4174,949.793
529,12,1,0,11.4002,849.768
726,12,1,0,11.3843,748.573
714,12,1,0,11.3841,746.688
715,12,1,0,11.3807,723.201
225,12,1,0,11.3632,562.11
215,12,1,0,11.3375,358.782
205,12,1,0,11.3136,204.484
196,12,1,0,11.3005,119.897
195,12,1,0,11.2979,100.335
64,12,1,0,11.28,0
1108,12,1,1,11.7295,2486.85,0.0935,407.819,0.09,2
1109,12,1,1,11.7252,2464.18
1113,12,1,1,11.7183,2430.03
1847,12,1,1,11.7049,2362.5
1086,12,1,1,11.7013,2342.47
1087,12,1,1,11.6867,2269.28
1090,12,1,1,11.678,2224.12
1076,12,1,1,11.6519,2097.14
1074,12,1,1,11.6478,2076.03
1077,12,1,1,11.6382,2025.21
1080,12,1,1,11.6247,1958
1079,12,1,1,11.6181,1923.55
1061,12,1,1,11.6138,1902.26
1063,12,1,1,11.6103,1884.1
1062,12,1,1,11.6092,1877.02
2159,12,1,1,11.609,1875.9
1045,12,1,1,11.6083,1872.75
1012,12,1,1,11.6011,1831.77
1014,12,1,1,11.6005,1828.9
989,12,1,1,11.5895,1770.6
990,12,1,1,11.5794,1720.33
991,12,1,1,11.5768,1707.98
706,12,1,1,11.5698,1668.52
704,12,1,1,11.5672,1655.75
2179,12,1,1,11.567,1654.88
662,12,1,1,11.5608,1625.24
602,12,1,1,11.5494,1556.96
604,12,1,1,11.5469,1540.16
596,12,1,1,11.5467,1539.19
595,12,1,1,11.5413,1508.78
603,12,1,1,11.5374,1487.73
1304,12,1,2,11.9526,3577.29,0.0428333,186.826,0.12,3
952,12,1,2,11.9282,3444.3
953,12,1,2,11.9174,3389.53
2023,12,1,2,11.9166,3385.43
2108,12,1,2,11.9001,3300.22
1794,12,1,2,11.8931,3264.46
2106,12,1,2,11.8778,3185.09
2039,12,1,2,11.8602,3091.56
1106,12,1,2,11.8506,3039.61
2035,12,1,2,11.8363,2965.56
1108,12,1,2,11.823,2894.67
895,12,1,3,12.1542,4576.55,0.0435,189.734,0.02,4
907,12,1,3,12.1386,4499.65
908,12,1,3,12.1293,4453.6
2014,12,1,3,12.1287,4450.92
2017,12,1,3,12.1276,4445.23
2170,12,1,3,12.1246,4430.37
1738,12,1,3,12.1101,4355.29
1737,12,1,3,12.1047,4327.23
936,12,1,3,12.0896,4248.61
933,12,1,3,12.089,4245.67
934,12,1,3,12.0835,4208.03
943,12,1,3,12.0669,4127.49
2020,12,1,3,12.0661,4123.55
1787,12,1,3,12.0487,4035.69
1788,12,1,3,12.048,4031.98
1789,12,1,3,12.0379,3980.67
952,12,1,3,12.0299,3940.16
1304,12,1,3,11.9954,3764.11
64,12,1,4,12.5585,6884.61,0,0,0
195,12,1,4,12.5293,6736.23
196,12,1,4,12.5266,6716.63
205,12,1,4,12.5121,6630.18
215,12,1,4,12.4866,6473.8
225,12,1,4,12.4605,6270.59
715,12,1,4,12.429,6094.92
714,12,1,4,12.425,6070.77
726,12,1,4,12.4248,6068.92
529,12,1,4,12.4107,5969.26
605,12,1,4,12.3958,5872.6
603,12,1,4,12.3896,5839.52
604,12,1,4,12.3856,5817.66
596,12,1,4,12.3855,5816.69
580,12,1,4,12.3739,5752.16
574,12,1,4,12.3525,5641.04
573,12,1,4,12.3429,5587.24
564,12,1,4,12.3354,5546.98
557,12,1,4,12.3305,5515.92
561,12,1,4,12.324,5469.48
628,12,1,4,12.3199,5444.34
609,12,1,4,12.3081,5369.04
423,12,1,4,12.3022,5312.72
419,12,1,4,12.2955,5275.15
420,12,1,4,12.2894,5239.11
421,12,1,4,12.2849,5211.62
417,12,1,4,12.2799,5184.91
1989,12,1,4,12.2614,5090.69
2011,12,1,4,12.2421,4990.99
891,12,1,4,12.2202,4876.53
893,12,1,4,12.2141,4845.66
894,12,1,4,12.2089,4820.91
895,12,1,4,12.1977,4766.28
1302,12,2,0,13.7342,2766.91,0.035,152.659,0.22,1
949,12,2,0,13.7112,2642.85
2025,12,2,0,13.7077,2625.39
1598,12,2,0,13.7044,2606.63
948,12,2,0,13.6995,2579.61
928,12,2,0,13.6891,2522.31
929,12,2,0,13.6689,2416.19
2019,12,2,0,13.6685,2414.21
2157,12,2,0,13.6424,2290.85
905,12,2,0,13.6055,2102.44
889,12,2,0,13.5962,2054.31
890,12,2,0,13.5896,2018.4
2013,12,2,0,13.5701,1915.19
1988,12,2,0,13.5525,1821.32
417,12,2,0,13.532,1716.71
418,12,2,0,13.528,1695.77
419,12,2,0,13.5125,1609.96
423,12,2,0,13.5063,1573.67
609,12,2,0,13.5004,1517.35
628,12,2,0,13.4906,1443.34
561,12,2,0,13.4867,1418.58
557,12,2,0,13.4793,1371.34
554,12,2,0,13.4771,1360.2
565,12,2,0,13.467,1306.55
573,12,2,0,13.4617,1279.96
574,12,2,0,13.4544,1230.49
580,12,2,0,13.4316,1113.57
596,12,2,0,13.4255,1053.72
595,12,2,0,13.4205,1025.37
605,12,2,0,13.4193,1017.31
529,12,2,0,13.4027,918.413
726,12,2,0,13.3866,816.876
714,12,2,0,13.3864,814.998
715,12,2,0,13.3829,791.373
225,12,2,0,13.3651,630.742
215,12,2,0,13.3379,427.668
205,12,2,0,13.3069,255.297
196,12,2,0,13.2918,168.03
195,12,2,0,13.2892,148.465
64,12,2,0,13.26,0
978,12,2,1,14.0531,4355.78,0.0373333,162.837,0.05,2
1010,12,2,1,14.0382,4278.67
1011,12,2,1,14.0241,4206.68
1009,12,2,1,14.0174,4172.76
1038,12,2,1,14.0094,4132.87
1039,12,2,1,14.0088,4130.2
1037,12,2,1,13.996,4069.25
1034,12,2,1,13.9862,4019.03
2032,12,2,1,13.9708,3941.44
1050,12,2,1,13.9418,3796.99
1804,12,2,1,13.9287,3730.98
2015,12,2,1,13.9175,3674.76
2014,12,2,1,13.9093,3633.76
2017,12,2,1,13.9082,3628.07
2170,12,2,1,13.9053,3613.42
917,12,2,1,13.8991,3582.43
2016,12,2,1,13.8983,3578.62
915,12,2,1,13.8773,3473.67
1555,12,2,1,13.8699,3436.9
2157,12,2,1,13.859,3383.15
2019,12,2,1,13.8321,3256.89
929,12,2,1,13.8317,3254.9
938,12,2,1,13.8198,3189.05
950,12,2,1,13.8063,3118.49
951,12,2,1,13.7993,3082.77
949,12,2,1,13.7883,3026.3
1302,12,2,1,13.7692,2919.57
636,12,2,2,14.1701,4909.04,0.0391667,170.833,0.15,3
631,12,2,2,14.1634,4876.25
630,12,2,2,14.1576,4847.73
637,12,2,2,14.1471,4795.65
1996,12,2,2,14.1346,4732.36
1997,12,2,2,14.1307,4712.46
2027,12,2,2,14.1035,4582.24
2026,12,2,2,14.0977,4553.76
978,12,2,2,14.0904,4518.61
64,12,2,3,14.4555,6540.42,0,0,0
195,12,2,3,14.4339,6424.16
196,12,2,3,14.4312,6404.58
205,12,2,3,14.4169,6318.5
215,12,2,3,14.3925,6163.52
225,12,2,3,14.3676,5959.69
715,12,2,3,14.3327,5769.15
714,12,2,3,14.329,5745.31
726,12,2,3,14.3288,5743.45
529,12,2,3,14.3147,5643.84
605,12,2,3,14.2994,5546.58
603,12,2,3,14.2936,5515.6
604,12,2,3,14.2888,5490.19
596,12,2,3,14.2886,5489.22
580,12,2,3,14.2743,5413.01
583,12,2,3,14.2681,5383.2
587,12,2,3,14.2659,5368.77
578,12,2,3,14.2628,5351.95
575,12,2,3,14.2573,5320.85
571,12,2,3,14.2544,5304.73
570,12,2,3,14.2496,5281.45
1994,12,2,3,14.2368,5217.1
562,12,2,3,14.2235,5152.04
639,12,2,3,14.22,5134.6
638,12,2,3,14.2133,5100.57
636,12,2,3,14.2093,5079.87
220,13,0,0,13.0202,511.167,0.072,314.042,0.12,1
2130,13,0,0,13.0024,417.757
215,13,0,0,12.9969,383.417
205,13,0,0,12.9689,223.068
196,13,0,0,12.955,137.521
195,13,0,0,12.9519,117.624
64,13,0,0,12.93,0
455,13,0,1,13.186,1375.28,0.0423333,184.645,0.11,2
454,13,0,1,13.1827,1357.9
457,13,0,1,13.1762,1303.83
456,13,0,1,13.1712,1274.8
458,13,0,1,13.162,1213.88
459,13,0,1,13.1554,1168.53
450,13,0,1,13.1402,1084.61
229,13,0,1,13.1291,1024.74
222,13,0,1,13.1009,874.132
220,13,0,1,13.0922,825.209
710,13,0,2,13.2934,1959.13,0.0466667,203.546,0.45,3
1543,13,0,2,13.2701,1830.91
459,13,0,2,13.2599,1767.72
458,13,0,2,13.2532,1722.32
456,13,0,2,13.2446,1661.92
457,13,0,2,13.2386,1628.87
454,13,0,2,13.231,1574.89
455,13,0,2,13.2283,1559.93
1108,13,0,3,13.5834,3474.52,0.0723333,315.496,0.16,4
1109,13,0,3,13.5784,3449.09
1113,13,0,3,13.5728,3419.86
1847,13,0,3,13.5611,3359.89
1086,13,0,3,13.5575,3339.71
1087,13,0,3,13.544,3271.15
1090,13,0,3,13.5354,3226.39
1076,13,0,3,13.5174,3133.06
1074,13,0,3,13.5134,3112.4
1077,13,0,3,13.4999,3045.43
1080,13,0,3,13.485,2972.08
1079,13,0,3,13.4779,2935.6
1061,13,0,3,13.4736,2914.31
1063,13,0,3,13.4704,2897.47
1062,13,0,3,13.4694,2890.43
2159,13,0,3,13.4692,2889.45
1045,13,0,3,13.4685,2886.3
1012,13,0,3,13.4613,2845.31
2028,13,0,3,13.4532,2799.85
989,13,0,3,13.4498,2784.11
990,13,0,3,13.4398,2733.85
991,13,0,3,13.4372,2721.5
706,13,0,3,13.4302,2682.03
704,13,0,3,13.4275,2669.26
2179,13,0,3,13.4273,2668.4
662,13,0,3,13.4211,2638.75
602,13,0,3,13.4099,2570.61
599,13,0,3,13.4054,2545.91
605,13,0,3,13.4002,2517.79
529,13,0,3,13.3837,2418.9
726,13,0,3,13.3675,2317.36
714,13,0,3,13.3673,2315.48
1543,13,0,3,13.3615,2283.04
710,13,0,3,13.34,2162.68
1304,13,0,4,13.7844,4468.49,0.0735,320.585,0.21,5
952,13,0,4,13.7604,4337.17
953,13,0,4,13.7481,4276.12
2023,13,0,4,13.7473,4272.02
2108,13,0,4,13.7331,4196.36
1794,13,0,4,13.7268,4164.01
2106,13,0,4,13.7129,4090.26
2039,13,0,4,13.6943,3992.74
1106,13,0,4,13.6841,3938.34
2035,13,0,4,13.6721,3873.75
1108,13,0,4,13.6558,3790.02
1302,13,0,5,13.905,5028.07,0.035,152.659,0.22,6
1303,13,0,5,13.8846,4924.38
1305,13,0,5,13.8694,4848.36
1304,13,0,5,13.8579,4789.08
895,13,0,6,14.0889,5958.5,0.081,353.298,0.02,7
896,13,0,6,14.0852,5940.26
892,13,0,6,14.0815,5921.51
906,13,0,6,14.0689,5852.65
1555,13,0,6,14.0407,5698.05
2157,13,0,6,14.0297,5644.3
2019,13,0,6,14.0029,5518.04
929,13,0,6,14.0025,5516.06
938,13,0,6,13.9905,5450.21
950,13,0,6,13.977,5379.65
951,13,0,6,13.97,5343.93
949,13,0,6,13.959,5287.45
1302,13,0,6,13.94,5180.73
978,13,0,7,14.3359,7151.16,0.0373333,162.837,0.05,8
1010,13,0,7,14.3211,7074.39
1011,13,0,7,14.3068,7001.75
1009,13,0,7,14.3012,6972.32
1038,13,0,7,14.2931,6931.72
1039,13,0,7,14.2925,6929.05
1037,13,0,7,14.2826,6880.49
1034,13,0,7,14.2744,6836.65
2032,13,0,7,14.2589,6759.05
1050,13,0,7,14.2326,6625.27
1049,13,0,7,14.2326,6625.18
1025,13,0,7,14.2252,6587.48
1029,13,0,7,14.2122,6521.69
1027,13,0,7,14.1993,6458.32
898,13,0,7,14.1889,6405.83
895,13,0,7,14.1699,6311.8
636,13,0,8,14.4529,7704.42,0.0391667,170.833,0.15,9
631,13,0,8,14.4462,7671.63
630,13,0,8,14.4405,7643.11
637,13,0,8,14.4299,7591.03
1996,13,0,8,14.4174,7527.74
1997,13,0,8,14.4136,7507.84
2027,13,0,8,14.3863,7377.62
2026,13,0,8,14.3805,7349.14
978,13,0,8,14.3732,7314
603,13,0,9,14.5764,8310.98,0.0658333,287.145,0.35,10
604,13,0,9,14.5716,8285.57
596,13,0,9,14.5714,8284.6
580,13,0,9,14.5572,8208.39
583,13,0,9,14.5509,8178.58
587,13,0,9,14.5487,8164.15
578,13,0,9,14.5457,8147.34
575,13,0,9,14.5401,8116.23
571,13,0,9,14.5372,8100.11
570,13,0,9,14.5324,8076.83
1994,13,0,9,14.5197,8012.48
562,13,0,9,14.5063,7947.42
639,13,0,9,14.5028,7929.98
638,13,0,9,14.4961,7895.95
636,13,0,9,14.4921,7875.25
64,13,0,10,14.8042,9622.94,0,0,0
195,13,0,10,14.7826,9506.69
196,13,0,10,14.7799,9487.11
205,13,0,10,14.7656,9401.03
215,13,0,10,14.7412,9246.05
225,13,0,10,14.7163,9042.22
715,13,0,10,14.6814,8851.67
714,13,0,10,14.6776,8827.83
726,13,0,10,14.6774,8825.97
529,13,0,10,14.6634,8726.36
605,13,0,10,14.648,8629.11
603,13,0,10,14.6422,8598.13
