Nodo,Individuo,Ruta,Segmento,Tiempo viaje,Costo viaje,Tiempo atencion,Costo atencion,Tasa fallo,Demanda
220,0,0,0,13.0602,511.167,0.072,314.042,0.12,1
2130,0,0,0,13.0424,417.757
215,0,0,0,13.0369,383.417
205,0,0,0,13.0089,223.068
196,0,0,0,12.995,137.521
195,0,0,0,12.9919,117.624
64,0,0,0,12.97,0
710,0,0,1,13.199,1171.13,0.0466667,203.546,0.45,2
223,0,0,1,13.1799,1071.11
224,0,0,1,13.1566,958.91
222,0,0,1,13.1409,874.132
220,0,0,1,13.1322,825.209
455,0,0,2,13.3063,1763.6,0.0423333,184.645,0.11,3
454,0,0,2,13.3031,1746.22
457,0,0,2,13.2965,1692.15
456,0,0,2,13.2916,1663.11
458,0,0,2,13.2823,1602.2
459,0,0,2,13.2757,1556.85
1543,0,0,2,13.2671,1495.04
710,0,0,2,13.2456,1374.67
1108,0,0,3,13.6122,3410.34,0.0723333,315.496,0.16,4
1109,0,0,3,13.6082,3388.96
1113,0,0,3,13.6018,3356.71
1847,0,0,3,13.59,3296.07
1086,0,0,3,13.5863,3275.89
1087,0,0,3,13.5729,3207.33
1090,0,0,3,13.5643,3162.57
1076,0,0,3,13.5462,3069.24
1074,0,0,3,13.5422,3048.58
1077,0,0,3,13.5288,2981.61
1080,0,0,3,13.5139,2908.26
1079,0,0,3,13.5067,2871.78
1061,0,0,3,13.5025,2850.49
1063,0,0,3,13.4993,2833.65
1062,0,0,3,13.4983,2826.61
2159,0,0,3,13.4981,2825.63
1045,0,0,3,13.4974,2822.48
1012,0,0,3,13.4902,2781.49
2028,0,0,3,13.4821,2736.03
989,0,0,3,13.4787,2720.29
990,0,0,3,13.4686,2670.03
991,0,0,3,13.466,2657.68
706,0,0,3,13.459,2618.21
704,0,0,3,13.4564,2605.44
2179,0,0,3,13.4562,2604.58
662,0,0,3,13.45,2574.93
602,0,0,3,13.4387,2506.79
599,0,0,3,13.4342,2482.09
605,0,0,3,13.4291,2453.97
529,0,0,3,13.4125,2355.08
726,0,0,3,13.3964,2253.54
714,0,0,3,13.3962,2251.66
1543,0,0,3,13.3904,2219.22
459,0,0,3,13.3803,2156.04
458,0,0,3,13.3736,2110.63
456,0,0,3,13.365,2050.23
457,0,0,3,13.359,2017.18
454,0,0,3,13.3513,1963.2
455,0,0,3,13.3486,1948.24
1304,0,0,4,13.8132,4404.31,0.0735,320.585,0.21,5
952,0,0,4,13.7891,4272.99
953,0,0,4,13.7769,4211.94
2023,0,0,4,13.7761,4207.84
2108,0,0,4,13.7619,4132.18
1794,0,0,4,13.7556,4099.83
2106,0,0,4,13.7417,4026.08
2039,0,0,4,13.7231,3928.56
1106,0,0,4,13.7129,3874.16
2035,0,0,4,13.7009,3809.57
1108,0,0,4,13.6846,3725.83
1302,0,0,5,13.9338,4963.89,0.035,152.659,0.22,6
1303,0,0,5,13.9134,4860.2
1305,0,0,5,13.8982,4784.18
1304,0,0,5,13.8867,4724.9
895,0,0,6,14.1177,5894.32,0.081,353.298,0.02,7
896,0,0,6,14.114,5876.08
892,0,0,6,14.1103,5857.33
906,0,0,6,14.0977,5788.47
1555,0,0,6,14.0695,5633.87
2157,0,0,6,14.0585,5580.12
2019,0,0,6,14.0317,5453.86
929,0,0,6,14.0313,5451.88
938,0,0,6,14.0193,5386.03
950,0,0,6,14.0058,5315.47
951,0,0,6,13.9988,5279.75
949,0,0,6,13.9878,5223.27
1302,0,0,6,13.9688,5116.55
978,0,0,7,14.3647,7086.98,0.0373333,162.837,0.05,8
1010,0,0,7,14.3499,7010.21
1011,0,0,7,14.3356,6937.58
1009,0,0,7,14.33,6908.14
1038,0,0,7,14.3218,6867.54
1039,0,0,7,14.3213,6864.87
1037,0,0,7,14.3114,6816.31
1034,0,0,7,14.3032,6772.47
2032,0,0,7,14.2877,6694.87
1050,0,0,7,14.2614,6561.09
1049,0,0,7,14.2613,6561
1025,0,0,7,14.254,6523.3
1029,0,0,7,14.2409,6457.51
1027,0,0,7,14.2281,6394.14
898,0,0,7,14.2177,6341.65
895,0,0,7,14.1987,6247.62
636,0,0,8,14.4817,7640.24,0.0391667,170.833,0.15,9
631,0,0,8,14.475,7607.45
630,0,0,8,14.4692,7578.93
637,0,0,8,14.4587,7526.85
1996,0,0,8,14.4462,7463.56
1997,0,0,8,14.4423,7443.66
2027,0,0,8,14.4151,7313.44
2026,0,0,8,14.4093,7284.96
978,0,0,8,14.402,7249.82
603,0,0,9,14.6052,8246.8,0.0658333,287.145,0.35,10
604,0,0,9,14.6004,8221.39
596,0,0,9,14.6002,8220.42
580,0,0,9,14.586,8144.21
583,0,0,9,14.5797,8114.4
587,0,0,9,14.5775,8099.97
578,0,0,9,14.5744,8083.16
575,0,0,9,14.5689,8052.05
571,0,0,9,14.566,8035.93
570,0,0,9,14.5612,8012.65
1994,0,0,9,14.5484,7948.3
562,0,0,9,14.5351,7883.24
639,0,0,9,14.5316,7865.8
638,0,0,9,14.5249,7831.77
636,0,0,9,14.5209,7811.07
64,0,0,10,14.8329,9558.76,0,0,0
195,0,0,10,14.8114,9442.51
196,0,0,10,14.8086,9422.93
205,0,0,10,14.7944,9336.85
215,0,0,10,14.77,9181.87
225,0,0,10,14.7451,8978.04
715,0,0,10,14.7101,8787.49
714,0,0,10,14.7064,8763.65
726,0,0,10,14.7062,8761.79
529,0,0,10,14.6922,8662.18
605,0,0,10,14.6768,8564.93
603,0,0,10,14.671,8533.95
220,1,0,0,11.3272,472.978,0.0955,416.542,0.04,1
2130,1,0,0,11.3124,392.48
215,1,0,0,11.3075,358.782
205,1,0,0,11.2836,204.484
196,1,0,0,11.2705,119.897
195,1,0,0,11.2679,100.335
64,1,0,0,11.25,0
455,1,0,1,11.5121,1421.69,0.0408333,178.103,0.03,2
454,1,0,1,11.5093,1406.07
457,1,0,1,11.5025,1352.11
456,1,0,1,11.4974,1322.67
458,1,0,1,11.4879,1261.52
459,1,0,1,11.482,1216.42
450,1,0,1,11.4668,1132.53
229,1,0,1,11.4573,1079.68
222,1,0,1,11.433,945.57
220,1,0,1,11.4227,889.52
710,1,0,2,11.6156,1988,0.0443333,193.369,0.36,3
1543,1,0,2,11.5942,1867.73
459,1,0,2,11.5839,1804.33
458,1,0,2,11.5774,1759.07
456,1,0,2,11.5683,1698.29
457,1,0,2,11.5629,1668.07
454,1,0,2,11.5553,1614.11
455,1,0,2,11.5529,1599.79
64,1,0,3,11.7605,2864.25,0,0,0
195,1,0,3,11.7393,2749.57
196,1,0,3,11.7365,2729.96
205,1,0,3,11.724,2646.06
215,1,0,3,11.7041,2493.96
225,1,0,3,11.6789,2290.4
1680,1,0,3,11.6759,2271.38
710,1,0,3,11.66,2181.37
603,1,1,0,11.1684,1012.31,0.109,475.425,0.32,1
604,1,1,0,11.1641,989.164
596,1,1,0,11.164,988.193
595,1,1,0,11.1585,957.784
605,1,1,0,11.1574,949.793
529,1,1,0,11.1402,849.768
726,1,1,0,11.1243,748.573
714,1,1,0,11.1241,746.688
715,1,1,0,11.1207,723.201
225,1,1,0,11.1032,562.11
215,1,1,0,11.0775,358.782
205,1,1,0,11.0536,204.484
196,1,1,0,11.0405,119.897
195,1,1,0,11.0379,100.335
64,1,1,0,11.02,0
1108,1,1,1,11.4695,2486.85,0.0935,407.819,0.09,2
1109,1,1,1,11.4652,2464.18
1113,1,1,1,11.4583,2430.03
1847,1,1,1,11.4449,2362.5
1086,1,1,1,11.4413,2342.47
1087,1,1,1,11.4267,2269.28
1090,1,1,1,11.418,2224.12
1076,1,1,1,11.3919,2097.14
1074,1,1,1,11.3878,2076.03
1077,1,1,1,11.3782,2025.21
1080,1,1,1,11.3647,1958
1079,1,1,1,11.3581,1923.55
1061,1,1,1,11.3538,1902.26
1063,1,1,1,11.3503,1884.1
1062,1,1,1,11.3492,1877.02
2159,1,1,1,11.349,1875.9
1045,1,1,1,11.3483,1872.75
1012,1,1,1,11.3411,1831.77
1014,1,1,1,11.3405,1828.9
989,1,1,1,11.3295,1770.6
990,1,1,1,11.3194,1720.33
991,1,1,1,11.3168,1707.98
706,1,1,1,11.3098,1668.52
704,1,1,1,11.3072,1655.75
2179,1,1,1,11.307,1654.88
662,1,1,1,11.3008,1625.24
602,1,1,1,11.2894,1556.96
604,1,1,1,11.2869,1540.16
596,1,1,1,11.2867,1539.19
595,1,1,1,11.2813,1508.78
603,1,1,1,11.2774,1487.73
1304,1,1,2,11.6926,3577.29,0.0428333,186.826,0.12,3
952,1,1,2,11.6682,3444.3
953,1,1,2,11.6574,3389.53
2023,1,1,2,11.6566,3385.43
2108,1,1,2,11.6401,3300.22
1794,1,1,2,11.6331,3264.46
2106,1,1,2,11.6178,3185.09
2039,1,1,2,11.6002,3091.56
1106,1,1,2,11.5906,3039.61
2035,1,1,2,11.5763,2965.56
1108,1,1,2,11.563,2894.67
895,1,1,3,11.8942,4576.55,0.103333,450.709,0.01,4
907,1,1,3,11.8786,4499.65
908,1,1,3,11.8693,4453.6
2014,1,1,3,11.8687,4450.92
2017,1,1,3,11.8676,4445.23
2170,1,1,3,11.8646,4430.37
1738,1,1,3,11.8501,4355.29
1737,1,1,3,11.8447,4327.23
936,1,1,3,11.8296,4248.61
933,1,1,3,11.829,4245.67
934,1,1,3,11.8235,4208.03
943,1,1,3,11.8069,4127.49
2020,1,1,3,11.8061,4123.55
1787,1,1,3,11.7887,4035.69
1788,1,1,3,11.788,4031.98
1789,1,1,3,11.7779,3980.67
952,1,1,3,11.7699,3940.16
1304,1,1,3,11.7354,3764.11
64,1,1,4,12.3342,7034.23,0,0,0
195,1,1,4,12.3121,6916
196,1,1,4,12.3092,6896.27
205,1,1,4,12.2953,6810.71
215,1,1,4,12.2697,6654.27
225,1,1,4,12.2444,6450.75
715,1,1,4,12.2163,6285.72
714,1,1,4,12.2124,6261.72
726,1,1,4,12.2122,6259.84
529,1,1,4,12.1985,6160.34
605,1,1,4,12.1837,6063.73
603,1,1,4,12.1786,6035.75
604,1,1,4,12.1743,6012.61
596,1,1,4,12.1742,6011.64
580,1,1,4,12.1658,5953.37
574,1,1,4,12.1485,5860.12
573,1,1,4,12.1384,5804.22
564,1,1,4,12.1308,5763.07
557,1,1,4,12.1247,5729.08
561,1,1,4,12.118,5682.56
628,1,1,4,12.1135,5656.91
609,1,1,4,12.1007,5580.26
423,1,1,4,12.0948,5523.94
419,1,1,4,12.0902,5489.49
420,1,1,4,12.0842,5453.55
431,1,1,4,12.0644,5356.51
434,1,1,4,12.0579,5325.9
873,1,1,4,12.0536,5302.89
874,1,1,4,12.0405,5239.64
870,1,1,4,12.0346,5209.76
894,1,1,4,12.0076,5077.24
895,1,1,4,11.9975,5027.26
1302,1,2,0,13.9442,2766.91,0.035,152.659,0.22,1
949,1,2,0,13.9212,2642.85
2025,1,2,0,13.9177,2625.39
1598,1,2,0,13.9144,2606.63
948,1,2,0,13.9095,2579.61
928,1,2,0,13.8991,2522.31
929,1,2,0,13.8789,2416.19
2019,1,2,0,13.8785,2414.21
2157,1,2,0,13.8524,2290.85
905,1,2,0,13.8155,2102.44
889,1,2,0,13.8062,2054.31
890,1,2,0,13.7996,2018.4
2013,1,2,0,13.7801,1915.19
1988,1,2,0,13.7625,1821.32
417,1,2,0,13.742,1716.71
418,1,2,0,13.738,1695.77
419,1,2,0,13.7225,1609.96
423,1,2,0,13.7163,1573.67
609,1,2,0,13.7104,1517.35
628,1,2,0,13.7006,1443.34
561,1,2,0,13.6967,1418.58
557,1,2,0,13.6893,1371.34
554,1,2,0,13.6871,1360.2
565,1,2,0,13.677,1306.55
573,1,2,0,13.6717,1279.96
574,1,2,0,13.6644,1230.49
580,1,2,0,13.6416,1113.57
596,1,2,0,13.6355,1053.72
595,1,2,0,13.6305,1025.37
605,1,2,0,13.6293,1017.31
529,1,2,0,13.6127,918.413
726,1,2,0,13.5966,816.876
714,1,2,0,13.5964,814.998
715,1,2,0,13.5929,791.373
225,1,2,0,13.5751,630.742
215,1,2,0,13.5479,427.668
205,1,2,0,13.5169,255.297
196,1,2,0,13.5018,168.03
195,1,2,0,13.4992,148.465
64,1,2,0,13.47,0
978,1,2,1,14.2631,4355.78,0.0373333,162.837,0.05,2
1010,1,2,1,14.2482,4278.67
1011,1,2,1,14.2341,4206.68
1009,1,2,1,14.2274,4172.76
1038,1,2,1,14.2194,4132.87
1039,1,2,1,14.2188,4130.2
1037,1,2,1,14.206,4069.25
1034,1,2,1,14.1962,4019.03
2032,1,2,1,14.1808,3941.44
1050,1,2,1,14.1518,3796.99
1804,1,2,1,14.1387,3730.98
2015,1,2,1,14.1275,3674.76
2014,1,2,1,14.1193,3633.76
2017,1,2,1,14.1182,3628.07
2170,1,2,1,14.1153,3613.42
917,1,2,1,14.1091,3582.43
2016,1,2,1,14.1083,3578.62
915,1,2,1,14.0873,3473.67
1555,1,2,1,14.0799,3436.9
2157,1,2,1,14.069,3383.15
2019,1,2,1,14.0421,3256.89
929,1,2,1,14.0417,3254.9
938,1,2,1,14.0298,3189.05
950,1,2,1,14.0163,3118.49
951,1,2,1,14.0093,3082.77
949,1,2,1,13.9983,3026.3
1302,1,2,1,13.9792,2919.57
636,1,2,2,14.3801,4909.04,0.0391667,170.833,0.15,3
631,1,2,2,14.3734,4876.25
630,1,2,2,14.3676,4847.73
637,1,2,2,14.3571,4795.65
1996,1,2,2,14.3446,4732.36
1997,1,2,2,14.3407,4712.46
2027,1,2,2,14.3135,4582.24
2026,1,2,2,14.3077,4553.76
978,1,2,2,14.3004,4518.61
64,1,2,3,14.6655,6540.42,0,0,0
195,1,2,3,14.6439,6424.16
196,1,2,3,14.6412,6404.58
205,1,2,3,14.6269,6318.5
215,1,2,3,14.6025,6163.52
225,1,2,3,14.5776,5959.69
715,1,2,3,14.5427,5769.15
714,1,2,3,14.539,5745.31
726,1,2,3,14.5388,5743.45
529,1,2,3,14.5247,5643.84
605,1,2,3,14.5094,5546.58
603,1,2,3,14.5036,5515.6
604,1,2,3,14.4988,5490.19
596,1,2,3,14.4986,5489.22
580,1,2,3,14.4843,5413.01
583,1,2,3,14.4781,5383.2
587,1,2,3,14.4759,5368.77
578,1,2,3,14.4728,5351.95
575,1,2,3,14.4673,5320.85
571,1,2,3,14.4644,5304.73
570,1,2,3,14.4596,5281.45
1994,1,2,3,14.4468,5217.1
562,1,2,3,14.4335,5152.04
639,1,2,3,14.43,5134.6
638,1,2,3,14.4233,5100.57
636,1,2,3,14.4193,5079.87
1108,2,0,0,11.5281,1895.18,0.0935,407.819,0.09,1
1109,2,0,0,11.5229,1868.98
1113,2,0,0,11.5168,1837.93
1847,2,0,0,11.5045,1775.21
1086,2,0,0,11.5007,1754.77
1087,2,0,0,11.4864,1682.13
1090,2,0,0,11.4787,1641.25
1076,2,0,0,11.458,1537.22
1074,2,0,0,11.4539,1516.1
1077,2,0,0,11.4443,1465.28
1080,2,0,0,11.4309,1398.08
1079,2,0,0,11.4242,1363.62
1061,2,0,0,11.42,1342.34
1063,2,0,0,11.4165,1324.17
1062,2,0,0,11.4154,1317.09
2159,2,0,0,11.4152,1315.98
1045,2,0,0,11.4145,1312.83
1012,2,0,0,11.4073,1271.84
1014,2,0,0,11.4067,1268.98
989,2,0,0,11.3956,1210.67
990,2,0,0,11.3856,1160.41
991,2,0,0,11.383,1148.06
706,2,0,0,11.376,1108.6
704,2,0,0,11.3733,1095.82
2179,2,0,0,11.3732,1094.96
662,2,0,0,11.3669,1065.31
602,2,0,0,11.3556,997.04
599,2,0,0,11.3514,973.782
605,2,0,0,11.3474,949.793
529,2,0,0,11.3302,849.768
726,2,0,0,11.3143,748.573
714,2,0,0,11.3141,746.688
715,2,0,0,11.3107,723.201
225,2,0,0,11.2932,562.11
215,2,0,0,11.2675,358.782
205,2,0,0,11.2436,204.484
196,2,0,0,11.2305,119.897
195,2,0,0,11.2279,100.335
64,2,0,0,11.21,0
895,2,0,1,11.7126,2778.38,0.103333,450.709,0.01,2
907,2,0,1,11.697,2701.48
908,2,0,1,11.6877,2655.43
2014,2,0,1,11.6872,2652.75
2017,2,0,1,11.686,2647.06
1786,2,0,1,11.6811,2622.62
918,2,0,1,11.6774,2603.51
920,2,0,1,11.6644,2532.86
1085,2,0,1,11.6488,2446.11
2035,2,0,1,11.6348,2373.89
1108,2,0,1,11.6216,2303
1304,2,0,2,11.9794,4074.23,0.0428333,186.826,0.12,3
952,2,0,2,11.955,3941.24
953,2,0,2,11.9442,3886.47
2023,2,0,2,11.9434,3882.37
1787,2,0,2,11.9355,3841.81
2020,2,0,2,11.9199,3761.3
935,2,0,2,11.9097,3707.99
934,2,0,2,11.9091,3705.38
933,2,0,2,11.9004,3658.29
936,2,0,2,11.8998,3655.35
1737,2,0,2,11.8863,3583.45
917,2,0,2,11.8702,3503.13
916,2,0,2,11.87,3502.22
906,2,0,2,11.8443,3369.81
892,2,0,2,11.8241,3269.15
896,2,0,2,11.8209,3252.57
895,2,0,2,11.816,3229.09
1302,2,0,3,12.0681,4495.06,0.106833,465.975,0.24,4
1303,2,0,3,12.0478,4391.52
1305,2,0,3,12.0343,4322.61
1304,2,0,3,12.0222,4261.06
64,2,0,4,12.641,7646.62,0,0,0
195,2,0,4,12.6119,7498.25
196,2,0,4,12.6091,7478.65
205,2,0,4,12.5946,7392.2
215,2,0,4,12.5691,7235.82
225,2,0,4,12.5431,7032.61
715,2,0,4,12.5093,6846.97
714,2,0,4,12.5055,6823.1
726,2,0,4,12.5053,6821.21
529,2,0,4,12.4913,6721.61
605,2,0,4,12.4768,6625.31
603,2,0,4,12.4703,6591.22
604,2,0,4,12.4655,6566.16
596,2,0,4,12.4654,6565.19
580,2,0,4,12.4539,6500.78
574,2,0,4,12.4341,6396.44
573,2,0,4,12.4236,6339.01
564,2,0,4,12.4161,6298.75
557,2,0,4,12.4113,6267.69
561,2,0,4,12.4048,6221.25
628,2,0,4,12.4006,6196.1
609,2,0,4,12.3888,6120.81
423,2,0,4,12.3829,6064.49
419,2,0,4,12.3762,6026.91
420,2,0,4,12.3702,5990.88
421,2,0,4,12.3656,5963.39
417,2,0,4,12.3606,5936.68
1989,2,0,4,12.3422,5842.46
2011,2,0,4,12.3229,5742.75
2156,2,0,4,12.3175,5714.71
2013,2,0,4,12.3168,5711.55
886,2,0,4,12.3086,5668.95
888,2,0,4,12.2902,5568.88
903,2,0,4,12.2804,5515.91
904,2,0,4,12.2772,5498.19
925,2,0,4,12.2536,5369.71
2019,2,0,4,12.2481,5342.39
929,2,0,4,12.2477,5340.4
938,2,0,4,12.2357,5274.27
950,2,0,4,12.2197,5193.25
951,2,0,4,12.2133,5159.99
949,2,0,4,12.2016,5100.7
1302,2,0,4,12.175,4961.04
220,2,1,0,11.3272,472.978,0.0955,416.542,0.04,1
2130,2,1,0,11.3124,392.48
215,2,1,0,11.3075,358.782
205,2,1,0,11.2836,204.484
196,2,1,0,11.2705,119.897
195,2,1,0,11.2679,100.335
64,2,1,0,11.25,0
455,2,1,1,11.5121,1421.69,0.0408333,178.103,0.03,2
454,2,1,1,11.5093,1406.07
457,2,1,1,11.5025,1352.11
456,2,1,1,11.4974,1322.67
458,2,1,1,11.4879,1261.52
459,2,1,1,11.482,1216.42
450,2,1,1,11.4668,1132.53
229,2,1,1,11.4573,1079.68
222,2,1,1,11.433,945.57
220,2,1,1,11.4227,889.52
603,2,1,2,11.6433,2163.88,0.109,475.425,0.32,3
604,2,1,2,11.6391,2140.74
596,2,1,2,11.6389,2139.76
595,2,1,2,11.6334,2109.36
605,2,1,2,11.6323,2101.36
529,2,1,2,11.6151,2001.34
726,2,1,2,11.5992,1900.14
714,2,1,2,11.599,1898.26
1543,2,1,2,11.5942,1867.73
459,2,1,2,11.5839,1804.33
458,2,1,2,11.5774,1759.07
456,2,1,2,11.5683,1698.29
457,2,1,2,11.5629,1668.07
454,2,1,2,11.5553,1614.11
455,2,1,2,11.5529,1599.79
710,2,1,3,11.8164,3053.8,0.0443333,193.369,0.36,4
1543,2,1,3,11.7949,2933.53
715,2,1,3,11.7901,2889.27
714,2,1,3,11.7862,2865.27
726,2,1,3,11.786,2863.39
529,2,1,3,11.7722,2763.89
605,2,1,3,11.7574,2667.28
603,2,1,3,11.7523,2639.3
64,2,1,4,11.9612,3930.05,0,0,0
195,2,1,4,11.94,3815.37
196,2,1,4,11.9372,3795.76
205,2,1,4,11.9247,3711.85
215,2,1,4,11.9049,3559.76
225,2,1,4,11.8796,3356.19
1680,2,1,4,11.8766,3337.18
710,2,1,4,11.8607,3247.17
978,2,2,0,14.5746,1541.01,0.0373333,162.837,0.05,1
1010,2,2,0,14.5601,1465.78
1016,2,2,0,14.5404,1374.31
1548,2,2,0,14.5334,1338.05
1012,2,2,0,14.5284,1312.65
2028,2,2,0,14.5203,1267.19
989,2,2,0,14.5169,1251.45
990,2,2,0,14.5069,1201.19
991,2,2,0,14.5043,1188.84
706,2,2,0,14.4973,1149.38
704,2,2,0,14.4946,1136.6
2179,2,2,0,14.4944,1135.74
662,2,2,0,14.4882,1106.09
602,2,2,0,14.477,1038.03
599,2,2,0,14.473,1015.4
605,2,2,0,14.4693,991.921
529,2,2,0,14.4522,892.037
726,2,2,0,14.4376,792.08
714,2,2,0,14.4374,790.213
715,2,2,0,14.4338,766.53
225,2,2,0,14.4163,605.342
215,2,2,0,14.3904,402.069
205,2,2,0,14.3637,243.798
196,2,2,0,14.3495,157.808
195,2,2,0,14.3468,138.229
64,2,2,0,14.32,0
636,2,2,1,14.6916,2094.27,0.0391667,170.833,0.15,2
631,2,2,1,14.6849,2061.48
630,2,2,1,14.6792,2032.96
637,2,2,1,14.6686,1980.88
1996,2,2,1,14.6561,1917.59
1997,2,2,1,14.6523,1897.69
2027,2,2,1,14.625,1767.47
2026,2,2,1,14.6192,1738.99
978,2,2,1,14.6119,1703.84
64,2,2,2,14.977,3725.65,0,0,0
195,2,2,2,14.9554,3609.39
196,2,2,2,14.9527,3589.81
205,2,2,2,14.9385,3503.73
215,2,2,2,14.914,3348.75
225,2,2,2,14.8892,3144.92
715,2,2,2,14.8542,2954.38
714,2,2,2,14.8505,2930.54
726,2,2,2,14.8503,2928.68
529,2,2,2,14.8362,2829.07
605,2,2,2,14.8209,2731.81
603,2,2,2,14.8151,2700.83
604,2,2,2,14.8103,2675.42
596,2,2,2,14.8101,2674.45
580,2,2,2,14.7959,2598.24
583,2,2,2,14.7896,2568.43
587,2,2,2,14.7874,2554
578,2,2,2,14.7844,2537.18
575,2,2,2,14.7788,2506.08
571,2,2,2,14.7759,2489.96
570,2,2,2,14.7711,2466.68
1994,2,2,2,14.7584,2402.33
562,2,2,2,14.745,2337.27
639,2,2,2,14.7415,2319.83
638,2,2,2,14.7348,2285.8
636,2,2,2,14.7308,2265.1
220,3,0,0,11.7572,472.978,0.0955,416.542,0.04,1
2130,3,0,0,11.7424,392.48
215,3,0,0,11.7375,358.782
205,3,0,0,11.7136,204.484
196,3,0,0,11.7005,119.897
195,3,0,0,11.6979,100.335
64,3,0,0,11.68,0
710,3,0,1,11.9104,1198.14,0.0443333,193.369,0.36,2
223,3,0,1,11.8929,1104.91
224,3,0,1,11.8788,1031.05
222,3,0,1,11.863,945.57
220,3,0,1,11.8527,889.52
603,3,0,2,12.0236,1802.69,0.0631667,275.514,0.35,3
604,3,0,2,12.0193,1779.55
596,3,0,2,12.0192,1778.58
595,3,0,2,12.0137,1748.17
605,3,0,2,12.0126,1740.18
529,3,0,2,11.9953,1640.15
726,3,0,2,11.9795,1538.96
714,3,0,2,11.9793,1537.07
1543,3,0,2,11.9744,1506.55
710,3,0,2,11.9547,1391.51
1108,3,0,3,12.2752,3060.77,0.0588333,256.613,0.13,4
1109,3,0,3,12.2711,3039.24
1113,3,0,3,12.2638,3003.3
1847,3,0,3,12.2508,2937.45
1086,3,0,3,12.2471,2917.22
1087,3,0,3,12.2334,2847.43
1090,3,0,3,12.2242,2800.18
1076,3,0,3,12.2011,2685.99
1074,3,0,3,12.1972,2665.6
1077,3,0,3,12.1868,2611.54
1080,3,0,3,12.1736,2545.1
1079,3,0,3,12.1659,2506.41
1061,3,0,3,12.1617,2485.13
1063,3,0,3,12.1582,2467.32
1062,3,0,3,12.1572,2460.25
2159,3,0,3,12.157,2459.35
1045,3,0,3,12.1563,2456.2
1012,3,0,3,12.1491,2415.21
1014,3,0,3,12.1487,2413.01
989,3,0,3,12.1382,2357.15
990,3,0,3,12.1281,2306.89
704,3,0,3,12.1168,2249.15
2179,3,0,3,12.1166,2248.28
662,3,0,3,12.1104,2218.64
602,3,0,3,12.0995,2150.94
604,3,0,3,12.097,2134.26
596,3,0,3,12.0969,2133.29
595,3,0,3,12.0909,2100.55
603,3,0,3,12.0867,2078.21
1304,3,0,4,12.4669,4012.03,0.0815,355.478,0.17,5
2163,3,0,4,12.4459,3902.29
2051,3,0,4,12.4123,3724.2
2050,3,0,4,12.4012,3665.19
2106,3,0,4,12.3942,3630.46
2039,3,0,4,12.3765,3536.49
1106,3,0,4,12.3666,3483.54
2035,3,0,4,12.3541,3416.72
1108,3,0,4,12.334,3317.39
1302,3,0,5,12.5944,4601.51,0.106833,465.975,0.24,6
1303,3,0,5,12.574,4497.98
1305,3,0,5,12.5605,4429.06
1304,3,0,5,12.5484,4367.51
895,3,0,6,12.867,5916.22,0.0435,189.734,0.02,7
896,3,0,6,12.8633,5897.98
892,3,0,6,12.8598,5880.2
906,3,0,6,12.8416,5787.4
1555,3,0,6,12.8161,5644.65
2157,3,0,6,12.8035,5584.01
2019,3,0,6,12.7744,5448.84
929,3,0,6,12.774,5446.85
938,3,0,6,12.7619,5380.72
950,3,0,6,12.746,5299.7
951,3,0,6,12.7395,5266.44
949,3,0,6,12.7279,5207.16
1302,3,0,6,12.7012,5067.49
978,3,0,7,13.0785,6954.91,0.0648333,282.783,0.06,8
1010,3,0,7,13.0628,6874.76
1011,3,0,7,13.0494,6805.35
1009,3,0,7,13.0442,6777.73
1041,3,0,7,13.0441,6777.04
1039,3,0,7,13.0363,6736.56
1037,3,0,7,13.0267,6689.08
1034,3,0,7,13.018,6643.39
2032,3,0,7,13.0026,6565.8
1050,3,0,7,12.9713,6411.7
1049,3,0,7,12.9713,6411.61
1025,3,0,7,12.9625,6367.95
1029,3,0,7,12.9492,6301.12
1027,3,0,7,12.9374,6242.16
898,3,0,7,12.9292,6198.63
895,3,0,7,12.9105,6105.96
636,3,0,8,13.2206,7619.12,0.0665,290.053,0.15,9
633,3,0,8,13.2149,7589.59
639,3,0,8,13.2115,7571.45
1993,3,0,8,13.1999,7513.16
1995,3,0,8,13.193,7478.8
1996,3,0,8,13.1869,7448.85
1997,3,0,8,13.183,7428.95
2027,3,0,8,13.1581,7308.18
2026,3,0,8,13.1523,7279.69
978,3,0,8,13.1433,7237.69
455,3,0,9,13.4497,8778.28,0.0423333,184.645,0.11,10
453,3,0,9,13.4411,8712.82
452,3,0,9,13.4288,8625.5
1678,3,0,9,13.4131,8541.11
474,3,0,9,13.3931,8441.6
2140,3,0,9,13.3849,8403.76
475,3,0,9,13.3782,8372.49
499,3,0,9,13.3705,8332.9
500,3,0,9,13.3659,8309.5
518,3,0,9,13.3603,8281.31
1754,3,0,9,13.3471,8219.45
540,3,0,9,13.3386,8175.55
541,3,0,9,13.3278,8120.4
572,3,0,9,13.3191,8074.65
1994,3,0,9,13.3094,8024.37
562,3,0,9,13.2999,7975.32
639,3,0,9,13.2964,7957.88
638,3,0,9,13.2912,7930.09
636,3,0,9,13.2871,7909.17
64,3,0,10,13.6705,9954.86,0,0,0
63,3,0,10,13.665,9924.51
199,3,0,10,13.6266,9728.31
202,3,0,10,13.6051,9612.27
208,3,0,10,13.5933,9540.49
170,3,0,10,13.5697,9416.25
176,3,0,10,13.5696,9415.93
183,3,0,10,13.5523,9319.66
192,3,0,10,13.5477,9288.55
458,3,0,10,13.517,9125.31
456,3,0,10,13.5084,9064.91
457,3,0,10,13.5024,9031.86
454,3,0,10,13.4947,8977.88
455,3,0,10,13.4921,8962.92
220,4,0,0,11.6472,472.978,0.0955,416.542,0.04,1
2130,4,0,0,11.6324,392.48
215,4,0,0,11.6275,358.782
205,4,0,0,11.6036,204.484
196,4,0,0,11.5905,119.897
195,4,0,0,11.5879,100.335
64,4,0,0,11.57,0
710,4,0,1,11.8004,1198.14,0.0443333,193.369,0.36,2
223,4,0,1,11.7829,1104.91
224,4,0,1,11.7688,1031.05
222,4,0,1,11.753,945.57
220,4,0,1,11.7427,889.52
455,4,0,2,11.9038,1774.06,0.0408333,178.103,0.03,3
454,4,0,2,11.901,1758.44
457,4,0,2,11.8943,1704.48
456,4,0,2,11.8891,1675.03
458,4,0,2,11.8796,1613.89
459,4,0,2,11.8737,1568.78
1543,4,0,2,11.8644,1506.55
710,4,0,2,11.8447,1391.51
603,4,0,3,12.035,2516.24,0.0631667,275.514,0.35,4
604,4,0,3,12.0308,2493.1
596,4,0,3,12.0306,2492.13
595,4,0,3,12.0252,2461.72
605,4,0,3,12.024,2453.73
529,4,0,3,12.0068,2353.71
726,4,0,3,11.9909,2252.51
714,4,0,3,11.9907,2250.62
1543,4,0,3,11.9859,2220.1
459,4,0,3,11.9756,2156.7
458,4,0,3,11.9691,2111.44
456,4,0,3,11.96,2050.65
457,4,0,3,11.9546,2020.43
454,4,0,3,11.947,1966.47
455,4,0,3,11.9446,1952.16
1108,4,0,4,12.2866,3774.32,0.0588333,256.613,0.13,5
1109,4,0,4,12.2826,3752.79
1113,4,0,4,12.2753,3716.85
1847,4,0,4,12.2623,3651
1086,4,0,4,12.2586,3630.77
1087,4,0,4,12.2449,3560.98
1090,4,0,4,12.2357,3513.73
1076,4,0,4,12.2126,3399.54
1074,4,0,4,12.2086,3379.15
1077,4,0,4,12.1983,3325.1
1080,4,0,4,12.185,3258.65
1079,4,0,4,12.1774,3219.96
1061,4,0,4,12.1731,3198.68
1063,4,0,4,12.1697,3180.87
1062,4,0,4,12.1686,3173.8
2159,4,0,4,12.1685,3172.9
1045,4,0,4,12.1678,3169.75
1012,4,0,4,12.1605,3128.76
1014,4,0,4,12.1601,3126.56
989,4,0,4,12.1496,3070.7
990,4,0,4,12.1396,3020.44
704,4,0,4,12.1283,2962.7
2179,4,0,4,12.1281,2961.83
662,4,0,4,12.1219,2932.19
602,4,0,4,12.1109,2864.49
604,4,0,4,12.1085,2847.81
596,4,0,4,12.1084,2846.84
595,4,0,4,12.1024,2814.1
603,4,0,4,12.0982,2791.76
1304,4,0,5,12.4784,4725.58,0.0815,355.478,0.17,6
2163,4,0,5,12.4574,4615.84
2051,4,0,5,12.4238,4437.75
2050,4,0,5,12.4126,4378.74
2106,4,0,5,12.4057,4344.01
2039,4,0,5,12.388,4250.04
1106,4,0,5,12.3781,4197.09
2035,4,0,5,12.3655,4130.27
1108,4,0,5,12.3455,4030.94
1302,4,0,6,12.6058,5315.06,0.106833,465.975,0.24,7
1303,4,0,6,12.5855,5211.53
1305,4,0,6,12.572,5142.62
1304,4,0,6,12.5599,5081.06
895,4,0,7,12.8785,6629.77,0.0435,189.734,0.02,8
896,4,0,7,12.8748,6611.53
892,4,0,7,12.8713,6593.75
906,4,0,7,12.853,6500.95
1555,4,0,7,12.8275,6358.2
2157,4,0,7,12.8149,6297.56
2019,4,0,7,12.7858,6162.39
929,4,0,7,12.7854,6160.4
938,4,0,7,12.7734,6094.27
950,4,0,7,12.7574,6013.25
951,4,0,7,12.751,5979.99
949,4,0,7,12.7393,5920.71
1302,4,0,7,12.7127,5781.04
978,4,0,8,13.0899,7668.46,0.0648333,282.783,0.06,9
1010,4,0,8,13.0743,7588.31
1011,4,0,8,13.0608,7518.91
1009,4,0,8,13.0557,7491.28
1041,4,0,8,13.0555,7490.59
1039,4,0,8,13.0477,7450.11
1037,4,0,8,13.0381,7402.63
1034,4,0,8,13.0295,7356.94
2032,4,0,8,13.014,7279.35
1050,4,0,8,12.9828,7125.25
1049,4,0,8,12.9828,7125.16
1025,4,0,8,12.9739,7081.5
1029,4,0,8,12.9607,7014.67
1027,4,0,8,12.9489,6955.71
898,4,0,8,12.9406,6912.18
895,4,0,8,12.922,6819.51
636,4,0,9,13.2321,8332.67,0.0665,290.053,0.15,10
633,4,0,9,13.2264,8303.14
639,4,0,9,13.2229,8285
1993,4,0,9,13.2113,8226.71
1995,4,0,9,13.2045,8192.35
1996,4,0,9,13.1983,8162.4
1997,4,0,9,13.1945,8142.5
2027,4,0,9,13.1696,8021.73
2026,4,0,9,13.1638,7993.25
978,4,0,9,13.1548,7951.24
64,4,0,10,13.546,10076.7,0,0,0
195,4,0,10,13.5217,9949.05
196,4,0,10,13.5189,9929.46
205,4,0,10,13.504,9842.34
215,4,0,10,13.4725,9668.03
225,4,0,10,13.4465,9464.79
715,4,0,10,13.4185,9299.91
714,4,0,10,13.4147,9276
726,4,0,10,13.4145,9274.15
529,4,0,10,13.4006,9174.62
605,4,0,10,13.386,9078.13
603,4,0,10,13.3774,9035.49
604,4,0,10,13.3724,9009.09
596,4,0,10,13.3722,9008.12
580,4,0,10,13.3607,8943.8
583,4,0,10,13.3545,8913.98
587,4,0,10,13.3523,8899.6
578,4,0,10,13.3494,8883.5
575,4,0,10,13.3436,8851.06
571,4,0,10,13.341,8835.95
570,4,0,10,13.3371,8816.9
1994,4,0,10,13.3209,8737.92
562,4,0,10,13.3113,8688.87
639,4,0,10,13.3079,8671.43
638,4,0,10,13.3026,8643.64
636,4,0,10,13.2986,8622.72
220,5,0,0,11.0872,472.978,0.0955,416.542,0.04,1
2130,5,0,0,11.0724,392.48
215,5,0,0,11.0675,358.782
205,5,0,0,11.0436,204.484
196,5,0,0,11.0305,119.897
195,5,0,0,11.0279,100.335
64,5,0,0,11.01,0
710,5,0,1,11.2404,1198.14,0.0443333,193.369,0.36,2
223,5,0,1,11.2229,1104.91
224,5,0,1,11.2088,1031.05
222,5,0,1,11.193,945.57
220,5,0,1,11.1827,889.52
455,5,0,2,11.3438,1774.06,0.0408333,178.103,0.03,3
454,5,0,2,11.341,1758.44
457,5,0,2,11.3343,1704.48
456,5,0,2,11.3291,1675.03
458,5,0,2,11.3196,1613.89
459,5,0,2,11.3137,1568.78
1543,5,0,2,11.3044,1506.55
710,5,0,2,11.2847,1391.51
603,5,0,3,11.475,2516.24,0.109,475.425,0.32,4
604,5,0,3,11.4708,2493.1
596,5,0,3,11.4706,2492.13
595,5,0,3,11.4652,2461.72
605,5,0,3,11.464,2453.73
529,5,0,3,11.4468,2353.71
726,5,0,3,11.4309,2252.51
714,5,0,3,11.4307,2250.62
1543,5,0,3,11.4259,2220.1
459,5,0,3,11.4156,2156.7
458,5,0,3,11.4091,2111.44
456,5,0,3,11.4,2050.65
457,5,0,3,11.3946,2020.43
454,5,0,3,11.387,1966.47
455,5,0,3,11.3846,1952.16
1108,5,0,4,11.7762,3990.79,0.0935,407.819,0.09,5
1109,5,0,4,11.7718,3968.11
1113,5,0,4,11.765,3933.96
1847,5,0,4,11.7515,3866.44
1086,5,0,4,11.7479,3846.41
1087,5,0,4,11.7334,3773.22
1090,5,0,4,11.7247,3728.06
1076,5,0,4,11.6985,3601.08
1074,5,0,4,11.6944,3579.96
1077,5,0,4,11.6848,3529.14
1080,5,0,4,11.6713,3461.94
1079,5,0,4,11.6647,3427.48
1061,5,0,4,11.6605,3406.2
1063,5,0,4,11.6569,3388.03
1062,5,0,4,11.6559,3380.95
2159,5,0,4,11.6556,3379.84
1045,5,0,4,11.6549,3376.69
1012,5,0,4,11.6477,3335.7
1014,5,0,4,11.6472,3332.84
989,5,0,4,11.6361,3274.53
990,5,0,4,11.6261,3224.27
991,5,0,4,11.6235,3211.92
706,5,0,4,11.6165,3172.46
704,5,0,4,11.6138,3159.68
2179,5,0,4,11.6136,3158.82
662,5,0,4,11.6074,3129.17
602,5,0,4,11.5961,3060.9
604,5,0,4,11.5935,3044.1
596,5,0,4,11.5934,3043.13
595,5,0,4,11.5879,3012.72
603,5,0,4,11.584,2991.67
1304,5,0,5,11.9992,5081.23,0.0428333,186.826,0.12,6
952,5,0,5,11.9748,4948.24
953,5,0,5,11.9641,4893.46
2023,5,0,5,11.9632,4889.36
2108,5,0,5,11.9468,4804.15
1794,5,0,5,11.9397,4768.39
2106,5,0,5,11.9245,4689.02
2039,5,0,5,11.9068,4595.49
1106,5,0,5,11.8972,4543.54
2035,5,0,5,11.883,4469.49
1108,5,0,5,11.8697,4398.6
895,5,0,6,12.1981,6068.38,0.0435,189.734,0.02,7
907,5,0,6,12.1824,5991.05
908,5,0,6,12.1733,5945.57
2014,5,0,6,12.1727,5942.89
2017,5,0,6,12.1716,5937.2
2170,5,0,6,12.1688,5923.01
1738,5,0,6,12.1514,5836.08
1737,5,0,6,12.1447,5802.3
936,5,0,6,12.1295,5723.39
933,5,0,6,12.1289,5720.45
934,5,0,6,12.1234,5682.8
935,5,0,6,12.1229,5680.19
2020,5,0,6,12.1118,5623.21
1787,5,0,6,12.0922,5526.06
1788,5,0,6,12.0914,5522.36
1789,5,0,6,12.08,5465.37
952,5,0,6,12.0711,5420.92
1304,5,0,6,12.042,5268.05
978,5,0,7,12.4096,7107.07,0.107833,470.336,0.07,8
1010,5,0,7,12.394,7026.92
1011,5,0,7,12.3805,6957.51
1009,5,0,7,12.3753,6929.89
1041,5,0,7,12.3752,6929.2
1039,5,0,7,12.3674,6888.72
1037,5,0,7,12.3578,6841.24
1034,5,0,7,12.3491,6795.55
2032,5,0,7,12.3337,6717.95
1050,5,0,7,12.3024,6563.86
1049,5,0,7,12.3024,6563.77
1025,5,0,7,12.2936,6520.11
1029,5,0,7,12.2803,6453.27
1027,5,0,7,12.2686,6394.32
898,5,0,7,12.2603,6350.79
895,5,0,7,12.2416,6258.12
636,5,0,8,12.603,7991.89,0.091,396.915,0.15,9
633,5,0,8,12.5963,7958.29
639,5,0,8,12.593,7940.75
1993,5,0,8,12.5832,7890.13
1995,5,0,8,12.5737,7844.84
1996,5,0,8,12.5621,7793.1
1997,5,0,8,12.5582,7773.2
2027,5,0,8,12.53,7638.85
2026,5,0,8,12.5243,7610.55
978,5,0,8,12.5174,7577.4
1302,5,0,9,13.0074,10052.1,0.035,152.659,0.22,10
949,5,0,9,12.9855,9932.67
951,5,0,9,12.9741,9874.71
950,5,0,9,12.9667,9837.04
938,5,0,9,12.9548,9773.43
929,5,0,9,12.941,9699.86
2019,5,0,9,12.9406,9697.88
2157,5,0,9,12.9134,9570.15
905,5,0,9,12.8734,9368.7
889,5,0,9,12.8629,9315.26
890,5,0,9,12.8501,9253.96
2013,5,0,9,12.8247,9125.56
1988,5,0,9,12.8034,9016.12
417,5,0,9,12.7809,8902.98
418,5,0,9,12.7768,8882
419,5,0,9,12.7599,8789.83
424,5,0,9,12.7564,8769.89
613,5,0,9,12.7533,8744.91
611,5,0,9,12.7478,8712.02
609,5,0,9,12.7459,8694.23
628,5,0,9,12.7359,8620.21
561,5,0,9,12.7321,8595.49
557,5,0,9,12.724,8547.36
554,5,0,9,12.7217,8535.56
565,5,0,9,12.7136,8490.54
562,5,0,9,12.7067,8454.72
639,5,0,9,12.7032,8437.28
638,5,0,9,12.6979,8409.04
636,5,0,9,12.694,8388.81
64,5,0,10,13.4972,12847.9,0,0,0
195,5,0,10,13.4641,12683
196,5,0,10,13.4613,12663.3
205,5,0,10,13.4461,12575.8
215,5,0,10,13.4219,12421
225,5,0,10,13.3951,12218
715,5,0,10,13.3668,12052.6
714,5,0,10,13.363,12028.7
726,5,0,10,13.3628,12026.8
529,5,0,10,13.3489,11927.3
605,5,0,10,13.3345,11831
603,5,0,10,13.3285,11799.2
604,5,0,10,13.3249,11778.9
596,5,0,10,13.3247,11777.9
580,5,0,10,13.3144,11717.3
574,5,0,10,13.2938,11609.7
573,5,0,10,13.2845,11557.3
564,5,0,10,13.2773,11518
557,5,0,10,13.2714,11484.9
561,5,0,10,13.2647,11438.4
628,5,0,10,13.2604,11413
609,5,0,10,13.2482,11337.2
423,5,0,10,13.2423,11280.9
419,5,0,10,13.237,11246.1
420,5,0,10,13.2319,11211.1
421,5,0,10,13.2279,11184.4
417,5,0,10,13.2234,11159.9
1989,5,0,10,13.2068,11073.5
2011,5,0,10,13.189,10980.3
2156,5,0,10,13.1838,10952.9
2013,5,0,10,13.1831,10949.8
886,5,0,10,13.1712,10891.6
888,5,0,10,13.1514,10785.5
903,5,0,10,13.1376,10715.6
904,5,0,10,13.1342,10697.2
925,5,0,10,13.1108,10569.3
2019,5,0,10,13.1053,10542.1
929,5,0,10,13.1049,10540.1
938,5,0,10,13.093,10474.2
950,5,0,10,13.0795,10403.7
951,5,0,10,13.0725,10368
949,5,0,10,13.0615,10311.5
1302,5,0,10,13.0424,10204.8
710,6,0,0,11.943,739.387,0.0443333,193.369,0.36,1
223,6,0,0,11.9255,646.157
1680,6,0,0,11.916,581.03
225,6,0,0,11.9132,562.11
215,6,0,0,11.8875,358.782
205,6,0,0,11.8636,204.484
196,6,0,0,11.8505,119.897
195,6,0,0,11.8479,100.335
64,6,0,0,11.83,0
603,6,0,1,12.0562,1343.94,0.0631667,275.514,0.35,2
604,6,0,1,12.0519,1320.8
596,6,0,1,12.0518,1319.83
595,6,0,1,12.0463,1289.42
605,6,0,1,12.0452,1281.43
529,6,0,1,12.0279,1181.4
726,6,0,1,12.012,1080.21
714,6,0,1,12.0119,1078.32
1543,6,0,1,12.007,1047.8
710,6,0,1,11.9873,932.755
1108,6,0,2,12.3078,2602.02,0.0588333,256.613,0.13,3
1109,6,0,2,12.3037,2580.49
1113,6,0,2,12.2964,2544.55
1847,6,0,2,12.2834,2478.7
1086,6,0,2,12.2797,2458.47
1087,6,0,2,12.266,2388.68
1090,6,0,2,12.2568,2341.42
1076,6,0,2,12.2337,2227.24
1074,6,0,2,12.2298,2206.85
1077,6,0,2,12.2194,2152.79
1080,6,0,2,12.2062,2086.35
1079,6,0,2,12.1985,2047.66
1061,6,0,2,12.1943,2026.38
1063,6,0,2,12.1908,2008.57
1062,6,0,2,12.1898,2001.5
2159,6,0,2,12.1896,2000.59
1045,6,0,2,12.1889,1997.44
1012,6,0,2,12.1817,1956.46
1014,6,0,2,12.1813,1954.26
989,6,0,2,12.1708,1898.4
990,6,0,2,12.1607,1848.13
704,6,0,2,12.1494,1790.4
2179,6,0,2,12.1492,1789.53
662,6,0,2,12.143,1759.89
602,6,0,2,12.1321,1692.19
604,6,0,2,12.1296,1675.51
596,6,0,2,12.1295,1674.54
595,6,0,2,12.1235,1641.8
603,6,0,2,12.1193,1619.46
1304,6,0,3,12.4995,3553.28,0.0815,355.478,0.17,4
2163,6,0,3,12.4785,3443.54
2051,6,0,3,12.4449,3265.45
2050,6,0,3,12.4337,3206.44
2106,6,0,3,12.4268,3171.71
2039,6,0,3,12.4091,3077.74
1106,6,0,3,12.3992,3024.79
2035,6,0,3,12.3867,2957.97
1108,6,0,3,12.3666,2858.64
1302,6,0,4,12.627,4142.76,0.106833,465.975,0.24,5
1303,6,0,4,12.6066,4039.23
1305,6,0,4,12.5931,3970.31
1304,6,0,4,12.581,3908.76
895,6,0,5,12.8996,5457.47,0.0435,189.734,0.02,6
896,6,0,5,12.8959,5439.23
892,6,0,5,12.8924,5421.45
906,6,0,5,12.8741,5328.65
1555,6,0,5,12.8487,5185.9
2157,6,0,5,12.836,5125.26
2019,6,0,5,12.807,4990.09
929,6,0,5,12.8066,4988.1
938,6,0,5,12.7945,4921.97
950,6,0,5,12.7786,4840.95
951,6,0,5,12.7721,4807.69
949,6,0,5,12.7605,4748.41
1302,6,0,5,12.7338,4608.74
978,6,0,6,13.1111,6496.16,0.0648333,282.783,0.06,7
1010,6,0,6,13.0954,6416.01
1011,6,0,6,13.082,6346.6
1009,6,0,6,13.0768,6318.98
1041,6,0,6,13.0766,6318.29
1039,6,0,6,13.0689,6277.81
1037,6,0,6,13.0593,6230.33
1034,6,0,6,13.0506,6184.64
2032,6,0,6,13.0352,6107.05
1050,6,0,6,13.0039,5952.95
1049,6,0,6,13.0039,5952.86
1025,6,0,6,12.9951,5909.2
1029,6,0,6,12.9818,5842.37
1027,6,0,6,12.97,5783.41
898,6,0,6,12.9617,5739.88
895,6,0,6,12.9431,5647.21
636,6,0,7,13.2532,7160.37,0.0665,290.053,0.15,8
633,6,0,7,13.2475,7130.84
639,6,0,7,13.244,7112.7
1993,6,0,7,13.2325,7054.41
1995,6,0,7,13.2256,7020.05
1996,6,0,7,13.2195,6990.1
1997,6,0,7,13.2156,6970.2
2027,6,0,7,13.1907,6849.43
2026,6,0,7,13.1849,6820.94
978,6,0,7,13.1759,6778.94
455,6,0,8,13.4823,8319.53,0.0423333,184.645,0.11,9
453,6,0,8,13.4737,8254.07
452,6,0,8,13.4614,8166.75
1678,6,0,8,13.4457,8082.36
474,6,0,8,13.4257,7982.85
2140,6,0,8,13.4175,7945.01
475,6,0,8,13.4108,7913.74
499,6,0,8,13.4031,7874.15
500,6,0,8,13.3985,7850.75
518,6,0,8,13.3929,7822.56
1754,6,0,8,13.3797,7760.7
540,6,0,8,13.3712,7716.8
541,6,0,8,13.3604,7661.65
572,6,0,8,13.3517,7615.9
1994,6,0,8,13.342,7565.62
562,6,0,8,13.3325,7516.57
639,6,0,8,13.329,7499.13
638,6,0,8,13.3238,7471.34
636,6,0,8,13.3197,7450.42
220,6,0,9,13.6161,9042.6,0.072,314.042,0.12,10
222,6,0,9,13.6081,8994.87
229,6,0,9,13.5827,8856.22
450,6,0,9,13.5723,8799.33
459,6,0,9,13.5563,8711.97
458,6,0,9,13.5496,8666.56
456,6,0,9,13.541,8606.16
457,6,0,9,13.535,8573.11
454,6,0,9,13.5273,8519.13
455,6,0,9,13.5247,8504.17
64,6,0,10,13.7837,9893.44,0,0,0
195,6,0,10,13.7594,9765.78
196,6,0,10,13.7567,9746.18
205,6,0,10,13.7417,9659.06
215,6,0,10,13.7102,9484.75
2130,6,0,10,13.7061,9451.1
220,6,0,10,13.6881,9356.64
220,7,0,0,11.0872,472.978,0.0955,416.542,0.04,1
2130,7,0,0,11.0724,392.48
215,7,0,0,11.0675,358.782
205,7,0,0,11.0436,204.484
196,7,0,0,11.0305,119.897
195,7,0,0,11.0279,100.335
64,7,0,0,11.01,0
710,7,0,1,11.2404,1198.14,0.0443333,193.369,0.36,2
223,7,0,1,11.2229,1104.91
224,7,0,1,11.2088,1031.05
222,7,0,1,11.193,945.57
220,7,0,1,11.1827,889.52
455,7,0,2,11.3438,1774.06,0.0408333,178.103,0.03,3
454,7,0,2,11.341,1758.44
457,7,0,2,11.3343,1704.48
456,7,0,2,11.3291,1675.03
458,7,0,2,11.3196,1613.89
459,7,0,2,11.3137,1568.78
1543,7,0,2,11.3044,1506.55
710,7,0,2,11.2847,1391.51
603,7,0,3,11.475,2516.24,0.109,475.425,0.32,4
604,7,0,3,11.4708,2493.1
596,7,0,3,11.4706,2492.13
595,7,0,3,11.4652,2461.72
605,7,0,3,11.464,2453.73
529,7,0,3,11.4468,2353.71
726,7,0,3,11.4309,2252.51
714,7,0,3,11.4307,2250.62
1543,7,0,3,11.4259,2220.1
459,7,0,3,11.4156,2156.7
458,7,0,3,11.4091,2111.44
456,7,0,3,11.4,2050.65
457,7,0,3,11.3946,2020.43
454,7,0,3,11.387,1966.47
455,7,0,3,11.3846,1952.16
1108,7,0,4,11.7762,3990.79,0.0935,407.819,0.09,5
1109,7,0,4,11.7718,3968.11
1113,7,0,4,11.765,3933.96
1847,7,0,4,11.7515,3866.44
1086,7,0,4,11.7479,3846.41
1087,7,0,4,11.7334,3773.22
1090,7,0,4,11.7247,3728.06
1076,7,0,4,11.6985,3601.08
1074,7,0,4,11.6944,3579.96
1077,7,0,4,11.6848,3529.14
1080,7,0,4,11.6713,3461.94
1079,7,0,4,11.6647,3427.48
1061,7,0,4,11.6605,3406.2
1063,7,0,4,11.6569,3388.03
1062,7,0,4,11.6559,3380.95
2159,7,0,4,11.6556,3379.84
1045,7,0,4,11.6549,3376.69
1012,7,0,4,11.6477,3335.7
1014,7,0,4,11.6472,3332.84
989,7,0,4,11.6361,3274.53
990,7,0,4,11.6261,3224.27
991,7,0,4,11.6235,3211.92
706,7,0,4,11.6165,3172.46
704,7,0,4,11.6138,3159.68
2179,7,0,4,11.6136,3158.82
662,7,0,4,11.6074,3129.17
602,7,0,4,11.5961,3060.9
604,7,0,4,11.5935,3044.1
596,7,0,4,11.5934,3043.13
595,7,0,4,11.5879,3012.72
603,7,0,4,11.584,2991.67
1304,7,0,5,11.9992,5081.23,0.0428333,186.826,0.12,6
952,7,0,5,11.9748,4948.24
953,7,0,5,11.9641,4893.46
2023,7,0,5,11.9632,4889.36
2108,7,0,5,11.9468,4804.15
1794,7,0,5,11.9397,4768.39
2106,7,0,5,11.9245,4689.02
2039,7,0,5,11.9068,4595.49
1106,7,0,5,11.8972,4543.54
2035,7,0,5,11.883,4469.49
1108,7,0,5,11.8697,4398.6
1302,7,0,6,12.088,5502.06,0.106833,465.975,0.24,7
1303,7,0,6,12.0676,5398.52
1305,7,0,6,12.0541,5329.61
1304,7,0,6,12.042,5268.05
895,7,0,7,12.3606,6816.77,0.0435,189.734,0.02,8
896,7,0,7,12.3569,6798.53
892,7,0,7,12.3534,6780.74
906,7,0,7,12.3351,6687.94
1555,7,0,7,12.3097,6545.19
2157,7,0,7,12.2971,6484.56
2019,7,0,7,12.268,6349.38
929,7,0,7,12.2676,6347.4
938,7,0,7,12.2555,6281.27
950,7,0,7,12.2396,6200.24
951,7,0,7,12.2331,6166.99
949,7,0,7,12.2215,6107.7
1302,7,0,7,12.1948,5968.03
978,7,0,8,12.5721,7855.45,0.107833,470.336,0.07,9
1010,7,0,8,12.5564,7775.3
1011,7,0,8,12.543,7705.9
1009,7,0,8,12.5378,7678.27
1041,7,0,8,12.5376,7677.58
1039,7,0,8,12.5299,7637.11
1037,7,0,8,12.5203,7589.62
1034,7,0,8,12.5116,7543.93
2032,7,0,8,12.4962,7466.34
1050,7,0,8,12.4649,7312.25
1049,7,0,8,12.4649,7312.15
1025,7,0,8,12.4561,7268.49
1029,7,0,8,12.4428,7201.66
1027,7,0,8,12.431,7142.71
898,7,0,8,12.4227,7099.17
895,7,0,8,12.4041,7006.5
636,7,0,9,12.7654,8740.28,0.091,396.915,0.15,10
633,7,0,9,12.7588,8706.67
639,7,0,9,12.7554,8689.13
1993,7,0,9,12.7457,8638.52
1995,7,0,9,12.7361,8593.22
1996,7,0,9,12.7246,8541.49
1997,7,0,9,12.7207,8521.58
2027,7,0,9,12.6925,8387.24
2026,7,0,9,12.6867,8358.94
978,7,0,9,12.6799,8325.79
64,7,0,10,13.1035,10581.5,0,0,0
195,7,0,10,13.0767,10443.3
196,7,0,10,13.0736,10423.4
205,7,0,10,13.0583,10335.6
215,7,0,10,13.0327,10179.1
225,7,0,10,13.0057,9975.99
715,7,0,10,12.9756,9806.43
714,7,0,10,12.9716,9782.27
726,7,0,10,12.9714,9780.42
529,7,0,10,12.9573,9680.77
605,7,0,10,12.9424,9584.1
603,7,0,10,12.9361,9551.02
604,7,0,10,12.9322,9529.16
596,7,0,10,12.932,9528.19
580,7,0,10,12.9205,9463.67
583,7,0,10,12.9143,9433.85
587,7,0,10,12.9122,9419.58
578,7,0,10,12.9093,9403.52
579,7,0,10,12.902,9364.72
570,7,0,10,12.895,9331.56
1994,7,0,10,12.8821,9266.48
562,7,0,10,12.8691,9203.11
639,7,0,10,12.8656,9185.67
638,7,0,10,12.8603,9157.42
636,7,0,10,12.8564,9137.2
220,8,0,0,12.8002,511.167,0.0923333,402.73,0.08,1
2130,8,0,0,12.7824,417.757
215,8,0,0,12.7769,383.417
205,8,0,0,12.7489,223.068
196,8,0,0,12.735,137.521
195,8,0,0,12.7319,117.624
64,8,0,0,12.71,0
710,8,0,1,12.957,1250.5,0.0983333,428.9,0.42,2
223,8,0,1,12.9404,1161.15
224,8,0,1,12.9185,1054.49
222,8,0,1,12.9026,968.676
220,8,0,1,12.8926,913.897
455,8,0,2,13.116,2068.33,0.0423333,184.645,0.11,3
454,8,0,2,13.1128,2050.95
457,8,0,2,13.1062,1996.88
456,8,0,2,13.1013,1967.85
458,8,0,2,13.0921,1906.93
459,8,0,2,13.0854,1861.58
1543,8,0,2,13.0769,1799.77
710,8,0,2,13.0554,1679.4
1108,8,0,3,13.422,3715.07,0.0723333,315.496,0.16,4
1109,8,0,3,13.4179,3693.69
1113,8,0,3,13.4115,3661.44
1847,8,0,3,13.3997,3600.81
1086,8,0,3,13.3961,3580.62
1087,8,0,3,13.3826,3512.06
1090,8,0,3,13.374,3467.3
1076,8,0,3,13.356,3373.97
1074,8,0,3,13.3519,3353.31
1077,8,0,3,13.3385,3286.34
1080,8,0,3,13.3236,3212.99
1079,8,0,3,13.3165,3176.51
1061,8,0,3,13.3122,3155.22
1063,8,0,3,13.309,3138.38
1062,8,0,3,13.308,3131.34
2159,8,0,3,13.3078,3130.36
1045,8,0,3,13.3071,3127.21
1012,8,0,3,13.2999,3086.22
2028,8,0,3,13.2918,3040.76
989,8,0,3,13.2884,3025.02
990,8,0,3,13.2783,2974.76
991,8,0,3,13.2757,2962.41
706,8,0,3,13.2687,2922.94
704,8,0,3,13.2661,2910.17
2179,8,0,3,13.2659,2909.31
662,8,0,3,13.2597,2879.66
602,8,0,3,13.2485,2811.52
599,8,0,3,13.244,2786.83
605,8,0,3,13.2388,2758.7
529,8,0,3,13.2222,2659.81
726,8,0,3,13.2061,2558.27
714,8,0,3,13.2059,2556.39
1543,8,0,3,13.2001,2523.95
459,8,0,3,13.19,2460.77
458,8,0,3,13.1833,2415.36
456,8,0,3,13.1747,2354.96
457,8,0,3,13.1687,2321.91
454,8,0,3,13.161,2267.93
455,8,0,3,13.1584,2252.97
1304,8,0,4,13.6229,4709.04,0.0735,320.585,0.21,5
952,8,0,4,13.5989,4577.72
953,8,0,4,13.5866,4516.67
2023,8,0,4,13.5858,4512.57
2108,8,0,4,13.5716,4436.91
1794,8,0,4,13.5653,4404.56
2106,8,0,4,13.5514,4330.81
2039,8,0,4,13.5328,4233.29
1106,8,0,4,13.5226,4178.89
2035,8,0,4,13.5106,4114.3
1108,8,0,4,13.4943,4030.57
1302,8,0,5,13.7435,5268.62,0.035,152.659,0.22,6
1303,8,0,5,13.7231,5164.93
1305,8,0,5,13.7079,5088.91
1304,8,0,5,13.6964,5029.63
895,8,0,6,13.9274,6199.05,0.0823333,359.113,0.02,7
896,8,0,6,13.9237,6180.81
892,8,0,6,13.92,6162.06
906,8,0,6,13.9074,6093.2
1555,8,0,6,13.8792,5938.6
2157,8,0,6,13.8682,5884.85
2019,8,0,6,13.8414,5758.59
929,8,0,6,13.841,5756.61
938,8,0,6,13.829,5690.76
950,8,0,6,13.8155,5620.2
951,8,0,6,13.8085,5584.48
949,8,0,6,13.7975,5528
1302,8,0,6,13.7785,5421.28
978,8,0,7,14.1757,7397.53,0.0373333,162.837,0.05,8
1010,8,0,7,14.1609,7320.76
1011,8,0,7,14.1467,7248.12
1009,8,0,7,14.1411,7218.69
1038,8,0,7,14.1329,7178.09
1039,8,0,7,14.1323,7175.42
1037,8,0,7,14.1225,7126.85
1034,8,0,7,14.1142,7083.01
2032,8,0,7,14.0988,7005.42
1050,8,0,7,14.0724,6871.64
1049,8,0,7,14.0724,6871.55
1025,8,0,7,14.065,6833.85
1029,8,0,7,14.052,6768.06
1027,8,0,7,14.0391,6704.68
898,8,0,7,14.0287,6652.2
895,8,0,7,14.0098,6558.17
636,8,0,8,14.2928,7950.79,0.0391667,170.833,0.15,9
631,8,0,8,14.2861,7917.99
630,8,0,8,14.2803,7889.48
637,8,0,8,14.2697,7837.4
1996,8,0,8,14.2573,7774.11
1997,8,0,8,14.2534,7754.21
2027,8,0,8,14.2262,7623.99
2026,8,0,8,14.2204,7595.51
978,8,0,8,14.2131,7560.36
603,8,0,9,14.4162,8557.35,0.0658333,287.145,0.35,10
604,8,0,9,14.4114,8531.94
596,8,0,9,14.4113,8530.97
580,8,0,9,14.397,8454.76
583,8,0,9,14.3908,8424.95
587,8,0,9,14.3886,8410.52
578,8,0,9,14.3855,8393.7
575,8,0,9,14.38,8362.6
571,8,0,9,14.3771,8346.47
570,8,0,9,14.3722,8323.2
1994,8,0,9,14.3595,8258.84
562,8,0,9,14.3461,8193.79
639,8,0,9,14.3426,8176.35
638,8,0,9,14.3359,8142.32
636,8,0,9,14.3319,8121.62
64,8,0,10,14.644,9869.31,0,0,0
195,8,0,10,14.6224,9753.06
196,8,0,10,14.6197,9733.48
205,8,0,10,14.6054,9647.4
215,8,0,10,14.581,9492.42
225,8,0,10,14.5561,9288.58
715,8,0,10,14.5212,9098.04
714,8,0,10,14.5174,9074.2
726,8,0,10,14.5173,9072.34
529,8,0,10,14.5032,8972.73
605,8,0,10,14.4878,8875.47
603,8,0,10,14.482,8844.49
220,9,0,0,11.0872,472.978,0.0955,416.542,0.04,1
2130,9,0,0,11.0724,392.48
215,9,0,0,11.0675,358.782
205,9,0,0,11.0436,204.484
196,9,0,0,11.0305,119.897
195,9,0,0,11.0279,100.335
64,9,0,0,11.01,0
710,9,0,1,11.2404,1198.14,0.0443333,193.369,0.36,2
223,9,0,1,11.2229,1104.91
224,9,0,1,11.2088,1031.05
222,9,0,1,11.193,945.57
220,9,0,1,11.1827,889.52
455,9,0,2,11.3438,1774.06,0.0408333,178.103,0.03,3
454,9,0,2,11.341,1758.44
457,9,0,2,11.3343,1704.48
456,9,0,2,11.3291,1675.03
458,9,0,2,11.3196,1613.89
459,9,0,2,11.3137,1568.78
1543,9,0,2,11.3044,1506.55
710,9,0,2,11.2847,1391.51
1108,9,0,3,11.6519,3428.96,0.0935,407.819,0.09,4
1109,9,0,3,11.6467,3402.77
1113,9,0,3,11.6406,3371.72
1847,9,0,3,11.6277,3306.52
1086,9,0,3,11.6241,3286.49
1087,9,0,3,11.6095,3213.3
1090,9,0,3,11.6008,3168.13
1076,9,0,3,11.5747,3041.16
1074,9,0,3,11.5705,3020.04
1077,9,0,3,11.561,2969.22
1080,9,0,3,11.5475,2902.01
1079,9,0,3,11.5409,2867.56
1061,9,0,3,11.5366,2846.28
1063,9,0,3,11.5331,2828.11
1062,9,0,3,11.532,2821.03
2159,9,0,3,11.5318,2819.92
1045,9,0,3,11.5311,2816.77
1012,9,0,3,11.5239,2775.78
1014,9,0,3,11.5233,2772.91
989,9,0,3,11.5123,2714.61
990,9,0,3,11.5022,2664.35
991,9,0,3,11.4996,2652
706,9,0,3,11.4926,2612.53
704,9,0,3,11.49,2599.76
2179,9,0,3,11.4898,2598.9
662,9,0,3,11.4836,2569.25
602,9,0,3,11.4722,2500.98
599,9,0,3,11.4681,2477.72
605,9,0,3,11.464,2453.73
529,9,0,3,11.4468,2353.71
726,9,0,3,11.4309,2252.51
714,9,0,3,11.4307,2250.62
1543,9,0,3,11.4259,2220.1
459,9,0,3,11.4156,2156.7
458,9,0,3,11.4091,2111.44
456,9,0,3,11.4,2050.65
457,9,0,3,11.3946,2020.43
454,9,0,3,11.387,1966.47
455,9,0,3,11.3846,1952.16
1304,9,0,4,11.8749,4519.4,0.0428333,186.826,0.12,5
952,9,0,4,11.8505,4386.42
953,9,0,4,11.8398,4331.64
2023,9,0,4,11.839,4327.54
2108,9,0,4,11.8225,4242.33
1794,9,0,4,11.8154,4206.57
2106,9,0,4,11.8002,4127.2
2039,9,0,4,11.7825,4033.67
1106,9,0,4,11.7729,3981.72
2035,9,0,4,11.7587,3907.67
1108,9,0,4,11.7454,3836.78
1302,9,0,5,11.9679,4957.93,0.068,296.595,0.26,6
1303,9,0,5,11.9473,4853.42
1305,9,0,5,11.9327,4779.54
1304,9,0,5,11.9177,4706.23
895,9,0,6,12.2017,6103.27,0.0435,189.734,0.02,7
896,9,0,6,12.198,6085.03
892,9,0,6,12.1945,6067.24
906,9,0,6,12.1763,5974.44
1555,9,0,6,12.1508,5831.69
2157,9,0,6,12.1382,5771.05
2019,9,0,6,12.1091,5635.88
929,9,0,6,12.1087,5633.9
938,9,0,6,12.0966,5567.77
950,9,0,6,12.0807,5486.74
951,9,0,6,12.0742,5453.48
949,9,0,6,12.0626,5394.2
1302,9,0,6,12.0359,5254.53
978,9,0,7,12.4132,7141.95,0.107833,470.336,0.07,8
1010,9,0,7,12.3976,7061.8
1011,9,0,7,12.3841,6992.4
1009,9,0,7,12.3789,6964.77
1041,9,0,7,12.3788,6964.08
1039,9,0,7,12.371,6923.61
1037,9,0,7,12.3614,6876.12
1034,9,0,7,12.3527,6830.43
2032,9,0,7,12.3373,6752.84
1050,9,0,7,12.306,6598.74
1049,9,0,7,12.306,6598.65
1025,9,0,7,12.2972,6554.99
1029,9,0,7,12.2839,6488.16
1027,9,0,7,12.2721,6429.2
898,9,0,7,12.2639,6385.67
895,9,0,7,12.2452,6293
636,9,0,8,12.6066,8026.78,0.091,396.915,0.15,9
633,9,0,8,12.5999,7993.17
639,9,0,8,12.5965,7975.63
1993,9,0,8,12.5868,7925.01
1995,9,0,8,12.5772,7879.72
1996,9,0,8,12.5657,7827.98
1997,9,0,8,12.5618,7808.08
2027,9,0,8,12.5336,7673.74
2026,9,0,8,12.5278,7645.43
978,9,0,8,12.521,7612.29
603,9,0,9,12.7773,8837.52,0.0631667,275.514,0.35,10
604,9,0,9,12.7733,8815.66
596,9,0,9,12.7732,8814.69
580,9,0,9,12.7616,8750.16
583,9,0,9,12.7554,8720.35
587,9,0,9,12.7534,8706.08
578,9,0,9,12.7505,8690.02
579,9,0,9,12.7431,8651.22
570,9,0,9,12.7361,8618.06
1994,9,0,9,12.7232,8552.98
562,9,0,9,12.7102,8489.6
639,9,0,9,12.7068,8472.16
638,9,0,9,12.7014,8443.92
636,9,0,9,12.6976,8423.69
64,9,0,10,13.0077,10143.5,0,0,0
195,9,0,10,12.981,10005.3
196,9,0,10,12.9779,9985.38
205,9,0,10,12.9626,9897.63
215,9,0,10,12.9369,9741.07
225,9,0,10,12.91,9538
715,9,0,10,12.8799,9368.44
714,9,0,10,12.8759,9344.28
726,9,0,10,12.8757,9342.43
529,9,0,10,12.8616,9242.78
605,9,0,10,12.8467,9146.11
603,9,0,10,12.8404,9113.03
220,10,0,0,11.2072,472.978,0.0955,416.542,0.04,1
2130,10,0,0,11.1924,392.48
215,10,0,0,11.1875,358.782
205,10,0,0,11.1636,204.484
196,10,0,0,11.1505,119.897
195,10,0,0,11.1479,100.335
64,10,0,0,11.13,0
710,10,0,1,11.3604,1198.14,0.0443333,193.369,0.36,2
223,10,0,1,11.3429,1104.91
224,10,0,1,11.3288,1031.05
222,10,0,1,11.313,945.57
220,10,0,1,11.3027,889.52
455,10,0,2,11.4638,1774.06,0.0408333,178.103,0.03,3
454,10,0,2,11.461,1758.44
457,10,0,2,11.4543,1704.48
456,10,0,2,11.4491,1675.03
458,10,0,2,11.4396,1613.89
459,10,0,2,11.4337,1568.78
1543,10,0,2,11.4244,1506.55
710,10,0,2,11.4047,1391.51
1108,10,0,3,11.7719,3428.96,0.0935,407.819,0.09,4
1109,10,0,3,11.7667,3402.77
1113,10,0,3,11.7606,3371.72
1847,10,0,3,11.7477,3306.52
1086,10,0,3,11.7441,3286.49
1087,10,0,3,11.7295,3213.3
1090,10,0,3,11.7208,3168.13
1076,10,0,3,11.6947,3041.16
1074,10,0,3,11.6905,3020.04
1077,10,0,3,11.681,2969.22
1080,10,0,3,11.6675,2902.01
1079,10,0,3,11.6609,2867.56
1061,10,0,3,11.6566,2846.28
1063,10,0,3,11.6531,2828.11
1062,10,0,3,11.652,2821.03
2159,10,0,3,11.6518,2819.92
1045,10,0,3,11.6511,2816.77
1012,10,0,3,11.6439,2775.78
1014,10,0,3,11.6433,2772.91
989,10,0,3,11.6323,2714.61
990,10,0,3,11.6222,2664.35
991,10,0,3,11.6196,2652
706,10,0,3,11.6126,2612.53
704,10,0,3,11.61,2599.76
2179,10,0,3,11.6098,2598.9
662,10,0,3,11.6036,2569.25
602,10,0,3,11.5922,2500.98
599,10,0,3,11.5881,2477.72
605,10,0,3,11.584,2453.73
529,10,0,3,11.5668,2353.71
726,10,0,3,11.5509,2252.51
714,10,0,3,11.5507,2250.62
1543,10,0,3,11.5459,2220.1
459,10,0,3,11.5356,2156.7
458,10,0,3,11.5291,2111.44
456,10,0,3,11.52,2050.65
457,10,0,3,11.5146,2020.43
454,10,0,3,11.507,1966.47
455,10,0,3,11.5046,1952.16
1304,10,0,4,11.9949,4519.4,0.0428333,186.826,0.12,5
952,10,0,4,11.9705,4386.42
953,10,0,4,11.9598,4331.64
2023,10,0,4,11.959,4327.54
2108,10,0,4,11.9425,4242.33
1794,10,0,4,11.9354,4206.57
2106,10,0,4,11.9202,4127.2
2039,10,0,4,11.9025,4033.67
1106,10,0,4,11.8929,3981.72
2035,10,0,4,11.8787,3907.67
1108,10,0,4,11.8654,3836.78
1302,10,0,5,12.0837,4940.23,0.106833,465.975,0.24,6
1303,10,0,5,12.0633,4836.7
1305,10,0,5,12.0498,4767.79
1304,10,0,5,12.0377,4706.23
895,10,0,6,12.3563,6254.95,0.0435,189.734,0.02,7
896,10,0,6,12.3526,6236.71
892,10,0,6,12.3491,6218.92
906,10,0,6,12.3309,6126.12
1555,10,0,6,12.3054,5983.37
2157,10,0,6,12.2928,5922.73
2019,10,0,6,12.2637,5787.56
929,10,0,6,12.2633,5785.58
938,10,0,6,12.2512,5719.45
950,10,0,6,12.2353,5638.42
951,10,0,6,12.2288,5605.16
949,10,0,6,12.2172,5545.88
1302,10,0,6,12.1905,5406.21
978,10,0,7,12.5678,7293.63,0.107833,470.336,0.07,8
1010,10,0,7,12.5521,7213.48
1011,10,0,7,12.5387,7144.08
1009,10,0,7,12.5335,7116.45
1041,10,0,7,12.5334,7115.76
1039,10,0,7,12.5256,7075.29
1037,10,0,7,12.516,7027.8
1034,10,0,7,12.5073,6982.11
2032,10,0,7,12.4919,6904.52
1050,10,0,7,12.4606,6750.42
1049,10,0,7,12.4606,6750.33
1025,10,0,7,12.4518,6706.67
1029,10,0,7,12.4385,6639.84
1027,10,0,7,12.4267,6580.88
898,10,0,7,12.4184,6537.35
895,10,0,7,12.3998,6444.68
636,10,0,8,12.7611,8178.46,0.091,396.915,0.15,9
633,10,0,8,12.7545,8144.85
639,10,0,8,12.7511,8127.31
1993,10,0,8,12.7414,8076.69
1995,10,0,8,12.7318,8031.4
1996,10,0,8,12.7203,7979.66
1997,10,0,8,12.7164,7959.76
2027,10,0,8,12.6882,7825.42
2026,10,0,8,12.6824,7797.11
978,10,0,8,12.6756,7763.97
603,10,0,9,12.9319,8989.2,0.0631667,275.514,0.35,10
604,10,0,9,12.9279,8967.34
596,10,0,9,12.9277,8966.37
580,10,0,9,12.9162,8901.84
583,10,0,9,12.91,8872.03
587,10,0,9,12.9079,8857.76
578,10,0,9,12.905,8841.7
579,10,0,9,12.8977,8802.9
570,10,0,9,12.8907,8769.74
1994,10,0,9,12.8778,8704.66
562,10,0,9,12.8648,8641.29
639,10,0,9,12.8614,8623.84
638,10,0,9,12.856,8595.6
636,10,0,9,12.8521,8575.37
64,10,0,10,13.1623,10295.2,0,0,0
195,10,0,10,13.1356,10157
196,10,0,10,13.1324,10137.1
205,10,0,10,13.1171,10049.3
215,10,0,10,13.0915,9892.75
225,10,0,10,13.0646,9689.68
715,10,0,10,13.0345,9520.12
714,10,0,10,13.0305,9495.96
726,10,0,10,13.0303,9494.11
529,10,0,10,13.0162,9394.46
605,10,0,10,13.0013,9297.79
603,10,0,10,12.995,9264.71
710,11,0,0,11.133,739.387,0.0443333,193.369,0.36,1
223,11,0,0,11.1155,646.157
1680,11,0,0,11.106,581.03
225,11,0,0,11.1032,562.11
215,11,0,0,11.0775,358.782
205,11,0,0,11.0536,204.484
196,11,0,0,11.0405,119.897
195,11,0,0,11.0379,100.335
64,11,0,0,11.02,0
455,11,0,1,11.2364,1315.31,0.0408333,178.103,0.03,2
454,11,0,1,11.2336,1299.69
457,11,0,1,11.2269,1245.73
456,11,0,1,11.2217,1216.28
458,11,0,1,11.2122,1155.14
459,11,0,1,11.2063,1110.03
1543,11,0,1,11.197,1047.8
710,11,0,1,11.1773,932.755
603,11,0,2,11.3676,2057.49,0.109,475.425,0.32,3
604,11,0,2,11.3634,2034.35
596,11,0,2,11.3632,2033.38
595,11,0,2,11.3578,2002.97
605,11,0,2,11.3566,1994.98
529,11,0,2,11.3394,1894.95
726,11,0,2,11.3235,1793.76
714,11,0,2,11.3233,1791.87
1543,11,0,2,11.3185,1761.35
459,11,0,2,11.3082,1697.95
458,11,0,2,11.3017,1652.69
456,11,0,2,11.2926,1591.9
457,11,0,2,11.2872,1561.68
454,11,0,2,11.2796,1507.72
455,11,0,2,11.2772,1493.41
1108,11,0,3,11.6688,3532.04,0.0935,407.819,0.09,4
1109,11,0,3,11.6644,3509.36
1113,11,0,3,11.6575,3475.21
1847,11,0,3,11.6441,3407.69
1086,11,0,3,11.6405,3387.66
1087,11,0,3,11.626,3314.47
1090,11,0,3,11.6173,3269.3
1076,11,0,3,11.5911,3142.33
1074,11,0,3,11.587,3121.21
1077,11,0,3,11.5774,3070.39
1080,11,0,3,11.5639,3003.19
1079,11,0,3,11.5573,2968.73
1061,11,0,3,11.5531,2947.45
1063,11,0,3,11.5495,2929.28
1062,11,0,3,11.5485,2922.2
2159,11,0,3,11.5482,2921.09
1045,11,0,3,11.5475,2917.94
1012,11,0,3,11.5403,2876.95
1014,11,0,3,11.5398,2874.09
989,11,0,3,11.5287,2815.78
990,11,0,3,11.5186,2765.52
991,11,0,3,11.516,2753.17
706,11,0,3,11.509,2713.7
704,11,0,3,11.5064,2700.93
2179,11,0,3,11.5062,2700.07
662,11,0,3,11.5,2670.42
602,11,0,3,11.4887,2602.15
604,11,0,3,11.4861,2585.35
596,11,0,3,11.486,2584.38
595,11,0,3,11.4805,2553.97
603,11,0,3,11.4766,2532.92
1304,11,0,4,11.8918,4622.48,0.0428333,186.826,0.12,5
952,11,0,4,11.8674,4489.49
953,11,0,4,11.8567,4434.71
2023,11,0,4,11.8558,4430.61
2108,11,0,4,11.8394,4345.4
1794,11,0,4,11.8323,4309.64
2106,11,0,4,11.817,4230.27
2039,11,0,4,11.7994,4136.74
1106,11,0,4,11.7898,4084.79
2035,11,0,4,11.7755,4010.74
1108,11,0,4,11.7623,3939.85
64,11,0,5,12.3983,7430.04,0,0,0
195,11,0,5,12.3763,7311.81
196,11,0,5,12.3733,7292.08
205,11,0,5,12.3594,7206.52
215,11,0,5,12.3339,7050.08
225,11,0,5,12.3085,6846.57
715,11,0,5,12.283,6685.3
714,11,0,5,12.279,6661.12
726,11,0,5,12.2788,6659.25
529,11,0,5,12.265,6559.72
605,11,0,5,12.2504,6463.36
603,11,0,5,12.2459,6437.92
2202,11,0,5,12.2426,6417.36
602,11,0,5,12.2385,6392.41
1851,11,0,5,12.2267,6320.71
1852,11,0,5,12.2218,6296.43
706,11,0,5,12.2102,6238.56
991,11,0,5,12.1967,6171.49
2028,11,0,5,12.1856,6116.94
1012,11,0,5,12.1724,6049.68
1014,11,0,5,12.1718,6046.81
1048,11,0,5,12.1633,6001.62
2159,11,0,5,12.1602,5986.23
1045,11,0,5,12.1595,5983.08
1043,11,0,5,12.1561,5965.88
2158,11,0,5,12.1493,5931.27
2030,11,0,5,12.1453,5911.43
1041,11,0,5,12.1402,5884.72
1039,11,0,5,12.1322,5843.63
1037,11,0,5,12.1232,5798.19
1034,11,0,5,12.1131,5746.91
2033,11,0,5,12.108,5719.51
1053,11,0,5,12.0966,5661.02
1784,11,0,5,12.0931,5642.77
1066,11,0,5,12.0834,5593.7
2034,11,0,5,12.0637,5492.94
1850,11,0,5,12.0549,5447.44
2035,11,0,5,12.0471,5405.41
1106,11,0,5,12.0327,5330.82
2039,11,0,5,12.0262,5289.31
2106,11,0,5,12.01,5201.8
2050,11,0,5,12.0014,5160.35
2051,11,0,5,11.9892,5096.77
2163,11,0,5,11.9544,4913.86
1304,11,0,5,11.9346,4809.3
1302,11,1,0,13.8742,2766.91,0.035,152.659,0.22,1
949,11,1,0,13.8512,2642.85
2025,11,1,0,13.8477,2625.39
1598,11,1,0,13.8444,2606.63
948,11,1,0,13.8395,2579.61
928,11,1,0,13.8291,2522.31
929,11,1,0,13.8089,2416.19
2019,11,1,0,13.8085,2414.21
2157,11,1,0,13.7824,2290.85
905,11,1,0,13.7455,2102.44
889,11,1,0,13.7362,2054.31
890,11,1,0,13.7296,2018.4
2013,11,1,0,13.7101,1915.19
1988,11,1,0,13.6925,1821.32
417,11,1,0,13.672,1716.71
418,11,1,0,13.668,1695.77
419,11,1,0,13.6525,1609.96
423,11,1,0,13.6463,1573.67
609,11,1,0,13.6404,1517.35
628,11,1,0,13.6306,1443.34
561,11,1,0,13.6267,1418.58
557,11,1,0,13.6193,1371.34
554,11,1,0,13.6171,1360.2
565,11,1,0,13.607,1306.55
573,11,1,0,13.6017,1279.96
574,11,1,0,13.5944,1230.49
580,11,1,0,13.5716,1113.57
596,11,1,0,13.5655,1053.72
595,11,1,0,13.5605,1025.37
605,11,1,0,13.5593,1017.31
529,11,1,0,13.5427,918.413
726,11,1,0,13.5266,816.876
714,11,1,0,13.5264,814.998
715,11,1,0,13.5229,791.373
225,11,1,0,13.5051,630.742
215,11,1,0,13.4779,427.668
205,11,1,0,13.4469,255.297
196,11,1,0,13.4318,168.03
195,11,1,0,13.4292,148.465
64,11,1,0,13.4,0
895,11,1,1,14.0582,3697.34,0.081,353.298,0.02,2
896,11,1,1,14.0545,3679.1
892,11,1,1,14.0508,3660.36
906,11,1,1,14.0381,3591.5
1555,11,1,1,14.0099,3436.9
2157,11,1,1,13.999,3383.15
2019,11,1,1,13.9721,3256.89
929,11,1,1,13.9717,3254.9
938,11,1,1,13.9598,3189.05
950,11,1,1,13.9463,3118.49
951,11,1,1,13.9393,3082.77
949,11,1,1,13.9283,3026.3
1302,11,1,1,13.9092,2919.57
978,11,1,2,14.3052,4890,0.0373333,162.837,0.05,3
1010,11,1,2,14.2903,4813.24
1011,11,1,2,14.2761,4740.6
1009,11,1,2,14.2705,4711.17
1038,11,1,2,14.2623,4670.57
1039,11,1,2,14.2617,4667.89
1037,11,1,2,14.2519,4619.33
1034,11,1,2,14.2436,4575.49
2032,11,1,2,14.2282,4497.9
1050,11,1,2,14.2018,4364.12
1049,11,1,2,14.2018,4364.02
1025,11,1,2,14.1944,4326.32
1029,11,1,2,14.1814,4260.54
1027,11,1,2,14.1686,4197.16
898,11,1,2,14.1582,4144.68
895,11,1,2,14.1392,4050.64
636,11,1,3,14.4222,5443.26,0.0391667,170.833,0.15,4
631,11,1,3,14.4155,5410.47
630,11,1,3,14.4097,5381.95
637,11,1,3,14.3991,5329.87
1996,11,1,3,14.3867,5266.59
1997,11,1,3,14.3828,5246.69
2027,11,1,3,14.3556,5116.47
2026,11,1,3,14.3498,5087.98
978,11,1,3,14.3425,5052.84
64,11,1,4,14.7076,7074.64,0,0,0
195,11,1,4,14.686,6958.39
196,11,1,4,14.6833,6938.81
205,11,1,4,14.669,6852.73
215,11,1,4,14.6446,6697.75
225,11,1,4,14.6197,6493.92
715,11,1,4,14.5848,6303.37
714,11,1,4,14.581,6279.53
726,11,1,4,14.5808,6277.67
529,11,1,4,14.5668,6178.06
605,11,1,4,14.5514,6080.8
603,11,1,4,14.5456,6049.82
604,11,1,4,14.5408,6024.41
596,11,1,4,14.5407,6023.44
580,11,1,4,14.5264,5947.24
583,11,1,4,14.5202,5917.42
587,11,1,4,14.518,5902.99
578,11,1,4,14.5149,5886.18
575,11,1,4,14.5094,5855.07
571,11,1,4,14.5065,5838.95
570,11,1,4,14.5017,5815.68
1994,11,1,4,14.4889,5751.32
562,11,1,4,14.4755,5686.27
639,11,1,4,14.4721,5668.83
638,11,1,4,14.4654,5634.79
636,11,1,4,14.4614,5614.09
220,11,2,0,11.6172,472.978,0.0955,416.542,0.04,1
2130,11,2,0,11.6024,392.48
215,11,2,0,11.5975,358.782
205,11,2,0,11.5736,204.484
196,11,2,0,11.5605,119.897
195,11,2,0,11.5579,100.335
64,11,2,0,11.54,0
64,11,2,1,11.7901,1382.49,0,0,0
195,11,2,1,11.7689,1267.81
196,11,2,1,11.7662,1248.2
205,11,2,1,11.7537,1164.3
215,11,2,1,11.7338,1012.2
2130,11,2,1,11.7294,978.675
220,11,2,1,11.7127,889.52
220,12,0,0,12.8702,511.167,0.0923333,402.73,0.08,1
2130,12,0,0,12.8524,417.757
215,12,0,0,12.8469,383.417
205,12,0,0,12.8189,223.068
196,12,0,0,12.805,137.521
195,12,0,0,12.8019,117.624
64,12,0,0,12.78,0
710,12,0,1,13.027,1250.5,0.0466667,203.546,0.45,2
223,12,0,1,13.0104,1161.15
224,12,0,1,12.9885,1054.49
222,12,0,1,12.9726,968.676
220,12,0,1,12.9626,913.897
455,12,0,2,13.1344,1842.97,0.0423333,184.645,0.11,3
454,12,0,2,13.1311,1825.59
457,12,0,2,13.1246,1771.53
456,12,0,2,13.1196,1742.49
458,12,0,2,13.1104,1681.58
459,12,0,2,13.1038,1636.23
1543,12,0,2,13.0952,1574.42
710,12,0,2,13.0737,1454.05
1108,12,0,3,13.4403,3489.72,0.0723333,315.496,0.16,4
1109,12,0,3,13.4362,3468.33
1113,12,0,3,13.4298,3436.08
1847,12,0,3,13.4181,3375.45
1086,12,0,3,13.4144,3355.26
1087,12,0,3,13.401,3286.71
1090,12,0,3,13.3924,3241.94
1076,12,0,3,13.3743,3148.62
1074,12,0,3,13.3703,3127.95
1077,12,0,3,13.3568,3060.98
1080,12,0,3,13.3419,2987.63
1079,12,0,3,13.3348,2951.15
1061,12,0,3,13.3305,2929.87
1063,12,0,3,13.3273,2913.03
1062,12,0,3,13.3263,2905.99
2159,12,0,3,13.3261,2905
1045,12,0,3,13.3254,2901.85
1012,12,0,3,13.3182,2860.87
2028,12,0,3,13.3101,2815.4
989,12,0,3,13.3067,2799.67
990,12,0,3,13.2967,2749.41
991,12,0,3,13.2941,2737.05
706,12,0,3,13.2871,2697.59
704,12,0,3,13.2844,2684.82
2179,12,0,3,13.2842,2683.96
662,12,0,3,13.278,2654.31
602,12,0,3,13.2668,2586.17
599,12,0,3,13.2623,2561.47
605,12,0,3,13.2571,2533.35
529,12,0,3,13.2406,2434.45
726,12,0,3,13.2244,2332.92
714,12,0,3,13.2242,2331.04
1543,12,0,3,13.2185,2298.6
459,12,0,3,13.2083,2235.42
458,12,0,3,13.2016,2190.01
456,12,0,3,13.193,2129.61
457,12,0,3,13.187,2096.56
454,12,0,3,13.1794,2042.58
455,12,0,3,13.1767,2027.62
1304,12,0,4,13.6412,4483.69,0.0735,320.585,0.21,5
952,12,0,4,13.6172,4352.37
953,12,0,4,13.6049,4291.32
2023,12,0,4,13.6041,4287.22
2108,12,0,4,13.5899,4211.55
1794,12,0,4,13.5836,4179.21
2106,12,0,4,13.5697,4105.45
2039,12,0,4,13.5512,4007.94
1106,12,0,4,13.5409,3953.53
2035,12,0,4,13.5289,3888.95
1108,12,0,4,13.5126,3805.21
1302,12,0,5,13.7618,5043.27,0.035,152.659,0.22,6
1303,12,0,5,13.7415,4939.58
1305,12,0,5,13.7262,4863.56
1304,12,0,5,13.7147,4804.28
895,12,0,6,13.9458,5973.7,0.0823333,359.113,0.02,7
896,12,0,6,13.9421,5955.46
892,12,0,6,13.9383,5936.71
906,12,0,6,13.9257,5867.85
1555,12,0,6,13.8975,5713.25
2157,12,0,6,13.8866,5659.5
2019,12,0,6,13.8597,5533.24
929,12,0,6,13.8593,5531.26
938,12,0,6,13.8473,5465.41
950,12,0,6,13.8338,5394.84
951,12,0,6,13.8268,5359.13
949,12,0,6,13.8159,5302.65
1302,12,0,6,13.7968,5195.93
978,12,0,7,14.1941,7172.17,0.0373333,162.837,0.05,8
1010,12,0,7,14.1792,7095.41
1011,12,0,7,14.165,7022.77
1009,12,0,7,14.1594,6993.33
1038,12,0,7,14.1512,6952.74
1039,12,0,7,14.1506,6950.06
1037,12,0,7,14.1408,6901.5
1034,12,0,7,14.1326,6857.66
2032,12,0,7,14.1171,6780.07
1050,12,0,7,14.0907,6646.28
1049,12,0,7,14.0907,6646.19
1025,12,0,7,14.0833,6608.49
1029,12,0,7,14.0703,6542.71
1027,12,0,7,14.0575,6479.33
898,12,0,7,14.0471,6426.85
895,12,0,7,14.0281,6332.81
636,12,0,8,14.3111,7725.43,0.0391667,170.833,0.15,9
631,12,0,8,14.3044,7692.64
630,12,0,8,14.2986,7664.12
637,12,0,8,14.288,7612.04
1996,12,0,8,14.2756,7548.76
1997,12,0,8,14.2717,7528.85
2027,12,0,8,14.2445,7398.64
2026,12,0,8,14.2387,7370.15
978,12,0,8,14.2314,7335.01
603,12,0,9,14.4345,8331.99,0.0658333,287.145,0.35,10
604,12,0,9,14.4297,8306.58
596,12,0,9,14.4296,8305.61
580,12,0,9,14.4153,8229.41
583,12,0,9,14.4091,8199.59
587,12,0,9,14.4069,8185.16
578,12,0,9,14.4038,8168.35
575,12,0,9,14.3983,8137.24
571,12,0,9,14.3954,8121.12
570,12,0,9,14.3906,8097.85
1994,12,0,9,14.3778,8033.49
562,12,0,9,14.3644,7968.44
639,12,0,9,14.361,7950.99
638,12,0,9,14.3543,7916.96
636,12,0,9,14.3503,7896.26
64,12,0,10,14.6623,9643.96,0,0,0
195,12,0,10,14.6407,9527.7
196,12,0,10,14.638,9508.12
205,12,0,10,14.6238,9422.04
215,12,0,10,14.5993,9267.06
225,12,0,10,14.5745,9063.23
715,12,0,10,14.5395,8872.69
714,12,0,10,14.5358,8848.84
726,12,0,10,14.5356,8846.99
529,12,0,10,14.5215,8747.38
605,12,0,10,14.5062,8650.12
603,12,0,10,14.5004,8619.14
220,13,0,0,12.9202,511.167,0.0923333,402.73,0.08,1
2130,13,0,0,12.9024,417.757
215,13,0,0,12.8969,383.417
205,13,0,0,12.8689,223.068
196,13,0,0,12.855,137.521
195,13,0,0,12.8519,117.624
64,13,0,0,12.83,0
455,13,0,1,13.1063,1463.97,0.0423333,184.645,0.11,2
454,13,0,1,13.1031,1446.59
457,13,0,1,13.0965,1392.52
456,13,0,1,13.0916,1363.49
458,13,0,1,13.0823,1302.57
459,13,0,1,13.0757,1257.22
450,13,0,1,13.0605,1173.3
229,13,0,1,13.0494,1113.43
222,13,0,1,13.0212,962.82
220,13,0,1,13.0126,913.897
1108,13,0,2,13.4122,3110.71,0.0723333,315.496,0.16,3
1109,13,0,2,13.4082,3089.33
1113,13,0,2,13.4018,3057.08
1847,13,0,2,13.39,2996.45
1086,13,0,2,13.3863,2976.26
1087,13,0,2,13.3729,2907.7
1090,13,0,2,13.3643,2862.94
1076,13,0,2,13.3462,2769.61
1074,13,0,2,13.3422,2748.95
1077,13,0,2,13.3288,2681.98
1080,13,0,2,13.3139,2608.63
1079,13,0,2,13.3067,2572.15
1061,13,0,2,13.3025,2550.86
1063,13,0,2,13.2993,2534.02
1062,13,0,2,13.2983,2526.98
2159,13,0,2,13.298,2526
1045,13,0,2,13.2974,2522.85
1012,13,0,2,13.2901,2481.86
2028,13,0,2,13.2821,2436.4
989,13,0,2,13.2787,2420.66
990,13,0,2,13.2686,2370.4
991,13,0,2,13.266,2358.05
706,13,0,2,13.259,2318.58
704,13,0,2,13.2564,2305.81
2179,13,0,2,13.2562,2304.95
662,13,0,2,13.25,2275.3
602,13,0,2,13.2387,2207.17
599,13,0,2,13.2342,2182.47
605,13,0,2,13.2291,2154.34
529,13,0,2,13.2125,2055.45
726,13,0,2,13.1964,1953.91
714,13,0,2,13.1962,1952.03
1543,13,0,2,13.1904,1919.6
459,13,0,2,13.1803,1856.41
458,13,0,2,13.1736,1811.01
456,13,0,2,13.165,1750.6
457,13,0,2,13.1589,1717.56
454,13,0,2,13.1513,1663.57
455,13,0,2,13.1486,1648.61
1304,13,0,3,13.6131,4104.69,0.0735,320.585,0.21,4
952,13,0,3,13.5891,3973.36
953,13,0,3,13.5769,3912.31
2023,13,0,3,13.5761,3908.21
2108,13,0,3,13.5618,3832.55
1794,13,0,3,13.5556,3800.2
2106,13,0,3,13.5417,3726.45
2039,13,0,3,13.5231,3628.93
1106,13,0,3,13.5129,3574.53
2035,13,0,3,13.5009,3509.94
1108,13,0,3,13.4846,3426.21
1302,13,0,4,13.7338,4664.26,0.035,152.659,0.22,5
1303,13,0,4,13.7134,4560.57
1305,13,0,4,13.6982,4484.55
1304,13,0,4,13.6866,4425.27
895,13,0,5,13.9177,5594.69,0.0823333,359.113,0.02,6
896,13,0,5,13.914,5576.45
892,13,0,5,13.9103,5557.7
906,13,0,5,13.8977,5488.84
1555,13,0,5,13.8694,5334.24
2157,13,0,5,13.8585,5280.49
2019,13,0,5,13.8317,5154.23
929,13,0,5,13.8312,5152.25
938,13,0,5,13.8193,5086.4
950,13,0,5,13.8058,5015.84
951,13,0,5,13.7988,4980.12
949,13,0,5,13.7878,4923.64
1302,13,0,5,13.7688,4816.92
978,13,0,6,14.166,6793.17,0.0373333,162.837,0.05,7
1010,13,0,6,14.1512,6716.4
1011,13,0,6,14.137,6643.76
1009,13,0,6,14.1313,6614.33
1038,13,0,6,14.1232,6573.73
1039,13,0,6,14.1226,6571.06
1037,13,0,6,14.1127,6522.49
1034,13,0,6,14.1045,6478.66
2032,13,0,6,14.089,6401.06
1050,13,0,6,14.0627,6267.28
1049,13,0,6,14.0627,6267.19
1025,13,0,6,14.0553,6229.49
1029,13,0,6,14.0423,6163.7
1027,13,0,6,14.0294,6100.32
898,13,0,6,14.019,6047.84
895,13,0,6,14,5953.81
636,13,0,7,14.2831,7346.43,0.0391667,170.833,0.15,8
631,13,0,7,14.2764,7313.63
630,13,0,7,14.2706,7285.12
637,13,0,7,14.26,7233.04
1996,13,0,7,14.2476,7169.75
1997,13,0,7,14.2437,7149.85
2027,13,0,7,14.2164,7019.63
2026,13,0,7,14.2106,6991.15
978,13,0,7,14.2033,6956
603,13,0,8,14.4065,7952.99,0.0658333,287.145,0.35,9
604,13,0,8,14.4017,7927.58
596,13,0,8,14.4016,7926.61
580,13,0,8,14.3873,7850.4
583,13,0,8,14.3811,7820.59
587,13,0,8,14.3788,7806.16
578,13,0,8,14.3758,7789.34
575,13,0,8,14.3702,7758.24
571,13,0,8,14.3673,7742.11
570,13,0,8,14.3625,7718.84
1994,13,0,8,14.3498,7654.49
562,13,0,8,14.3364,7589.43
639,13,0,8,14.3329,7571.99
638,13,0,8,14.3262,7537.96
636,13,0,8,14.3222,7517.26
710,13,0,9,14.5361,8653.53,0.0876667,382.376,0.44,10
1543,13,0,9,14.5162,8538.16
715,13,0,9,14.5115,8493.68
714,13,0,9,14.5077,8469.84
726,13,0,9,14.5075,8467.98
529,13,0,9,14.4935,8368.37
605,13,0,9,14.4781,8271.11
603,13,0,9,14.4723,8240.13
64,13,0,10,14.7325,9734.74,0,0,0
195,13,0,10,14.7109,9618.49
196,13,0,10,14.7082,9598.91
205,13,0,10,14.6939,9512.83
215,13,0,10,14.6695,9357.85
225,13,0,10,14.6446,9154.01
1680,13,0,10,14.6418,9135.17
710,13,0,10,14.6238,9035.9
220,14,0,0,13.0202,511.167,0.072,314.042,0.12,1
2130,14,0,0,13.0024,417.757
215,14,0,0,12.9969,383.417
205,14,0,0,12.9689,223.068
196,14,0,0,12.955,137.521
195,14,0,0,12.9519,117.624
64,14,0,0,12.93,0
455,14,0,1,13.186,1375.28,0.0423333,184.645,0.11,2
454,14,0,1,13.1827,1357.9
457,14,0,1,13.1762,1303.83
456,14,0,1,13.1712,1274.8
458,14,0,1,13.162,1213.88
459,14,0,1,13.1554,1168.53
450,14,0,1,13.1402,1084.61
229,14,0,1,13.1291,1024.74
222,14,0,1,13.1009,874.132
220,14,0,1,13.0922,825.209
710,14,0,2,13.2934,1959.13,0.0466667,203.546,0.45,3
1543,14,0,2,13.2701,1830.91
459,14,0,2,13.2599,1767.72
458,14,0,2,13.2532,1722.32
456,14,0,2,13.2446,1661.92
457,14,0,2,13.2386,1628.87
454,14,0,2,13.231,1574.89
455,14,0,2,13.2283,1559.93
1108,14,0,3,13.5834,3474.52,0.0723333,315.496,0.16,4
1109,14,0,3,13.5784,3449.09
1113,14,0,3,13.5728,3419.86
1847,14,0,3,13.5611,3359.89
1086,14,0,3,13.5575,3339.71
1087,14,0,3,13.544,3271.15
1090,14,0,3,13.5354,3226.39
1076,14,0,3,13.5174,3133.06
1074,14,0,3,13.5134,3112.4
1077,14,0,3,13.4999,3045.43
1080,14,0,3,13.485,2972.08
1079,14,0,3,13.4779,2935.6
1061,14,0,3,13.4736,2914.31
1063,14,0,3,13.4704,2897.47
1062,14,0,3,13.4694,2890.43
2159,14,0,3,13.4692,2889.45
1045,14,0,3,13.4685,2886.3
1012,14,0,3,13.4613,2845.31
2028,14,0,3,13.4532,2799.85
989,14,0,3,13.4498,2784.11
990,14,0,3,13.4398,2733.85
991,14,0,3,13.4372,2721.5
706,14,0,3,13.4302,2682.03
704,14,0,3,13.4275,2669.26
2179,14,0,3,13.4273,2668.4
662,14,0,3,13.4211,2638.75
602,14,0,3,13.4099,2570.61
599,14,0,3,13.4054,2545.91
605,14,0,3,13.4002,2517.79
529,14,0,3,13.3837,2418.9
726,14,0,3,13.3675,2317.36
714,14,0,3,13.3673,2315.48
1543,14,0,3,13.3615,2283.04
710,14,0,3,13.34,2162.68
1304,14,0,4,13.7844,4468.49,0.0735,320.585,0.21,5
952,14,0,4,13.7604,4337.17
953,14,0,4,13.7481,4276.12
2023,14,0,4,13.7473,4272.02
2108,14,0,4,13.7331,4196.36
1794,14,0,4,13.7268,4164.01
2106,14,0,4,13.7129,4090.26
2039,14,0,4,13.6943,3992.74
1106,14,0,4,13.6841,3938.34
2035,14,0,4,13.6721,3873.75
1108,14,0,4,13.6558,3790.02
1302,14,0,5,13.905,5028.07,0.035,152.659,0.22,6
1303,14,0,5,13.8846,4924.38
1305,14,0,5,13.8694,4848.36
1304,14,0,5,13.8579,4789.08
895,14,0,6,14.0889,5958.5,0.081,353.298,0.02,7
896,14,0,6,14.0852,5940.26
892,14,0,6,14.0815,5921.51
906,14,0,6,14.0689,5852.65
1555,14,0,6,14.0407,5698.05
2157,14,0,6,14.0297,5644.3
2019,14,0,6,14.0029,5518.04
929,14,0,6,14.0025,5516.06
938,14,0,6,13.9905,5450.21
950,14,0,6,13.977,5379.65
951,14,0,6,13.97,5343.93
949,14,0,6,13.959,5287.45
1302,14,0,6,13.94,5180.73
978,14,0,7,14.3359,7151.16,0.0373333,162.837,0.05,8
1010,14,0,7,14.3211,7074.39
1011,14,0,7,14.3068,7001.75
1009,14,0,7,14.3012,6972.32
1038,14,0,7,14.2931,6931.72
1039,14,0,7,14.2925,6929.05
1037,14,0,7,14.2826,6880.49
1034,14,0,7,14.2744,6836.65
2032,14,0,7,14.2589,6759.05
1050,14,0,7,14.2326,6625.27
1049,14,0,7,14.2326,6625.18
1025,14,0,7,14.2252,6587.48
1029,14,0,7,14.2122,6521.69
1027,14,0,7,14.1993,6458.32
898,14,0,7,14.1889,6405.83
895,14,0,7,14.1699,6311.8
636,14,0,8,14.4529,7704.42,0.0391667,170.833,0.15,9
631,14,0,8,14.4462,7671.63
630,14,0,8,14.4405,7643.11
637,14,0,8,14.4299,7591.03
1996,14,0,8,14.4174,7527.74
1997,14,0,8,14.4136,7507.84
2027,14,0,8,14.3863,7377.62
2026,14,0,8,14.3805,7349.14
978,14,0,8,14.3732,7314
603,14,0,9,14.5764,8310.98,0.0658333,287.145,0.35,10
604,14,0,9,14.5716,8285.57
596,14,0,9,14.5714,8284.6
580,14,0,9,14.5572,8208.39
583,14,0,9,14.5509,8178.58
587,14,0,9,14.5487,8164.15
578,14,0,9,14.5457,8147.34
575,14,0,9,14.5401,8116.23
571,14,0,9,14.5372,8100.11
570,14,0,9,14.5324,8076.83
1994,14,0,9,14.5197,8012.48
562,14,0,9,14.5063,7947.42
639,14,0,9,14.5028,7929.98
638,14,0,9,14.4961,7895.95
636,14,0,9,14.4921,7875.25
64,14,0,10,14.8042,9622.94,0,0,0
195,14,0,10,14.7826,9506.69
196,14,0,10,14.7799,9487.11
205,14,0,10,14.7656,9401.03
215,14,0,10,14.7412,9246.05
225,14,0,10,14.7163,9042.22
715,14,0,10,14.6814,8851.67
714,14,0,10,14.6776,8827.83
726,14,0,10,14.6774,8825.97
529,14,0,10,14.6634,8726.36
605,14,0,10,14.648,8629.11
603,14,0,10,14.6422,8598.13
