Nodo,Individuo,Ruta,Segmento,Tiempo viaje,Costo viaje,Tiempo atencion,Costo atencion,Tasa fallo,Demanda
220,0,0,0,11.2172,472.978,0.0955,416.542,0.04,1
2130,0,0,0,11.2024,392.48
215,0,0,0,11.1975,358.782
205,0,0,0,11.1736,204.484
196,0,0,0,11.1605,119.897
195,0,0,0,11.1579,100.335
64,0,0,0,11.14,0
455,0,0,1,11.4021,1421.69,0.0408333,178.103,0.03,2
454,0,0,1,11.3993,1406.07
457,0,0,1,11.3925,1352.11
456,0,0,1,11.3874,1322.67
458,0,0,1,11.3779,1261.52
459,0,0,1,11.372,1216.42
450,0,0,1,11.3568,1132.53
229,0,0,1,11.3473,1079.68
222,0,0,1,11.323,945.57
220,0,0,1,11.3127,889.52
710,0,0,2,11.5056,1988,0.0443333,193.369,0.36,3
1543,0,0,2,11.4842,1867.73
459,0,0,2,11.4739,1804.33
458,0,0,2,11.4674,1759.07
456,0,0,2,11.4583,1698.29
457,0,0,2,11.4529,1668.07
454,0,0,2,11.4453,1614.11
455,0,0,2,11.4429,1599.79
64,0,0,3,11.6505,2864.25,0,0,0
195,0,0,3,11.6293,2749.57
196,0,0,3,11.6265,2729.96
205,0,0,3,11.614,2646.06
215,0,0,3,11.5941,2493.96
225,0,0,3,11.5689,2290.4
1680,0,0,3,11.5659,2271.38
710,0,0,3,11.55,2181.37
603,0,1,0,11.1684,1012.31,0.109,475.425,0.32,1
604,0,1,0,11.1641,989.164
596,0,1,0,11.164,988.193
595,0,1,0,11.1585,957.784
605,0,1,0,11.1574,949.793
529,0,1,0,11.1402,849.768
726,0,1,0,11.1243,748.573
714,0,1,0,11.1241,746.688
715,0,1,0,11.1207,723.201
225,0,1,0,11.1032,562.11
215,0,1,0,11.0775,358.782
205,0,1,0,11.0536,204.484
196,0,1,0,11.0405,119.897
195,0,1,0,11.0379,100.335
64,0,1,0,11.02,0
1108,0,1,1,11.4695,2486.85,0.0935,407.819,0.09,2
1109,0,1,1,11.4652,2464.18
1113,0,1,1,11.4583,2430.03
1847,0,1,1,11.4449,2362.5
1086,0,1,1,11.4413,2342.47
1087,0,1,1,11.4267,2269.28
1090,0,1,1,11.418,2224.12
1076,0,1,1,11.3919,2097.14
1074,0,1,1,11.3878,2076.03
1077,0,1,1,11.3782,2025.21
1080,0,1,1,11.3647,1958
1079,0,1,1,11.3581,1923.55
1061,0,1,1,11.3538,1902.26
1063,0,1,1,11.3503,1884.1
1062,0,1,1,11.3492,1877.02
2159,0,1,1,11.349,1875.9
1045,0,1,1,11.3483,1872.75
1012,0,1,1,11.3411,1831.77
1014,0,1,1,11.3405,1828.9
989,0,1,1,11.3295,1770.6
990,0,1,1,11.3194,1720.33
991,0,1,1,11.3168,1707.98
706,0,1,1,11.3098,1668.52
704,0,1,1,11.3072,1655.75
2179,0,1,1,11.307,1654.88
662,0,1,1,11.3008,1625.24
602,0,1,1,11.2894,1556.96
604,0,1,1,11.2869,1540.16
596,0,1,1,11.2867,1539.19
595,0,1,1,11.2813,1508.78
603,0,1,1,11.2774,1487.73
1304,0,1,2,11.6926,3577.29,0.0428333,186.826,0.12,3
952,0,1,2,11.6682,3444.3
953,0,1,2,11.6574,3389.53
2023,0,1,2,11.6566,3385.43
2108,0,1,2,11.6401,3300.22
1794,0,1,2,11.6331,3264.46
2106,0,1,2,11.6178,3185.09
2039,0,1,2,11.6002,3091.56
1106,0,1,2,11.5906,3039.61
2035,0,1,2,11.5763,2965.56
1108,0,1,2,11.563,2894.67
895,0,1,3,11.8942,4576.55,0.103333,450.709,0.01,4
907,0,1,3,11.8786,4499.65
908,0,1,3,11.8693,4453.6
2014,0,1,3,11.8687,4450.92
2017,0,1,3,11.8676,4445.23
2170,0,1,3,11.8646,4430.37
1738,0,1,3,11.8501,4355.29
1737,0,1,3,11.8447,4327.23
936,0,1,3,11.8296,4248.61
933,0,1,3,11.829,4245.67
934,0,1,3,11.8235,4208.03
943,0,1,3,11.8069,4127.49
2020,0,1,3,11.8061,4123.55
1787,0,1,3,11.7887,4035.69
1788,0,1,3,11.788,4031.98
1789,0,1,3,11.7779,3980.67
952,0,1,3,11.7699,3940.16
1304,0,1,3,11.7354,3764.11
64,0,1,4,12.3342,7034.23,0,0,0
195,0,1,4,12.3121,6916
196,0,1,4,12.3092,6896.27
205,0,1,4,12.2953,6810.71
215,0,1,4,12.2697,6654.27
225,0,1,4,12.2444,6450.75
715,0,1,4,12.2163,6285.72
714,0,1,4,12.2124,6261.72
726,0,1,4,12.2122,6259.84
529,0,1,4,12.1985,6160.34
605,0,1,4,12.1837,6063.73
603,0,1,4,12.1786,6035.75
604,0,1,4,12.1743,6012.61
596,0,1,4,12.1742,6011.64
580,0,1,4,12.1658,5953.37
574,0,1,4,12.1485,5860.12
573,0,1,4,12.1384,5804.22
564,0,1,4,12.1308,5763.07
557,0,1,4,12.1247,5729.08
561,0,1,4,12.118,5682.56
628,0,1,4,12.1135,5656.91
609,0,1,4,12.1007,5580.26
423,0,1,4,12.0948,5523.94
419,0,1,4,12.0902,5489.49
420,0,1,4,12.0842,5453.55
431,0,1,4,12.0644,5356.51
434,0,1,4,12.0579,5325.9
873,0,1,4,12.0536,5302.89
874,0,1,4,12.0405,5239.64
870,0,1,4,12.0346,5209.76
894,0,1,4,12.0076,5077.24
895,0,1,4,11.9975,5027.26
1302,0,2,0,13.9342,2766.91,0.035,152.659,0.22,1
949,0,2,0,13.9112,2642.85
2025,0,2,0,13.9077,2625.39
1598,0,2,0,13.9044,2606.63
948,0,2,0,13.8995,2579.61
928,0,2,0,13.8891,2522.31
929,0,2,0,13.8689,2416.19
2019,0,2,0,13.8685,2414.21
2157,0,2,0,13.8424,2290.85
905,0,2,0,13.8055,2102.44
889,0,2,0,13.7962,2054.31
890,0,2,0,13.7896,2018.4
2013,0,2,0,13.7701,1915.19
1988,0,2,0,13.7525,1821.32
417,0,2,0,13.732,1716.71
418,0,2,0,13.728,1695.77
419,0,2,0,13.7125,1609.96
423,0,2,0,13.7063,1573.67
609,0,2,0,13.7004,1517.35
628,0,2,0,13.6906,1443.34
561,0,2,0,13.6867,1418.58
557,0,2,0,13.6793,1371.34
554,0,2,0,13.6771,1360.2
565,0,2,0,13.667,1306.55
573,0,2,0,13.6617,1279.96
574,0,2,0,13.6544,1230.49
580,0,2,0,13.6316,1113.57
596,0,2,0,13.6255,1053.72
595,0,2,0,13.6205,1025.37
605,0,2,0,13.6193,1017.31
529,0,2,0,13.6027,918.413
726,0,2,0,13.5866,816.876
714,0,2,0,13.5864,814.998
715,0,2,0,13.5829,791.373
225,0,2,0,13.5651,630.742
215,0,2,0,13.5379,427.668
205,0,2,0,13.5069,255.297
196,0,2,0,13.4918,168.03
195,0,2,0,13.4892,148.465
64,0,2,0,13.46,0
978,0,2,1,14.2531,4355.78,0.0373333,162.837,0.05,2
1010,0,2,1,14.2382,4278.67
1011,0,2,1,14.2241,4206.68
1009,0,2,1,14.2174,4172.76
1038,0,2,1,14.2094,4132.87
1039,0,2,1,14.2088,4130.2
1037,0,2,1,14.196,4069.25
1034,0,2,1,14.1862,4019.03
2032,0,2,1,14.1708,3941.44
1050,0,2,1,14.1418,3796.99
1804,0,2,1,14.1287,3730.98
2015,0,2,1,14.1175,3674.76
2014,0,2,1,14.1093,3633.76
2017,0,2,1,14.1082,3628.07
2170,0,2,1,14.1053,3613.42
917,0,2,1,14.0991,3582.43
2016,0,2,1,14.0983,3578.62
915,0,2,1,14.0773,3473.67
1555,0,2,1,14.0699,3436.9
2157,0,2,1,14.059,3383.15
2019,0,2,1,14.0321,3256.89
929,0,2,1,14.0317,3254.9
938,0,2,1,14.0198,3189.05
950,0,2,1,14.0063,3118.49
951,0,2,1,13.9993,3082.77
949,0,2,1,13.9883,3026.3
1302,0,2,1,13.9692,2919.57
636,0,2,2,14.3701,4909.04,0.0391667,170.833,0.15,3
631,0,2,2,14.3634,4876.25
630,0,2,2,14.3576,4847.73
637,0,2,2,14.3471,4795.65
1996,0,2,2,14.3346,4732.36
1997,0,2,2,14.3307,4712.46
2027,0,2,2,14.3035,4582.24
2026,0,2,2,14.2977,4553.76
978,0,2,2,14.2904,4518.61
64,0,2,3,14.6555,6540.42,0,0,0
195,0,2,3,14.6339,6424.16
196,0,2,3,14.6312,6404.58
205,0,2,3,14.6169,6318.5
215,0,2,3,14.5925,6163.52
225,0,2,3,14.5676,5959.69
715,0,2,3,14.5327,5769.15
714,0,2,3,14.529,5745.31
726,0,2,3,14.5288,5743.45
529,0,2,3,14.5147,5643.84
605,0,2,3,14.4994,5546.58
603,0,2,3,14.4936,5515.6
604,0,2,3,14.4888,5490.19
596,0,2,3,14.4886,5489.22
580,0,2,3,14.4743,5413.01
583,0,2,3,14.4681,5383.2
587,0,2,3,14.4659,5368.77
578,0,2,3,14.4628,5351.95
575,0,2,3,14.4573,5320.85
571,0,2,3,14.4544,5304.73
570,0,2,3,14.4496,5281.45
1994,0,2,3,14.4368,5217.1
562,0,2,3,14.4235,5152.04
639,0,2,3,14.42,5134.6
638,0,2,3,14.4133,5100.57
636,0,2,3,14.4093,5079.87
220,1,0,0,11.4372,472.978,0.0955,416.542,0.04,1
2130,1,0,0,11.4224,392.48
215,1,0,0,11.4175,358.782
205,1,0,0,11.3936,204.484
196,1,0,0,11.3805,119.897
195,1,0,0,11.3779,100.335
64,1,0,0,11.36,0
710,1,0,1,11.5904,1198.14,0.0443333,193.369,0.36,2
223,1,0,1,11.5729,1104.91
224,1,0,1,11.5588,1031.05
222,1,0,1,11.543,945.57
220,1,0,1,11.5327,889.52
64,1,0,2,11.7352,2074.39,0,0,0
195,1,0,2,11.714,1959.71
196,1,0,2,11.7112,1940.1
205,1,0,2,11.6988,1856.19
215,1,0,2,11.6789,1704.1
225,1,0,2,11.6536,1500.53
1680,1,0,2,11.6507,1481.52
710,1,0,2,11.6347,1391.51
455,1,1,0,11.3388,995.646,0.0408333,178.103,0.03,1
454,1,1,0,11.336,980.029
457,1,1,0,11.3293,926.066
456,1,1,0,11.3242,896.624
458,1,1,0,11.3147,835.477
192,1,1,0,11.2862,681.803
183,1,1,0,11.2783,640.06
176,1,1,0,11.2595,537.21
170,1,1,0,11.2594,536.889
208,1,1,0,11.23,387.9
209,1,1,0,11.214,293.826
203,1,1,0,11.2078,260.198
193,1,1,0,11.1868,144.965
195,1,1,0,11.1779,100.335
64,1,1,0,11.16,0
603,1,1,1,11.4701,1737.83,0.109,475.425,0.32,2
604,1,1,1,11.4658,1714.69
596,1,1,1,11.4657,1713.72
595,1,1,1,11.4602,1683.31
605,1,1,1,11.4591,1675.32
529,1,1,1,11.4419,1575.3
726,1,1,1,11.426,1474.1
714,1,1,1,11.4258,1472.22
1543,1,1,1,11.4209,1441.69
459,1,1,1,11.4107,1378.29
458,1,1,1,11.4042,1333.03
456,1,1,1,11.3951,1272.24
457,1,1,1,11.3897,1242.02
454,1,1,1,11.3821,1188.06
455,1,1,1,11.3797,1173.75
1108,1,1,2,11.7712,3212.38,0.0935,407.819,0.09,3
1109,1,1,2,11.7669,3189.7
1113,1,1,2,11.76,3155.55
1847,1,1,2,11.7466,3088.03
1086,1,1,2,11.743,3068
1087,1,1,2,11.7284,2994.81
1090,1,1,2,11.7197,2949.65
1076,1,1,2,11.6936,2822.67
1074,1,1,2,11.6894,2801.55
1077,1,1,2,11.6798,2750.73
1080,1,1,2,11.6664,2683.53
1079,1,1,2,11.6598,2649.07
1061,1,1,2,11.6555,2627.79
1063,1,1,2,11.652,2609.62
1062,1,1,2,11.6509,2602.54
2159,1,1,2,11.6507,2601.43
1045,1,1,2,11.65,2598.28
1012,1,1,2,11.6428,2557.29
1014,1,1,2,11.6422,2554.43
989,1,1,2,11.6311,2496.12
990,1,1,2,11.6211,2445.86
991,1,1,2,11.6185,2433.51
706,1,1,2,11.6115,2394.05
704,1,1,2,11.6089,2381.27
2179,1,1,2,11.6087,2380.41
662,1,1,2,11.6025,2350.76
602,1,1,2,11.5911,2282.49
604,1,1,2,11.5886,2265.69
596,1,1,2,11.5884,2264.72
595,1,1,2,11.5829,2234.31
603,1,1,2,11.5791,2213.26
1304,1,1,3,11.9943,4302.82,0.0428333,186.826,0.12,4
952,1,1,3,11.9699,4169.83
953,1,1,3,11.9591,4115.05
2023,1,1,3,11.9583,4110.95
2108,1,1,3,11.9418,4025.74
1794,1,1,3,11.9347,3989.98
2106,1,1,3,11.9195,3910.61
2039,1,1,3,11.9019,3817.08
1106,1,1,3,11.8922,3765.13
2035,1,1,3,11.878,3691.08
1108,1,1,3,11.8647,3620.19
895,1,1,4,12.1932,5289.97,0.0435,189.734,0.02,5
907,1,1,4,12.1775,5212.64
908,1,1,4,12.1684,5167.16
2014,1,1,4,12.1678,5164.48
2017,1,1,4,12.1666,5158.79
2170,1,1,4,12.1638,5144.6
1738,1,1,4,12.1464,5057.67
1737,1,1,4,12.1398,5023.89
936,1,1,4,12.1246,4944.98
933,1,1,4,12.124,4942.04
934,1,1,4,12.1185,4904.39
935,1,1,4,12.1179,4901.78
2020,1,1,4,12.1069,4844.8
1787,1,1,4,12.0873,4747.65
1788,1,1,4,12.0865,4743.95
1789,1,1,4,12.0751,4686.96
952,1,1,4,12.0661,4642.51
1304,1,1,4,12.0371,4489.64
64,1,1,5,12.5975,7598.03,0,0,0
195,1,1,5,12.5683,7449.66
196,1,1,5,12.5656,7430.06
205,1,1,5,12.5511,7343.61
215,1,1,5,12.5256,7187.23
225,1,1,5,12.4995,6984.02
715,1,1,5,12.468,6808.35
714,1,1,5,12.464,6784.2
726,1,1,5,12.4638,6782.34
529,1,1,5,12.4497,6682.69
605,1,1,5,12.4349,6586.02
603,1,1,5,12.4286,6552.95
604,1,1,5,12.4246,6531.08
596,1,1,5,12.4245,6530.11
580,1,1,5,12.4129,6465.59
574,1,1,5,12.3915,6354.46
573,1,1,5,12.3819,6300.67
564,1,1,5,12.3744,6260.41
557,1,1,5,12.3695,6229.34
561,1,1,5,12.363,6182.9
628,1,1,5,12.3589,6157.76
609,1,1,5,12.3471,6082.46
423,1,1,5,12.3412,6026.14
419,1,1,5,12.3345,5988.57
420,1,1,5,12.3284,5952.54
421,1,1,5,12.3239,5925.05
417,1,1,5,12.3189,5898.33
1989,1,1,5,12.3004,5804.12
2011,1,1,5,12.2811,5704.41
891,1,1,5,12.2592,5589.96
893,1,1,5,12.2531,5559.08
894,1,1,5,12.2479,5534.34
895,1,1,5,12.2367,5479.71
1302,1,2,0,13.8542,2766.91,0.035,152.659,0.22,1
949,1,2,0,13.8312,2642.85
2025,1,2,0,13.8277,2625.39
1598,1,2,0,13.8244,2606.63
948,1,2,0,13.8195,2579.61
928,1,2,0,13.8091,2522.31
929,1,2,0,13.7889,2416.19
2019,1,2,0,13.7885,2414.21
2157,1,2,0,13.7624,2290.85
905,1,2,0,13.7255,2102.44
889,1,2,0,13.7162,2054.31
890,1,2,0,13.7096,2018.4
2013,1,2,0,13.6901,1915.19
1988,1,2,0,13.6725,1821.32
417,1,2,0,13.652,1716.71
418,1,2,0,13.648,1695.77
419,1,2,0,13.6325,1609.96
423,1,2,0,13.6263,1573.67
609,1,2,0,13.6204,1517.35
628,1,2,0,13.6106,1443.34
561,1,2,0,13.6067,1418.58
557,1,2,0,13.5993,1371.34
554,1,2,0,13.5971,1360.2
565,1,2,0,13.587,1306.55
573,1,2,0,13.5817,1279.96
574,1,2,0,13.5744,1230.49
580,1,2,0,13.5516,1113.57
596,1,2,0,13.5455,1053.72
595,1,2,0,13.5405,1025.37
605,1,2,0,13.5393,1017.31
529,1,2,0,13.5227,918.413
726,1,2,0,13.5066,816.876
714,1,2,0,13.5064,814.998
715,1,2,0,13.5029,791.373
225,1,2,0,13.4851,630.742
215,1,2,0,13.4579,427.668
205,1,2,0,13.4269,255.297
196,1,2,0,13.4118,168.03
195,1,2,0,13.4092,148.465
64,1,2,0,13.38,0
978,1,2,1,14.1731,4355.78,0.0373333,162.837,0.05,2
1010,1,2,1,14.1582,4278.67
1011,1,2,1,14.1441,4206.68
1009,1,2,1,14.1374,4172.76
1038,1,2,1,14.1294,4132.87
1039,1,2,1,14.1288,4130.2
1037,1,2,1,14.116,4069.25
1034,1,2,1,14.1062,4019.03
2032,1,2,1,14.0908,3941.44
1050,1,2,1,14.0618,3796.99
1804,1,2,1,14.0487,3730.98
2015,1,2,1,14.0375,3674.76
2014,1,2,1,14.0293,3633.76
2017,1,2,1,14.0282,3628.07
2170,1,2,1,14.0253,3613.42
917,1,2,1,14.0191,3582.43
2016,1,2,1,14.0183,3578.62
915,1,2,1,13.9973,3473.67
1555,1,2,1,13.9899,3436.9
2157,1,2,1,13.979,3383.15
2019,1,2,1,13.9521,3256.89
929,1,2,1,13.9517,3254.9
938,1,2,1,13.9398,3189.05
950,1,2,1,13.9263,3118.49
951,1,2,1,13.9193,3082.77
949,1,2,1,13.9083,3026.3
1302,1,2,1,13.8892,2919.57
636,1,2,2,14.2901,4909.04,0.0391667,170.833,0.15,3
631,1,2,2,14.2834,4876.25
630,1,2,2,14.2776,4847.73
637,1,2,2,14.2671,4795.65
1996,1,2,2,14.2546,4732.36
1997,1,2,2,14.2507,4712.46
2027,1,2,2,14.2235,4582.24
2026,1,2,2,14.2177,4553.76
978,1,2,2,14.2104,4518.61
64,1,2,3,14.5755,6540.42,0,0,0
195,1,2,3,14.5539,6424.16
196,1,2,3,14.5512,6404.58
205,1,2,3,14.5369,6318.5
215,1,2,3,14.5125,6163.52
225,1,2,3,14.4876,5959.69
715,1,2,3,14.4527,5769.15
714,1,2,3,14.449,5745.31
726,1,2,3,14.4488,5743.45
529,1,2,3,14.4347,5643.84
605,1,2,3,14.4194,5546.58
603,1,2,3,14.4136,5515.6
604,1,2,3,14.4088,5490.19
596,1,2,3,14.4086,5489.22
580,1,2,3,14.3943,5413.01
583,1,2,3,14.3881,5383.2
587,1,2,3,14.3859,5368.77
578,1,2,3,14.3828,5351.95
575,1,2,3,14.3773,5320.85
571,1,2,3,14.3744,5304.73
570,1,2,3,14.3696,5281.45
1994,1,2,3,14.3568,5217.1
562,1,2,3,14.3435,5152.04
639,1,2,3,14.34,5134.6
638,1,2,3,14.3333,5100.57
636,1,2,3,14.3293,5079.87
1108,2,0,0,11.5181,1895.18,0.0935,407.819,0.09,1
1109,2,0,0,11.5129,1868.98
1113,2,0,0,11.5068,1837.93
1847,2,0,0,11.4945,1775.21
1086,2,0,0,11.4907,1754.77
1087,2,0,0,11.4764,1682.13
1090,2,0,0,11.4687,1641.25
1076,2,0,0,11.448,1537.22
1074,2,0,0,11.4439,1516.1
1077,2,0,0,11.4343,1465.28
1080,2,0,0,11.4209,1398.08
1079,2,0,0,11.4142,1363.62
1061,2,0,0,11.41,1342.34
1063,2,0,0,11.4065,1324.17
1062,2,0,0,11.4054,1317.09
2159,2,0,0,11.4052,1315.98
1045,2,0,0,11.4045,1312.83
1012,2,0,0,11.3973,1271.84
1014,2,0,0,11.3967,1268.98
989,2,0,0,11.3856,1210.67
990,2,0,0,11.3756,1160.41
991,2,0,0,11.373,1148.06
706,2,0,0,11.366,1108.6
704,2,0,0,11.3633,1095.82
2179,2,0,0,11.3632,1094.96
662,2,0,0,11.3569,1065.31
602,2,0,0,11.3456,997.04
599,2,0,0,11.3414,973.782
605,2,0,0,11.3374,949.793
529,2,0,0,11.3202,849.768
726,2,0,0,11.3043,748.573
714,2,0,0,11.3041,746.688
715,2,0,0,11.3007,723.201
225,2,0,0,11.2832,562.11
215,2,0,0,11.2575,358.782
205,2,0,0,11.2336,204.484
196,2,0,0,11.2205,119.897
195,2,0,0,11.2179,100.335
64,2,0,0,11.2,0
895,2,0,1,11.7026,2778.38,0.103333,450.709,0.01,2
907,2,0,1,11.687,2701.48
908,2,0,1,11.6777,2655.43
2014,2,0,1,11.6772,2652.75
2017,2,0,1,11.676,2647.06
1786,2,0,1,11.6711,2622.62
918,2,0,1,11.6674,2603.51
920,2,0,1,11.6544,2532.86
1085,2,0,1,11.6388,2446.11
2035,2,0,1,11.6248,2373.89
1108,2,0,1,11.6116,2303
1304,2,0,2,11.9694,4074.23,0.0428333,186.826,0.12,3
952,2,0,2,11.945,3941.24
953,2,0,2,11.9342,3886.47
2023,2,0,2,11.9334,3882.37
1787,2,0,2,11.9255,3841.81
2020,2,0,2,11.9099,3761.3
935,2,0,2,11.8997,3707.99
934,2,0,2,11.8991,3705.38
933,2,0,2,11.8904,3658.29
936,2,0,2,11.8898,3655.35
1737,2,0,2,11.8763,3583.45
917,2,0,2,11.8602,3503.13
916,2,0,2,11.86,3502.22
906,2,0,2,11.8343,3369.81
892,2,0,2,11.8141,3269.15
896,2,0,2,11.8109,3252.57
895,2,0,2,11.806,3229.09
1302,2,0,3,12.0581,4495.06,0.106833,465.975,0.24,4
1303,2,0,3,12.0378,4391.52
1305,2,0,3,12.0243,4322.61
1304,2,0,3,12.0122,4261.06
64,2,0,4,12.631,7646.62,0,0,0
195,2,0,4,12.6019,7498.25
196,2,0,4,12.5991,7478.65
205,2,0,4,12.5846,7392.2
215,2,0,4,12.5591,7235.82
225,2,0,4,12.5331,7032.61
715,2,0,4,12.4993,6846.97
714,2,0,4,12.4955,6823.1
726,2,0,4,12.4953,6821.21
529,2,0,4,12.4813,6721.61
605,2,0,4,12.4668,6625.31
603,2,0,4,12.4603,6591.22
604,2,0,4,12.4555,6566.16
596,2,0,4,12.4554,6565.19
580,2,0,4,12.4439,6500.78
574,2,0,4,12.4241,6396.44
573,2,0,4,12.4136,6339.01
564,2,0,4,12.4061,6298.75
557,2,0,4,12.4013,6267.69
561,2,0,4,12.3948,6221.25
628,2,0,4,12.3906,6196.1
609,2,0,4,12.3788,6120.81
423,2,0,4,12.3729,6064.49
419,2,0,4,12.3662,6026.91
420,2,0,4,12.3602,5990.88
421,2,0,4,12.3556,5963.39
417,2,0,4,12.3506,5936.68
1989,2,0,4,12.3322,5842.46
2011,2,0,4,12.3129,5742.75
2156,2,0,4,12.3075,5714.71
2013,2,0,4,12.3068,5711.55
886,2,0,4,12.2986,5668.95
888,2,0,4,12.2802,5568.88
903,2,0,4,12.2704,5515.91
904,2,0,4,12.2672,5498.19
925,2,0,4,12.2436,5369.71
2019,2,0,4,12.2381,5342.39
929,2,0,4,12.2377,5340.4
938,2,0,4,12.2257,5274.27
950,2,0,4,12.2097,5193.25
951,2,0,4,12.2033,5159.99
949,2,0,4,12.1916,5100.7
1302,2,0,4,12.165,4961.04
220,2,1,0,11.1772,472.978,0.0955,416.542,0.04,1
2130,2,1,0,11.1624,392.48
215,2,1,0,11.1575,358.782
205,2,1,0,11.1336,204.484
196,2,1,0,11.1205,119.897
195,2,1,0,11.1179,100.335
64,2,1,0,11.1,0
455,2,1,1,11.3621,1421.69,0.0408333,178.103,0.03,2
454,2,1,1,11.3593,1406.07
457,2,1,1,11.3525,1352.11
456,2,1,1,11.3474,1322.67
458,2,1,1,11.3379,1261.52
459,2,1,1,11.332,1216.42
450,2,1,1,11.3168,1132.53
229,2,1,1,11.3073,1079.68
222,2,1,1,11.283,945.57
220,2,1,1,11.2727,889.52
603,2,1,2,11.4933,2163.88,0.109,475.425,0.32,3
604,2,1,2,11.4891,2140.74
596,2,1,2,11.4889,2139.76
595,2,1,2,11.4834,2109.36
605,2,1,2,11.4823,2101.36
529,2,1,2,11.4651,2001.34
726,2,1,2,11.4492,1900.14
714,2,1,2,11.449,1898.26
1543,2,1,2,11.4442,1867.73
459,2,1,2,11.4339,1804.33
458,2,1,2,11.4274,1759.07
456,2,1,2,11.4183,1698.29
457,2,1,2,11.4129,1668.07
454,2,1,2,11.4053,1614.11
455,2,1,2,11.4029,1599.79
710,2,1,3,11.6664,3053.8,0.0443333,193.369,0.36,4
1543,2,1,3,11.6449,2933.53
715,2,1,3,11.6401,2889.27
714,2,1,3,11.6362,2865.27
726,2,1,3,11.636,2863.39
529,2,1,3,11.6222,2763.89
605,2,1,3,11.6074,2667.28
603,2,1,3,11.6023,2639.3
64,2,1,4,11.8112,3930.05,0,0,0
195,2,1,4,11.79,3815.37
196,2,1,4,11.7872,3795.76
205,2,1,4,11.7747,3711.85
215,2,1,4,11.7549,3559.76
225,2,1,4,11.7296,3356.19
1680,2,1,4,11.7266,3337.18
710,2,1,4,11.7107,3247.17
978,2,2,0,14.4946,1541.01,0.0373333,162.837,0.05,1
1010,2,2,0,14.4801,1465.78
1016,2,2,0,14.4604,1374.31
1548,2,2,0,14.4534,1338.05
1012,2,2,0,14.4484,1312.65
2028,2,2,0,14.4403,1267.19
989,2,2,0,14.4369,1251.45
990,2,2,0,14.4269,1201.19
991,2,2,0,14.4243,1188.84
706,2,2,0,14.4173,1149.38
704,2,2,0,14.4146,1136.6
2179,2,2,0,14.4144,1135.74
662,2,2,0,14.4082,1106.09
602,2,2,0,14.397,1038.03
599,2,2,0,14.393,1015.4
605,2,2,0,14.3893,991.921
529,2,2,0,14.3722,892.037
726,2,2,0,14.3576,792.08
714,2,2,0,14.3574,790.213
715,2,2,0,14.3538,766.53
225,2,2,0,14.3363,605.342
215,2,2,0,14.3104,402.069
205,2,2,0,14.2837,243.798
196,2,2,0,14.2695,157.808
195,2,2,0,14.2668,138.229
64,2,2,0,14.24,0
636,2,2,1,14.6116,2094.27,0.0391667,170.833,0.15,2
631,2,2,1,14.6049,2061.48
630,2,2,1,14.5992,2032.96
637,2,2,1,14.5886,1980.88
1996,2,2,1,14.5761,1917.59
1997,2,2,1,14.5723,1897.69
2027,2,2,1,14.545,1767.47
2026,2,2,1,14.5392,1738.99
978,2,2,1,14.5319,1703.84
64,2,2,2,14.897,3725.65,0,0,0
195,2,2,2,14.8754,3609.39
196,2,2,2,14.8727,3589.81
205,2,2,2,14.8585,3503.73
215,2,2,2,14.834,3348.75
225,2,2,2,14.8092,3144.92
715,2,2,2,14.7742,2954.38
714,2,2,2,14.7705,2930.54
726,2,2,2,14.7703,2928.68
529,2,2,2,14.7562,2829.07
605,2,2,2,14.7409,2731.81
603,2,2,2,14.7351,2700.83
604,2,2,2,14.7303,2675.42
596,2,2,2,14.7301,2674.45
580,2,2,2,14.7159,2598.24
583,2,2,2,14.7096,2568.43
587,2,2,2,14.7074,2554
578,2,2,2,14.7044,2537.18
575,2,2,2,14.6988,2506.08
571,2,2,2,14.6959,2489.96
570,2,2,2,14.6911,2466.68
1994,2,2,2,14.6784,2402.33
562,2,2,2,14.665,2337.27
639,2,2,2,14.6615,2319.83
638,2,2,2,14.6548,2285.8
636,2,2,2,14.6508,2265.1
220,3,0,0,11.0872,472.978,0.0955,416.542,0.04,1
2130,3,0,0,11.0724,392.48
215,3,0,0,11.0675,358.782
205,3,0,0,11.0436,204.484
196,3,0,0,11.0305,119.897
195,3,0,0,11.0279,100.335
64,3,0,0,11.01,0
710,3,0,1,11.2404,1198.14,0.0443333,193.369,0.36,2
223,3,0,1,11.2229,1104.91
224,3,0,1,11.2088,1031.05
222,3,0,1,11.193,945.57
220,3,0,1,11.1827,889.52
455,3,0,2,11.3438,1774.06,0.0408333,178.103,0.03,3
454,3,0,2,11.341,1758.44
457,3,0,2,11.3343,1704.48
456,3,0,2,11.3291,1675.03
458,3,0,2,11.3196,1613.89
459,3,0,2,11.3137,1568.78
1543,3,0,2,11.3044,1506.55
710,3,0,2,11.2847,1391.51
603,3,0,3,11.475,2516.24,0.109,475.425,0.32,4
604,3,0,3,11.4708,2493.1
596,3,0,3,11.4706,2492.13
595,3,0,3,11.4652,2461.72
605,3,0,3,11.464,2453.73
529,3,0,3,11.4468,2353.71
726,3,0,3,11.4309,2252.51
714,3,0,3,11.4307,2250.62
1543,3,0,3,11.4259,2220.1
459,3,0,3,11.4156,2156.7
458,3,0,3,11.4091,2111.44
456,3,0,3,11.4,2050.65
457,3,0,3,11.3946,2020.43
454,3,0,3,11.387,1966.47
455,3,0,3,11.3846,1952.16
1108,3,0,4,11.7762,3990.79,0.0935,407.819,0.09,5
1109,3,0,4,11.7718,3968.11
1113,3,0,4,11.765,3933.96
1847,3,0,4,11.7515,3866.44
1086,3,0,4,11.7479,3846.41
1087,3,0,4,11.7334,3773.22
1090,3,0,4,11.7247,3728.06
1076,3,0,4,11.6985,3601.08
1074,3,0,4,11.6944,3579.96
1077,3,0,4,11.6848,3529.14
1080,3,0,4,11.6713,3461.94
1079,3,0,4,11.6647,3427.48
1061,3,0,4,11.6605,3406.2
1063,3,0,4,11.6569,3388.03
1062,3,0,4,11.6559,3380.95
2159,3,0,4,11.6556,3379.84
1045,3,0,4,11.6549,3376.69
1012,3,0,4,11.6477,3335.7
1014,3,0,4,11.6472,3332.84
989,3,0,4,11.6361,3274.53
990,3,0,4,11.6261,3224.27
991,3,0,4,11.6235,3211.92
706,3,0,4,11.6165,3172.46
704,3,0,4,11.6138,3159.68
2179,3,0,4,11.6136,3158.82
662,3,0,4,11.6074,3129.17
602,3,0,4,11.5961,3060.9
604,3,0,4,11.5935,3044.1
596,3,0,4,11.5934,3043.13
595,3,0,4,11.5879,3012.72
603,3,0,4,11.584,2991.67
1304,3,0,5,11.9992,5081.23,0.0428333,186.826,0.12,6
952,3,0,5,11.9748,4948.24
953,3,0,5,11.9641,4893.46
2023,3,0,5,11.9632,4889.36
2108,3,0,5,11.9468,4804.15
1794,3,0,5,11.9397,4768.39
2106,3,0,5,11.9245,4689.02
2039,3,0,5,11.9068,4595.49
1106,3,0,5,11.8972,4543.54
2035,3,0,5,11.883,4469.49
1108,3,0,5,11.8697,4398.6
895,3,0,6,12.1981,6068.38,0.0435,189.734,0.02,7
907,3,0,6,12.1824,5991.05
908,3,0,6,12.1733,5945.57
2014,3,0,6,12.1727,5942.89
2017,3,0,6,12.1716,5937.2
2170,3,0,6,12.1688,5923.01
1738,3,0,6,12.1514,5836.08
1737,3,0,6,12.1447,5802.3
936,3,0,6,12.1295,5723.39
933,3,0,6,12.1289,5720.45
934,3,0,6,12.1234,5682.8
935,3,0,6,12.1229,5680.19
2020,3,0,6,12.1118,5623.21
1787,3,0,6,12.0922,5526.06
1788,3,0,6,12.0914,5522.36
1789,3,0,6,12.08,5465.37
952,3,0,6,12.0711,5420.92
1304,3,0,6,12.042,5268.05
978,3,0,7,12.4096,7107.07,0.107833,470.336,0.07,8
1010,3,0,7,12.394,7026.92
1011,3,0,7,12.3805,6957.51
1009,3,0,7,12.3753,6929.89
1041,3,0,7,12.3752,6929.2
1039,3,0,7,12.3674,6888.72
1037,3,0,7,12.3578,6841.24
1034,3,0,7,12.3491,6795.55
2032,3,0,7,12.3337,6717.95
1050,3,0,7,12.3024,6563.86
1049,3,0,7,12.3024,6563.77
1025,3,0,7,12.2936,6520.11
1029,3,0,7,12.2803,6453.27
1027,3,0,7,12.2686,6394.32
898,3,0,7,12.2603,6350.79
895,3,0,7,12.2416,6258.12
636,3,0,8,12.603,7991.89,0.091,396.915,0.15,9
633,3,0,8,12.5963,7958.29
639,3,0,8,12.593,7940.75
1993,3,0,8,12.5832,7890.13
1995,3,0,8,12.5737,7844.84
1996,3,0,8,12.5621,7793.1
1997,3,0,8,12.5582,7773.2
2027,3,0,8,12.53,7638.85
2026,3,0,8,12.5243,7610.55
978,3,0,8,12.5174,7577.4
1302,3,0,9,13.0074,10052.1,0.035,152.659,0.22,10
949,3,0,9,12.9855,9932.67
951,3,0,9,12.9741,9874.71
950,3,0,9,12.9667,9837.04
938,3,0,9,12.9548,9773.43
929,3,0,9,12.941,9699.86
2019,3,0,9,12.9406,9697.88
2157,3,0,9,12.9134,9570.15
905,3,0,9,12.8734,9368.7
889,3,0,9,12.8629,9315.26
890,3,0,9,12.8501,9253.96
2013,3,0,9,12.8247,9125.56
1988,3,0,9,12.8034,9016.12
417,3,0,9,12.7809,8902.98
418,3,0,9,12.7768,8882
419,3,0,9,12.7599,8789.83
424,3,0,9,12.7564,8769.89
613,3,0,9,12.7533,8744.91
611,3,0,9,12.7478,8712.02
609,3,0,9,12.7459,8694.23
628,3,0,9,12.7359,8620.21
561,3,0,9,12.7321,8595.49
557,3,0,9,12.724,8547.36
554,3,0,9,12.7217,8535.56
565,3,0,9,12.7136,8490.54
562,3,0,9,12.7067,8454.72
639,3,0,9,12.7032,8437.28
638,3,0,9,12.6979,8409.04
636,3,0,9,12.694,8388.81
64,3,0,10,13.4972,12847.9,0,0,0
195,3,0,10,13.4641,12683
196,3,0,10,13.4613,12663.3
205,3,0,10,13.4461,12575.8
215,3,0,10,13.4219,12421
225,3,0,10,13.3951,12218
715,3,0,10,13.3668,12052.6
714,3,0,10,13.363,12028.7
726,3,0,10,13.3628,12026.8
529,3,0,10,13.3489,11927.3
605,3,0,10,13.3345,11831
603,3,0,10,13.3285,11799.2
604,3,0,10,13.3249,11778.9
596,3,0,10,13.3247,11777.9
580,3,0,10,13.3144,11717.3
574,3,0,10,13.2938,11609.7
573,3,0,10,13.2845,11557.3
564,3,0,10,13.2773,11518
557,3,0,10,13.2714,11484.9
561,3,0,10,13.2647,11438.4
628,3,0,10,13.2604,11413
609,3,0,10,13.2482,11337.2
423,3,0,10,13.2423,11280.9
419,3,0,10,13.237,11246.1
420,3,0,10,13.2319,11211.1
421,3,0,10,13.2279,11184.4
417,3,0,10,13.2234,11159.9
1989,3,0,10,13.2068,11073.5
2011,3,0,10,13.189,10980.3
2156,3,0,10,13.1838,10952.9
2013,3,0,10,13.1831,10949.8
886,3,0,10,13.1712,10891.6
888,3,0,10,13.1514,10785.5
903,3,0,10,13.1376,10715.6
904,3,0,10,13.1342,10697.2
925,3,0,10,13.1108,10569.3
2019,3,0,10,13.1053,10542.1
929,3,0,10,13.1049,10540.1
938,3,0,10,13.093,10474.2
950,3,0,10,13.0795,10403.7
951,3,0,10,13.0725,10368
949,3,0,10,13.0615,10311.5
1302,3,0,10,13.0424,10204.8
220,4,0,0,11.0872,472.978,0.0955,416.542,0.04,1
2130,4,0,0,11.0724,392.48
215,4,0,0,11.0675,358.782
205,4,0,0,11.0436,204.484
196,4,0,0,11.0305,119.897
195,4,0,0,11.0279,100.335
64,4,0,0,11.01,0
710,4,0,1,11.2404,1198.14,0.0443333,193.369,0.36,2
223,4,0,1,11.2229,1104.91
224,4,0,1,11.2088,1031.05
222,4,0,1,11.193,945.57
220,4,0,1,11.1827,889.52
455,4,0,2,11.3438,1774.06,0.0408333,178.103,0.03,3
454,4,0,2,11.341,1758.44
457,4,0,2,11.3343,1704.48
456,4,0,2,11.3291,1675.03
458,4,0,2,11.3196,1613.89
459,4,0,2,11.3137,1568.78
1543,4,0,2,11.3044,1506.55
710,4,0,2,11.2847,1391.51
603,4,0,3,11.475,2516.24,0.109,475.425,0.32,4
604,4,0,3,11.4708,2493.1
596,4,0,3,11.4706,2492.13
595,4,0,3,11.4652,2461.72
605,4,0,3,11.464,2453.73
529,4,0,3,11.4468,2353.71
726,4,0,3,11.4309,2252.51
714,4,0,3,11.4307,2250.62
1543,4,0,3,11.4259,2220.1
459,4,0,3,11.4156,2156.7
458,4,0,3,11.4091,2111.44
456,4,0,3,11.4,2050.65
457,4,0,3,11.3946,2020.43
454,4,0,3,11.387,1966.47
455,4,0,3,11.3846,1952.16
1108,4,0,4,11.7762,3990.79,0.0935,407.819,0.09,5
1109,4,0,4,11.7718,3968.11
1113,4,0,4,11.765,3933.96
1847,4,0,4,11.7515,3866.44
1086,4,0,4,11.7479,3846.41
1087,4,0,4,11.7334,3773.22
1090,4,0,4,11.7247,3728.06
1076,4,0,4,11.6985,3601.08
1074,4,0,4,11.6944,3579.96
1077,4,0,4,11.6848,3529.14
1080,4,0,4,11.6713,3461.94
1079,4,0,4,11.6647,3427.48
1061,4,0,4,11.6605,3406.2
1063,4,0,4,11.6569,3388.03
1062,4,0,4,11.6559,3380.95
2159,4,0,4,11.6556,3379.84
1045,4,0,4,11.6549,3376.69
1012,4,0,4,11.6477,3335.7
1014,4,0,4,11.6472,3332.84
989,4,0,4,11.6361,3274.53
990,4,0,4,11.6261,3224.27
991,4,0,4,11.6235,3211.92
706,4,0,4,11.6165,3172.46
704,4,0,4,11.6138,3159.68
2179,4,0,4,11.6136,3158.82
662,4,0,4,11.6074,3129.17
602,4,0,4,11.5961,3060.9
604,4,0,4,11.5935,3044.1
596,4,0,4,11.5934,3043.13
595,4,0,4,11.5879,3012.72
603,4,0,4,11.584,2991.67
1304,4,0,5,11.9992,5081.23,0.0428333,186.826,0.12,6
952,4,0,5,11.9748,4948.24
953,4,0,5,11.9641,4893.46
2023,4,0,5,11.9632,4889.36
2108,4,0,5,11.9468,4804.15
1794,4,0,5,11.9397,4768.39
2106,4,0,5,11.9245,4689.02
2039,4,0,5,11.9068,4595.49
1106,4,0,5,11.8972,4543.54
2035,4,0,5,11.883,4469.49
1108,4,0,5,11.8697,4398.6
1302,4,0,6,12.088,5502.06,0.106833,465.975,0.24,7
1303,4,0,6,12.0676,5398.52
1305,4,0,6,12.0541,5329.61
1304,4,0,6,12.042,5268.05
895,4,0,7,12.3606,6816.77,0.0435,189.734,0.02,8
896,4,0,7,12.3569,6798.53
892,4,0,7,12.3534,6780.74
906,4,0,7,12.3351,6687.94
1555,4,0,7,12.3097,6545.19
2157,4,0,7,12.2971,6484.56
2019,4,0,7,12.268,6349.38
929,4,0,7,12.2676,6347.4
938,4,0,7,12.2555,6281.27
950,4,0,7,12.2396,6200.24
951,4,0,7,12.2331,6166.99
949,4,0,7,12.2215,6107.7
1302,4,0,7,12.1948,5968.03
978,4,0,8,12.5721,7855.45,0.107833,470.336,0.07,9
1010,4,0,8,12.5564,7775.3
1011,4,0,8,12.543,7705.9
1009,4,0,8,12.5378,7678.27
1041,4,0,8,12.5376,7677.58
1039,4,0,8,12.5299,7637.11
1037,4,0,8,12.5203,7589.62
1034,4,0,8,12.5116,7543.93
2032,4,0,8,12.4962,7466.34
1050,4,0,8,12.4649,7312.25
1049,4,0,8,12.4649,7312.15
1025,4,0,8,12.4561,7268.49
1029,4,0,8,12.4428,7201.66
1027,4,0,8,12.431,7142.71
898,4,0,8,12.4227,7099.17
895,4,0,8,12.4041,7006.5
636,4,0,9,12.7654,8740.28,0.091,396.915,0.15,10
633,4,0,9,12.7588,8706.67
639,4,0,9,12.7554,8689.13
1993,4,0,9,12.7457,8638.52
1995,4,0,9,12.7361,8593.22
1996,4,0,9,12.7246,8541.49
1997,4,0,9,12.7207,8521.58
2027,4,0,9,12.6925,8387.24
2026,4,0,9,12.6867,8358.94
978,4,0,9,12.6799,8325.79
64,4,0,10,13.1035,10581.5,0,0,0
195,4,0,10,13.0767,10443.3
196,4,0,10,13.0736,10423.4
205,4,0,10,13.0583,10335.6
215,4,0,10,13.0327,10179.1
225,4,0,10,13.0057,9975.99
715,4,0,10,12.9756,9806.43
714,4,0,10,12.9716,9782.27
726,4,0,10,12.9714,9780.42
529,4,0,10,12.9573,9680.77
605,4,0,10,12.9424,9584.1
603,4,0,10,12.9361,9551.02
604,4,0,10,12.9322,9529.16
596,4,0,10,12.932,9528.19
580,4,0,10,12.9205,9463.67
583,4,0,10,12.9143,9433.85
587,4,0,10,12.9122,9419.58
578,4,0,10,12.9093,9403.52
579,4,0,10,12.902,9364.72
570,4,0,10,12.895,9331.56
1994,4,0,10,12.8821,9266.48
562,4,0,10,12.8691,9203.11
639,4,0,10,12.8656,9185.67
638,4,0,10,12.8603,9157.42
636,4,0,10,12.8564,9137.2
220,5,0,0,11.1872,472.978,0.0955,416.542,0.04,1
2130,5,0,0,11.1724,392.48
215,5,0,0,11.1675,358.782
205,5,0,0,11.1436,204.484
196,5,0,0,11.1305,119.897
195,5,0,0,11.1279,100.335
64,5,0,0,11.11,0
710,5,0,1,11.3404,1198.14,0.0443333,193.369,0.36,2
223,5,0,1,11.3229,1104.91
224,5,0,1,11.3088,1031.05
222,5,0,1,11.293,945.57
220,5,0,1,11.2827,889.52
455,5,0,2,11.4438,1774.06,0.0408333,178.103,0.03,3
454,5,0,2,11.441,1758.44
457,5,0,2,11.4343,1704.48
456,5,0,2,11.4291,1675.03
458,5,0,2,11.4196,1613.89
459,5,0,2,11.4137,1568.78
1543,5,0,2,11.4044,1506.55
710,5,0,2,11.3847,1391.51
1108,5,0,3,11.7519,3428.96,0.0935,407.819,0.09,4
1109,5,0,3,11.7467,3402.77
1113,5,0,3,11.7406,3371.72
1847,5,0,3,11.7277,3306.52
1086,5,0,3,11.7241,3286.49
1087,5,0,3,11.7095,3213.3
1090,5,0,3,11.7008,3168.13
1076,5,0,3,11.6747,3041.16
1074,5,0,3,11.6705,3020.04
1077,5,0,3,11.661,2969.22
1080,5,0,3,11.6475,2902.01
1079,5,0,3,11.6409,2867.56
1061,5,0,3,11.6366,2846.28
1063,5,0,3,11.6331,2828.11
1062,5,0,3,11.632,2821.03
2159,5,0,3,11.6318,2819.92
1045,5,0,3,11.6311,2816.77
1012,5,0,3,11.6239,2775.78
1014,5,0,3,11.6233,2772.91
989,5,0,3,11.6123,2714.61
990,5,0,3,11.6022,2664.35
991,5,0,3,11.5996,2652
706,5,0,3,11.5926,2612.53
704,5,0,3,11.59,2599.76
2179,5,0,3,11.5898,2598.9
662,5,0,3,11.5836,2569.25
602,5,0,3,11.5722,2500.98
599,5,0,3,11.5681,2477.72
605,5,0,3,11.564,2453.73
529,5,0,3,11.5468,2353.71
726,5,0,3,11.5309,2252.51
714,5,0,3,11.5307,2250.62
1543,5,0,3,11.5259,2220.1
459,5,0,3,11.5156,2156.7
458,5,0,3,11.5091,2111.44
456,5,0,3,11.5,2050.65
457,5,0,3,11.4946,2020.43
454,5,0,3,11.487,1966.47
455,5,0,3,11.4846,1952.16
1304,5,0,4,11.9749,4519.4,0.0428333,186.826,0.12,5
952,5,0,4,11.9505,4386.42
953,5,0,4,11.9398,4331.64
2023,5,0,4,11.939,4327.54
2108,5,0,4,11.9225,4242.33
1794,5,0,4,11.9154,4206.57
2106,5,0,4,11.9002,4127.2
2039,5,0,4,11.8825,4033.67
1106,5,0,4,11.8729,3981.72
2035,5,0,4,11.8587,3907.67
1108,5,0,4,11.8454,3836.78
1302,5,0,5,12.0637,4940.23,0.106833,465.975,0.24,6
1303,5,0,5,12.0433,4836.7
1305,5,0,5,12.0298,4767.79
1304,5,0,5,12.0177,4706.23
895,5,0,6,12.3363,6254.95,0.0435,189.734,0.02,7
896,5,0,6,12.3326,6236.71
892,5,0,6,12.3291,6218.92
906,5,0,6,12.3109,6126.12
1555,5,0,6,12.2854,5983.37
2157,5,0,6,12.2728,5922.73
2019,5,0,6,12.2437,5787.56
929,5,0,6,12.2433,5785.58
938,5,0,6,12.2312,5719.45
950,5,0,6,12.2153,5638.42
951,5,0,6,12.2088,5605.16
949,5,0,6,12.1972,5545.88
1302,5,0,6,12.1705,5406.21
978,5,0,7,12.5478,7293.63,0.107833,470.336,0.07,8
1010,5,0,7,12.5321,7213.48
1011,5,0,7,12.5187,7144.08
1009,5,0,7,12.5135,7116.45
1041,5,0,7,12.5134,7115.76
1039,5,0,7,12.5056,7075.29
1037,5,0,7,12.496,7027.8
1034,5,0,7,12.4873,6982.11
2032,5,0,7,12.4719,6904.52
1050,5,0,7,12.4406,6750.42
1049,5,0,7,12.4406,6750.33
1025,5,0,7,12.4318,6706.67
1029,5,0,7,12.4185,6639.84
1027,5,0,7,12.4067,6580.88
898,5,0,7,12.3984,6537.35
895,5,0,7,12.3798,6444.68
636,5,0,8,12.7411,8178.46,0.091,396.915,0.15,9
633,5,0,8,12.7345,8144.85
639,5,0,8,12.7311,8127.31
1993,5,0,8,12.7214,8076.69
1995,5,0,8,12.7118,8031.4
1996,5,0,8,12.7003,7979.66
1997,5,0,8,12.6964,7959.76
2027,5,0,8,12.6682,7825.42
2026,5,0,8,12.6624,7797.11
978,5,0,8,12.6556,7763.97
603,5,0,9,12.9119,8989.2,0.0631667,275.514,0.35,10
604,5,0,9,12.9079,8967.34
596,5,0,9,12.9077,8966.37
580,5,0,9,12.8962,8901.84
583,5,0,9,12.89,8872.03
587,5,0,9,12.8879,8857.76
578,5,0,9,12.885,8841.7
579,5,0,9,12.8777,8802.9
570,5,0,9,12.8707,8769.74
1994,5,0,9,12.8578,8704.66
562,5,0,9,12.8448,8641.29
639,5,0,9,12.8414,8623.84
638,5,0,9,12.836,8595.6
636,5,0,9,12.8321,8575.37
64,5,0,10,13.1423,10295.2,0,0,0
195,5,0,10,13.1156,10157
196,5,0,10,13.1124,10137.1
205,5,0,10,13.0971,10049.3
215,5,0,10,13.0715,9892.75
225,5,0,10,13.0446,9689.68
715,5,0,10,13.0145,9520.12
714,5,0,10,13.0105,9495.96
726,5,0,10,13.0103,9494.11
529,5,0,10,12.9962,9394.46
605,5,0,10,12.9813,9297.79
603,5,0,10,12.975,9264.71
220,6,0,0,11.0772,472.978,0.0955,416.542,0.04,1
2130,6,0,0,11.0624,392.48
215,6,0,0,11.0575,358.782
205,6,0,0,11.0336,204.484
196,6,0,0,11.0205,119.897
195,6,0,0,11.0179,100.335
64,6,0,0,11,0
710,6,0,1,11.2304,1198.14,0.0443333,193.369,0.36,2
223,6,0,1,11.2129,1104.91
224,6,0,1,11.1988,1031.05
222,6,0,1,11.183,945.57
220,6,0,1,11.1727,889.52
455,6,0,2,11.3338,1774.06,0.0408333,178.103,0.03,3
454,6,0,2,11.331,1758.44
457,6,0,2,11.3243,1704.48
456,6,0,2,11.3191,1675.03
458,6,0,2,11.3096,1613.89
459,6,0,2,11.3037,1568.78
1543,6,0,2,11.2944,1506.55
710,6,0,2,11.2747,1391.51
1108,6,0,3,11.6419,3428.96,0.0935,407.819,0.09,4
1109,6,0,3,11.6367,3402.77
1113,6,0,3,11.6306,3371.72
1847,6,0,3,11.6177,3306.52
1086,6,0,3,11.6141,3286.49
1087,6,0,3,11.5995,3213.3
1090,6,0,3,11.5908,3168.13
1076,6,0,3,11.5647,3041.16
1074,6,0,3,11.5605,3020.04
1077,6,0,3,11.551,2969.22
1080,6,0,3,11.5375,2902.01
1079,6,0,3,11.5309,2867.56
1061,6,0,3,11.5266,2846.28
1063,6,0,3,11.5231,2828.11
1062,6,0,3,11.522,2821.03
2159,6,0,3,11.5218,2819.92
1045,6,0,3,11.5211,2816.77
1012,6,0,3,11.5139,2775.78
1014,6,0,3,11.5133,2772.91
989,6,0,3,11.5023,2714.61
990,6,0,3,11.4922,2664.35
991,6,0,3,11.4896,2652
706,6,0,3,11.4826,2612.53
704,6,0,3,11.48,2599.76
2179,6,0,3,11.4798,2598.9
662,6,0,3,11.4736,2569.25
602,6,0,3,11.4622,2500.98
599,6,0,3,11.4581,2477.72
605,6,0,3,11.454,2453.73
529,6,0,3,11.4368,2353.71
726,6,0,3,11.4209,2252.51
714,6,0,3,11.4207,2250.62
1543,6,0,3,11.4159,2220.1
459,6,0,3,11.4056,2156.7
458,6,0,3,11.3991,2111.44
456,6,0,3,11.39,2050.65
457,6,0,3,11.3846,2020.43
454,6,0,3,11.377,1966.47
455,6,0,3,11.3746,1952.16
1304,6,0,4,11.8649,4519.4,0.0428333,186.826,0.12,5
952,6,0,4,11.8405,4386.42
953,6,0,4,11.8298,4331.64
2023,6,0,4,11.829,4327.54
2108,6,0,4,11.8125,4242.33
1794,6,0,4,11.8054,4206.57
2106,6,0,4,11.7902,4127.2
2039,6,0,4,11.7725,4033.67
1106,6,0,4,11.7629,3981.72
2035,6,0,4,11.7487,3907.67
1108,6,0,4,11.7354,3836.78
1302,6,0,5,11.9579,4957.93,0.068,296.595,0.26,6
1303,6,0,5,11.9373,4853.42
1305,6,0,5,11.9227,4779.54
1304,6,0,5,11.9077,4706.23
895,6,0,6,12.1917,6103.27,0.0435,189.734,0.02,7
896,6,0,6,12.188,6085.03
892,6,0,6,12.1845,6067.24
906,6,0,6,12.1663,5974.44
1555,6,0,6,12.1408,5831.69
2157,6,0,6,12.1282,5771.05
2019,6,0,6,12.0991,5635.88
929,6,0,6,12.0987,5633.9
938,6,0,6,12.0866,5567.77
950,6,0,6,12.0707,5486.74
951,6,0,6,12.0642,5453.48
949,6,0,6,12.0526,5394.2
1302,6,0,6,12.0259,5254.53
978,6,0,7,12.4032,7141.95,0.107833,470.336,0.07,8
1010,6,0,7,12.3876,7061.8
1011,6,0,7,12.3741,6992.4
1009,6,0,7,12.3689,6964.77
1041,6,0,7,12.3688,6964.08
1039,6,0,7,12.361,6923.61
1037,6,0,7,12.3514,6876.12
1034,6,0,7,12.3427,6830.43
2032,6,0,7,12.3273,6752.84
1050,6,0,7,12.296,6598.74
1049,6,0,7,12.296,6598.65
1025,6,0,7,12.2872,6554.99
1029,6,0,7,12.2739,6488.16
1027,6,0,7,12.2621,6429.2
898,6,0,7,12.2539,6385.67
895,6,0,7,12.2352,6293
636,6,0,8,12.5966,8026.78,0.091,396.915,0.15,9
633,6,0,8,12.5899,7993.17
639,6,0,8,12.5865,7975.63
1993,6,0,8,12.5768,7925.01
1995,6,0,8,12.5672,7879.72
1996,6,0,8,12.5557,7827.98
1997,6,0,8,12.5518,7808.08
2027,6,0,8,12.5236,7673.74
2026,6,0,8,12.5178,7645.43
978,6,0,8,12.511,7612.29
603,6,0,9,12.7673,8837.52,0.0631667,275.514,0.35,10
604,6,0,9,12.7633,8815.66
596,6,0,9,12.7632,8814.69
580,6,0,9,12.7516,8750.16
583,6,0,9,12.7454,8720.35
587,6,0,9,12.7434,8706.08
578,6,0,9,12.7405,8690.02
579,6,0,9,12.7331,8651.22
570,6,0,9,12.7261,8618.06
1994,6,0,9,12.7132,8552.98
562,6,0,9,12.7002,8489.6
639,6,0,9,12.6968,8472.16
638,6,0,9,12.6914,8443.92
636,6,0,9,12.6876,8423.69
64,6,0,10,12.9977,10143.5,0,0,0
195,6,0,10,12.971,10005.3
196,6,0,10,12.9679,9985.38
205,6,0,10,12.9526,9897.63
215,6,0,10,12.9269,9741.07
225,6,0,10,12.9,9538
715,6,0,10,12.8699,9368.44
714,6,0,10,12.8659,9344.28
726,6,0,10,12.8657,9342.43
529,6,0,10,12.8516,9242.78
605,6,0,10,12.8367,9146.11
603,6,0,10,12.8304,9113.03
220,7,0,0,11.6572,472.978,0.0955,416.542,0.04,1
2130,7,0,0,11.6424,392.48
215,7,0,0,11.6375,358.782
205,7,0,0,11.6136,204.484
196,7,0,0,11.6005,119.897
195,7,0,0,11.5979,100.335
64,7,0,0,11.58,0
710,7,0,1,11.8104,1198.14,0.0443333,193.369,0.36,2
223,7,0,1,11.7929,1104.91
224,7,0,1,11.7788,1031.05
222,7,0,1,11.763,945.57
220,7,0,1,11.7527,889.52
455,7,0,2,11.9138,1774.06,0.0408333,178.103,0.03,3
454,7,0,2,11.911,1758.44
457,7,0,2,11.9043,1704.48
456,7,0,2,11.8991,1675.03
458,7,0,2,11.8896,1613.89
459,7,0,2,11.8837,1568.78
1543,7,0,2,11.8744,1506.55
710,7,0,2,11.8547,1391.51
603,7,0,3,12.045,2516.24,0.0631667,275.514,0.35,4
604,7,0,3,12.0408,2493.1
596,7,0,3,12.0406,2492.13
595,7,0,3,12.0352,2461.72
605,7,0,3,12.034,2453.73
529,7,0,3,12.0168,2353.71
726,7,0,3,12.0009,2252.51
714,7,0,3,12.0007,2250.62
1543,7,0,3,11.9959,2220.1
459,7,0,3,11.9856,2156.7
458,7,0,3,11.9791,2111.44
456,7,0,3,11.97,2050.65
457,7,0,3,11.9646,2020.43
454,7,0,3,11.957,1966.47
455,7,0,3,11.9546,1952.16
1108,7,0,4,12.2966,3774.32,0.0588333,256.613,0.13,5
1109,7,0,4,12.2926,3752.79
1113,7,0,4,12.2853,3716.85
1847,7,0,4,12.2723,3651
1086,7,0,4,12.2686,3630.77
1087,7,0,4,12.2549,3560.98
1090,7,0,4,12.2457,3513.73
1076,7,0,4,12.2226,3399.54
1074,7,0,4,12.2186,3379.15
1077,7,0,4,12.2083,3325.1
1080,7,0,4,12.195,3258.65
1079,7,0,4,12.1874,3219.96
1061,7,0,4,12.1831,3198.68
1063,7,0,4,12.1797,3180.87
1062,7,0,4,12.1786,3173.8
2159,7,0,4,12.1785,3172.9
1045,7,0,4,12.1778,3169.75
1012,7,0,4,12.1705,3128.76
1014,7,0,4,12.1701,3126.56
989,7,0,4,12.1596,3070.7
990,7,0,4,12.1496,3020.44
704,7,0,4,12.1383,2962.7
2179,7,0,4,12.1381,2961.83
662,7,0,4,12.1319,2932.19
602,7,0,4,12.1209,2864.49
604,7,0,4,12.1185,2847.81
596,7,0,4,12.1184,2846.84
595,7,0,4,12.1124,2814.1
603,7,0,4,12.1082,2791.76
1304,7,0,5,12.4884,4725.58,0.0815,355.478,0.17,6
2163,7,0,5,12.4674,4615.84
2051,7,0,5,12.4338,4437.75
2050,7,0,5,12.4226,4378.74
2106,7,0,5,12.4157,4344.01
2039,7,0,5,12.398,4250.04
1106,7,0,5,12.3881,4197.09
2035,7,0,5,12.3755,4130.27
1108,7,0,5,12.3555,4030.94
1302,7,0,6,12.6158,5315.06,0.106833,465.975,0.24,7
1303,7,0,6,12.5955,5211.53
1305,7,0,6,12.582,5142.62
1304,7,0,6,12.5699,5081.06
895,7,0,7,12.8885,6629.77,0.0435,189.734,0.02,8
896,7,0,7,12.8848,6611.53
892,7,0,7,12.8813,6593.75
906,7,0,7,12.863,6500.95
1555,7,0,7,12.8375,6358.2
2157,7,0,7,12.8249,6297.56
2019,7,0,7,12.7958,6162.39
929,7,0,7,12.7954,6160.4
938,7,0,7,12.7834,6094.27
950,7,0,7,12.7674,6013.25
951,7,0,7,12.761,5979.99
949,7,0,7,12.7493,5920.71
1302,7,0,7,12.7227,5781.04
978,7,0,8,13.0999,7668.46,0.0648333,282.783,0.06,9
1010,7,0,8,13.0843,7588.31
1011,7,0,8,13.0708,7518.91
1009,7,0,8,13.0657,7491.28
1041,7,0,8,13.0655,7490.59
1039,7,0,8,13.0577,7450.11
1037,7,0,8,13.0482,7402.63
1034,7,0,8,13.0395,7356.94
2032,7,0,8,13.024,7279.35
1050,7,0,8,12.9928,7125.25
1049,7,0,8,12.9928,7125.16
1025,7,0,8,12.9839,7081.5
1029,7,0,8,12.9707,7014.67
1027,7,0,8,12.9589,6955.71
898,7,0,8,12.9506,6912.18
895,7,0,8,12.932,6819.51
636,7,0,9,13.2421,8332.67,0.0665,290.053,0.15,10
633,7,0,9,13.2364,8303.14
639,7,0,9,13.2329,8285
1993,7,0,9,13.2213,8226.71
1995,7,0,9,13.2145,8192.35
1996,7,0,9,13.2084,8162.4
1997,7,0,9,13.2045,8142.5
2027,7,0,9,13.1796,8021.73
2026,7,0,9,13.1738,7993.25
978,7,0,9,13.1648,7951.24
64,7,0,10,13.556,10076.7,0,0,0
195,7,0,10,13.5317,9949.05
196,7,0,10,13.5289,9929.46
205,7,0,10,13.514,9842.34
215,7,0,10,13.4825,9668.03
225,7,0,10,13.4565,9464.79
715,7,0,10,13.4285,9299.91
714,7,0,10,13.4247,9276
726,7,0,10,13.4245,9274.15
529,7,0,10,13.4106,9174.62
605,7,0,10,13.396,9078.13
603,7,0,10,13.3874,9035.49
604,7,0,10,13.3824,9009.09
596,7,0,10,13.3822,9008.12
580,7,0,10,13.3707,8943.8
583,7,0,10,13.3645,8913.98
587,7,0,10,13.3623,8899.6
578,7,0,10,13.3594,8883.5
575,7,0,10,13.3536,8851.06
571,7,0,10,13.351,8835.95
570,7,0,10,13.3471,8816.9
1994,7,0,10,13.3309,8737.92
562,7,0,10,13.3213,8688.87
639,7,0,10,13.3179,8671.43
638,7,0,10,13.3126,8643.64
636,7,0,10,13.3086,8622.72
220,8,0,0,11.7972,472.978,0.0955,416.542,0.04,1
2130,8,0,0,11.7824,392.48
215,8,0,0,11.7775,358.782
205,8,0,0,11.7536,204.484
196,8,0,0,11.7405,119.897
195,8,0,0,11.7379,100.335
64,8,0,0,11.72,0
710,8,0,1,11.9504,1198.14,0.0443333,193.369,0.36,2
223,8,0,1,11.9329,1104.91
224,8,0,1,11.9188,1031.05
222,8,0,1,11.903,945.57
220,8,0,1,11.8927,889.52
603,8,0,2,12.0636,1802.69,0.0631667,275.514,0.35,3
604,8,0,2,12.0593,1779.55
596,8,0,2,12.0592,1778.58
595,8,0,2,12.0537,1748.17
605,8,0,2,12.0526,1740.18
529,8,0,2,12.0353,1640.15
726,8,0,2,12.0195,1538.96
714,8,0,2,12.0193,1537.07
1543,8,0,2,12.0144,1506.55
710,8,0,2,11.9947,1391.51
1108,8,0,3,12.3152,3060.77,0.0588333,256.613,0.13,4
1109,8,0,3,12.3111,3039.24
1113,8,0,3,12.3038,3003.3
1847,8,0,3,12.2908,2937.45
1086,8,0,3,12.2871,2917.22
1087,8,0,3,12.2734,2847.43
1090,8,0,3,12.2642,2800.18
1076,8,0,3,12.2411,2685.99
1074,8,0,3,12.2372,2665.6
1077,8,0,3,12.2268,2611.54
1080,8,0,3,12.2136,2545.1
1079,8,0,3,12.2059,2506.41
1061,8,0,3,12.2017,2485.13
1063,8,0,3,12.1982,2467.32
1062,8,0,3,12.1972,2460.25
2159,8,0,3,12.197,2459.35
1045,8,0,3,12.1963,2456.2
1012,8,0,3,12.1891,2415.21
1014,8,0,3,12.1887,2413.01
989,8,0,3,12.1782,2357.15
990,8,0,3,12.1681,2306.89
704,8,0,3,12.1568,2249.15
2179,8,0,3,12.1566,2248.28
662,8,0,3,12.1504,2218.64
602,8,0,3,12.1395,2150.94
604,8,0,3,12.137,2134.26
596,8,0,3,12.1369,2133.29
595,8,0,3,12.1309,2100.55
603,8,0,3,12.1267,2078.21
1304,8,0,4,12.5069,4012.03,0.0815,355.478,0.17,5
2163,8,0,4,12.4859,3902.29
2051,8,0,4,12.4523,3724.2
2050,8,0,4,12.4412,3665.19
2106,8,0,4,12.4342,3630.46
2039,8,0,4,12.4165,3536.49
1106,8,0,4,12.4066,3483.54
2035,8,0,4,12.3941,3416.72
1108,8,0,4,12.374,3317.39
1302,8,0,5,12.6344,4601.51,0.106833,465.975,0.24,6
1303,8,0,5,12.614,4497.98
1305,8,0,5,12.6005,4429.06
1304,8,0,5,12.5884,4367.51
895,8,0,6,12.907,5916.22,0.0435,189.734,0.02,7
896,8,0,6,12.9033,5897.98
892,8,0,6,12.8998,5880.2
906,8,0,6,12.8816,5787.4
1555,8,0,6,12.8561,5644.65
2157,8,0,6,12.8435,5584.01
2019,8,0,6,12.8144,5448.84
929,8,0,6,12.814,5446.85
938,8,0,6,12.8019,5380.72
950,8,0,6,12.786,5299.7
951,8,0,6,12.7795,5266.44
949,8,0,6,12.7679,5207.16
1302,8,0,6,12.7412,5067.49
978,8,0,7,13.1185,6954.91,0.0648333,282.783,0.06,8
1010,8,0,7,13.1028,6874.76
1011,8,0,7,13.0894,6805.35
1009,8,0,7,13.0842,6777.73
1041,8,0,7,13.0841,6777.04
1039,8,0,7,13.0763,6736.56
1037,8,0,7,13.0667,6689.08
1034,8,0,7,13.058,6643.39
2032,8,0,7,13.0426,6565.8
1050,8,0,7,13.0113,6411.7
1049,8,0,7,13.0113,6411.61
1025,8,0,7,13.0025,6367.95
1029,8,0,7,12.9892,6301.12
1027,8,0,7,12.9774,6242.16
898,8,0,7,12.9692,6198.63
895,8,0,7,12.9505,6105.96
636,8,0,8,13.2606,7619.12,0.0665,290.053,0.15,9
633,8,0,8,13.2549,7589.59
639,8,0,8,13.2515,7571.45
1993,8,0,8,13.2399,7513.16
1995,8,0,8,13.233,7478.8
1996,8,0,8,13.2269,7448.85
1997,8,0,8,13.223,7428.95
2027,8,0,8,13.1981,7308.18
2026,8,0,8,13.1923,7279.69
978,8,0,8,13.1833,7237.69
455,8,0,9,13.4897,8778.28,0.0423333,184.645,0.11,10
453,8,0,9,13.4811,8712.82
452,8,0,9,13.4688,8625.5
1678,8,0,9,13.4531,8541.11
474,8,0,9,13.4331,8441.6
2140,8,0,9,13.4249,8403.76
475,8,0,9,13.4182,8372.49
499,8,0,9,13.4105,8332.9
500,8,0,9,13.4059,8309.5
518,8,0,9,13.4003,8281.31
1754,8,0,9,13.3871,8219.45
540,8,0,9,13.3786,8175.55
541,8,0,9,13.3678,8120.4
572,8,0,9,13.3591,8074.65
1994,8,0,9,13.3494,8024.37
562,8,0,9,13.3399,7975.32
639,8,0,9,13.3364,7957.88
638,8,0,9,13.3312,7930.09
636,8,0,9,13.3271,7909.17
64,8,0,10,13.7105,9954.86,0,0,0
63,8,0,10,13.705,9924.51
199,8,0,10,13.6666,9728.31
202,8,0,10,13.6451,9612.27
208,8,0,10,13.6333,9540.49
170,8,0,10,13.6097,9416.25
176,8,0,10,13.6096,9415.93
183,8,0,10,13.5923,9319.66
192,8,0,10,13.5877,9288.55
458,8,0,10,13.557,9125.31
456,8,0,10,13.5484,9064.91
457,8,0,10,13.5424,9031.86
454,8,0,10,13.5347,8977.88
455,8,0,10,13.5321,8962.92
710,9,0,0,11.903,739.387,0.0443333,193.369,0.36,1
223,9,0,0,11.8855,646.157
1680,9,0,0,11.876,581.03
225,9,0,0,11.8732,562.11
215,9,0,0,11.8475,358.782
205,9,0,0,11.8236,204.484
196,9,0,0,11.8105,119.897
195,9,0,0,11.8079,100.335
64,9,0,0,11.79,0
603,9,0,1,12.0162,1343.94,0.0631667,275.514,0.35,2
604,9,0,1,12.0119,1320.8
596,9,0,1,12.0118,1319.83
595,9,0,1,12.0063,1289.42
605,9,0,1,12.0052,1281.43
529,9,0,1,11.9879,1181.4
726,9,0,1,11.972,1080.21
714,9,0,1,11.9719,1078.32
1543,9,0,1,11.967,1047.8
710,9,0,1,11.9473,932.755
1108,9,0,2,12.2678,2602.02,0.0588333,256.613,0.13,3
1109,9,0,2,12.2637,2580.49
1113,9,0,2,12.2564,2544.55
1847,9,0,2,12.2434,2478.7
1086,9,0,2,12.2397,2458.47
1087,9,0,2,12.226,2388.68
1090,9,0,2,12.2168,2341.42
1076,9,0,2,12.1937,2227.24
1074,9,0,2,12.1898,2206.85
1077,9,0,2,12.1794,2152.79
1080,9,0,2,12.1662,2086.35
1079,9,0,2,12.1585,2047.66
1061,9,0,2,12.1543,2026.38
1063,9,0,2,12.1508,2008.57
1062,9,0,2,12.1498,2001.5
2159,9,0,2,12.1496,2000.59
1045,9,0,2,12.1489,1997.44
1012,9,0,2,12.1417,1956.46
1014,9,0,2,12.1413,1954.26
989,9,0,2,12.1308,1898.4
990,9,0,2,12.1207,1848.13
704,9,0,2,12.1094,1790.4
2179,9,0,2,12.1092,1789.53
662,9,0,2,12.103,1759.89
602,9,0,2,12.0921,1692.19
604,9,0,2,12.0896,1675.51
596,9,0,2,12.0895,1674.54
595,9,0,2,12.0835,1641.8
603,9,0,2,12.0793,1619.46
1304,9,0,3,12.4595,3553.28,0.0815,355.478,0.17,4
2163,9,0,3,12.4385,3443.54
2051,9,0,3,12.4049,3265.45
2050,9,0,3,12.3937,3206.44
2106,9,0,3,12.3868,3171.71
2039,9,0,3,12.3691,3077.74
1106,9,0,3,12.3592,3024.79
2035,9,0,3,12.3467,2957.97
1108,9,0,3,12.3266,2858.64
1302,9,0,4,12.587,4142.76,0.106833,465.975,0.24,5
1303,9,0,4,12.5666,4039.23
1305,9,0,4,12.5531,3970.31
1304,9,0,4,12.541,3908.76
895,9,0,5,12.8596,5457.47,0.0435,189.734,0.02,6
896,9,0,5,12.8559,5439.23
892,9,0,5,12.8524,5421.45
906,9,0,5,12.8341,5328.65
1555,9,0,5,12.8087,5185.9
2157,9,0,5,12.796,5125.26
2019,9,0,5,12.767,4990.09
929,9,0,5,12.7666,4988.1
938,9,0,5,12.7545,4921.97
950,9,0,5,12.7386,4840.95
951,9,0,5,12.7321,4807.69
949,9,0,5,12.7205,4748.41
1302,9,0,5,12.6938,4608.74
978,9,0,6,13.0711,6496.16,0.0648333,282.783,0.06,7
1010,9,0,6,13.0554,6416.01
1011,9,0,6,13.042,6346.6
1009,9,0,6,13.0368,6318.98
1041,9,0,6,13.0366,6318.29
1039,9,0,6,13.0289,6277.81
1037,9,0,6,13.0193,6230.33
1034,9,0,6,13.0106,6184.64
2032,9,0,6,12.9952,6107.05
1050,9,0,6,12.9639,5952.95
1049,9,0,6,12.9639,5952.86
1025,9,0,6,12.9551,5909.2
1029,9,0,6,12.9418,5842.37
1027,9,0,6,12.93,5783.41
898,9,0,6,12.9217,5739.88
895,9,0,6,12.9031,5647.21
636,9,0,7,13.2132,7160.37,0.0665,290.053,0.15,8
633,9,0,7,13.2075,7130.84
639,9,0,7,13.204,7112.7
1993,9,0,7,13.1925,7054.41
1995,9,0,7,13.1856,7020.05
1996,9,0,7,13.1795,6990.1
1997,9,0,7,13.1756,6970.2
2027,9,0,7,13.1507,6849.43
2026,9,0,7,13.1449,6820.94
978,9,0,7,13.1359,6778.94
455,9,0,8,13.4423,8319.53,0.0423333,184.645,0.11,9
453,9,0,8,13.4337,8254.07
452,9,0,8,13.4214,8166.75
1678,9,0,8,13.4057,8082.36
474,9,0,8,13.3857,7982.85
2140,9,0,8,13.3775,7945.01
475,9,0,8,13.3708,7913.74
499,9,0,8,13.3631,7874.15
500,9,0,8,13.3585,7850.75
518,9,0,8,13.3529,7822.56
1754,9,0,8,13.3397,7760.7
540,9,0,8,13.3312,7716.8
541,9,0,8,13.3204,7661.65
572,9,0,8,13.3117,7615.9
1994,9,0,8,13.302,7565.62
562,9,0,8,13.2925,7516.57
639,9,0,8,13.289,7499.13
638,9,0,8,13.2838,7471.34
636,9,0,8,13.2797,7450.42
220,9,0,9,13.5761,9042.6,0.072,314.042,0.12,10
222,9,0,9,13.5681,8994.87
229,9,0,9,13.5427,8856.22
450,9,0,9,13.5323,8799.33
459,9,0,9,13.5163,8711.97
458,9,0,9,13.5096,8666.56
456,9,0,9,13.501,8606.16
457,9,0,9,13.495,8573.11
454,9,0,9,13.4873,8519.13
455,9,0,9,13.4847,8504.17
64,9,0,10,13.7437,9893.44,0,0,0
195,9,0,10,13.7194,9765.78
196,9,0,10,13.7167,9746.18
205,9,0,10,13.7017,9659.06
215,9,0,10,13.6702,9484.75
2130,9,0,10,13.6661,9451.1
220,9,0,10,13.6481,9356.64
220,10,0,0,12.8402,511.167,0.0923333,402.73,0.08,1
2130,10,0,0,12.8224,417.757
215,10,0,0,12.8169,383.417
205,10,0,0,12.7889,223.068
196,10,0,0,12.775,137.521
195,10,0,0,12.7719,117.624
64,10,0,0,12.75,0
710,10,0,1,12.997,1250.5,0.0983333,428.9,0.42,2
223,10,0,1,12.9804,1161.15
224,10,0,1,12.9585,1054.49
222,10,0,1,12.9426,968.676
220,10,0,1,12.9326,913.897
455,10,0,2,13.156,2068.33,0.0423333,184.645,0.11,3
454,10,0,2,13.1528,2050.95
457,10,0,2,13.1462,1996.88
456,10,0,2,13.1413,1967.85
458,10,0,2,13.1321,1906.93
459,10,0,2,13.1254,1861.58
1543,10,0,2,13.1169,1799.77
710,10,0,2,13.0954,1679.4
1108,10,0,3,13.462,3715.07,0.0723333,315.496,0.16,4
1109,10,0,3,13.4579,3693.69
1113,10,0,3,13.4515,3661.44
1847,10,0,3,13.4397,3600.81
1086,10,0,3,13.4361,3580.62
1087,10,0,3,13.4226,3512.06
1090,10,0,3,13.414,3467.3
1076,10,0,3,13.396,3373.97
1074,10,0,3,13.3919,3353.31
1077,10,0,3,13.3785,3286.34
1080,10,0,3,13.3636,3212.99
1079,10,0,3,13.3565,3176.51
1061,10,0,3,13.3522,3155.22
1063,10,0,3,13.349,3138.38
1062,10,0,3,13.348,3131.34
2159,10,0,3,13.3478,3130.36
1045,10,0,3,13.3471,3127.21
1012,10,0,3,13.3399,3086.22
2028,10,0,3,13.3318,3040.76
989,10,0,3,13.3284,3025.02
990,10,0,3,13.3183,2974.76
991,10,0,3,13.3157,2962.41
706,10,0,3,13.3087,2922.94
704,10,0,3,13.3061,2910.17
2179,10,0,3,13.3059,2909.31
662,10,0,3,13.2997,2879.66
602,10,0,3,13.2885,2811.52
599,10,0,3,13.284,2786.83
605,10,0,3,13.2788,2758.7
529,10,0,3,13.2622,2659.81
726,10,0,3,13.2461,2558.27
714,10,0,3,13.2459,2556.39
1543,10,0,3,13.2401,2523.95
459,10,0,3,13.23,2460.77
458,10,0,3,13.2233,2415.36
456,10,0,3,13.2147,2354.96
457,10,0,3,13.2087,2321.91
454,10,0,3,13.201,2267.93
455,10,0,3,13.1984,2252.97
1304,10,0,4,13.6629,4709.04,0.0735,320.585,0.21,5
952,10,0,4,13.6389,4577.72
953,10,0,4,13.6266,4516.67
2023,10,0,4,13.6258,4512.57
2108,10,0,4,13.6116,4436.91
1794,10,0,4,13.6053,4404.56
2106,10,0,4,13.5914,4330.81
2039,10,0,4,13.5728,4233.29
1106,10,0,4,13.5626,4178.89
2035,10,0,4,13.5506,4114.3
1108,10,0,4,13.5343,4030.57
1302,10,0,5,13.7835,5268.62,0.035,152.659,0.22,6
1303,10,0,5,13.7631,5164.93
1305,10,0,5,13.7479,5088.91
1304,10,0,5,13.7364,5029.63
895,10,0,6,13.9674,6199.05,0.0823333,359.113,0.02,7
896,10,0,6,13.9637,6180.81
892,10,0,6,13.96,6162.06
906,10,0,6,13.9474,6093.2
1555,10,0,6,13.9192,5938.6
2157,10,0,6,13.9082,5884.85
2019,10,0,6,13.8814,5758.59
929,10,0,6,13.881,5756.61
938,10,0,6,13.869,5690.76
950,10,0,6,13.8555,5620.2
951,10,0,6,13.8485,5584.48
949,10,0,6,13.8375,5528
1302,10,0,6,13.8185,5421.28
978,10,0,7,14.2157,7397.53,0.0373333,162.837,0.05,8
1010,10,0,7,14.2009,7320.76
1011,10,0,7,14.1867,7248.12
1009,10,0,7,14.1811,7218.69
1038,10,0,7,14.1729,7178.09
1039,10,0,7,14.1723,7175.42
1037,10,0,7,14.1625,7126.85
1034,10,0,7,14.1542,7083.01
2032,10,0,7,14.1388,7005.42
1050,10,0,7,14.1124,6871.64
1049,10,0,7,14.1124,6871.55
1025,10,0,7,14.105,6833.85
1029,10,0,7,14.092,6768.06
1027,10,0,7,14.0791,6704.68
898,10,0,7,14.0687,6652.2
895,10,0,7,14.0498,6558.17
636,10,0,8,14.3328,7950.79,0.0391667,170.833,0.15,9
631,10,0,8,14.3261,7917.99
630,10,0,8,14.3203,7889.48
637,10,0,8,14.3097,7837.4
1996,10,0,8,14.2973,7774.11
1997,10,0,8,14.2934,7754.21
2027,10,0,8,14.2662,7623.99
2026,10,0,8,14.2604,7595.51
978,10,0,8,14.2531,7560.36
603,10,0,9,14.4562,8557.35,0.0658333,287.145,0.35,10
604,10,0,9,14.4514,8531.94
596,10,0,9,14.4513,8530.97
580,10,0,9,14.437,8454.76
583,10,0,9,14.4308,8424.95
587,10,0,9,14.4286,8410.52
578,10,0,9,14.4255,8393.7
575,10,0,9,14.42,8362.6
571,10,0,9,14.4171,8346.47
570,10,0,9,14.4122,8323.2
1994,10,0,9,14.3995,8258.84
562,10,0,9,14.3861,8193.79
639,10,0,9,14.3826,8176.35
638,10,0,9,14.3759,8142.32
636,10,0,9,14.3719,8121.62
64,10,0,10,14.684,9869.31,0,0,0
195,10,0,10,14.6624,9753.06
196,10,0,10,14.6597,9733.48
205,10,0,10,14.6454,9647.4
215,10,0,10,14.621,9492.42
225,10,0,10,14.5961,9288.58
715,10,0,10,14.5612,9098.04
714,10,0,10,14.5574,9074.2
726,10,0,10,14.5573,9072.34
529,10,0,10,14.5432,8972.73
605,10,0,10,14.5278,8875.47
603,10,0,10,14.522,8844.49
220,11,0,0,12.9802,511.167,0.0923333,402.73,0.08,1
2130,11,0,0,12.9624,417.757
215,11,0,0,12.9569,383.417
205,11,0,0,12.9289,223.068
196,11,0,0,12.915,137.521
195,11,0,0,12.9119,117.624
64,11,0,0,12.89,0
455,11,0,1,13.1663,1463.97,0.0423333,184.645,0.11,2
454,11,0,1,13.1631,1446.59
457,11,0,1,13.1565,1392.52
456,11,0,1,13.1516,1363.49
458,11,0,1,13.1423,1302.57
459,11,0,1,13.1357,1257.22
450,11,0,1,13.1205,1173.3
229,11,0,1,13.1094,1113.43
222,11,0,1,13.0812,962.82
220,11,0,1,13.0726,913.897
1108,11,0,2,13.4722,3110.71,0.0723333,315.496,0.16,3
1109,11,0,2,13.4682,3089.33
1113,11,0,2,13.4618,3057.08
1847,11,0,2,13.45,2996.45
1086,11,0,2,13.4463,2976.26
1087,11,0,2,13.4329,2907.7
1090,11,0,2,13.4243,2862.94
1076,11,0,2,13.4062,2769.61
1074,11,0,2,13.4022,2748.95
1077,11,0,2,13.3888,2681.98
1080,11,0,2,13.3739,2608.63
1079,11,0,2,13.3667,2572.15
1061,11,0,2,13.3625,2550.86
1063,11,0,2,13.3593,2534.02
1062,11,0,2,13.3583,2526.98
2159,11,0,2,13.358,2526
1045,11,0,2,13.3574,2522.85
1012,11,0,2,13.3501,2481.86
2028,11,0,2,13.3421,2436.4
989,11,0,2,13.3387,2420.66
990,11,0,2,13.3286,2370.4
991,11,0,2,13.326,2358.05
706,11,0,2,13.319,2318.58
704,11,0,2,13.3164,2305.81
2179,11,0,2,13.3162,2304.95
662,11,0,2,13.31,2275.3
602,11,0,2,13.2987,2207.17
599,11,0,2,13.2942,2182.47
605,11,0,2,13.2891,2154.34
529,11,0,2,13.2725,2055.45
726,11,0,2,13.2564,1953.91
714,11,0,2,13.2562,1952.03
1543,11,0,2,13.2504,1919.6
459,11,0,2,13.2403,1856.41
458,11,0,2,13.2336,1811.01
456,11,0,2,13.225,1750.6
457,11,0,2,13.2189,1717.56
454,11,0,2,13.2113,1663.57
455,11,0,2,13.2086,1648.61
1304,11,0,3,13.6731,4104.69,0.0735,320.585,0.21,4
952,11,0,3,13.6491,3973.36
953,11,0,3,13.6369,3912.31
2023,11,0,3,13.6361,3908.21
2108,11,0,3,13.6218,3832.55
1794,11,0,3,13.6156,3800.2
2106,11,0,3,13.6017,3726.45
2039,11,0,3,13.5831,3628.93
1106,11,0,3,13.5729,3574.53
2035,11,0,3,13.5609,3509.94
1108,11,0,3,13.5446,3426.21
1302,11,0,4,13.7938,4664.26,0.035,152.659,0.22,5
1303,11,0,4,13.7734,4560.57
1305,11,0,4,13.7582,4484.55
1304,11,0,4,13.7466,4425.27
895,11,0,5,13.9777,5594.69,0.0823333,359.113,0.02,6
896,11,0,5,13.974,5576.45
892,11,0,5,13.9703,5557.7
906,11,0,5,13.9577,5488.84
1555,11,0,5,13.9294,5334.24
2157,11,0,5,13.9185,5280.49
2019,11,0,5,13.8917,5154.23
929,11,0,5,13.8912,5152.25
938,11,0,5,13.8793,5086.4
950,11,0,5,13.8658,5015.84
951,11,0,5,13.8588,4980.12
949,11,0,5,13.8478,4923.64
1302,11,0,5,13.8288,4816.92
978,11,0,6,14.226,6793.17,0.0373333,162.837,0.05,7
1010,11,0,6,14.2112,6716.4
1011,11,0,6,14.197,6643.76
1009,11,0,6,14.1913,6614.33
1038,11,0,6,14.1832,6573.73
1039,11,0,6,14.1826,6571.06
1037,11,0,6,14.1727,6522.49
1034,11,0,6,14.1645,6478.66
2032,11,0,6,14.149,6401.06
1050,11,0,6,14.1227,6267.28
1049,11,0,6,14.1227,6267.19
1025,11,0,6,14.1153,6229.49
1029,11,0,6,14.1023,6163.7
1027,11,0,6,14.0894,6100.32
898,11,0,6,14.079,6047.84
895,11,0,6,14.06,5953.81
636,11,0,7,14.3431,7346.43,0.0391667,170.833,0.15,8
631,11,0,7,14.3364,7313.63
630,11,0,7,14.3306,7285.12
637,11,0,7,14.32,7233.04
1996,11,0,7,14.3076,7169.75
1997,11,0,7,14.3037,7149.85
2027,11,0,7,14.2764,7019.63
2026,11,0,7,14.2706,6991.15
978,11,0,7,14.2633,6956
603,11,0,8,14.4665,7952.99,0.0658333,287.145,0.35,9
604,11,0,8,14.4617,7927.58
596,11,0,8,14.4616,7926.61
580,11,0,8,14.4473,7850.4
583,11,0,8,14.4411,7820.59
587,11,0,8,14.4388,7806.16
578,11,0,8,14.4358,7789.34
575,11,0,8,14.4302,7758.24
571,11,0,8,14.4273,7742.11
570,11,0,8,14.4225,7718.84
1994,11,0,8,14.4098,7654.49
562,11,0,8,14.3964,7589.43
639,11,0,8,14.3929,7571.99
638,11,0,8,14.3862,7537.96
636,11,0,8,14.3822,7517.26
710,11,0,9,14.5961,8653.53,0.0876667,382.376,0.44,10
1543,11,0,9,14.5762,8538.16
715,11,0,9,14.5715,8493.68
714,11,0,9,14.5677,8469.84
726,11,0,9,14.5675,8467.98
529,11,0,9,14.5535,8368.37
605,11,0,9,14.5381,8271.11
603,11,0,9,14.5323,8240.13
64,11,0,10,14.7925,9734.74,0,0,0
195,11,0,10,14.7709,9618.49
196,11,0,10,14.7682,9598.91
205,11,0,10,14.7539,9512.83
215,11,0,10,14.7295,9357.85
225,11,0,10,14.7046,9154.01
1680,11,0,10,14.7018,9135.17
710,11,0,10,14.6838,9035.9
220,12,0,0,12.8902,511.167,0.0923333,402.73,0.08,1
2130,12,0,0,12.8724,417.757
215,12,0,0,12.8669,383.417
205,12,0,0,12.8389,223.068
196,12,0,0,12.825,137.521
195,12,0,0,12.8219,117.624
64,12,0,0,12.8,0
710,12,0,1,13.047,1250.5,0.0466667,203.546,0.45,2
223,12,0,1,13.0304,1161.15
224,12,0,1,13.0085,1054.49
222,12,0,1,12.9926,968.676
220,12,0,1,12.9826,913.897
455,12,0,2,13.1544,1842.97,0.0423333,184.645,0.11,3
454,12,0,2,13.1511,1825.59
457,12,0,2,13.1446,1771.53
456,12,0,2,13.1396,1742.49
458,12,0,2,13.1304,1681.58
459,12,0,2,13.1238,1636.23
1543,12,0,2,13.1152,1574.42
710,12,0,2,13.0937,1454.05
1108,12,0,3,13.4603,3489.72,0.0723333,315.496,0.16,4
1109,12,0,3,13.4562,3468.33
1113,12,0,3,13.4498,3436.08
1847,12,0,3,13.4381,3375.45
1086,12,0,3,13.4344,3355.26
1087,12,0,3,13.421,3286.71
1090,12,0,3,13.4124,3241.94
1076,12,0,3,13.3943,3148.62
1074,12,0,3,13.3903,3127.95
1077,12,0,3,13.3768,3060.98
1080,12,0,3,13.3619,2987.63
1079,12,0,3,13.3548,2951.15
1061,12,0,3,13.3505,2929.87
1063,12,0,3,13.3473,2913.03
1062,12,0,3,13.3463,2905.99
2159,12,0,3,13.3461,2905
1045,12,0,3,13.3454,2901.85
1012,12,0,3,13.3382,2860.87
2028,12,0,3,13.3301,2815.4
989,12,0,3,13.3267,2799.67
990,12,0,3,13.3167,2749.41
991,12,0,3,13.3141,2737.05
706,12,0,3,13.3071,2697.59
704,12,0,3,13.3044,2684.82
2179,12,0,3,13.3042,2683.96
662,12,0,3,13.298,2654.31
602,12,0,3,13.2868,2586.17
599,12,0,3,13.2823,2561.47
605,12,0,3,13.2771,2533.35
529,12,0,3,13.2606,2434.45
726,12,0,3,13.2444,2332.92
714,12,0,3,13.2442,2331.04
1543,12,0,3,13.2385,2298.6
459,12,0,3,13.2283,2235.42
458,12,0,3,13.2216,2190.01
456,12,0,3,13.213,2129.61
457,12,0,3,13.207,2096.56
454,12,0,3,13.1994,2042.58
455,12,0,3,13.1967,2027.62
1304,12,0,4,13.6612,4483.69,0.0735,320.585,0.21,5
952,12,0,4,13.6372,4352.37
953,12,0,4,13.6249,4291.32
2023,12,0,4,13.6241,4287.22
2108,12,0,4,13.6099,4211.55
1794,12,0,4,13.6036,4179.21
2106,12,0,4,13.5897,4105.45
2039,12,0,4,13.5712,4007.94
1106,12,0,4,13.5609,3953.53
2035,12,0,4,13.5489,3888.95
1108,12,0,4,13.5326,3805.21
1302,12,0,5,13.7818,5043.27,0.035,152.659,0.22,6
1303,12,0,5,13.7615,4939.58
1305,12,0,5,13.7462,4863.56
1304,12,0,5,13.7347,4804.28
895,12,0,6,13.9658,5973.7,0.0823333,359.113,0.02,7
896,12,0,6,13.9621,5955.46
892,12,0,6,13.9583,5936.71
906,12,0,6,13.9457,5867.85
1555,12,0,6,13.9175,5713.25
2157,12,0,6,13.9066,5659.5
2019,12,0,6,13.8797,5533.24
929,12,0,6,13.8793,5531.26
938,12,0,6,13.8673,5465.41
950,12,0,6,13.8538,5394.84
951,12,0,6,13.8468,5359.13
949,12,0,6,13.8359,5302.65
1302,12,0,6,13.8168,5195.93
978,12,0,7,14.2141,7172.17,0.0373333,162.837,0.05,8
1010,12,0,7,14.1992,7095.41
1011,12,0,7,14.185,7022.77
1009,12,0,7,14.1794,6993.33
1038,12,0,7,14.1712,6952.74
1039,12,0,7,14.1706,6950.06
1037,12,0,7,14.1608,6901.5
1034,12,0,7,14.1526,6857.66
2032,12,0,7,14.1371,6780.07
1050,12,0,7,14.1107,6646.28
1049,12,0,7,14.1107,6646.19
1025,12,0,7,14.1033,6608.49
1029,12,0,7,14.0903,6542.71
1027,12,0,7,14.0775,6479.33
898,12,0,7,14.0671,6426.85
895,12,0,7,14.0481,6332.81
636,12,0,8,14.3311,7725.43,0.0391667,170.833,0.15,9
631,12,0,8,14.3244,7692.64
630,12,0,8,14.3186,7664.12
637,12,0,8,14.308,7612.04
1996,12,0,8,14.2956,7548.76
1997,12,0,8,14.2917,7528.85
2027,12,0,8,14.2645,7398.64
2026,12,0,8,14.2587,7370.15
978,12,0,8,14.2514,7335.01
603,12,0,9,14.4545,8331.99,0.0658333,287.145,0.35,10
604,12,0,9,14.4497,8306.58
596,12,0,9,14.4496,8305.61
580,12,0,9,14.4353,8229.41
583,12,0,9,14.4291,8199.59
587,12,0,9,14.4269,8185.16
578,12,0,9,14.4238,8168.35
575,12,0,9,14.4183,8137.24
571,12,0,9,14.4154,8121.12
570,12,0,9,14.4106,8097.85
1994,12,0,9,14.3978,8033.49
562,12,0,9,14.3844,7968.44
639,12,0,9,14.381,7950.99
638,12,0,9,14.3743,7916.96
636,12,0,9,14.3703,7896.26
64,12,0,10,14.6823,9643.96,0,0,0
195,12,0,10,14.6607,9527.7
196,12,0,10,14.658,9508.12
205,12,0,10,14.6438,9422.04
215,12,0,10,14.6193,9267.06
225,12,0,10,14.5945,9063.23
715,12,0,10,14.5595,8872.69
714,12,0,10,14.5558,8848.84
726,12,0,10,14.5556,8846.99
529,12,0,10,14.5415,8747.38
605,12,0,10,14.5262,8650.12
603,12,0,10,14.5204,8619.14
220,13,0,0,13.0702,511.167,0.072,314.042,0.12,1
2130,13,0,0,13.0524,417.757
215,13,0,0,13.0469,383.417
205,13,0,0,13.0189,223.068
196,13,0,0,13.005,137.521
195,13,0,0,13.0019,117.624
64,13,0,0,12.98,0
455,13,0,1,13.236,1375.28,0.0423333,184.645,0.11,2
454,13,0,1,13.2327,1357.9
457,13,0,1,13.2262,1303.83
456,13,0,1,13.2212,1274.8
458,13,0,1,13.212,1213.88
459,13,0,1,13.2054,1168.53
450,13,0,1,13.1902,1084.61
229,13,0,1,13.1791,1024.74
222,13,0,1,13.1509,874.132
220,13,0,1,13.1422,825.209
710,13,0,2,13.3434,1959.13,0.0466667,203.546,0.45,3
1543,13,0,2,13.3201,1830.91
459,13,0,2,13.3099,1767.72
458,13,0,2,13.3032,1722.32
456,13,0,2,13.2946,1661.92
457,13,0,2,13.2886,1628.87
454,13,0,2,13.281,1574.89
455,13,0,2,13.2783,1559.93
1108,13,0,3,13.6334,3474.52,0.0723333,315.496,0.16,4
1109,13,0,3,13.6284,3449.09
1113,13,0,3,13.6228,3419.86
1847,13,0,3,13.6111,3359.89
1086,13,0,3,13.6075,3339.71
1087,13,0,3,13.594,3271.15
1090,13,0,3,13.5854,3226.39
1076,13,0,3,13.5674,3133.06
1074,13,0,3,13.5634,3112.4
1077,13,0,3,13.5499,3045.43
1080,13,0,3,13.535,2972.08
1079,13,0,3,13.5279,2935.6
1061,13,0,3,13.5236,2914.31
1063,13,0,3,13.5204,2897.47
1062,13,0,3,13.5194,2890.43
2159,13,0,3,13.5192,2889.45
1045,13,0,3,13.5185,2886.3
1012,13,0,3,13.5113,2845.31
2028,13,0,3,13.5032,2799.85
989,13,0,3,13.4998,2784.11
990,13,0,3,13.4898,2733.85
991,13,0,3,13.4872,2721.5
706,13,0,3,13.4802,2682.03
704,13,0,3,13.4775,2669.26
2179,13,0,3,13.4773,2668.4
662,13,0,3,13.4711,2638.75
602,13,0,3,13.4599,2570.61
599,13,0,3,13.4554,2545.91
605,13,0,3,13.4502,2517.79
529,13,0,3,13.4337,2418.9
726,13,0,3,13.4175,2317.36
714,13,0,3,13.4173,2315.48
1543,13,0,3,13.4115,2283.04
710,13,0,3,13.39,2162.68
1304,13,0,4,13.8344,4468.49,0.0735,320.585,0.21,5
952,13,0,4,13.8104,4337.17
953,13,0,4,13.7981,4276.12
2023,13,0,4,13.7973,4272.02
2108,13,0,4,13.7831,4196.36
1794,13,0,4,13.7768,4164.01
2106,13,0,4,13.7629,4090.26
2039,13,0,4,13.7443,3992.74
1106,13,0,4,13.7341,3938.34
2035,13,0,4,13.7221,3873.75
1108,13,0,4,13.7058,3790.02
1302,13,0,5,13.955,5028.07,0.035,152.659,0.22,6
1303,13,0,5,13.9346,4924.38
1305,13,0,5,13.9194,4848.36
1304,13,0,5,13.9079,4789.08
895,13,0,6,14.1389,5958.5,0.081,353.298,0.02,7
896,13,0,6,14.1352,5940.26
892,13,0,6,14.1315,5921.51
906,13,0,6,14.1189,5852.65
1555,13,0,6,14.0907,5698.05
2157,13,0,6,14.0797,5644.3
2019,13,0,6,14.0529,5518.04
929,13,0,6,14.0525,5516.06
938,13,0,6,14.0405,5450.21
950,13,0,6,14.027,5379.65
951,13,0,6,14.02,5343.93
949,13,0,6,14.009,5287.45
1302,13,0,6,13.99,5180.73
978,13,0,7,14.3859,7151.16,0.0373333,162.837,0.05,8
1010,13,0,7,14.3711,7074.39
1011,13,0,7,14.3568,7001.75
1009,13,0,7,14.3512,6972.32
1038,13,0,7,14.3431,6931.72
1039,13,0,7,14.3425,6929.05
1037,13,0,7,14.3326,6880.49
1034,13,0,7,14.3244,6836.65
2032,13,0,7,14.3089,6759.05
1050,13,0,7,14.2826,6625.27
1049,13,0,7,14.2825,6625.18
1025,13,0,7,14.2752,6587.48
1029,13,0,7,14.2622,6521.69
1027,13,0,7,14.2493,6458.32
898,13,0,7,14.2389,6405.83
895,13,0,7,14.2199,6311.8
636,13,0,8,14.5029,7704.42,0.0391667,170.833,0.15,9
631,13,0,8,14.4962,7671.63
630,13,0,8,14.4905,7643.11
637,13,0,8,14.4799,7591.03
1996,13,0,8,14.4674,7527.74
1997,13,0,8,14.4636,7507.84
2027,13,0,8,14.4363,7377.62
2026,13,0,8,14.4305,7349.14
978,13,0,8,14.4232,7314
603,13,0,9,14.6264,8310.98,0.0658333,287.145,0.35,10
604,13,0,9,14.6216,8285.57
596,13,0,9,14.6214,8284.6
580,13,0,9,14.6072,8208.39
583,13,0,9,14.6009,8178.58
587,13,0,9,14.5987,8164.15
578,13,0,9,14.5957,8147.34
575,13,0,9,14.5901,8116.23
571,13,0,9,14.5872,8100.11
570,13,0,9,14.5824,8076.83
1994,13,0,9,14.5697,8012.48
562,13,0,9,14.5563,7947.42
639,13,0,9,14.5528,7929.98
638,13,0,9,14.5461,7895.95
636,13,0,9,14.5421,7875.25
64,13,0,10,14.8542,9622.94,0,0,0
195,13,0,10,14.8326,9506.69
196,13,0,10,14.8299,9487.11
205,13,0,10,14.8156,9401.03
215,13,0,10,14.7912,9246.05
225,13,0,10,14.7663,9042.22
715,13,0,10,14.7314,8851.67
714,13,0,10,14.7276,8827.83
726,13,0,10,14.7274,8825.97
529,13,0,10,14.7134,8726.36
605,13,0,10,14.698,8629.11
603,13,0,10,14.6922,8598.13
220,14,0,0,13.0102,511.167,0.072,314.042,0.12,1
2130,14,0,0,12.9924,417.757
215,14,0,0,12.9869,383.417
205,14,0,0,12.9589,223.068
196,14,0,0,12.945,137.521
195,14,0,0,12.9419,117.624
64,14,0,0,12.92,0
710,14,0,1,13.149,1171.13,0.0466667,203.546,0.45,2
223,14,0,1,13.1299,1071.11
224,14,0,1,13.1066,958.91
222,14,0,1,13.0909,874.132
220,14,0,1,13.0822,825.209
455,14,0,2,13.2563,1763.6,0.0423333,184.645,0.11,3
454,14,0,2,13.2531,1746.22
457,14,0,2,13.2465,1692.15
456,14,0,2,13.2416,1663.11
458,14,0,2,13.2323,1602.2
459,14,0,2,13.2257,1556.85
1543,14,0,2,13.2171,1495.04
710,14,0,2,13.1956,1374.67
1108,14,0,3,13.5622,3410.34,0.0723333,315.496,0.16,4
1109,14,0,3,13.5582,3388.96
1113,14,0,3,13.5518,3356.71
1847,14,0,3,13.54,3296.07
1086,14,0,3,13.5363,3275.89
1087,14,0,3,13.5229,3207.33
1090,14,0,3,13.5143,3162.57
1076,14,0,3,13.4962,3069.24
1074,14,0,3,13.4922,3048.58
1077,14,0,3,13.4788,2981.61
1080,14,0,3,13.4639,2908.26
1079,14,0,3,13.4567,2871.78
1061,14,0,3,13.4525,2850.49
1063,14,0,3,13.4493,2833.65
1062,14,0,3,13.4483,2826.61
2159,14,0,3,13.4481,2825.63
1045,14,0,3,13.4474,2822.48
1012,14,0,3,13.4402,2781.49
2028,14,0,3,13.4321,2736.03
989,14,0,3,13.4287,2720.29
990,14,0,3,13.4186,2670.03
991,14,0,3,13.416,2657.68
706,14,0,3,13.409,2618.21
704,14,0,3,13.4064,2605.44
2179,14,0,3,13.4062,2604.58
662,14,0,3,13.4,2574.93
602,14,0,3,13.3887,2506.79
599,14,0,3,13.3842,2482.09
605,14,0,3,13.3791,2453.97
529,14,0,3,13.3625,2355.08
726,14,0,3,13.3464,2253.54
714,14,0,3,13.3462,2251.66
1543,14,0,3,13.3404,2219.22
459,14,0,3,13.3303,2156.04
458,14,0,3,13.3236,2110.63
456,14,0,3,13.315,2050.23
457,14,0,3,13.309,2017.18
454,14,0,3,13.3013,1963.2
455,14,0,3,13.2986,1948.24
1304,14,0,4,13.7632,4404.31,0.0735,320.585,0.21,5
952,14,0,4,13.7391,4272.99
953,14,0,4,13.7269,4211.94
2023,14,0,4,13.7261,4207.84
2108,14,0,4,13.7119,4132.18
1794,14,0,4,13.7056,4099.83
2106,14,0,4,13.6917,4026.08
2039,14,0,4,13.6731,3928.56
1106,14,0,4,13.6629,3874.16
2035,14,0,4,13.6509,3809.57
1108,14,0,4,13.6346,3725.83
1302,14,0,5,13.8838,4963.89,0.035,152.659,0.22,6
1303,14,0,5,13.8634,4860.2
1305,14,0,5,13.8482,4784.18
1304,14,0,5,13.8367,4724.9
895,14,0,6,14.0677,5894.32,0.081,353.298,0.02,7
896,14,0,6,14.064,5876.08
892,14,0,6,14.0603,5857.33
906,14,0,6,14.0477,5788.47
1555,14,0,6,14.0195,5633.87
2157,14,0,6,14.0085,5580.12
2019,14,0,6,13.9817,5453.86
929,14,0,6,13.9813,5451.88
938,14,0,6,13.9693,5386.03
950,14,0,6,13.9558,5315.47
951,14,0,6,13.9488,5279.75
949,14,0,6,13.9378,5223.27
1302,14,0,6,13.9188,5116.55
978,14,0,7,14.3147,7086.98,0.0373333,162.837,0.05,8
1010,14,0,7,14.2999,7010.21
1011,14,0,7,14.2856,6937.58
1009,14,0,7,14.28,6908.14
1038,14,0,7,14.2718,6867.54
1039,14,0,7,14.2713,6864.87
1037,14,0,7,14.2614,6816.31
1034,14,0,7,14.2532,6772.47
2032,14,0,7,14.2377,6694.87
1050,14,0,7,14.2114,6561.09
1049,14,0,7,14.2113,6561
1025,14,0,7,14.204,6523.3
1029,14,0,7,14.1909,6457.51
1027,14,0,7,14.1781,6394.14
898,14,0,7,14.1677,6341.65
895,14,0,7,14.1487,6247.62
636,14,0,8,14.4317,7640.24,0.0391667,170.833,0.15,9
631,14,0,8,14.425,7607.45
630,14,0,8,14.4192,7578.93
637,14,0,8,14.4087,7526.85
1996,14,0,8,14.3962,7463.56
1997,14,0,8,14.3923,7443.66
2027,14,0,8,14.3651,7313.44
2026,14,0,8,14.3593,7284.96
978,14,0,8,14.352,7249.82
603,14,0,9,14.5552,8246.8,0.0658333,287.145,0.35,10
604,14,0,9,14.5504,8221.39
596,14,0,9,14.5502,8220.42
580,14,0,9,14.536,8144.21
583,14,0,9,14.5297,8114.4
587,14,0,9,14.5275,8099.97
578,14,0,9,14.5244,8083.16
575,14,0,9,14.5189,8052.05
571,14,0,9,14.516,8035.93
570,14,0,9,14.5112,8012.65
1994,14,0,9,14.4984,7948.3
562,14,0,9,14.4851,7883.24
639,14,0,9,14.4816,7865.8
638,14,0,9,14.4749,7831.77
636,14,0,9,14.4709,7811.07
64,14,0,10,14.7829,9558.76,0,0,0
195,14,0,10,14.7614,9442.51
196,14,0,10,14.7586,9422.93
205,14,0,10,14.7444,9336.85
215,14,0,10,14.72,9181.87
225,14,0,10,14.6951,8978.04
715,14,0,10,14.6601,8787.49
714,14,0,10,14.6564,8763.65
726,14,0,10,14.6562,8761.79
529,14,0,10,14.6422,8662.18
605,14,0,10,14.6268,8564.93
603,14,0,10,14.621,8533.95
