Nodo,Individuo,Ruta,Segmento,Tiempo viaje,Costo viaje,Tiempo atencion,Costo atencion,Tasa fallo,Demanda
603,0,0,0,11.1684,1012.31,0.109,475.425,0.32,1
604,0,0,0,11.1641,989.164
596,0,0,0,11.164,988.193
595,0,0,0,11.1585,957.784
605,0,0,0,11.1574,949.793
529,0,0,0,11.1402,849.768
726,0,0,0,11.1243,748.573
714,0,0,0,11.1241,746.688
715,0,0,0,11.1207,723.201
225,0,0,0,11.1032,562.11
215,0,0,0,11.0775,358.782
205,0,0,0,11.0536,204.484
196,0,0,0,11.0405,119.897
195,0,0,0,11.0379,100.335
64,0,0,0,11.02,0
1108,0,0,1,11.4695,2486.85,0.0935,407.819,0.09,2
1109,0,0,1,11.4652,2464.18
1113,0,0,1,11.4583,2430.03
1847,0,0,1,11.4449,2362.5
1086,0,0,1,11.4413,2342.47
1087,0,0,1,11.4267,2269.28
1090,0,0,1,11.418,2224.12
1076,0,0,1,11.3919,2097.14
1074,0,0,1,11.3878,2076.03
1077,0,0,1,11.3782,2025.21
1080,0,0,1,11.3647,1958
1079,0,0,1,11.3581,1923.55
1061,0,0,1,11.3538,1902.26
1063,0,0,1,11.3503,1884.1
1062,0,0,1,11.3492,1877.02
2159,0,0,1,11.349,1875.9
1045,0,0,1,11.3483,1872.75
1012,0,0,1,11.3411,1831.77
1014,0,0,1,11.3405,1828.9
989,0,0,1,11.3295,1770.6
990,0,0,1,11.3194,1720.33
991,0,0,1,11.3168,1707.98
706,0,0,1,11.3098,1668.52
704,0,0,1,11.3072,1655.75
2179,0,0,1,11.307,1654.88
662,0,0,1,11.3008,1625.24
602,0,0,1,11.2894,1556.96
604,0,0,1,11.2869,1540.16
596,0,0,1,11.2867,1539.19
595,0,0,1,11.2813,1508.78
603,0,0,1,11.2774,1487.73
1304,0,0,2,11.6926,3577.29,0.0428333,186.826,0.12,3
952,0,0,2,11.6682,3444.3
953,0,0,2,11.6574,3389.53
2023,0,0,2,11.6566,3385.43
2108,0,0,2,11.6401,3300.22
1794,0,0,2,11.6331,3264.46
2106,0,0,2,11.6178,3185.09
2039,0,0,2,11.6002,3091.56
1106,0,0,2,11.5906,3039.61
2035,0,0,2,11.5763,2965.56
1108,0,0,2,11.563,2894.67
895,0,0,3,11.8942,4576.55,0.103333,450.709,0.01,4
907,0,0,3,11.8786,4499.65
908,0,0,3,11.8693,4453.6
2014,0,0,3,11.8687,4450.92
2017,0,0,3,11.8676,4445.23
2170,0,0,3,11.8646,4430.37
1738,0,0,3,11.8501,4355.29
1737,0,0,3,11.8447,4327.23
936,0,0,3,11.8296,4248.61
933,0,0,3,11.829,4245.67
934,0,0,3,11.8235,4208.03
943,0,0,3,11.8069,4127.49
2020,0,0,3,11.8061,4123.55
1787,0,0,3,11.7887,4035.69
1788,0,0,3,11.788,4031.98
1789,0,0,3,11.7779,3980.67
952,0,0,3,11.7699,3940.16
1304,0,0,3,11.7354,3764.11
64,0,0,4,12.3342,7034.23,0,0,0
195,0,0,4,12.3121,6916
196,0,0,4,12.3092,6896.27
205,0,0,4,12.2953,6810.71
215,0,0,4,12.2697,6654.27
225,0,0,4,12.2444,6450.75
715,0,0,4,12.2163,6285.72
714,0,0,4,12.2124,6261.72
726,0,0,4,12.2122,6259.84
529,0,0,4,12.1985,6160.34
605,0,0,4,12.1837,6063.73
603,0,0,4,12.1786,6035.75
604,0,0,4,12.1743,6012.61
596,0,0,4,12.1742,6011.64
580,0,0,4,12.1658,5953.37
574,0,0,4,12.1485,5860.12
573,0,0,4,12.1384,5804.22
564,0,0,4,12.1308,5763.07
557,0,0,4,12.1247,5729.08
561,0,0,4,12.118,5682.56
628,0,0,4,12.1135,5656.91
609,0,0,4,12.1007,5580.26
423,0,0,4,12.0948,5523.94
419,0,0,4,12.0902,5489.49
420,0,0,4,12.0842,5453.55
431,0,0,4,12.0644,5356.51
434,0,0,4,12.0579,5325.9
873,0,0,4,12.0536,5302.89
874,0,0,4,12.0405,5239.64
870,0,0,4,12.0346,5209.76
894,0,0,4,12.0076,5077.24
895,0,0,4,11.9975,5027.26
1302,0,1,0,13.8942,2766.91,0.035,152.659,0.22,1
949,0,1,0,13.8712,2642.85
2025,0,1,0,13.8677,2625.39
1598,0,1,0,13.8644,2606.63
948,0,1,0,13.8595,2579.61
928,0,1,0,13.8491,2522.31
929,0,1,0,13.8289,2416.19
2019,0,1,0,13.8285,2414.21
2157,0,1,0,13.8024,2290.85
905,0,1,0,13.7655,2102.44
889,0,1,0,13.7562,2054.31
890,0,1,0,13.7496,2018.4
2013,0,1,0,13.7301,1915.19
1988,0,1,0,13.7125,1821.32
417,0,1,0,13.692,1716.71
418,0,1,0,13.688,1695.77
419,0,1,0,13.6725,1609.96
423,0,1,0,13.6663,1573.67
609,0,1,0,13.6604,1517.35
628,0,1,0,13.6506,1443.34
561,0,1,0,13.6467,1418.58
557,0,1,0,13.6393,1371.34
554,0,1,0,13.6371,1360.2
565,0,1,0,13.627,1306.55
573,0,1,0,13.6217,1279.96
574,0,1,0,13.6144,1230.49
580,0,1,0,13.5916,1113.57
596,0,1,0,13.5855,1053.72
595,0,1,0,13.5805,1025.37
605,0,1,0,13.5793,1017.31
529,0,1,0,13.5627,918.413
726,0,1,0,13.5466,816.876
714,0,1,0,13.5464,814.998
715,0,1,0,13.5429,791.373
225,0,1,0,13.5251,630.742
215,0,1,0,13.4979,427.668
205,0,1,0,13.4669,255.297
196,0,1,0,13.4518,168.03
195,0,1,0,13.4492,148.465
64,0,1,0,13.42,0
978,0,1,1,14.2131,4355.78,0.0373333,162.837,0.05,2
1010,0,1,1,14.1982,4278.67
1011,0,1,1,14.1841,4206.68
1009,0,1,1,14.1774,4172.76
1038,0,1,1,14.1694,4132.87
1039,0,1,1,14.1688,4130.2
1037,0,1,1,14.156,4069.25
1034,0,1,1,14.1462,4019.03
2032,0,1,1,14.1308,3941.44
1050,0,1,1,14.1018,3796.99
1804,0,1,1,14.0887,3730.98
2015,0,1,1,14.0775,3674.76
2014,0,1,1,14.0693,3633.76
2017,0,1,1,14.0682,3628.07
2170,0,1,1,14.0653,3613.42
917,0,1,1,14.0591,3582.43
2016,0,1,1,14.0583,3578.62
915,0,1,1,14.0373,3473.67
1555,0,1,1,14.0299,3436.9
2157,0,1,1,14.019,3383.15
2019,0,1,1,13.9921,3256.89
929,0,1,1,13.9917,3254.9
938,0,1,1,13.9798,3189.05
950,0,1,1,13.9663,3118.49
951,0,1,1,13.9593,3082.77
949,0,1,1,13.9483,3026.3
1302,0,1,1,13.9292,2919.57
636,0,1,2,14.3301,4909.04,0.0391667,170.833,0.15,3
631,0,1,2,14.3234,4876.25
630,0,1,2,14.3176,4847.73
637,0,1,2,14.3071,4795.65
1996,0,1,2,14.2946,4732.36
1997,0,1,2,14.2907,4712.46
2027,0,1,2,14.2635,4582.24
2026,0,1,2,14.2577,4553.76
978,0,1,2,14.2504,4518.61
64,0,1,3,14.6155,6540.42,0,0,0
195,0,1,3,14.5939,6424.16
196,0,1,3,14.5912,6404.58
205,0,1,3,14.5769,6318.5
215,0,1,3,14.5525,6163.52
225,0,1,3,14.5276,5959.69
715,0,1,3,14.4927,5769.15
714,0,1,3,14.489,5745.31
726,0,1,3,14.4888,5743.45
529,0,1,3,14.4747,5643.84
605,0,1,3,14.4594,5546.58
603,0,1,3,14.4536,5515.6
604,0,1,3,14.4488,5490.19
596,0,1,3,14.4486,5489.22
580,0,1,3,14.4343,5413.01
583,0,1,3,14.4281,5383.2
587,0,1,3,14.4259,5368.77
578,0,1,3,14.4228,5351.95
575,0,1,3,14.4173,5320.85
571,0,1,3,14.4144,5304.73
570,0,1,3,14.4096,5281.45
1994,0,1,3,14.3968,5217.1
562,0,1,3,14.3835,5152.04
639,0,1,3,14.38,5134.6
638,0,1,3,14.3733,5100.57
636,0,1,3,14.3693,5079.87
220,0,2,0,11.2872,472.978,0.0955,416.542,0.04,1
2130,0,2,0,11.2724,392.48
215,0,2,0,11.2675,358.782
205,0,2,0,11.2436,204.484
196,0,2,0,11.2305,119.897
195,0,2,0,11.2279,100.335
64,0,2,0,11.21,0
455,0,2,1,11.4721,1421.69,0.0408333,178.103,0.03,2
454,0,2,1,11.4693,1406.07
457,0,2,1,11.4625,1352.11
456,0,2,1,11.4574,1322.67
458,0,2,1,11.4479,1261.52
459,0,2,1,11.442,1216.42
450,0,2,1,11.4268,1132.53
229,0,2,1,11.4173,1079.68
222,0,2,1,11.393,945.57
220,0,2,1,11.3827,889.52
710,0,2,2,11.5756,1988,0.0443333,193.369,0.36,3
1543,0,2,2,11.5542,1867.73
459,0,2,2,11.5439,1804.33
458,0,2,2,11.5374,1759.07
456,0,2,2,11.5283,1698.29
457,0,2,2,11.5229,1668.07
454,0,2,2,11.5153,1614.11
455,0,2,2,11.5129,1599.79
64,0,2,3,11.7205,2864.25,0,0,0
195,0,2,3,11.6993,2749.57
196,0,2,3,11.6965,2729.96
205,0,2,3,11.684,2646.06
215,0,2,3,11.6641,2493.96
225,0,2,3,11.6389,2290.4
1680,0,2,3,11.6359,2271.38
710,0,2,3,11.62,2181.37
710,1,0,0,11.203,739.387,0.0443333,193.369,0.36,1
223,1,0,0,11.1855,646.157
1680,1,0,0,11.176,581.03
225,1,0,0,11.1732,562.11
215,1,0,0,11.1475,358.782
205,1,0,0,11.1236,204.484
196,1,0,0,11.1105,119.897
195,1,0,0,11.1079,100.335
64,1,0,0,11.09,0
455,1,0,1,11.3064,1315.31,0.0408333,178.103,0.03,2
454,1,0,1,11.3036,1299.69
457,1,0,1,11.2969,1245.73
456,1,0,1,11.2917,1216.28
458,1,0,1,11.2822,1155.14
459,1,0,1,11.2763,1110.03
1543,1,0,1,11.267,1047.8
710,1,0,1,11.2473,932.755
603,1,0,2,11.4376,2057.49,0.109,475.425,0.32,3
604,1,0,2,11.4334,2034.35
596,1,0,2,11.4332,2033.38
595,1,0,2,11.4278,2002.97
605,1,0,2,11.4266,1994.98
529,1,0,2,11.4094,1894.95
726,1,0,2,11.3935,1793.76
714,1,0,2,11.3933,1791.87
1543,1,0,2,11.3885,1761.35
459,1,0,2,11.3782,1697.95
458,1,0,2,11.3717,1652.69
456,1,0,2,11.3626,1591.9
457,1,0,2,11.3572,1561.68
454,1,0,2,11.3496,1507.72
455,1,0,2,11.3472,1493.41
1108,1,0,3,11.7388,3532.04,0.0935,407.819,0.09,4
1109,1,0,3,11.7344,3509.36
1113,1,0,3,11.7275,3475.21
1847,1,0,3,11.7141,3407.69
1086,1,0,3,11.7105,3387.66
1087,1,0,3,11.696,3314.47
1090,1,0,3,11.6873,3269.3
1076,1,0,3,11.6611,3142.33
1074,1,0,3,11.657,3121.21
1077,1,0,3,11.6474,3070.39
1080,1,0,3,11.6339,3003.19
1079,1,0,3,11.6273,2968.73
1061,1,0,3,11.623,2947.45
1063,1,0,3,11.6195,2929.28
1062,1,0,3,11.6185,2922.2
2159,1,0,3,11.6182,2921.09
1045,1,0,3,11.6175,2917.94
1012,1,0,3,11.6103,2876.95
1014,1,0,3,11.6098,2874.09
989,1,0,3,11.5987,2815.78
990,1,0,3,11.5886,2765.52
991,1,0,3,11.586,2753.17
706,1,0,3,11.579,2713.7
704,1,0,3,11.5764,2700.93
2179,1,0,3,11.5762,2700.07
662,1,0,3,11.57,2670.42
602,1,0,3,11.5587,2602.15
604,1,0,3,11.5561,2585.35
596,1,0,3,11.556,2584.38
595,1,0,3,11.5505,2553.97
603,1,0,3,11.5466,2532.92
1304,1,0,4,11.9618,4622.48,0.0428333,186.826,0.12,5
952,1,0,4,11.9374,4489.49
953,1,0,4,11.9267,4434.71
2023,1,0,4,11.9258,4430.61
2108,1,0,4,11.9094,4345.4
1794,1,0,4,11.9023,4309.64
2106,1,0,4,11.887,4230.27
2039,1,0,4,11.8694,4136.74
1106,1,0,4,11.8598,4084.79
2035,1,0,4,11.8455,4010.74
1108,1,0,4,11.8323,3939.85
895,1,0,5,12.1607,5609.63,0.0435,189.734,0.02,6
907,1,0,5,12.145,5532.3
908,1,0,5,12.1359,5486.82
2014,1,0,5,12.1353,5484.14
2017,1,0,5,12.1341,5478.45
2170,1,0,5,12.1314,5464.26
1738,1,0,5,12.114,5377.33
1737,1,0,5,12.1073,5343.55
936,1,0,5,12.0921,5264.63
933,1,0,5,12.0915,5261.69
934,1,0,5,12.086,5224.05
935,1,0,5,12.0855,5221.44
2020,1,0,5,12.0744,5164.46
1787,1,0,5,12.0548,5067.31
1788,1,0,5,12.054,5063.61
1789,1,0,5,12.0426,5006.62
952,1,0,5,12.0337,4962.17
1304,1,0,5,12.0046,4809.3
64,1,0,6,12.565,7917.69,0,0,0
195,1,0,6,12.5359,7769.31
196,1,0,6,12.5331,7749.72
205,1,0,6,12.5186,7663.27
215,1,0,6,12.4931,7506.89
225,1,0,6,12.4671,7303.68
715,1,0,6,12.4356,7128.01
714,1,0,6,12.4316,7103.85
726,1,0,6,12.4314,7102
529,1,0,6,12.4173,7002.35
605,1,0,6,12.4024,6905.68
603,1,0,6,12.3961,6872.6
604,1,0,6,12.3921,6850.74
596,1,0,6,12.392,6849.77
580,1,0,6,12.3804,6785.25
574,1,0,6,12.359,6674.12
573,1,0,6,12.3494,6620.33
564,1,0,6,12.3419,6580.06
557,1,0,6,12.3371,6549
561,1,0,6,12.3306,6502.56
628,1,0,6,12.3264,6477.42
609,1,0,6,12.3146,6402.12
423,1,0,6,12.3087,6345.8
419,1,0,6,12.302,6308.23
420,1,0,6,12.296,6272.2
421,1,0,6,12.2914,6244.71
417,1,0,6,12.2864,6217.99
1989,1,0,6,12.268,6123.78
2011,1,0,6,12.2487,6024.07
891,1,0,6,12.2267,5909.61
893,1,0,6,12.2206,5878.74
894,1,0,6,12.2154,5854
895,1,0,6,12.2042,5799.37
1302,1,1,0,13.9642,2766.91,0.035,152.659,0.22,1
949,1,1,0,13.9412,2642.85
2025,1,1,0,13.9377,2625.39
1598,1,1,0,13.9344,2606.63
948,1,1,0,13.9295,2579.61
928,1,1,0,13.9191,2522.31
929,1,1,0,13.8989,2416.19
2019,1,1,0,13.8985,2414.21
2157,1,1,0,13.8724,2290.85
905,1,1,0,13.8355,2102.44
889,1,1,0,13.8262,2054.31
890,1,1,0,13.8196,2018.4
2013,1,1,0,13.8001,1915.19
1988,1,1,0,13.7825,1821.32
417,1,1,0,13.762,1716.71
418,1,1,0,13.758,1695.77
419,1,1,0,13.7425,1609.96
423,1,1,0,13.7363,1573.67
609,1,1,0,13.7304,1517.35
628,1,1,0,13.7206,1443.34
561,1,1,0,13.7167,1418.58
557,1,1,0,13.7093,1371.34
554,1,1,0,13.7071,1360.2
565,1,1,0,13.697,1306.55
573,1,1,0,13.6917,1279.96
574,1,1,0,13.6844,1230.49
580,1,1,0,13.6616,1113.57
596,1,1,0,13.6555,1053.72
595,1,1,0,13.6505,1025.37
605,1,1,0,13.6493,1017.31
529,1,1,0,13.6327,918.413
726,1,1,0,13.6166,816.876
714,1,1,0,13.6164,814.998
715,1,1,0,13.6129,791.373
225,1,1,0,13.5951,630.742
215,1,1,0,13.5679,427.668
205,1,1,0,13.5369,255.297
196,1,1,0,13.5218,168.03
195,1,1,0,13.5192,148.465
64,1,1,0,13.49,0
978,1,1,1,14.2831,4355.78,0.0373333,162.837,0.05,2
1010,1,1,1,14.2682,4278.67
1011,1,1,1,14.2541,4206.68
1009,1,1,1,14.2474,4172.76
1038,1,1,1,14.2394,4132.87
1039,1,1,1,14.2388,4130.2
1037,1,1,1,14.226,4069.25
1034,1,1,1,14.2162,4019.03
2032,1,1,1,14.2008,3941.44
1050,1,1,1,14.1718,3796.99
1804,1,1,1,14.1587,3730.98
2015,1,1,1,14.1475,3674.76
2014,1,1,1,14.1393,3633.76
2017,1,1,1,14.1382,3628.07
2170,1,1,1,14.1353,3613.42
917,1,1,1,14.1291,3582.43
2016,1,1,1,14.1283,3578.62
915,1,1,1,14.1073,3473.67
1555,1,1,1,14.0999,3436.9
2157,1,1,1,14.089,3383.15
2019,1,1,1,14.0621,3256.89
929,1,1,1,14.0617,3254.9
938,1,1,1,14.0498,3189.05
950,1,1,1,14.0363,3118.49
951,1,1,1,14.0293,3082.77
949,1,1,1,14.0183,3026.3
1302,1,1,1,13.9992,2919.57
636,1,1,2,14.4001,4909.04,0.0391667,170.833,0.15,3
631,1,1,2,14.3934,4876.25
630,1,1,2,14.3876,4847.73
637,1,1,2,14.3771,4795.65
1996,1,1,2,14.3646,4732.36
1997,1,1,2,14.3607,4712.46
2027,1,1,2,14.3335,4582.24
2026,1,1,2,14.3277,4553.76
978,1,1,2,14.3204,4518.61
64,1,1,3,14.6855,6540.42,0,0,0
195,1,1,3,14.6639,6424.16
196,1,1,3,14.6612,6404.58
205,1,1,3,14.6469,6318.5
215,1,1,3,14.6225,6163.52
225,1,1,3,14.5976,5959.69
715,1,1,3,14.5627,5769.15
714,1,1,3,14.559,5745.31
726,1,1,3,14.5588,5743.45
529,1,1,3,14.5447,5643.84
605,1,1,3,14.5294,5546.58
603,1,1,3,14.5236,5515.6
604,1,1,3,14.5188,5490.19
596,1,1,3,14.5186,5489.22
580,1,1,3,14.5043,5413.01
583,1,1,3,14.4981,5383.2
587,1,1,3,14.4959,5368.77
578,1,1,3,14.4928,5351.95
575,1,1,3,14.4873,5320.85
571,1,1,3,14.4844,5304.73
570,1,1,3,14.4796,5281.45
1994,1,1,3,14.4668,5217.1
562,1,1,3,14.4535,5152.04
639,1,1,3,14.45,5134.6
638,1,1,3,14.4433,5100.57
636,1,1,3,14.4393,5079.87
220,1,2,0,11.4972,472.978,0.0955,416.542,0.04,1
2130,1,2,0,11.4824,392.48
215,1,2,0,11.4775,358.782
205,1,2,0,11.4536,204.484
196,1,2,0,11.4405,119.897
195,1,2,0,11.4379,100.335
64,1,2,0,11.42,0
64,1,2,1,11.6701,1382.49,0,0,0
195,1,2,1,11.6489,1267.81
196,1,2,1,11.6462,1248.2
205,1,2,1,11.6337,1164.3
215,1,2,1,11.6138,1012.2
2130,1,2,1,11.6094,978.675
220,1,2,1,11.5927,889.52
220,2,0,0,11.0872,472.978,0.0955,416.542,0.04,1
2130,2,0,0,11.0724,392.48
215,2,0,0,11.0675,358.782
205,2,0,0,11.0436,204.484
196,2,0,0,11.0305,119.897
195,2,0,0,11.0279,100.335
64,2,0,0,11.01,0
710,2,0,1,11.2404,1198.14,0.0443333,193.369,0.36,2
223,2,0,1,11.2229,1104.91
224,2,0,1,11.2088,1031.05
222,2,0,1,11.193,945.57
220,2,0,1,11.1827,889.52
455,2,0,2,11.3438,1774.06,0.0408333,178.103,0.03,3
454,2,0,2,11.341,1758.44
457,2,0,2,11.3343,1704.48
456,2,0,2,11.3291,1675.03
458,2,0,2,11.3196,1613.89
459,2,0,2,11.3137,1568.78
1543,2,0,2,11.3044,1506.55
710,2,0,2,11.2847,1391.51
603,2,0,3,11.475,2516.24,0.109,475.425,0.32,4
604,2,0,3,11.4708,2493.1
596,2,0,3,11.4706,2492.13
595,2,0,3,11.4652,2461.72
605,2,0,3,11.464,2453.73
529,2,0,3,11.4468,2353.71
726,2,0,3,11.4309,2252.51
714,2,0,3,11.4307,2250.62
1543,2,0,3,11.4259,2220.1
459,2,0,3,11.4156,2156.7
458,2,0,3,11.4091,2111.44
456,2,0,3,11.4,2050.65
457,2,0,3,11.3946,2020.43
454,2,0,3,11.387,1966.47
455,2,0,3,11.3846,1952.16
1108,2,0,4,11.7762,3990.79,0.0935,407.819,0.09,5
1109,2,0,4,11.7718,3968.11
1113,2,0,4,11.765,3933.96
1847,2,0,4,11.7515,3866.44
1086,2,0,4,11.7479,3846.41
1087,2,0,4,11.7334,3773.22
1090,2,0,4,11.7247,3728.06
1076,2,0,4,11.6985,3601.08
1074,2,0,4,11.6944,3579.96
1077,2,0,4,11.6848,3529.14
1080,2,0,4,11.6713,3461.94
1079,2,0,4,11.6647,3427.48
1061,2,0,4,11.6605,3406.2
1063,2,0,4,11.6569,3388.03
1062,2,0,4,11.6559,3380.95
2159,2,0,4,11.6556,3379.84
1045,2,0,4,11.6549,3376.69
1012,2,0,4,11.6477,3335.7
1014,2,0,4,11.6472,3332.84
989,2,0,4,11.6361,3274.53
990,2,0,4,11.6261,3224.27
991,2,0,4,11.6235,3211.92
706,2,0,4,11.6165,3172.46
704,2,0,4,11.6138,3159.68
2179,2,0,4,11.6136,3158.82
662,2,0,4,11.6074,3129.17
602,2,0,4,11.5961,3060.9
604,2,0,4,11.5935,3044.1
596,2,0,4,11.5934,3043.13
595,2,0,4,11.5879,3012.72
603,2,0,4,11.584,2991.67
1304,2,0,5,11.9992,5081.23,0.0428333,186.826,0.12,6
952,2,0,5,11.9748,4948.24
953,2,0,5,11.9641,4893.46
2023,2,0,5,11.9632,4889.36
2108,2,0,5,11.9468,4804.15
1794,2,0,5,11.9397,4768.39
2106,2,0,5,11.9245,4689.02
2039,2,0,5,11.9068,4595.49
1106,2,0,5,11.8972,4543.54
2035,2,0,5,11.883,4469.49
1108,2,0,5,11.8697,4398.6
895,2,0,6,12.1981,6068.38,0.0435,189.734,0.02,7
907,2,0,6,12.1824,5991.05
908,2,0,6,12.1733,5945.57
2014,2,0,6,12.1727,5942.89
2017,2,0,6,12.1716,5937.2
2170,2,0,6,12.1688,5923.01
1738,2,0,6,12.1514,5836.08
1737,2,0,6,12.1447,5802.3
936,2,0,6,12.1295,5723.39
933,2,0,6,12.1289,5720.45
934,2,0,6,12.1234,5682.8
935,2,0,6,12.1229,5680.19
2020,2,0,6,12.1118,5623.21
1787,2,0,6,12.0922,5526.06
1788,2,0,6,12.0914,5522.36
1789,2,0,6,12.08,5465.37
952,2,0,6,12.0711,5420.92
1304,2,0,6,12.042,5268.05
64,2,0,7,12.6024,8376.44,0,0,0
195,2,0,7,12.5733,8228.06
196,2,0,7,12.5705,8208.47
205,2,0,7,12.556,8122.02
215,2,0,7,12.5305,7965.64
225,2,0,7,12.5045,7762.43
715,2,0,7,12.473,7586.76
714,2,0,7,12.469,7562.6
726,2,0,7,12.4688,7560.75
529,2,0,7,12.4547,7461.1
605,2,0,7,12.4398,7364.43
603,2,0,7,12.4335,7331.35
604,2,0,7,12.4296,7309.49
596,2,0,7,12.4294,7308.52
580,2,0,7,12.4178,7244
574,2,0,7,12.3964,7132.88
573,2,0,7,12.3868,7079.08
564,2,0,7,12.3793,7038.82
557,2,0,7,12.3745,7007.75
561,2,0,7,12.368,6961.31
628,2,0,7,12.3638,6936.17
609,2,0,7,12.3521,6860.87
423,2,0,7,12.3462,6804.55
419,2,0,7,12.3394,6766.98
420,2,0,7,12.3334,6730.95
421,2,0,7,12.3288,6703.46
417,2,0,7,12.3238,6676.74
1989,2,0,7,12.3054,6582.53
2011,2,0,7,12.2861,6482.82
891,2,0,7,12.2641,6368.36
893,2,0,7,12.2581,6337.49
894,2,0,7,12.2528,6312.75
895,2,0,7,12.2416,6258.12
1302,2,1,0,13.8142,2766.91,0.035,152.659,0.22,1
949,2,1,0,13.7912,2642.85
2025,2,1,0,13.7877,2625.39
1598,2,1,0,13.7844,2606.63
948,2,1,0,13.7795,2579.61
928,2,1,0,13.7691,2522.31
929,2,1,0,13.7489,2416.19
2019,2,1,0,13.7485,2414.21
2157,2,1,0,13.7224,2290.85
905,2,1,0,13.6855,2102.44
889,2,1,0,13.6762,2054.31
890,2,1,0,13.6696,2018.4
2013,2,1,0,13.6501,1915.19
1988,2,1,0,13.6325,1821.32
417,2,1,0,13.612,1716.71
418,2,1,0,13.608,1695.77
419,2,1,0,13.5925,1609.96
423,2,1,0,13.5863,1573.67
609,2,1,0,13.5804,1517.35
628,2,1,0,13.5706,1443.34
561,2,1,0,13.5667,1418.58
557,2,1,0,13.5593,1371.34
554,2,1,0,13.5571,1360.2
565,2,1,0,13.547,1306.55
573,2,1,0,13.5417,1279.96
574,2,1,0,13.5344,1230.49
580,2,1,0,13.5116,1113.57
596,2,1,0,13.5055,1053.72
595,2,1,0,13.5005,1025.37
605,2,1,0,13.4993,1017.31
529,2,1,0,13.4827,918.413
726,2,1,0,13.4666,816.876
714,2,1,0,13.4664,814.998
715,2,1,0,13.4629,791.373
225,2,1,0,13.4451,630.742
215,2,1,0,13.4179,427.668
205,2,1,0,13.3869,255.297
196,2,1,0,13.3718,168.03
195,2,1,0,13.3692,148.465
64,2,1,0,13.34,0
978,2,1,1,14.1331,4355.78,0.0373333,162.837,0.05,2
1010,2,1,1,14.1182,4278.67
1011,2,1,1,14.1041,4206.68
1009,2,1,1,14.0974,4172.76
1038,2,1,1,14.0894,4132.87
1039,2,1,1,14.0888,4130.2
1037,2,1,1,14.076,4069.25
1034,2,1,1,14.0662,4019.03
2032,2,1,1,14.0508,3941.44
1050,2,1,1,14.0218,3796.99
1804,2,1,1,14.0087,3730.98
2015,2,1,1,13.9975,3674.76
2014,2,1,1,13.9893,3633.76
2017,2,1,1,13.9882,3628.07
2170,2,1,1,13.9853,3613.42
917,2,1,1,13.9791,3582.43
2016,2,1,1,13.9783,3578.62
915,2,1,1,13.9573,3473.67
1555,2,1,1,13.9499,3436.9
2157,2,1,1,13.939,3383.15
2019,2,1,1,13.9121,3256.89
929,2,1,1,13.9117,3254.9
938,2,1,1,13.8998,3189.05
950,2,1,1,13.8863,3118.49
951,2,1,1,13.8793,3082.77
949,2,1,1,13.8683,3026.3
1302,2,1,1,13.8492,2919.57
636,2,1,2,14.2501,4909.04,0.0391667,170.833,0.15,3
631,2,1,2,14.2434,4876.25
630,2,1,2,14.2376,4847.73
637,2,1,2,14.2271,4795.65
1996,2,1,2,14.2146,4732.36
1997,2,1,2,14.2107,4712.46
2027,2,1,2,14.1835,4582.24
2026,2,1,2,14.1777,4553.76
978,2,1,2,14.1704,4518.61
64,2,1,3,14.5355,6540.42,0,0,0
195,2,1,3,14.5139,6424.16
196,2,1,3,14.5112,6404.58
205,2,1,3,14.4969,6318.5
215,2,1,3,14.4725,6163.52
225,2,1,3,14.4476,5959.69
715,2,1,3,14.4127,5769.15
714,2,1,3,14.409,5745.31
726,2,1,3,14.4088,5743.45
529,2,1,3,14.3947,5643.84
605,2,1,3,14.3794,5546.58
603,2,1,3,14.3736,5515.6
604,2,1,3,14.3688,5490.19
596,2,1,3,14.3686,5489.22
580,2,1,3,14.3543,5413.01
583,2,1,3,14.3481,5383.2
587,2,1,3,14.3459,5368.77
578,2,1,3,14.3428,5351.95
575,2,1,3,14.3373,5320.85
571,2,1,3,14.3344,5304.73
570,2,1,3,14.3296,5281.45
1994,2,1,3,14.3168,5217.1
562,2,1,3,14.3035,5152.04
639,2,1,3,14.3,5134.6
638,2,1,3,14.2933,5100.57
636,2,1,3,14.2893,5079.87
220,3,0,0,11.0872,472.978,0.0955,416.542,0.04,1
2130,3,0,0,11.0724,392.48
215,3,0,0,11.0675,358.782
205,3,0,0,11.0436,204.484
196,3,0,0,11.0305,119.897
195,3,0,0,11.0279,100.335
64,3,0,0,11.01,0
710,3,0,1,11.2404,1198.14,0.0443333,193.369,0.36,2
223,3,0,1,11.2229,1104.91
224,3,0,1,11.2088,1031.05
222,3,0,1,11.193,945.57
220,3,0,1,11.1827,889.52
455,3,0,2,11.3438,1774.06,0.0408333,178.103,0.03,3
454,3,0,2,11.341,1758.44
457,3,0,2,11.3343,1704.48
456,3,0,2,11.3291,1675.03
458,3,0,2,11.3196,1613.89
459,3,0,2,11.3137,1568.78
1543,3,0,2,11.3044,1506.55
710,3,0,2,11.2847,1391.51
603,3,0,3,11.475,2516.24,0.109,475.425,0.32,4
604,3,0,3,11.4708,2493.1
596,3,0,3,11.4706,2492.13
595,3,0,3,11.4652,2461.72
605,3,0,3,11.464,2453.73
529,3,0,3,11.4468,2353.71
726,3,0,3,11.4309,2252.51
714,3,0,3,11.4307,2250.62
1543,3,0,3,11.4259,2220.1
459,3,0,3,11.4156,2156.7
458,3,0,3,11.4091,2111.44
456,3,0,3,11.4,2050.65
457,3,0,3,11.3946,2020.43
454,3,0,3,11.387,1966.47
455,3,0,3,11.3846,1952.16
1108,3,0,4,11.7762,3990.79,0.0935,407.819,0.09,5
1109,3,0,4,11.7718,3968.11
1113,3,0,4,11.765,3933.96
1847,3,0,4,11.7515,3866.44
1086,3,0,4,11.7479,3846.41
1087,3,0,4,11.7334,3773.22
1090,3,0,4,11.7247,3728.06
1076,3,0,4,11.6985,3601.08
1074,3,0,4,11.6944,3579.96
1077,3,0,4,11.6848,3529.14
1080,3,0,4,11.6713,3461.94
1079,3,0,4,11.6647,3427.48
1061,3,0,4,11.6605,3406.2
1063,3,0,4,11.6569,3388.03
1062,3,0,4,11.6559,3380.95
2159,3,0,4,11.6556,3379.84
1045,3,0,4,11.6549,3376.69
1012,3,0,4,11.6477,3335.7
1014,3,0,4,11.6472,3332.84
989,3,0,4,11.6361,3274.53
990,3,0,4,11.6261,3224.27
991,3,0,4,11.6235,3211.92
706,3,0,4,11.6165,3172.46
704,3,0,4,11.6138,3159.68
2179,3,0,4,11.6136,3158.82
662,3,0,4,11.6074,3129.17
602,3,0,4,11.5961,3060.9
604,3,0,4,11.5935,3044.1
596,3,0,4,11.5934,3043.13
595,3,0,4,11.5879,3012.72
603,3,0,4,11.584,2991.67
1304,3,0,5,11.9992,5081.23,0.0428333,186.826,0.12,6
952,3,0,5,11.9748,4948.24
953,3,0,5,11.9641,4893.46
2023,3,0,5,11.9632,4889.36
2108,3,0,5,11.9468,4804.15
1794,3,0,5,11.9397,4768.39
2106,3,0,5,11.9245,4689.02
2039,3,0,5,11.9068,4595.49
1106,3,0,5,11.8972,4543.54
2035,3,0,5,11.883,4469.49
1108,3,0,5,11.8697,4398.6
895,3,0,6,12.1981,6068.38,0.0435,189.734,0.02,7
907,3,0,6,12.1824,5991.05
908,3,0,6,12.1733,5945.57
2014,3,0,6,12.1727,5942.89
2017,3,0,6,12.1716,5937.2
2170,3,0,6,12.1688,5923.01
1738,3,0,6,12.1514,5836.08
1737,3,0,6,12.1447,5802.3
936,3,0,6,12.1295,5723.39
933,3,0,6,12.1289,5720.45
934,3,0,6,12.1234,5682.8
935,3,0,6,12.1229,5680.19
2020,3,0,6,12.1118,5623.21
1787,3,0,6,12.0922,5526.06
1788,3,0,6,12.0914,5522.36
1789,3,0,6,12.08,5465.37
952,3,0,6,12.0711,5420.92
1304,3,0,6,12.042,5268.05
64,3,0,7,12.6024,8376.44,0,0,0
195,3,0,7,12.5733,8228.06
196,3,0,7,12.5705,8208.47
205,3,0,7,12.556,8122.02
215,3,0,7,12.5305,7965.64
225,3,0,7,12.5045,7762.43
715,3,0,7,12.473,7586.76
714,3,0,7,12.469,7562.6
726,3,0,7,12.4688,7560.75
529,3,0,7,12.4547,7461.1
605,3,0,7,12.4398,7364.43
603,3,0,7,12.4335,7331.35
604,3,0,7,12.4296,7309.49
596,3,0,7,12.4294,7308.52
580,3,0,7,12.4178,7244
574,3,0,7,12.3964,7132.88
573,3,0,7,12.3868,7079.08
564,3,0,7,12.3793,7038.82
557,3,0,7,12.3745,7007.75
561,3,0,7,12.368,6961.31
628,3,0,7,12.3638,6936.17
609,3,0,7,12.3521,6860.87
423,3,0,7,12.3462,6804.55
419,3,0,7,12.3394,6766.98
420,3,0,7,12.3334,6730.95
421,3,0,7,12.3288,6703.46
417,3,0,7,12.3238,6676.74
1989,3,0,7,12.3054,6582.53
2011,3,0,7,12.2861,6482.82
891,3,0,7,12.2641,6368.36
893,3,0,7,12.2581,6337.49
894,3,0,7,12.2528,6312.75
895,3,0,7,12.2416,6258.12
978,3,1,0,13.607,1574.75,0.0648333,282.783,0.06,1
1010,3,1,0,13.592,1497.65
1016,3,1,0,13.572,1404.7
1548,3,1,0,13.565,1368.79
1012,3,1,0,13.5604,1344.83
2028,3,1,0,13.5523,1299.37
989,3,1,0,13.5489,1283.63
990,3,1,0,13.5388,1233.37
991,3,1,0,13.5362,1221.01
706,3,1,0,13.5292,1181.55
704,3,1,0,13.5266,1168.78
2179,3,1,0,13.5264,1167.92
662,3,1,0,13.5202,1138.27
602,3,1,0,13.509,1070.13
599,3,1,0,13.5045,1045.43
605,3,1,0,13.4993,1017.31
529,3,1,0,13.4827,918.413
726,3,1,0,13.4666,816.876
714,3,1,0,13.4664,814.998
715,3,1,0,13.4629,791.373
225,3,1,0,13.4451,630.742
215,3,1,0,13.4179,427.668
205,3,1,0,13.3869,255.297
196,3,1,0,13.3718,168.03
195,3,1,0,13.3692,148.465
64,3,1,0,13.34,0
1302,3,1,1,13.9522,3301.76,0.035,152.659,0.22,2
949,3,1,1,13.9292,3177.7
951,3,1,1,13.9186,3123.16
950,3,1,1,13.9102,3081.64
938,3,1,1,13.8985,3018.52
929,3,1,1,13.8859,2949.83
2019,3,1,1,13.8855,2947.85
2157,3,1,1,13.8663,2853.04
1555,3,1,1,13.8559,2801.24
915,3,1,1,13.8484,2764.11
2016,3,1,1,13.8269,2657.2
917,3,1,1,13.8261,2653.39
916,3,1,1,13.8259,2652.48
919,3,1,1,13.8202,2613.4
2017,3,1,1,13.8201,2613.22
1786,3,1,1,13.8155,2589.68
2018,3,1,1,13.802,2517.89
1053,3,1,1,13.7626,2309.6
2033,3,1,1,13.7431,2218.02
1054,3,1,1,13.7342,2171.81
1037,3,1,1,13.7292,2145.09
1039,3,1,1,13.7222,2108.71
1041,3,1,1,13.7134,2063.93
2030,3,1,1,13.7073,2033
1011,3,1,1,13.7069,2031.55
1547,3,1,1,13.6896,1948.9
1546,3,1,1,13.6841,1921.53
975,3,1,1,13.6807,1903.56
981,3,1,1,13.6774,1885.83
980,3,1,1,13.6749,1874.06
978,3,1,1,13.6718,1857.53
636,3,1,2,14.2389,4853.33,0.0391667,170.833,0.15,3
633,3,1,2,14.2332,4823.53
563,3,1,2,14.2278,4798.53
564,3,1,2,14.2221,4767.69
557,3,1,2,14.2162,4734.61
561,3,1,2,14.2095,4688.07
628,3,1,2,14.2052,4662.7
609,3,1,2,14.193,4586.9
423,3,1,2,14.1871,4530.58
419,3,1,2,14.1818,4495.73
420,3,1,2,14.1766,4460.79
421,3,1,2,14.1726,4434.01
417,3,1,2,14.1681,4409.53
1989,3,1,2,14.1516,4323.12
2011,3,1,2,14.1338,4229.93
2156,3,1,2,14.1285,4202.6
2013,3,1,2,14.1279,4199.45
886,3,1,2,14.116,4141.27
888,3,1,2,14.0962,4035.16
903,3,1,2,14.0824,3965.27
904,3,1,2,14.079,3946.9
925,3,1,2,14.0555,3819
2019,3,1,2,14.0501,3791.73
929,3,1,2,14.0497,3789.75
938,3,1,2,14.0377,3723.9
950,3,1,2,14.0242,3653.34
951,3,1,2,14.0172,3617.62
949,3,1,2,14.0062,3561.14
1302,3,1,2,13.9872,3454.42
64,3,1,3,14.5243,6484.71,0,0,0
195,3,1,3,14.5027,6368.46
196,3,1,3,14.5,6348.88
205,3,1,3,14.4857,6262.8
215,3,1,3,14.4613,6107.82
225,3,1,3,14.4364,5903.98
715,3,1,3,14.4015,5713.44
714,3,1,3,14.3977,5689.6
726,3,1,3,14.3976,5687.74
529,3,1,3,14.3835,5588.13
605,3,1,3,14.3681,5490.87
603,3,1,3,14.3623,5459.89
604,3,1,3,14.3575,5434.48
596,3,1,3,14.3574,5433.51
580,3,1,3,14.3431,5357.31
583,3,1,3,14.3369,5327.49
587,3,1,3,14.3347,5313.06
578,3,1,3,14.3316,5296.25
575,3,1,3,14.3261,5265.14
571,3,1,3,14.3232,5249.02
570,3,1,3,14.3184,5225.74
1994,3,1,3,14.3056,5161.39
562,3,1,3,14.2922,5096.33
639,3,1,3,14.2888,5078.89
638,3,1,3,14.2821,5044.86
636,3,1,3,14.2781,5024.16
220,4,0,0,11.0872,472.978,0.0955,416.542,0.04,1
2130,4,0,0,11.0724,392.48
215,4,0,0,11.0675,358.782
205,4,0,0,11.0436,204.484
196,4,0,0,11.0305,119.897
195,4,0,0,11.0279,100.335
64,4,0,0,11.01,0
710,4,0,1,11.2404,1198.14,0.0443333,193.369,0.36,2
223,4,0,1,11.2229,1104.91
224,4,0,1,11.2088,1031.05
222,4,0,1,11.193,945.57
220,4,0,1,11.1827,889.52
455,4,0,2,11.3438,1774.06,0.0408333,178.103,0.03,3
454,4,0,2,11.341,1758.44
457,4,0,2,11.3343,1704.48
456,4,0,2,11.3291,1675.03
458,4,0,2,11.3196,1613.89
459,4,0,2,11.3137,1568.78
1543,4,0,2,11.3044,1506.55
710,4,0,2,11.2847,1391.51
603,4,0,3,11.475,2516.24,0.109,475.425,0.32,4
604,4,0,3,11.4708,2493.1
596,4,0,3,11.4706,2492.13
595,4,0,3,11.4652,2461.72
605,4,0,3,11.464,2453.73
529,4,0,3,11.4468,2353.71
726,4,0,3,11.4309,2252.51
714,4,0,3,11.4307,2250.62
1543,4,0,3,11.4259,2220.1
459,4,0,3,11.4156,2156.7
458,4,0,3,11.4091,2111.44
456,4,0,3,11.4,2050.65
457,4,0,3,11.3946,2020.43
454,4,0,3,11.387,1966.47
455,4,0,3,11.3846,1952.16
1108,4,0,4,11.7762,3990.79,0.0935,407.819,0.09,5
1109,4,0,4,11.7718,3968.11
1113,4,0,4,11.765,3933.96
1847,4,0,4,11.7515,3866.44
1086,4,0,4,11.7479,3846.41
1087,4,0,4,11.7334,3773.22
1090,4,0,4,11.7247,3728.06
1076,4,0,4,11.6985,3601.08
1074,4,0,4,11.6944,3579.96
1077,4,0,4,11.6848,3529.14
1080,4,0,4,11.6713,3461.94
1079,4,0,4,11.6647,3427.48
1061,4,0,4,11.6605,3406.2
1063,4,0,4,11.6569,3388.03
1062,4,0,4,11.6559,3380.95
2159,4,0,4,11.6556,3379.84
1045,4,0,4,11.6549,3376.69
1012,4,0,4,11.6477,3335.7
1014,4,0,4,11.6472,3332.84
989,4,0,4,11.6361,3274.53
990,4,0,4,11.6261,3224.27
991,4,0,4,11.6235,3211.92
706,4,0,4,11.6165,3172.46
704,4,0,4,11.6138,3159.68
2179,4,0,4,11.6136,3158.82
662,4,0,4,11.6074,3129.17
602,4,0,4,11.5961,3060.9
604,4,0,4,11.5935,3044.1
596,4,0,4,11.5934,3043.13
595,4,0,4,11.5879,3012.72
603,4,0,4,11.584,2991.67
1304,4,0,5,11.9992,5081.23,0.0428333,186.826,0.12,6
952,4,0,5,11.9748,4948.24
953,4,0,5,11.9641,4893.46
2023,4,0,5,11.9632,4889.36
2108,4,0,5,11.9468,4804.15
1794,4,0,5,11.9397,4768.39
2106,4,0,5,11.9245,4689.02
2039,4,0,5,11.9068,4595.49
1106,4,0,5,11.8972,4543.54
2035,4,0,5,11.883,4469.49
1108,4,0,5,11.8697,4398.6
895,4,0,6,12.1981,6068.38,0.0435,189.734,0.02,7
907,4,0,6,12.1824,5991.05
908,4,0,6,12.1733,5945.57
2014,4,0,6,12.1727,5942.89
2017,4,0,6,12.1716,5937.2
2170,4,0,6,12.1688,5923.01
1738,4,0,6,12.1514,5836.08
1737,4,0,6,12.1447,5802.3
936,4,0,6,12.1295,5723.39
933,4,0,6,12.1289,5720.45
934,4,0,6,12.1234,5682.8
935,4,0,6,12.1229,5680.19
2020,4,0,6,12.1118,5623.21
1787,4,0,6,12.0922,5526.06
1788,4,0,6,12.0914,5522.36
1789,4,0,6,12.08,5465.37
952,4,0,6,12.0711,5420.92
1304,4,0,6,12.042,5268.05
978,4,0,7,12.4096,7107.07,0.107833,470.336,0.07,8
1010,4,0,7,12.394,7026.92
1011,4,0,7,12.3805,6957.51
1009,4,0,7,12.3753,6929.89
1041,4,0,7,12.3752,6929.2
1039,4,0,7,12.3674,6888.72
1037,4,0,7,12.3578,6841.24
1034,4,0,7,12.3491,6795.55
2032,4,0,7,12.3337,6717.95
1050,4,0,7,12.3024,6563.86
1049,4,0,7,12.3024,6563.77
1025,4,0,7,12.2936,6520.11
1029,4,0,7,12.2803,6453.27
1027,4,0,7,12.2686,6394.32
898,4,0,7,12.2603,6350.79
895,4,0,7,12.2416,6258.12
636,4,0,8,12.603,7991.89,0.091,396.915,0.15,9
633,4,0,8,12.5963,7958.29
639,4,0,8,12.593,7940.75
1993,4,0,8,12.5832,7890.13
1995,4,0,8,12.5737,7844.84
1996,4,0,8,12.5621,7793.1
1997,4,0,8,12.5582,7773.2
2027,4,0,8,12.53,7638.85
2026,4,0,8,12.5243,7610.55
978,4,0,8,12.5174,7577.4
1302,4,0,9,13.0074,10052.1,0.035,152.659,0.22,10
949,4,0,9,12.9855,9932.67
951,4,0,9,12.9741,9874.71
950,4,0,9,12.9667,9837.04
938,4,0,9,12.9548,9773.43
929,4,0,9,12.941,9699.86
2019,4,0,9,12.9406,9697.88
2157,4,0,9,12.9134,9570.15
905,4,0,9,12.8734,9368.7
889,4,0,9,12.8629,9315.26
890,4,0,9,12.8501,9253.96
2013,4,0,9,12.8247,9125.56
1988,4,0,9,12.8034,9016.12
417,4,0,9,12.7809,8902.98
418,4,0,9,12.7768,8882
419,4,0,9,12.7599,8789.83
424,4,0,9,12.7564,8769.89
613,4,0,9,12.7533,8744.91
611,4,0,9,12.7478,8712.02
609,4,0,9,12.7459,8694.23
628,4,0,9,12.7359,8620.21
561,4,0,9,12.7321,8595.49
557,4,0,9,12.724,8547.36
554,4,0,9,12.7217,8535.56
565,4,0,9,12.7136,8490.54
562,4,0,9,12.7067,8454.72
639,4,0,9,12.7032,8437.28
638,4,0,9,12.6979,8409.04
636,4,0,9,12.694,8388.81
64,4,0,10,13.4972,12847.9,0,0,0
195,4,0,10,13.4641,12683
196,4,0,10,13.4613,12663.3
205,4,0,10,13.4461,12575.8
215,4,0,10,13.4219,12421
225,4,0,10,13.3951,12218
715,4,0,10,13.3668,12052.6
714,4,0,10,13.363,12028.7
726,4,0,10,13.3628,12026.8
529,4,0,10,13.3489,11927.3
605,4,0,10,13.3345,11831
603,4,0,10,13.3285,11799.2
604,4,0,10,13.3249,11778.9
596,4,0,10,13.3247,11777.9
580,4,0,10,13.3144,11717.3
574,4,0,10,13.2938,11609.7
573,4,0,10,13.2845,11557.3
564,4,0,10,13.2773,11518
557,4,0,10,13.2714,11484.9
561,4,0,10,13.2647,11438.4
628,4,0,10,13.2604,11413
609,4,0,10,13.2482,11337.2
423,4,0,10,13.2423,11280.9
419,4,0,10,13.237,11246.1
420,4,0,10,13.2319,11211.1
421,4,0,10,13.2279,11184.4
417,4,0,10,13.2234,11159.9
1989,4,0,10,13.2068,11073.5
2011,4,0,10,13.189,10980.3
2156,4,0,10,13.1838,10952.9
2013,4,0,10,13.1831,10949.8
886,4,0,10,13.1712,10891.6
888,4,0,10,13.1514,10785.5
903,4,0,10,13.1376,10715.6
904,4,0,10,13.1342,10697.2
925,4,0,10,13.1108,10569.3
2019,4,0,10,13.1053,10542.1
929,4,0,10,13.1049,10540.1
938,4,0,10,13.093,10474.2
950,4,0,10,13.0795,10403.7
951,4,0,10,13.0725,10368
949,4,0,10,13.0615,10311.5
1302,4,0,10,13.0424,10204.8
220,5,0,0,11.0872,472.978,0.0955,416.542,0.04,1
2130,5,0,0,11.0724,392.48
215,5,0,0,11.0675,358.782
205,5,0,0,11.0436,204.484
196,5,0,0,11.0305,119.897
195,5,0,0,11.0279,100.335
64,5,0,0,11.01,0
710,5,0,1,11.2404,1198.14,0.0443333,193.369,0.36,2
223,5,0,1,11.2229,1104.91
224,5,0,1,11.2088,1031.05
222,5,0,1,11.193,945.57
220,5,0,1,11.1827,889.52
455,5,0,2,11.3438,1774.06,0.0408333,178.103,0.03,3
454,5,0,2,11.341,1758.44
457,5,0,2,11.3343,1704.48
456,5,0,2,11.3291,1675.03
458,5,0,2,11.3196,1613.89
459,5,0,2,11.3137,1568.78
1543,5,0,2,11.3044,1506.55
710,5,0,2,11.2847,1391.51
603,5,0,3,11.475,2516.24,0.109,475.425,0.32,4
604,5,0,3,11.4708,2493.1
596,5,0,3,11.4706,2492.13
595,5,0,3,11.4652,2461.72
605,5,0,3,11.464,2453.73
529,5,0,3,11.4468,2353.71
726,5,0,3,11.4309,2252.51
714,5,0,3,11.4307,2250.62
1543,5,0,3,11.4259,2220.1
459,5,0,3,11.4156,2156.7
458,5,0,3,11.4091,2111.44
456,5,0,3,11.4,2050.65
457,5,0,3,11.3946,2020.43
454,5,0,3,11.387,1966.47
455,5,0,3,11.3846,1952.16
1108,5,0,4,11.7762,3990.79,0.0935,407.819,0.09,5
1109,5,0,4,11.7718,3968.11
1113,5,0,4,11.765,3933.96
1847,5,0,4,11.7515,3866.44
1086,5,0,4,11.7479,3846.41
1087,5,0,4,11.7334,3773.22
1090,5,0,4,11.7247,3728.06
1076,5,0,4,11.6985,3601.08
1074,5,0,4,11.6944,3579.96
1077,5,0,4,11.6848,3529.14
1080,5,0,4,11.6713,3461.94
1079,5,0,4,11.6647,3427.48
1061,5,0,4,11.6605,3406.2
1063,5,0,4,11.6569,3388.03
1062,5,0,4,11.6559,3380.95
2159,5,0,4,11.6556,3379.84
1045,5,0,4,11.6549,3376.69
1012,5,0,4,11.6477,3335.7
1014,5,0,4,11.6472,3332.84
989,5,0,4,11.6361,3274.53
990,5,0,4,11.6261,3224.27
991,5,0,4,11.6235,3211.92
706,5,0,4,11.6165,3172.46
704,5,0,4,11.6138,3159.68
2179,5,0,4,11.6136,3158.82
662,5,0,4,11.6074,3129.17
602,5,0,4,11.5961,3060.9
604,5,0,4,11.5935,3044.1
596,5,0,4,11.5934,3043.13
595,5,0,4,11.5879,3012.72
603,5,0,4,11.584,2991.67
1304,5,0,5,11.9992,5081.23,0.0428333,186.826,0.12,6
952,5,0,5,11.9748,4948.24
953,5,0,5,11.9641,4893.46
2023,5,0,5,11.9632,4889.36
2108,5,0,5,11.9468,4804.15
1794,5,0,5,11.9397,4768.39
2106,5,0,5,11.9245,4689.02
2039,5,0,5,11.9068,4595.49
1106,5,0,5,11.8972,4543.54
2035,5,0,5,11.883,4469.49
1108,5,0,5,11.8697,4398.6
1302,5,0,6,12.088,5502.06,0.106833,465.975,0.24,7
1303,5,0,6,12.0676,5398.52
1305,5,0,6,12.0541,5329.61
1304,5,0,6,12.042,5268.05
895,5,0,7,12.3606,6816.77,0.0435,189.734,0.02,8
896,5,0,7,12.3569,6798.53
892,5,0,7,12.3534,6780.74
906,5,0,7,12.3351,6687.94
1555,5,0,7,12.3097,6545.19
2157,5,0,7,12.2971,6484.56
2019,5,0,7,12.268,6349.38
929,5,0,7,12.2676,6347.4
938,5,0,7,12.2555,6281.27
950,5,0,7,12.2396,6200.24
951,5,0,7,12.2331,6166.99
949,5,0,7,12.2215,6107.7
1302,5,0,7,12.1948,5968.03
978,5,0,8,12.5721,7855.45,0.107833,470.336,0.07,9
1010,5,0,8,12.5564,7775.3
1011,5,0,8,12.543,7705.9
1009,5,0,8,12.5378,7678.27
1041,5,0,8,12.5376,7677.58
1039,5,0,8,12.5299,7637.11
1037,5,0,8,12.5203,7589.62
1034,5,0,8,12.5116,7543.93
2032,5,0,8,12.4962,7466.34
1050,5,0,8,12.4649,7312.25
1049,5,0,8,12.4649,7312.15
1025,5,0,8,12.4561,7268.49
1029,5,0,8,12.4428,7201.66
1027,5,0,8,12.431,7142.71
898,5,0,8,12.4227,7099.17
895,5,0,8,12.4041,7006.5
636,5,0,9,12.7654,8740.28,0.091,396.915,0.15,10
633,5,0,9,12.7588,8706.67
639,5,0,9,12.7554,8689.13
1993,5,0,9,12.7457,8638.52
1995,5,0,9,12.7361,8593.22
1996,5,0,9,12.7246,8541.49
1997,5,0,9,12.7207,8521.58
2027,5,0,9,12.6925,8387.24
2026,5,0,9,12.6867,8358.94
978,5,0,9,12.6799,8325.79
64,5,0,10,13.1035,10581.5,0,0,0
195,5,0,10,13.0767,10443.3
196,5,0,10,13.0736,10423.4
205,5,0,10,13.0583,10335.6
215,5,0,10,13.0327,10179.1
225,5,0,10,13.0057,9975.99
715,5,0,10,12.9756,9806.43
714,5,0,10,12.9716,9782.27
726,5,0,10,12.9714,9780.42
529,5,0,10,12.9573,9680.77
605,5,0,10,12.9424,9584.1
603,5,0,10,12.9361,9551.02
604,5,0,10,12.9322,9529.16
596,5,0,10,12.932,9528.19
580,5,0,10,12.9205,9463.67
583,5,0,10,12.9143,9433.85
587,5,0,10,12.9122,9419.58
578,5,0,10,12.9093,9403.52
579,5,0,10,12.902,9364.72
570,5,0,10,12.895,9331.56
1994,5,0,10,12.8821,9266.48
562,5,0,10,12.8691,9203.11
639,5,0,10,12.8656,9185.67
638,5,0,10,12.8603,9157.42
636,5,0,10,12.8564,9137.2
220,6,0,0,11.1772,472.978,0.0955,416.542,0.04,1
2130,6,0,0,11.1624,392.48
215,6,0,0,11.1575,358.782
205,6,0,0,11.1336,204.484
196,6,0,0,11.1205,119.897
195,6,0,0,11.1179,100.335
64,6,0,0,11.1,0
710,6,0,1,11.3304,1198.14,0.0443333,193.369,0.36,2
223,6,0,1,11.3129,1104.91
224,6,0,1,11.2988,1031.05
222,6,0,1,11.283,945.57
220,6,0,1,11.2727,889.52
455,6,0,2,11.4338,1774.06,0.0408333,178.103,0.03,3
454,6,0,2,11.431,1758.44
457,6,0,2,11.4243,1704.48
456,6,0,2,11.4191,1675.03
458,6,0,2,11.4096,1613.89
459,6,0,2,11.4037,1568.78
1543,6,0,2,11.3944,1506.55
710,6,0,2,11.3747,1391.51
1108,6,0,3,11.7419,3428.96,0.0935,407.819,0.09,4
1109,6,0,3,11.7367,3402.77
1113,6,0,3,11.7306,3371.72
1847,6,0,3,11.7177,3306.52
1086,6,0,3,11.7141,3286.49
1087,6,0,3,11.6995,3213.3
1090,6,0,3,11.6908,3168.13
1076,6,0,3,11.6647,3041.16
1074,6,0,3,11.6605,3020.04
1077,6,0,3,11.651,2969.22
1080,6,0,3,11.6375,2902.01
1079,6,0,3,11.6309,2867.56
1061,6,0,3,11.6266,2846.28
1063,6,0,3,11.6231,2828.11
1062,6,0,3,11.622,2821.03
2159,6,0,3,11.6218,2819.92
1045,6,0,3,11.6211,2816.77
1012,6,0,3,11.6139,2775.78
1014,6,0,3,11.6133,2772.91
989,6,0,3,11.6023,2714.61
990,6,0,3,11.5922,2664.35
991,6,0,3,11.5896,2652
706,6,0,3,11.5826,2612.53
704,6,0,3,11.58,2599.76
2179,6,0,3,11.5798,2598.9
662,6,0,3,11.5736,2569.25
602,6,0,3,11.5622,2500.98
599,6,0,3,11.5581,2477.72
605,6,0,3,11.554,2453.73
529,6,0,3,11.5368,2353.71
726,6,0,3,11.5209,2252.51
714,6,0,3,11.5207,2250.62
1543,6,0,3,11.5159,2220.1
459,6,0,3,11.5056,2156.7
458,6,0,3,11.4991,2111.44
456,6,0,3,11.49,2050.65
457,6,0,3,11.4846,2020.43
454,6,0,3,11.477,1966.47
455,6,0,3,11.4746,1952.16
1304,6,0,4,11.9649,4519.4,0.0428333,186.826,0.12,5
952,6,0,4,11.9405,4386.42
953,6,0,4,11.9298,4331.64
2023,6,0,4,11.929,4327.54
2108,6,0,4,11.9125,4242.33
1794,6,0,4,11.9054,4206.57
2106,6,0,4,11.8902,4127.2
2039,6,0,4,11.8725,4033.67
1106,6,0,4,11.8629,3981.72
2035,6,0,4,11.8487,3907.67
1108,6,0,4,11.8354,3836.78
1302,6,0,5,12.0537,4940.23,0.106833,465.975,0.24,6
1303,6,0,5,12.0333,4836.7
1305,6,0,5,12.0198,4767.79
1304,6,0,5,12.0077,4706.23
895,6,0,6,12.3263,6254.95,0.0435,189.734,0.02,7
896,6,0,6,12.3226,6236.71
892,6,0,6,12.3191,6218.92
906,6,0,6,12.3009,6126.12
1555,6,0,6,12.2754,5983.37
2157,6,0,6,12.2628,5922.73
2019,6,0,6,12.2337,5787.56
929,6,0,6,12.2333,5785.58
938,6,0,6,12.2212,5719.45
950,6,0,6,12.2053,5638.42
951,6,0,6,12.1988,5605.16
949,6,0,6,12.1872,5545.88
1302,6,0,6,12.1605,5406.21
978,6,0,7,12.5378,7293.63,0.107833,470.336,0.07,8
1010,6,0,7,12.5221,7213.48
1011,6,0,7,12.5087,7144.08
1009,6,0,7,12.5035,7116.45
1041,6,0,7,12.5034,7115.76
1039,6,0,7,12.4956,7075.29
1037,6,0,7,12.486,7027.8
1034,6,0,7,12.4773,6982.11
2032,6,0,7,12.4619,6904.52
1050,6,0,7,12.4306,6750.42
1049,6,0,7,12.4306,6750.33
1025,6,0,7,12.4218,6706.67
1029,6,0,7,12.4085,6639.84
1027,6,0,7,12.3967,6580.88
898,6,0,7,12.3884,6537.35
895,6,0,7,12.3698,6444.68
636,6,0,8,12.7311,8178.46,0.091,396.915,0.15,9
633,6,0,8,12.7245,8144.85
639,6,0,8,12.7211,8127.31
1993,6,0,8,12.7114,8076.69
1995,6,0,8,12.7018,8031.4
1996,6,0,8,12.6903,7979.66
1997,6,0,8,12.6864,7959.76
2027,6,0,8,12.6582,7825.42
2026,6,0,8,12.6524,7797.11
978,6,0,8,12.6456,7763.97
603,6,0,9,12.9019,8989.2,0.0631667,275.514,0.35,10
604,6,0,9,12.8979,8967.34
596,6,0,9,12.8977,8966.37
580,6,0,9,12.8862,8901.84
583,6,0,9,12.88,8872.03
587,6,0,9,12.8779,8857.76
578,6,0,9,12.875,8841.7
579,6,0,9,12.8677,8802.9
570,6,0,9,12.8607,8769.74
1994,6,0,9,12.8478,8704.66
562,6,0,9,12.8348,8641.29
639,6,0,9,12.8314,8623.84
638,6,0,9,12.826,8595.6
636,6,0,9,12.8221,8575.37
64,6,0,10,13.1323,10295.2,0,0,0
195,6,0,10,13.1056,10157
196,6,0,10,13.1024,10137.1
205,6,0,10,13.0871,10049.3
215,6,0,10,13.0615,9892.75
225,6,0,10,13.0346,9689.68
715,6,0,10,13.0045,9520.12
714,6,0,10,13.0005,9495.96
726,6,0,10,13.0003,9494.11
529,6,0,10,12.9862,9394.46
605,6,0,10,12.9713,9297.79
603,6,0,10,12.965,9264.71
220,7,0,0,11.0872,472.978,0.0955,416.542,0.04,1
2130,7,0,0,11.0724,392.48
215,7,0,0,11.0675,358.782
205,7,0,0,11.0436,204.484
196,7,0,0,11.0305,119.897
195,7,0,0,11.0279,100.335
64,7,0,0,11.01,0
710,7,0,1,11.2404,1198.14,0.0443333,193.369,0.36,2
223,7,0,1,11.2229,1104.91
224,7,0,1,11.2088,1031.05
222,7,0,1,11.193,945.57
220,7,0,1,11.1827,889.52
455,7,0,2,11.3438,1774.06,0.0408333,178.103,0.03,3
454,7,0,2,11.341,1758.44
457,7,0,2,11.3343,1704.48
456,7,0,2,11.3291,1675.03
458,7,0,2,11.3196,1613.89
459,7,0,2,11.3137,1568.78
1543,7,0,2,11.3044,1506.55
710,7,0,2,11.2847,1391.51
1108,7,0,3,11.6519,3428.96,0.0935,407.819,0.09,4
1109,7,0,3,11.6467,3402.77
1113,7,0,3,11.6406,3371.72
1847,7,0,3,11.6277,3306.52
1086,7,0,3,11.6241,3286.49
1087,7,0,3,11.6095,3213.3
1090,7,0,3,11.6008,3168.13
1076,7,0,3,11.5747,3041.16
1074,7,0,3,11.5705,3020.04
1077,7,0,3,11.561,2969.22
1080,7,0,3,11.5475,2902.01
1079,7,0,3,11.5409,2867.56
1061,7,0,3,11.5366,2846.28
1063,7,0,3,11.5331,2828.11
1062,7,0,3,11.532,2821.03
2159,7,0,3,11.5318,2819.92
1045,7,0,3,11.5311,2816.77
1012,7,0,3,11.5239,2775.78
1014,7,0,3,11.5233,2772.91
989,7,0,3,11.5123,2714.61
990,7,0,3,11.5022,2664.35
991,7,0,3,11.4996,2652
706,7,0,3,11.4926,2612.53
704,7,0,3,11.49,2599.76
2179,7,0,3,11.4898,2598.9
662,7,0,3,11.4836,2569.25
602,7,0,3,11.4722,2500.98
599,7,0,3,11.4681,2477.72
605,7,0,3,11.464,2453.73
529,7,0,3,11.4468,2353.71
726,7,0,3,11.4309,2252.51
714,7,0,3,11.4307,2250.62
1543,7,0,3,11.4259,2220.1
459,7,0,3,11.4156,2156.7
458,7,0,3,11.4091,2111.44
456,7,0,3,11.4,2050.65
457,7,0,3,11.3946,2020.43
454,7,0,3,11.387,1966.47
455,7,0,3,11.3846,1952.16
1304,7,0,4,11.8749,4519.4,0.0428333,186.826,0.12,5
952,7,0,4,11.8505,4386.42
953,7,0,4,11.8398,4331.64
2023,7,0,4,11.839,4327.54
2108,7,0,4,11.8225,4242.33
1794,7,0,4,11.8154,4206.57
2106,7,0,4,11.8002,4127.2
2039,7,0,4,11.7825,4033.67
1106,7,0,4,11.7729,3981.72
2035,7,0,4,11.7587,3907.67
1108,7,0,4,11.7454,3836.78
1302,7,0,5,11.9679,4957.93,0.068,296.595,0.26,6
1303,7,0,5,11.9473,4853.42
1305,7,0,5,11.9327,4779.54
1304,7,0,5,11.9177,4706.23
895,7,0,6,12.2017,6103.27,0.0435,189.734,0.02,7
896,7,0,6,12.198,6085.03
892,7,0,6,12.1945,6067.24
906,7,0,6,12.1763,5974.44
1555,7,0,6,12.1508,5831.69
2157,7,0,6,12.1382,5771.05
2019,7,0,6,12.1091,5635.88
929,7,0,6,12.1087,5633.9
938,7,0,6,12.0966,5567.77
950,7,0,6,12.0807,5486.74
951,7,0,6,12.0742,5453.48
949,7,0,6,12.0626,5394.2
1302,7,0,6,12.0359,5254.53
978,7,0,7,12.4132,7141.95,0.107833,470.336,0.07,8
1010,7,0,7,12.3976,7061.8
1011,7,0,7,12.3841,6992.4
1009,7,0,7,12.3789,6964.77
1041,7,0,7,12.3788,6964.08
1039,7,0,7,12.371,6923.61
1037,7,0,7,12.3614,6876.12
1034,7,0,7,12.3527,6830.43
2032,7,0,7,12.3373,6752.84
1050,7,0,7,12.306,6598.74
1049,7,0,7,12.306,6598.65
1025,7,0,7,12.2972,6554.99
1029,7,0,7,12.2839,6488.16
1027,7,0,7,12.2721,6429.2
898,7,0,7,12.2639,6385.67
895,7,0,7,12.2452,6293
636,7,0,8,12.6066,8026.78,0.091,396.915,0.15,9
633,7,0,8,12.5999,7993.17
639,7,0,8,12.5965,7975.63
1993,7,0,8,12.5868,7925.01
1995,7,0,8,12.5772,7879.72
1996,7,0,8,12.5657,7827.98
1997,7,0,8,12.5618,7808.08
2027,7,0,8,12.5336,7673.74
2026,7,0,8,12.5278,7645.43
978,7,0,8,12.521,7612.29
603,7,0,9,12.7773,8837.52,0.0631667,275.514,0.35,10
604,7,0,9,12.7733,8815.66
596,7,0,9,12.7732,8814.69
580,7,0,9,12.7616,8750.16
583,7,0,9,12.7554,8720.35
587,7,0,9,12.7534,8706.08
578,7,0,9,12.7505,8690.02
579,7,0,9,12.7431,8651.22
570,7,0,9,12.7361,8618.06
1994,7,0,9,12.7232,8552.98
562,7,0,9,12.7102,8489.6
639,7,0,9,12.7068,8472.16
638,7,0,9,12.7014,8443.92
636,7,0,9,12.6976,8423.69
64,7,0,10,13.0077,10143.5,0,0,0
195,7,0,10,12.981,10005.3
196,7,0,10,12.9779,9985.38
205,7,0,10,12.9626,9897.63
215,7,0,10,12.9369,9741.07
225,7,0,10,12.91,9538
715,7,0,10,12.8799,9368.44
714,7,0,10,12.8759,9344.28
726,7,0,10,12.8757,9342.43
529,7,0,10,12.8616,9242.78
605,7,0,10,12.8467,9146.11
603,7,0,10,12.8404,9113.03
220,8,0,0,11.6372,472.978,0.0955,416.542,0.04,1
2130,8,0,0,11.6224,392.48
215,8,0,0,11.6175,358.782
205,8,0,0,11.5936,204.484
196,8,0,0,11.5805,119.897
195,8,0,0,11.5779,100.335
64,8,0,0,11.56,0
710,8,0,1,11.7904,1198.14,0.0443333,193.369,0.36,2
223,8,0,1,11.7729,1104.91
224,8,0,1,11.7588,1031.05
222,8,0,1,11.743,945.57
220,8,0,1,11.7327,889.52
455,8,0,2,11.8938,1774.06,0.0408333,178.103,0.03,3
454,8,0,2,11.891,1758.44
457,8,0,2,11.8843,1704.48
456,8,0,2,11.8791,1675.03
458,8,0,2,11.8696,1613.89
459,8,0,2,11.8637,1568.78
1543,8,0,2,11.8544,1506.55
710,8,0,2,11.8347,1391.51
603,8,0,3,12.025,2516.24,0.0631667,275.514,0.35,4
604,8,0,3,12.0208,2493.1
596,8,0,3,12.0206,2492.13
595,8,0,3,12.0152,2461.72
605,8,0,3,12.014,2453.73
529,8,0,3,11.9968,2353.71
726,8,0,3,11.9809,2252.51
714,8,0,3,11.9807,2250.62
1543,8,0,3,11.9759,2220.1
459,8,0,3,11.9656,2156.7
458,8,0,3,11.9591,2111.44
456,8,0,3,11.95,2050.65
457,8,0,3,11.9446,2020.43
454,8,0,3,11.937,1966.47
455,8,0,3,11.9346,1952.16
1108,8,0,4,12.2766,3774.32,0.0588333,256.613,0.13,5
1109,8,0,4,12.2726,3752.79
1113,8,0,4,12.2653,3716.85
1847,8,0,4,12.2523,3651
1086,8,0,4,12.2486,3630.77
1087,8,0,4,12.2349,3560.98
1090,8,0,4,12.2257,3513.73
1076,8,0,4,12.2026,3399.54
1074,8,0,4,12.1986,3379.15
1077,8,0,4,12.1883,3325.1
1080,8,0,4,12.175,3258.65
1079,8,0,4,12.1674,3219.96
1061,8,0,4,12.1631,3198.68
1063,8,0,4,12.1597,3180.87
1062,8,0,4,12.1586,3173.8
2159,8,0,4,12.1585,3172.9
1045,8,0,4,12.1578,3169.75
1012,8,0,4,12.1505,3128.76
1014,8,0,4,12.1501,3126.56
989,8,0,4,12.1396,3070.7
990,8,0,4,12.1296,3020.44
704,8,0,4,12.1183,2962.7
2179,8,0,4,12.1181,2961.83
662,8,0,4,12.1119,2932.19
602,8,0,4,12.1009,2864.49
604,8,0,4,12.0985,2847.81
596,8,0,4,12.0984,2846.84
595,8,0,4,12.0924,2814.1
603,8,0,4,12.0882,2791.76
1304,8,0,5,12.4684,4725.58,0.0815,355.478,0.17,6
2163,8,0,5,12.4474,4615.84
2051,8,0,5,12.4138,4437.75
2050,8,0,5,12.4026,4378.74
2106,8,0,5,12.3957,4344.01
2039,8,0,5,12.378,4250.04
1106,8,0,5,12.3681,4197.09
2035,8,0,5,12.3555,4130.27
1108,8,0,5,12.3355,4030.94
1302,8,0,6,12.5958,5315.06,0.106833,465.975,0.24,7
1303,8,0,6,12.5755,5211.53
1305,8,0,6,12.562,5142.62
1304,8,0,6,12.5499,5081.06
895,8,0,7,12.8685,6629.77,0.0435,189.734,0.02,8
896,8,0,7,12.8648,6611.53
892,8,0,7,12.8613,6593.75
906,8,0,7,12.843,6500.95
1555,8,0,7,12.8175,6358.2
2157,8,0,7,12.8049,6297.56
2019,8,0,7,12.7758,6162.39
929,8,0,7,12.7754,6160.4
938,8,0,7,12.7634,6094.27
950,8,0,7,12.7474,6013.25
951,8,0,7,12.741,5979.99
949,8,0,7,12.7293,5920.71
1302,8,0,7,12.7027,5781.04
978,8,0,8,13.0799,7668.46,0.0648333,282.783,0.06,9
1010,8,0,8,13.0643,7588.31
1011,8,0,8,13.0508,7518.91
1009,8,0,8,13.0457,7491.28
1041,8,0,8,13.0455,7490.59
1039,8,0,8,13.0377,7450.11
1037,8,0,8,13.0282,7402.63
1034,8,0,8,13.0195,7356.94
2032,8,0,8,13.004,7279.35
1050,8,0,8,12.9728,7125.25
1049,8,0,8,12.9728,7125.16
1025,8,0,8,12.9639,7081.5
1029,8,0,8,12.9507,7014.67
1027,8,0,8,12.9389,6955.71
898,8,0,8,12.9306,6912.18
895,8,0,8,12.912,6819.51
636,8,0,9,13.2221,8332.67,0.0665,290.053,0.15,10
633,8,0,9,13.2164,8303.14
639,8,0,9,13.2129,8285
1993,8,0,9,13.2013,8226.71
1995,8,0,9,13.1945,8192.35
1996,8,0,9,13.1884,8162.4
1997,8,0,9,13.1845,8142.5
2027,8,0,9,13.1596,8021.73
2026,8,0,9,13.1538,7993.25
978,8,0,9,13.1448,7951.24
64,8,0,10,13.536,10076.7,0,0,0
195,8,0,10,13.5117,9949.05
196,8,0,10,13.509,9929.46
205,8,0,10,13.494,9842.34
215,8,0,10,13.4625,9668.03
225,8,0,10,13.4365,9464.79
715,8,0,10,13.4085,9299.91
714,8,0,10,13.4047,9276
726,8,0,10,13.4045,9274.15
529,8,0,10,13.3906,9174.62
605,8,0,10,13.376,9078.13
603,8,0,10,13.3674,9035.49
604,8,0,10,13.3624,9009.09
596,8,0,10,13.3622,9008.12
580,8,0,10,13.3507,8943.8
583,8,0,10,13.3445,8913.98
587,8,0,10,13.3423,8899.6
578,8,0,10,13.3394,8883.5
575,8,0,10,13.3336,8851.06
571,8,0,10,13.331,8835.95
570,8,0,10,13.3271,8816.9
1994,8,0,10,13.3109,8737.92
562,8,0,10,13.3013,8688.87
639,8,0,10,13.2979,8671.43
638,8,0,10,13.2926,8643.64
636,8,0,10,13.2886,8622.72
220,9,0,0,11.7572,472.978,0.0955,416.542,0.04,1
2130,9,0,0,11.7424,392.48
215,9,0,0,11.7375,358.782
205,9,0,0,11.7136,204.484
196,9,0,0,11.7005,119.897
195,9,0,0,11.6979,100.335
64,9,0,0,11.68,0
710,9,0,1,11.9104,1198.14,0.0443333,193.369,0.36,2
223,9,0,1,11.8929,1104.91
224,9,0,1,11.8788,1031.05
222,9,0,1,11.863,945.57
220,9,0,1,11.8527,889.52
603,9,0,2,12.0236,1802.69,0.0631667,275.514,0.35,3
604,9,0,2,12.0193,1779.55
596,9,0,2,12.0192,1778.58
595,9,0,2,12.0137,1748.17
605,9,0,2,12.0126,1740.18
529,9,0,2,11.9953,1640.15
726,9,0,2,11.9795,1538.96
714,9,0,2,11.9793,1537.07
1543,9,0,2,11.9744,1506.55
710,9,0,2,11.9547,1391.51
1108,9,0,3,12.2752,3060.77,0.0588333,256.613,0.13,4
1109,9,0,3,12.2711,3039.24
1113,9,0,3,12.2638,3003.3
1847,9,0,3,12.2508,2937.45
1086,9,0,3,12.2471,2917.22
1087,9,0,3,12.2334,2847.43
1090,9,0,3,12.2242,2800.18
1076,9,0,3,12.2011,2685.99
1074,9,0,3,12.1972,2665.6
1077,9,0,3,12.1868,2611.54
1080,9,0,3,12.1736,2545.1
1079,9,0,3,12.1659,2506.41
1061,9,0,3,12.1617,2485.13
1063,9,0,3,12.1582,2467.32
1062,9,0,3,12.1572,2460.25
2159,9,0,3,12.157,2459.35
1045,9,0,3,12.1563,2456.2
1012,9,0,3,12.1491,2415.21
1014,9,0,3,12.1487,2413.01
989,9,0,3,12.1382,2357.15
990,9,0,3,12.1281,2306.89
704,9,0,3,12.1168,2249.15
2179,9,0,3,12.1166,2248.28
662,9,0,3,12.1104,2218.64
602,9,0,3,12.0995,2150.94
604,9,0,3,12.097,2134.26
596,9,0,3,12.0969,2133.29
595,9,0,3,12.0909,2100.55
603,9,0,3,12.0867,2078.21
1304,9,0,4,12.4669,4012.03,0.0815,355.478,0.17,5
2163,9,0,4,12.4459,3902.29
2051,9,0,4,12.4123,3724.2
2050,9,0,4,12.4012,3665.19
2106,9,0,4,12.3942,3630.46
2039,9,0,4,12.3765,3536.49
1106,9,0,4,12.3666,3483.54
2035,9,0,4,12.3541,3416.72
1108,9,0,4,12.334,3317.39
1302,9,0,5,12.5944,4601.51,0.106833,465.975,0.24,6
1303,9,0,5,12.574,4497.98
1305,9,0,5,12.5605,4429.06
1304,9,0,5,12.5484,4367.51
895,9,0,6,12.867,5916.22,0.0435,189.734,0.02,7
896,9,0,6,12.8633,5897.98
892,9,0,6,12.8598,5880.2
906,9,0,6,12.8416,5787.4
1555,9,0,6,12.8161,5644.65
2157,9,0,6,12.8035,5584.01
2019,9,0,6,12.7744,5448.84
929,9,0,6,12.774,5446.85
938,9,0,6,12.7619,5380.72
950,9,0,6,12.746,5299.7
951,9,0,6,12.7395,5266.44
949,9,0,6,12.7279,5207.16
1302,9,0,6,12.7012,5067.49
978,9,0,7,13.0785,6954.91,0.0648333,282.783,0.06,8
1010,9,0,7,13.0628,6874.76
1011,9,0,7,13.0494,6805.35
1009,9,0,7,13.0442,6777.73
1041,9,0,7,13.0441,6777.04
1039,9,0,7,13.0363,6736.56
1037,9,0,7,13.0267,6689.08
1034,9,0,7,13.018,6643.39
2032,9,0,7,13.0026,6565.8
1050,9,0,7,12.9713,6411.7
1049,9,0,7,12.9713,6411.61
1025,9,0,7,12.9625,6367.95
1029,9,0,7,12.9492,6301.12
1027,9,0,7,12.9374,6242.16
898,9,0,7,12.9292,6198.63
895,9,0,7,12.9105,6105.96
636,9,0,8,13.2206,7619.12,0.0665,290.053,0.15,9
633,9,0,8,13.2149,7589.59
639,9,0,8,13.2115,7571.45
1993,9,0,8,13.1999,7513.16
1995,9,0,8,13.193,7478.8
1996,9,0,8,13.1869,7448.85
1997,9,0,8,13.183,7428.95
2027,9,0,8,13.1581,7308.18
2026,9,0,8,13.1523,7279.69
978,9,0,8,13.1433,7237.69
455,9,0,9,13.4497,8778.28,0.0423333,184.645,0.11,10
453,9,0,9,13.4411,8712.82
452,9,0,9,13.4288,8625.5
1678,9,0,9,13.4131,8541.11
474,9,0,9,13.3931,8441.6
2140,9,0,9,13.3849,8403.76
475,9,0,9,13.3782,8372.49
499,9,0,9,13.3705,8332.9
500,9,0,9,13.3659,8309.5
518,9,0,9,13.3603,8281.31
1754,9,0,9,13.3471,8219.45
540,9,0,9,13.3386,8175.55
541,9,0,9,13.3278,8120.4
572,9,0,9,13.3191,8074.65
1994,9,0,9,13.3094,8024.37
562,9,0,9,13.2999,7975.32
639,9,0,9,13.2964,7957.88
638,9,0,9,13.2912,7930.09
636,9,0,9,13.2871,7909.17
64,9,0,10,13.6705,9954.86,0,0,0
63,9,0,10,13.665,9924.51
199,9,0,10,13.6266,9728.31
202,9,0,10,13.6051,9612.27
208,9,0,10,13.5933,9540.49
170,9,0,10,13.5697,9416.25
176,9,0,10,13.5696,9415.93
183,9,0,10,13.5523,9319.66
192,9,0,10,13.5477,9288.55
458,9,0,10,13.517,9125.31
456,9,0,10,13.5084,9064.91
457,9,0,10,13.5024,9031.86
454,9,0,10,13.4947,8977.88
455,9,0,10,13.4921,8962.92
710,10,0,0,11.953,739.387,0.0443333,193.369,0.36,1
223,10,0,0,11.9355,646.157
1680,10,0,0,11.926,581.03
225,10,0,0,11.9232,562.11
215,10,0,0,11.8975,358.782
205,10,0,0,11.8736,204.484
196,10,0,0,11.8605,119.897
195,10,0,0,11.8579,100.335
64,10,0,0,11.84,0
603,10,0,1,12.0662,1343.94,0.0631667,275.514,0.35,2
604,10,0,1,12.0619,1320.8
596,10,0,1,12.0618,1319.83
595,10,0,1,12.0563,1289.42
605,10,0,1,12.0552,1281.43
529,10,0,1,12.0379,1181.4
726,10,0,1,12.022,1080.21
714,10,0,1,12.0219,1078.32
1543,10,0,1,12.017,1047.8
710,10,0,1,11.9973,932.755
1108,10,0,2,12.3178,2602.02,0.0588333,256.613,0.13,3
1109,10,0,2,12.3137,2580.49
1113,10,0,2,12.3064,2544.55
1847,10,0,2,12.2934,2478.7
1086,10,0,2,12.2897,2458.47
1087,10,0,2,12.276,2388.68
1090,10,0,2,12.2668,2341.42
1076,10,0,2,12.2437,2227.24
1074,10,0,2,12.2398,2206.85
1077,10,0,2,12.2294,2152.79
1080,10,0,2,12.2162,2086.35
1079,10,0,2,12.2085,2047.66
1061,10,0,2,12.2043,2026.38
1063,10,0,2,12.2008,2008.57
1062,10,0,2,12.1998,2001.5
2159,10,0,2,12.1996,2000.59
1045,10,0,2,12.1989,1997.44
1012,10,0,2,12.1917,1956.46
1014,10,0,2,12.1913,1954.26
989,10,0,2,12.1808,1898.4
990,10,0,2,12.1707,1848.13
704,10,0,2,12.1594,1790.4
2179,10,0,2,12.1592,1789.53
662,10,0,2,12.153,1759.89
602,10,0,2,12.1421,1692.19
604,10,0,2,12.1396,1675.51
596,10,0,2,12.1395,1674.54
595,10,0,2,12.1335,1641.8
603,10,0,2,12.1293,1619.46
1304,10,0,3,12.5095,3553.28,0.0815,355.478,0.17,4
2163,10,0,3,12.4885,3443.54
2051,10,0,3,12.4549,3265.45
2050,10,0,3,12.4437,3206.44
2106,10,0,3,12.4368,3171.71
2039,10,0,3,12.4191,3077.74
1106,10,0,3,12.4092,3024.79
2035,10,0,3,12.3967,2957.97
1108,10,0,3,12.3766,2858.64
1302,10,0,4,12.637,4142.76,0.106833,465.975,0.24,5
1303,10,0,4,12.6166,4039.23
1305,10,0,4,12.6031,3970.31
1304,10,0,4,12.591,3908.76
895,10,0,5,12.9096,5457.47,0.0435,189.734,0.02,6
896,10,0,5,12.9059,5439.23
892,10,0,5,12.9024,5421.45
906,10,0,5,12.8841,5328.65
1555,10,0,5,12.8587,5185.9
2157,10,0,5,12.846,5125.26
2019,10,0,5,12.817,4990.09
929,10,0,5,12.8166,4988.1
938,10,0,5,12.8045,4921.97
950,10,0,5,12.7886,4840.95
951,10,0,5,12.7821,4807.69
949,10,0,5,12.7705,4748.41
1302,10,0,5,12.7438,4608.74
978,10,0,6,13.1211,6496.16,0.0648333,282.783,0.06,7
1010,10,0,6,13.1054,6416.01
1011,10,0,6,13.092,6346.6
1009,10,0,6,13.0868,6318.98
1041,10,0,6,13.0866,6318.29
1039,10,0,6,13.0789,6277.81
1037,10,0,6,13.0693,6230.33
1034,10,0,6,13.0606,6184.64
2032,10,0,6,13.0452,6107.05
1050,10,0,6,13.0139,5952.95
1049,10,0,6,13.0139,5952.86
1025,10,0,6,13.0051,5909.2
1029,10,0,6,12.9918,5842.37
1027,10,0,6,12.98,5783.41
898,10,0,6,12.9717,5739.88
895,10,0,6,12.9531,5647.21
636,10,0,7,13.2632,7160.37,0.0665,290.053,0.15,8
633,10,0,7,13.2575,7130.84
639,10,0,7,13.254,7112.7
1993,10,0,7,13.2425,7054.41
1995,10,0,7,13.2356,7020.05
1996,10,0,7,13.2295,6990.1
1997,10,0,7,13.2256,6970.2
2027,10,0,7,13.2007,6849.43
2026,10,0,7,13.1949,6820.94
978,10,0,7,13.1859,6778.94
455,10,0,8,13.4923,8319.53,0.0423333,184.645,0.11,9
453,10,0,8,13.4837,8254.07
452,10,0,8,13.4714,8166.75
1678,10,0,8,13.4557,8082.36
474,10,0,8,13.4357,7982.85
2140,10,0,8,13.4275,7945.01
475,10,0,8,13.4208,7913.74
499,10,0,8,13.4131,7874.15
500,10,0,8,13.4085,7850.75
518,10,0,8,13.4029,7822.56
1754,10,0,8,13.3897,7760.7
540,10,0,8,13.3812,7716.8
541,10,0,8,13.3704,7661.65
572,10,0,8,13.3617,7615.9
1994,10,0,8,13.352,7565.62
562,10,0,8,13.3425,7516.57
639,10,0,8,13.339,7499.13
638,10,0,8,13.3338,7471.34
636,10,0,8,13.3297,7450.42
220,10,0,9,13.6261,9042.6,0.072,314.042,0.12,10
222,10,0,9,13.6181,8994.87
229,10,0,9,13.5927,8856.22
450,10,0,9,13.5823,8799.33
459,10,0,9,13.5663,8711.97
458,10,0,9,13.5596,8666.56
456,10,0,9,13.551,8606.16
457,10,0,9,13.545,8573.11
454,10,0,9,13.5373,8519.13
455,10,0,9,13.5347,8504.17
64,10,0,10,13.7937,9893.44,0,0,0
195,10,0,10,13.7694,9765.78
196,10,0,10,13.7667,9746.18
205,10,0,10,13.7517,9659.06
215,10,0,10,13.7202,9484.75
2130,10,0,10,13.7161,9451.1
220,10,0,10,13.6981,9356.64
220,11,0,0,12.2602,511.167,0.0923333,402.73,0.08,1
2130,11,0,0,12.2424,417.757
215,11,0,0,12.2369,383.417
205,11,0,0,12.2089,223.068
196,11,0,0,12.195,137.521
195,11,0,0,12.1919,117.624
64,11,0,0,12.17,0
603,11,0,1,12.4734,1615.67,0.0631667,275.514,0.35,2
604,11,0,1,12.4695,1593.8
596,11,0,1,12.4693,1592.83
595,11,0,1,12.4633,1560.09
605,11,0,1,12.4621,1552.08
529,11,0,1,12.4449,1452.07
726,11,0,1,12.4301,1351.99
714,11,0,1,12.4299,1350.12
1543,11,0,1,12.4257,1320.16
459,11,0,1,12.4156,1257.06
450,11,0,1,12.3993,1168.32
229,11,0,1,12.3873,1104.61
222,11,0,1,12.3626,968.676
220,11,0,1,12.3526,913.897
1108,11,0,2,12.725,2873.75,0.0588333,256.613,0.13,3
1109,11,0,2,12.7209,2852.21
1113,11,0,2,12.7137,2816.27
1847,11,0,2,12.7006,2750.43
1086,11,0,2,12.697,2730.19
1087,11,0,2,12.6832,2660.4
1090,11,0,2,12.674,2613.15
1076,11,0,2,12.651,2498.97
1074,11,0,2,12.647,2478.57
1077,11,0,2,12.6367,2424.52
1080,11,0,2,12.6234,2358.07
1079,11,0,2,12.6158,2319.39
1061,11,0,2,12.6115,2298.1
1063,11,0,2,12.6081,2280.29
1062,11,0,2,12.607,2273.22
2159,11,0,2,12.6068,2272.32
1045,11,0,2,12.6062,2269.17
1012,11,0,2,12.5989,2228.18
1014,11,0,2,12.5985,2225.98
989,11,0,2,12.588,2170.12
990,11,0,2,12.578,2119.86
704,11,0,2,12.5667,2062.12
2179,11,0,2,12.5665,2061.26
662,11,0,2,12.5603,2031.61
602,11,0,2,12.5493,1963.92
604,11,0,2,12.5469,1947.23
596,11,0,2,12.5468,1946.26
595,11,0,2,12.5407,1913.53
603,11,0,2,12.5366,1891.18
1304,11,0,3,12.9168,3825,0.0815,355.478,0.17,4
2163,11,0,3,12.8958,3715.26
2051,11,0,3,12.8622,3537.17
2050,11,0,3,12.851,3478.16
2106,11,0,3,12.8441,3443.43
2039,11,0,3,12.8263,3349.46
1106,11,0,3,12.8165,3296.52
2035,11,0,3,12.8039,3229.69
1108,11,0,3,12.7839,3130.36
1302,11,0,4,13.0442,4414.49,0.035,152.659,0.22,5
1303,11,0,4,13.0239,4310.95
1305,11,0,4,13.0104,4242.04
1304,11,0,4,12.9983,4180.48
895,11,0,5,13.2282,5344.92,0.0823333,359.113,0.02,6
896,11,0,5,13.2245,5326.68
892,11,0,5,13.2207,5307.93
906,11,0,5,13.2081,5239.07
1555,11,0,5,13.1799,5084.47
2157,11,0,5,13.169,5030.72
2019,11,0,5,13.1421,4904.46
929,11,0,5,13.1417,4902.47
938,11,0,5,13.1297,4836.62
950,11,0,5,13.1162,4766.06
951,11,0,5,13.1092,4730.35
949,11,0,5,13.0982,4673.87
1302,11,0,5,13.0792,4567.15
978,11,0,6,13.4828,6568.41,0.0648333,282.783,0.06,7
1010,11,0,6,13.4691,6496.29
1011,11,0,6,13.4543,6421.57
1009,11,0,6,13.448,6389.14
1038,11,0,6,13.44,6349.25
1039,11,0,6,13.4394,6346.57
1037,11,0,6,13.4265,6285.62
1034,11,0,6,13.4168,6235.41
2032,11,0,6,13.4013,6157.81
2031,11,0,6,13.401,6155.99
1031,11,0,6,13.3911,6108.59
1002,11,0,6,13.3769,6037.86
1024,11,0,6,13.3564,5933.74
1029,11,0,6,13.3512,5907.58
1027,11,0,6,13.3391,5847.48
898,11,0,6,13.329,5796.22
895,11,0,6,13.3105,5704.03
636,11,0,7,13.6249,7232.63,0.0665,290.053,0.15,8
633,11,0,7,13.6193,7203.09
639,11,0,7,13.6158,7184.95
1993,11,0,7,13.6042,7126.67
1995,11,0,7,13.5973,7092.3
1996,11,0,7,13.5912,7062.36
1997,11,0,7,13.5873,7042.46
2027,11,0,7,13.5624,6921.68
2026,11,0,7,13.5566,6893.2
978,11,0,7,13.5476,6851.2
455,11,0,8,13.854,8391.78,0.0423333,184.645,0.11,9
453,11,0,8,13.8454,8326.32
452,11,0,8,13.8332,8239
1678,11,0,8,13.8174,8154.62
474,11,0,8,13.7974,8055.1
2140,11,0,8,13.7893,8017.27
475,11,0,8,13.7826,7986
499,11,0,8,13.7748,7946.41
500,11,0,8,13.7702,7923
518,11,0,8,13.7646,7894.82
1754,11,0,8,13.7514,7832.96
540,11,0,8,13.7429,7789.06
541,11,0,8,13.7321,7733.91
572,11,0,8,13.7235,7688.15
1994,11,0,8,13.7137,7637.87
562,11,0,8,13.7042,7588.83
639,11,0,8,13.7007,7571.38
638,11,0,8,13.6955,7543.59
636,11,0,8,13.6914,7522.68
710,11,0,9,13.9614,8975.63,0.0466667,203.546,0.45,10
1543,11,0,9,13.9381,8847.41
459,11,0,9,13.928,8784.22
458,11,0,9,13.9213,8738.82
456,11,0,9,13.9127,8678.42
457,11,0,9,13.9067,8645.37
454,11,0,9,13.899,8591.39
455,11,0,9,13.8964,8576.43
64,11,0,10,14.1168,9878.01,0,0,0
195,11,0,10,14.0953,9761.76
196,11,0,10,14.0925,9742.18
205,11,0,10,14.0783,9656.1
215,11,0,10,14.0538,9501.12
225,11,0,10,14.029,9297.29
1680,11,0,10,14.0262,9278.45
710,11,0,10,14.0081,9179.18
220,12,0,0,12.8102,511.167,0.0923333,402.73,0.08,1
2130,12,0,0,12.7924,417.757
215,12,0,0,12.7869,383.417
205,12,0,0,12.7589,223.068
196,12,0,0,12.745,137.521
195,12,0,0,12.7419,117.624
64,12,0,0,12.72,0
710,12,0,1,12.967,1250.5,0.0983333,428.9,0.42,2
223,12,0,1,12.9504,1161.15
224,12,0,1,12.9285,1054.49
222,12,0,1,12.9126,968.676
220,12,0,1,12.9026,913.897
455,12,0,2,13.126,2068.33,0.0423333,184.645,0.11,3
454,12,0,2,13.1228,2050.95
457,12,0,2,13.1162,1996.88
456,12,0,2,13.1113,1967.85
458,12,0,2,13.1021,1906.93
459,12,0,2,13.0954,1861.58
1543,12,0,2,13.0869,1799.77
710,12,0,2,13.0654,1679.4
1108,12,0,3,13.432,3715.07,0.0723333,315.496,0.16,4
1109,12,0,3,13.4279,3693.69
1113,12,0,3,13.4215,3661.44
1847,12,0,3,13.4097,3600.81
1086,12,0,3,13.4061,3580.62
1087,12,0,3,13.3926,3512.06
1090,12,0,3,13.384,3467.3
1076,12,0,3,13.366,3373.97
1074,12,0,3,13.3619,3353.31
1077,12,0,3,13.3485,3286.34
1080,12,0,3,13.3336,3212.99
1079,12,0,3,13.3265,3176.51
1061,12,0,3,13.3222,3155.22
1063,12,0,3,13.319,3138.38
1062,12,0,3,13.318,3131.34
2159,12,0,3,13.3178,3130.36
1045,12,0,3,13.3171,3127.21
1012,12,0,3,13.3099,3086.22
2028,12,0,3,13.3018,3040.76
989,12,0,3,13.2984,3025.02
990,12,0,3,13.2883,2974.76
991,12,0,3,13.2857,2962.41
706,12,0,3,13.2787,2922.94
704,12,0,3,13.2761,2910.17
2179,12,0,3,13.2759,2909.31
662,12,0,3,13.2697,2879.66
602,12,0,3,13.2585,2811.52
599,12,0,3,13.254,2786.83
605,12,0,3,13.2488,2758.7
529,12,0,3,13.2322,2659.81
726,12,0,3,13.2161,2558.27
714,12,0,3,13.2159,2556.39
1543,12,0,3,13.2101,2523.95
459,12,0,3,13.2,2460.77
458,12,0,3,13.1933,2415.36
456,12,0,3,13.1847,2354.96
457,12,0,3,13.1787,2321.91
454,12,0,3,13.171,2267.93
455,12,0,3,13.1684,2252.97
1304,12,0,4,13.6329,4709.04,0.0735,320.585,0.21,5
952,12,0,4,13.6089,4577.72
953,12,0,4,13.5966,4516.67
2023,12,0,4,13.5958,4512.57
2108,12,0,4,13.5816,4436.91
1794,12,0,4,13.5753,4404.56
2106,12,0,4,13.5614,4330.81
2039,12,0,4,13.5428,4233.29
1106,12,0,4,13.5326,4178.89
2035,12,0,4,13.5206,4114.3
1108,12,0,4,13.5043,4030.57
1302,12,0,5,13.7535,5268.62,0.035,152.659,0.22,6
1303,12,0,5,13.7331,5164.93
1305,12,0,5,13.7179,5088.91
1304,12,0,5,13.7064,5029.63
895,12,0,6,13.9374,6199.05,0.0823333,359.113,0.02,7
896,12,0,6,13.9337,6180.81
892,12,0,6,13.93,6162.06
906,12,0,6,13.9174,6093.2
1555,12,0,6,13.8892,5938.6
2157,12,0,6,13.8782,5884.85
2019,12,0,6,13.8514,5758.59
929,12,0,6,13.851,5756.61
938,12,0,6,13.839,5690.76
950,12,0,6,13.8255,5620.2
951,12,0,6,13.8185,5584.48
949,12,0,6,13.8075,5528
1302,12,0,6,13.7885,5421.28
978,12,0,7,14.1857,7397.53,0.0373333,162.837,0.05,8
1010,12,0,7,14.1709,7320.76
1011,12,0,7,14.1567,7248.12
1009,12,0,7,14.1511,7218.69
1038,12,0,7,14.1429,7178.09
1039,12,0,7,14.1423,7175.42
1037,12,0,7,14.1325,7126.85
1034,12,0,7,14.1242,7083.01
2032,12,0,7,14.1088,7005.42
1050,12,0,7,14.0824,6871.64
1049,12,0,7,14.0824,6871.55
1025,12,0,7,14.075,6833.85
1029,12,0,7,14.062,6768.06
1027,12,0,7,14.0491,6704.68
898,12,0,7,14.0387,6652.2
895,12,0,7,14.0198,6558.17
636,12,0,8,14.3028,7950.79,0.0391667,170.833,0.15,9
631,12,0,8,14.2961,7917.99
630,12,0,8,14.2903,7889.48
637,12,0,8,14.2797,7837.4
1996,12,0,8,14.2673,7774.11
1997,12,0,8,14.2634,7754.21
2027,12,0,8,14.2362,7623.99
2026,12,0,8,14.2304,7595.51
978,12,0,8,14.2231,7560.36
603,12,0,9,14.4262,8557.35,0.0658333,287.145,0.35,10
604,12,0,9,14.4214,8531.94
596,12,0,9,14.4213,8530.97
580,12,0,9,14.407,8454.76
583,12,0,9,14.4008,8424.95
587,12,0,9,14.3986,8410.52
578,12,0,9,14.3955,8393.7
575,12,0,9,14.39,8362.6
571,12,0,9,14.3871,8346.47
570,12,0,9,14.3822,8323.2
1994,12,0,9,14.3695,8258.84
562,12,0,9,14.3561,8193.79
639,12,0,9,14.3526,8176.35
638,12,0,9,14.3459,8142.32
636,12,0,9,14.3419,8121.62
64,12,0,10,14.654,9869.31,0,0,0
195,12,0,10,14.6324,9753.06
196,12,0,10,14.6297,9733.48
205,12,0,10,14.6154,9647.4
215,12,0,10,14.591,9492.42
225,12,0,10,14.5661,9288.58
715,12,0,10,14.5312,9098.04
714,12,0,10,14.5274,9074.2
726,12,0,10,14.5273,9072.34
529,12,0,10,14.5132,8972.73
605,12,0,10,14.4978,8875.47
603,12,0,10,14.492,8844.49
220,13,0,0,12.9202,511.167,0.0923333,402.73,0.08,1
2130,13,0,0,12.9024,417.757
215,13,0,0,12.8969,383.417
205,13,0,0,12.8689,223.068
196,13,0,0,12.855,137.521
195,13,0,0,12.8519,117.624
64,13,0,0,12.83,0
455,13,0,1,13.1063,1463.97,0.0423333,184.645,0.11,2
454,13,0,1,13.1031,1446.59
457,13,0,1,13.0965,1392.52
456,13,0,1,13.0916,1363.49
458,13,0,1,13.0823,1302.57
459,13,0,1,13.0757,1257.22
450,13,0,1,13.0605,1173.3
229,13,0,1,13.0494,1113.43
222,13,0,1,13.0212,962.82
220,13,0,1,13.0126,913.897
1108,13,0,2,13.4122,3110.71,0.0723333,315.496,0.16,3
1109,13,0,2,13.4082,3089.33
1113,13,0,2,13.4018,3057.08
1847,13,0,2,13.39,2996.45
1086,13,0,2,13.3863,2976.26
1087,13,0,2,13.3729,2907.7
1090,13,0,2,13.3643,2862.94
1076,13,0,2,13.3462,2769.61
1074,13,0,2,13.3422,2748.95
1077,13,0,2,13.3288,2681.98
1080,13,0,2,13.3139,2608.63
1079,13,0,2,13.3067,2572.15
1061,13,0,2,13.3025,2550.86
1063,13,0,2,13.2993,2534.02
1062,13,0,2,13.2983,2526.98
2159,13,0,2,13.298,2526
1045,13,0,2,13.2974,2522.85
1012,13,0,2,13.2901,2481.86
2028,13,0,2,13.2821,2436.4
989,13,0,2,13.2787,2420.66
990,13,0,2,13.2686,2370.4
991,13,0,2,13.266,2358.05
706,13,0,2,13.259,2318.58
704,13,0,2,13.2564,2305.81
2179,13,0,2,13.2562,2304.95
662,13,0,2,13.25,2275.3
602,13,0,2,13.2387,2207.17
599,13,0,2,13.2342,2182.47
605,13,0,2,13.2291,2154.34
529,13,0,2,13.2125,2055.45
726,13,0,2,13.1964,1953.91
714,13,0,2,13.1962,1952.03
1543,13,0,2,13.1904,1919.6
459,13,0,2,13.1803,1856.41
458,13,0,2,13.1736,1811.01
456,13,0,2,13.165,1750.6
457,13,0,2,13.1589,1717.56
454,13,0,2,13.1513,1663.57
455,13,0,2,13.1486,1648.61
1304,13,0,3,13.6131,4104.69,0.0735,320.585,0.21,4
952,13,0,3,13.5891,3973.36
953,13,0,3,13.5769,3912.31
2023,13,0,3,13.5761,3908.21
2108,13,0,3,13.5618,3832.55
1794,13,0,3,13.5556,3800.2
2106,13,0,3,13.5417,3726.45
2039,13,0,3,13.5231,3628.93
1106,13,0,3,13.5129,3574.53
2035,13,0,3,13.5009,3509.94
1108,13,0,3,13.4846,3426.21
1302,13,0,4,13.7338,4664.26,0.035,152.659,0.22,5
1303,13,0,4,13.7134,4560.57
1305,13,0,4,13.6982,4484.55
1304,13,0,4,13.6866,4425.27
895,13,0,5,13.9177,5594.69,0.0823333,359.113,0.02,6
896,13,0,5,13.914,5576.45
892,13,0,5,13.9103,5557.7
906,13,0,5,13.8977,5488.84
1555,13,0,5,13.8694,5334.24
2157,13,0,5,13.8585,5280.49
2019,13,0,5,13.8317,5154.23
929,13,0,5,13.8312,5152.25
938,13,0,5,13.8193,5086.4
950,13,0,5,13.8058,5015.84
951,13,0,5,13.7988,4980.12
949,13,0,5,13.7878,4923.64
1302,13,0,5,13.7688,4816.92
978,13,0,6,14.166,6793.17,0.0373333,162.837,0.05,7
1010,13,0,6,14.1512,6716.4
1011,13,0,6,14.137,6643.76
1009,13,0,6,14.1313,6614.33
1038,13,0,6,14.1232,6573.73
1039,13,0,6,14.1226,6571.06
1037,13,0,6,14.1127,6522.49
1034,13,0,6,14.1045,6478.66
2032,13,0,6,14.089,6401.06
1050,13,0,6,14.0627,6267.28
1049,13,0,6,14.0627,6267.19
1025,13,0,6,14.0553,6229.49
1029,13,0,6,14.0423,6163.7
1027,13,0,6,14.0294,6100.32
898,13,0,6,14.019,6047.84
895,13,0,6,14,5953.81
636,13,0,7,14.2831,7346.43,0.0391667,170.833,0.15,8
631,13,0,7,14.2764,7313.63
630,13,0,7,14.2706,7285.12
637,13,0,7,14.26,7233.04
1996,13,0,7,14.2476,7169.75
1997,13,0,7,14.2437,7149.85
2027,13,0,7,14.2164,7019.63
2026,13,0,7,14.2106,6991.15
978,13,0,7,14.2033,6956
603,13,0,8,14.4065,7952.99,0.0658333,287.145,0.35,9
604,13,0,8,14.4017,7927.58
596,13,0,8,14.4016,7926.61
580,13,0,8,14.3873,7850.4
583,13,0,8,14.3811,7820.59
587,13,0,8,14.3788,7806.16
578,13,0,8,14.3758,7789.34
575,13,0,8,14.3702,7758.24
571,13,0,8,14.3673,7742.11
570,13,0,8,14.3625,7718.84
1994,13,0,8,14.3498,7654.49
562,13,0,8,14.3364,7589.43
639,13,0,8,14.3329,7571.99
638,13,0,8,14.3262,7537.96
636,13,0,8,14.3222,7517.26
710,13,0,9,14.5361,8653.53,0.0876667,382.376,0.44,10
1543,13,0,9,14.5162,8538.16
715,13,0,9,14.5115,8493.68
714,13,0,9,14.5077,8469.84
726,13,0,9,14.5075,8467.98
529,13,0,9,14.4935,8368.37
605,13,0,9,14.4781,8271.11
603,13,0,9,14.4723,8240.13
64,13,0,10,14.7325,9734.74,0,0,0
195,13,0,10,14.7109,9618.49
196,13,0,10,14.7082,9598.91
205,13,0,10,14.6939,9512.83
215,13,0,10,14.6695,9357.85
225,13,0,10,14.6446,9154.01
1680,13,0,10,14.6418,9135.17
710,13,0,10,14.6238,9035.9
220,14,0,0,12.8702,511.167,0.0923333,402.73,0.08,1
2130,14,0,0,12.8524,417.757
215,14,0,0,12.8469,383.417
205,14,0,0,12.8189,223.068
196,14,0,0,12.805,137.521
195,14,0,0,12.8019,117.624
64,14,0,0,12.78,0
710,14,0,1,13.027,1250.5,0.0466667,203.546,0.45,2
223,14,0,1,13.0104,1161.15
224,14,0,1,12.9885,1054.49
222,14,0,1,12.9726,968.676
220,14,0,1,12.9626,913.897
455,14,0,2,13.1344,1842.97,0.0423333,184.645,0.11,3
454,14,0,2,13.1311,1825.59
457,14,0,2,13.1246,1771.53
456,14,0,2,13.1196,1742.49
458,14,0,2,13.1104,1681.58
459,14,0,2,13.1038,1636.23
1543,14,0,2,13.0952,1574.42
710,14,0,2,13.0737,1454.05
1108,14,0,3,13.4403,3489.72,0.0723333,315.496,0.16,4
1109,14,0,3,13.4362,3468.33
1113,14,0,3,13.4298,3436.08
1847,14,0,3,13.4181,3375.45
1086,14,0,3,13.4144,3355.26
1087,14,0,3,13.401,3286.71
1090,14,0,3,13.3924,3241.94
1076,14,0,3,13.3743,3148.62
1074,14,0,3,13.3703,3127.95
1077,14,0,3,13.3568,3060.98
1080,14,0,3,13.3419,2987.63
1079,14,0,3,13.3348,2951.15
1061,14,0,3,13.3305,2929.87
1063,14,0,3,13.3273,2913.03
1062,14,0,3,13.3263,2905.99
2159,14,0,3,13.3261,2905
1045,14,0,3,13.3254,2901.85
1012,14,0,3,13.3182,2860.87
2028,14,0,3,13.3101,2815.4
989,14,0,3,13.3067,2799.67
990,14,0,3,13.2967,2749.41
991,14,0,3,13.2941,2737.05
706,14,0,3,13.2871,2697.59
704,14,0,3,13.2844,2684.82
2179,14,0,3,13.2842,2683.96
662,14,0,3,13.278,2654.31
602,14,0,3,13.2668,2586.17
599,14,0,3,13.2623,2561.47
605,14,0,3,13.2571,2533.35
529,14,0,3,13.2406,2434.45
726,14,0,3,13.2244,2332.92
714,14,0,3,13.2242,2331.04
1543,14,0,3,13.2185,2298.6
459,14,0,3,13.2083,2235.42
458,14,0,3,13.2016,2190.01
456,14,0,3,13.193,2129.61
457,14,0,3,13.187,2096.56
454,14,0,3,13.1794,2042.58
455,14,0,3,13.1767,2027.62
1304,14,0,4,13.6412,4483.69,0.0735,320.585,0.21,5
952,14,0,4,13.6172,4352.37
953,14,0,4,13.6049,4291.32
2023,14,0,4,13.6041,4287.22
2108,14,0,4,13.5899,4211.55
1794,14,0,4,13.5836,4179.21
2106,14,0,4,13.5697,4105.45
2039,14,0,4,13.5512,4007.94
1106,14,0,4,13.5409,3953.53
2035,14,0,4,13.5289,3888.95
1108,14,0,4,13.5126,3805.21
1302,14,0,5,13.7618,5043.27,0.035,152.659,0.22,6
1303,14,0,5,13.7415,4939.58
1305,14,0,5,13.7262,4863.56
1304,14,0,5,13.7147,4804.28
895,14,0,6,13.9458,5973.7,0.0823333,359.113,0.02,7
896,14,0,6,13.9421,5955.46
892,14,0,6,13.9383,5936.71
906,14,0,6,13.9257,5867.85
1555,14,0,6,13.8975,5713.25
2157,14,0,6,13.8866,5659.5
2019,14,0,6,13.8597,5533.24
929,14,0,6,13.8593,5531.26
938,14,0,6,13.8473,5465.41
950,14,0,6,13.8338,5394.84
951,14,0,6,13.8268,5359.13
949,14,0,6,13.8159,5302.65
1302,14,0,6,13.7968,5195.93
978,14,0,7,14.1941,7172.17,0.0373333,162.837,0.05,8
1010,14,0,7,14.1792,7095.41
1011,14,0,7,14.165,7022.77
1009,14,0,7,14.1594,6993.33
1038,14,0,7,14.1512,6952.74
1039,14,0,7,14.1506,6950.06
1037,14,0,7,14.1408,6901.5
1034,14,0,7,14.1326,6857.66
2032,14,0,7,14.1171,6780.07
1050,14,0,7,14.0907,6646.28
1049,14,0,7,14.0907,6646.19
1025,14,0,7,14.0833,6608.49
1029,14,0,7,14.0703,6542.71
1027,14,0,7,14.0575,6479.33
898,14,0,7,14.0471,6426.85
895,14,0,7,14.0281,6332.81
636,14,0,8,14.3111,7725.43,0.0391667,170.833,0.15,9
631,14,0,8,14.3044,7692.64
630,14,0,8,14.2986,7664.12
637,14,0,8,14.288,7612.04
1996,14,0,8,14.2756,7548.76
1997,14,0,8,14.2717,7528.85
2027,14,0,8,14.2445,7398.64
2026,14,0,8,14.2387,7370.15
978,14,0,8,14.2314,7335.01
603,14,0,9,14.4345,8331.99,0.0658333,287.145,0.35,10
604,14,0,9,14.4297,8306.58
596,14,0,9,14.4296,8305.61
580,14,0,9,14.4153,8229.41
583,14,0,9,14.4091,8199.59
587,14,0,9,14.4069,8185.16
578,14,0,9,14.4038,8168.35
575,14,0,9,14.3983,8137.24
571,14,0,9,14.3954,8121.12
570,14,0,9,14.3906,8097.85
1994,14,0,9,14.3778,8033.49
562,14,0,9,14.3644,7968.44
639,14,0,9,14.361,7950.99
638,14,0,9,14.3543,7916.96
636,14,0,9,14.3503,7896.26
64,14,0,10,14.6623,9643.96,0,0,0
195,14,0,10,14.6407,9527.7
196,14,0,10,14.638,9508.12
205,14,0,10,14.6238,9422.04
215,14,0,10,14.5993,9267.06
225,14,0,10,14.5745,9063.23
715,14,0,10,14.5395,8872.69
714,14,0,10,14.5358,8848.84
726,14,0,10,14.5356,8846.99
529,14,0,10,14.5215,8747.38
605,14,0,10,14.5062,8650.12
603,14,0,10,14.5004,8619.14
220,15,0,0,13.0702,511.167,0.072,314.042,0.12,1
2130,15,0,0,13.0524,417.757
215,15,0,0,13.0469,383.417
205,15,0,0,13.0189,223.068
196,15,0,0,13.005,137.521
195,15,0,0,13.0019,117.624
64,15,0,0,12.98,0
455,15,0,1,13.236,1375.28,0.0423333,184.645,0.11,2
454,15,0,1,13.2327,1357.9
457,15,0,1,13.2262,1303.83
456,15,0,1,13.2212,1274.8
458,15,0,1,13.212,1213.88
459,15,0,1,13.2054,1168.53
450,15,0,1,13.1902,1084.61
229,15,0,1,13.1791,1024.74
222,15,0,1,13.1509,874.132
220,15,0,1,13.1422,825.209
710,15,0,2,13.3434,1959.13,0.0466667,203.546,0.45,3
1543,15,0,2,13.3201,1830.91
459,15,0,2,13.3099,1767.72
458,15,0,2,13.3032,1722.32
456,15,0,2,13.2946,1661.92
457,15,0,2,13.2886,1628.87
454,15,0,2,13.281,1574.89
455,15,0,2,13.2783,1559.93
1108,15,0,3,13.6334,3474.52,0.0723333,315.496,0.16,4
1109,15,0,3,13.6284,3449.09
1113,15,0,3,13.6228,3419.86
1847,15,0,3,13.6111,3359.89
1086,15,0,3,13.6075,3339.71
1087,15,0,3,13.594,3271.15
1090,15,0,3,13.5854,3226.39
1076,15,0,3,13.5674,3133.06
1074,15,0,3,13.5634,3112.4
1077,15,0,3,13.5499,3045.43
1080,15,0,3,13.535,2972.08
1079,15,0,3,13.5279,2935.6
1061,15,0,3,13.5236,2914.31
1063,15,0,3,13.5204,2897.47
1062,15,0,3,13.5194,2890.43
2159,15,0,3,13.5192,2889.45
1045,15,0,3,13.5185,2886.3
1012,15,0,3,13.5113,2845.31
2028,15,0,3,13.5032,2799.85
989,15,0,3,13.4998,2784.11
990,15,0,3,13.4898,2733.85
991,15,0,3,13.4872,2721.5
706,15,0,3,13.4802,2682.03
704,15,0,3,13.4775,2669.26
2179,15,0,3,13.4773,2668.4
662,15,0,3,13.4711,2638.75
602,15,0,3,13.4599,2570.61
599,15,0,3,13.4554,2545.91
605,15,0,3,13.4502,2517.79
529,15,0,3,13.4337,2418.9
726,15,0,3,13.4175,2317.36
714,15,0,3,13.4173,2315.48
1543,15,0,3,13.4115,2283.04
710,15,0,3,13.39,2162.68
1304,15,0,4,13.8344,4468.49,0.0735,320.585,0.21,5
952,15,0,4,13.8104,4337.17
953,15,0,4,13.7981,4276.12
2023,15,0,4,13.7973,4272.02
2108,15,0,4,13.7831,4196.36
1794,15,0,4,13.7768,4164.01
2106,15,0,4,13.7629,4090.26
2039,15,0,4,13.7443,3992.74
1106,15,0,4,13.7341,3938.34
2035,15,0,4,13.7221,3873.75
1108,15,0,4,13.7058,3790.02
1302,15,0,5,13.955,5028.07,0.035,152.659,0.22,6
1303,15,0,5,13.9346,4924.38
1305,15,0,5,13.9194,4848.36
1304,15,0,5,13.9079,4789.08
895,15,0,6,14.1389,5958.5,0.081,353.298,0.02,7
896,15,0,6,14.1352,5940.26
892,15,0,6,14.1315,5921.51
906,15,0,6,14.1189,5852.65
1555,15,0,6,14.0907,5698.05
2157,15,0,6,14.0797,5644.3
2019,15,0,6,14.0529,5518.04
929,15,0,6,14.0525,5516.06
938,15,0,6,14.0405,5450.21
950,15,0,6,14.027,5379.65
951,15,0,6,14.02,5343.93
949,15,0,6,14.009,5287.45
1302,15,0,6,13.99,5180.73
978,15,0,7,14.3859,7151.16,0.0373333,162.837,0.05,8
1010,15,0,7,14.3711,7074.39
1011,15,0,7,14.3568,7001.75
1009,15,0,7,14.3512,6972.32
1038,15,0,7,14.3431,6931.72
1039,15,0,7,14.3425,6929.05
1037,15,0,7,14.3326,6880.49
1034,15,0,7,14.3244,6836.65
2032,15,0,7,14.3089,6759.05
1050,15,0,7,14.2826,6625.27
1049,15,0,7,14.2825,6625.18
1025,15,0,7,14.2752,6587.48
1029,15,0,7,14.2622,6521.69
1027,15,0,7,14.2493,6458.32
898,15,0,7,14.2389,6405.83
895,15,0,7,14.2199,6311.8
636,15,0,8,14.5029,7704.42,0.0391667,170.833,0.15,9
631,15,0,8,14.4962,7671.63
630,15,0,8,14.4905,7643.11
637,15,0,8,14.4799,7591.03
1996,15,0,8,14.4674,7527.74
1997,15,0,8,14.4636,7507.84
2027,15,0,8,14.4363,7377.62
2026,15,0,8,14.4305,7349.14
978,15,0,8,14.4232,7314
603,15,0,9,14.6264,8310.98,0.0658333,287.145,0.35,10
604,15,0,9,14.6216,8285.57
596,15,0,9,14.6214,8284.6
580,15,0,9,14.6072,8208.39
583,15,0,9,14.6009,8178.58
587,15,0,9,14.5987,8164.15
578,15,0,9,14.5957,8147.34
575,15,0,9,14.5901,8116.23
571,15,0,9,14.5872,8100.11
570,15,0,9,14.5824,8076.83
1994,15,0,9,14.5697,8012.48
562,15,0,9,14.5563,7947.42
639,15,0,9,14.5528,7929.98
638,15,0,9,14.5461,7895.95
636,15,0,9,14.5421,7875.25
64,15,0,10,14.8542,9622.94,0,0,0
195,15,0,10,14.8326,9506.69
196,15,0,10,14.8299,9487.11
205,15,0,10,14.8156,9401.03
215,15,0,10,14.7912,9246.05
225,15,0,10,14.7663,9042.22
715,15,0,10,14.7314,8851.67
714,15,0,10,14.7276,8827.83
726,15,0,10,14.7274,8825.97
529,15,0,10,14.7134,8726.36
605,15,0,10,14.698,8629.11
603,15,0,10,14.6922,8598.13
220,16,0,0,13.0402,511.167,0.072,314.042,0.12,1
2130,16,0,0,13.0224,417.757
215,16,0,0,13.0169,383.417
205,16,0,0,12.9889,223.068
196,16,0,0,12.975,137.521
195,16,0,0,12.9719,117.624
64,16,0,0,12.95,0
710,16,0,1,13.179,1171.13,0.0466667,203.546,0.45,2
223,16,0,1,13.1599,1071.11
224,16,0,1,13.1366,958.91
222,16,0,1,13.1209,874.132
220,16,0,1,13.1122,825.209
455,16,0,2,13.2863,1763.6,0.0423333,184.645,0.11,3
454,16,0,2,13.2831,1746.22
457,16,0,2,13.2765,1692.15
456,16,0,2,13.2716,1663.11
458,16,0,2,13.2623,1602.2
459,16,0,2,13.2557,1556.85
1543,16,0,2,13.2471,1495.04
710,16,0,2,13.2256,1374.67
1108,16,0,3,13.5922,3410.34,0.0723333,315.496,0.16,4
1109,16,0,3,13.5882,3388.96
1113,16,0,3,13.5818,3356.71
1847,16,0,3,13.57,3296.07
1086,16,0,3,13.5663,3275.89
1087,16,0,3,13.5529,3207.33
1090,16,0,3,13.5443,3162.57
1076,16,0,3,13.5262,3069.24
1074,16,0,3,13.5222,3048.58
1077,16,0,3,13.5088,2981.61
1080,16,0,3,13.4939,2908.26
1079,16,0,3,13.4867,2871.78
1061,16,0,3,13.4825,2850.49
1063,16,0,3,13.4793,2833.65
1062,16,0,3,13.4783,2826.61
2159,16,0,3,13.4781,2825.63
1045,16,0,3,13.4774,2822.48
1012,16,0,3,13.4702,2781.49
2028,16,0,3,13.4621,2736.03
989,16,0,3,13.4587,2720.29
990,16,0,3,13.4486,2670.03
991,16,0,3,13.446,2657.68
706,16,0,3,13.439,2618.21
704,16,0,3,13.4364,2605.44
2179,16,0,3,13.4362,2604.58
662,16,0,3,13.43,2574.93
602,16,0,3,13.4187,2506.79
599,16,0,3,13.4142,2482.09
605,16,0,3,13.4091,2453.97
529,16,0,3,13.3925,2355.08
726,16,0,3,13.3764,2253.54
714,16,0,3,13.3762,2251.66
1543,16,0,3,13.3704,2219.22
459,16,0,3,13.3603,2156.04
458,16,0,3,13.3536,2110.63
456,16,0,3,13.345,2050.23
457,16,0,3,13.339,2017.18
454,16,0,3,13.3313,1963.2
455,16,0,3,13.3286,1948.24
1304,16,0,4,13.7932,4404.31,0.0735,320.585,0.21,5
952,16,0,4,13.7691,4272.99
953,16,0,4,13.7569,4211.94
2023,16,0,4,13.7561,4207.84
2108,16,0,4,13.7419,4132.18
1794,16,0,4,13.7356,4099.83
2106,16,0,4,13.7217,4026.08
2039,16,0,4,13.7031,3928.56
1106,16,0,4,13.6929,3874.16
2035,16,0,4,13.6809,3809.57
1108,16,0,4,13.6646,3725.83
1302,16,0,5,13.9138,4963.89,0.035,152.659,0.22,6
1303,16,0,5,13.8934,4860.2
1305,16,0,5,13.8782,4784.18
1304,16,0,5,13.8667,4724.9
895,16,0,6,14.0977,5894.32,0.081,353.298,0.02,7
896,16,0,6,14.094,5876.08
892,16,0,6,14.0903,5857.33
906,16,0,6,14.0777,5788.47
1555,16,0,6,14.0494,5633.87
2157,16,0,6,14.0385,5580.12
2019,16,0,6,14.0117,5453.86
929,16,0,6,14.0113,5451.88
938,16,0,6,13.9993,5386.03
950,16,0,6,13.9858,5315.47
951,16,0,6,13.9788,5279.75
949,16,0,6,13.9678,5223.27
1302,16,0,6,13.9488,5116.55
978,16,0,7,14.3447,7086.98,0.0373333,162.837,0.05,8
1010,16,0,7,14.3299,7010.21
1011,16,0,7,14.3156,6937.58
1009,16,0,7,14.31,6908.14
1038,16,0,7,14.3018,6867.54
1039,16,0,7,14.3013,6864.87
1037,16,0,7,14.2914,6816.31
1034,16,0,7,14.2832,6772.47
2032,16,0,7,14.2677,6694.87
1050,16,0,7,14.2414,6561.09
1049,16,0,7,14.2413,6561
1025,16,0,7,14.234,6523.3
1029,16,0,7,14.2209,6457.51
1027,16,0,7,14.2081,6394.14
898,16,0,7,14.1977,6341.65
895,16,0,7,14.1787,6247.62
636,16,0,8,14.4617,7640.24,0.0391667,170.833,0.15,9
631,16,0,8,14.455,7607.45
630,16,0,8,14.4492,7578.93
637,16,0,8,14.4387,7526.85
1996,16,0,8,14.4262,7463.56
1997,16,0,8,14.4223,7443.66
2027,16,0,8,14.3951,7313.44
2026,16,0,8,14.3893,7284.96
978,16,0,8,14.382,7249.82
603,16,0,9,14.5852,8246.8,0.0658333,287.145,0.35,10
604,16,0,9,14.5804,8221.39
596,16,0,9,14.5802,8220.42
580,16,0,9,14.566,8144.21
583,16,0,9,14.5597,8114.4
587,16,0,9,14.5575,8099.97
578,16,0,9,14.5544,8083.16
575,16,0,9,14.5489,8052.05
571,16,0,9,14.546,8035.93
570,16,0,9,14.5412,8012.65
1994,16,0,9,14.5284,7948.3
562,16,0,9,14.5151,7883.24
639,16,0,9,14.5116,7865.8
638,16,0,9,14.5049,7831.77
636,16,0,9,14.5009,7811.07
64,16,0,10,14.8129,9558.76,0,0,0
195,16,0,10,14.7914,9442.51
196,16,0,10,14.7886,9422.93
205,16,0,10,14.7744,9336.85
215,16,0,10,14.75,9181.87
225,16,0,10,14.7251,8978.04
715,16,0,10,14.6901,8787.49
714,16,0,10,14.6864,8763.65
726,16,0,10,14.6862,8761.79
529,16,0,10,14.6722,8662.18
605,16,0,10,14.6568,8564.93
603,16,0,10,14.651,8533.95
