Nodo,Individuo,Ruta,Segmento,Tiempo viaje,Costo viaje,Tiempo atencion,Costo atencion,Tasa fallo,Demanda
603,0,0,0,11.1584,1012.31,0.109,475.425,0.32,1
604,0,0,0,11.1541,989.164
596,0,0,0,11.154,988.193
595,0,0,0,11.1485,957.784
605,0,0,0,11.1474,949.793
529,0,0,0,11.1302,849.768
726,0,0,0,11.1143,748.573
714,0,0,0,11.1141,746.688
715,0,0,0,11.1107,723.201
225,0,0,0,11.0932,562.11
215,0,0,0,11.0675,358.782
205,0,0,0,11.0436,204.484
196,0,0,0,11.0305,119.897
195,0,0,0,11.0279,100.335
64,0,0,0,11.01,0
1108,0,0,1,11.4595,2486.85,0.0935,407.819,0.09,2
1109,0,0,1,11.4552,2464.18
1113,0,0,1,11.4483,2430.03
1847,0,0,1,11.4349,2362.5
1086,0,0,1,11.4313,2342.47
1087,0,0,1,11.4167,2269.28
1090,0,0,1,11.408,2224.12
1076,0,0,1,11.3819,2097.14
1074,0,0,1,11.3778,2076.03
1077,0,0,1,11.3682,2025.21
1080,0,0,1,11.3547,1958
1079,0,0,1,11.3481,1923.55
1061,0,0,1,11.3438,1902.26
1063,0,0,1,11.3403,1884.1
1062,0,0,1,11.3392,1877.02
2159,0,0,1,11.339,1875.9
1045,0,0,1,11.3383,1872.75
1012,0,0,1,11.3311,1831.77
1014,0,0,1,11.3305,1828.9
989,0,0,1,11.3195,1770.6
990,0,0,1,11.3094,1720.33
991,0,0,1,11.3068,1707.98
706,0,0,1,11.2998,1668.52
704,0,0,1,11.2972,1655.75
2179,0,0,1,11.297,1654.88
662,0,0,1,11.2908,1625.24
602,0,0,1,11.2794,1556.96
604,0,0,1,11.2769,1540.16
596,0,0,1,11.2767,1539.19
595,0,0,1,11.2713,1508.78
603,0,0,1,11.2674,1487.73
1304,0,0,2,11.6826,3577.29,0.0428333,186.826,0.12,3
952,0,0,2,11.6582,3444.3
953,0,0,2,11.6474,3389.53
2023,0,0,2,11.6466,3385.43
2108,0,0,2,11.6301,3300.22
1794,0,0,2,11.6231,3264.46
2106,0,0,2,11.6078,3185.09
2039,0,0,2,11.5902,3091.56
1106,0,0,2,11.5806,3039.61
2035,0,0,2,11.5663,2965.56
1108,0,0,2,11.553,2894.67
895,0,0,3,11.8842,4576.55,0.103333,450.709,0.01,4
907,0,0,3,11.8686,4499.65
908,0,0,3,11.8593,4453.6
2014,0,0,3,11.8587,4450.92
2017,0,0,3,11.8576,4445.23
2170,0,0,3,11.8546,4430.37
1738,0,0,3,11.8401,4355.29
1737,0,0,3,11.8347,4327.23
936,0,0,3,11.8196,4248.61
933,0,0,3,11.819,4245.67
934,0,0,3,11.8135,4208.03
943,0,0,3,11.7969,4127.49
2020,0,0,3,11.7961,4123.55
1787,0,0,3,11.7787,4035.69
1788,0,0,3,11.778,4031.98
1789,0,0,3,11.7679,3980.67
952,0,0,3,11.7599,3940.16
1304,0,0,3,11.7254,3764.11
64,0,0,4,12.3242,7034.23,0,0,0
195,0,0,4,12.3021,6916
196,0,0,4,12.2992,6896.27
205,0,0,4,12.2853,6810.71
215,0,0,4,12.2597,6654.27
225,0,0,4,12.2344,6450.75
715,0,0,4,12.2063,6285.72
714,0,0,4,12.2024,6261.72
726,0,0,4,12.2022,6259.84
529,0,0,4,12.1885,6160.34
605,0,0,4,12.1737,6063.73
603,0,0,4,12.1686,6035.75
604,0,0,4,12.1643,6012.61
596,0,0,4,12.1642,6011.64
580,0,0,4,12.1558,5953.37
574,0,0,4,12.1385,5860.12
573,0,0,4,12.1284,5804.22
564,0,0,4,12.1208,5763.07
557,0,0,4,12.1147,5729.08
561,0,0,4,12.108,5682.56
628,0,0,4,12.1035,5656.91
609,0,0,4,12.0907,5580.26
423,0,0,4,12.0848,5523.94
419,0,0,4,12.0802,5489.49
420,0,0,4,12.0742,5453.55
431,0,0,4,12.0544,5356.51
434,0,0,4,12.0479,5325.9
873,0,0,4,12.0436,5302.89
874,0,0,4,12.0305,5239.64
870,0,0,4,12.0246,5209.76
894,0,0,4,11.9976,5077.24
895,0,0,4,11.9875,5027.26
1302,0,1,0,13.7142,2766.91,0.035,152.659,0.22,1
949,0,1,0,13.6912,2642.85
2025,0,1,0,13.6877,2625.39
1598,0,1,0,13.6844,2606.63
948,0,1,0,13.6795,2579.61
928,0,1,0,13.6691,2522.31
929,0,1,0,13.6489,2416.19
2019,0,1,0,13.6485,2414.21
2157,0,1,0,13.6224,2290.85
905,0,1,0,13.5855,2102.44
889,0,1,0,13.5762,2054.31
890,0,1,0,13.5696,2018.4
2013,0,1,0,13.5501,1915.19
1988,0,1,0,13.5325,1821.32
417,0,1,0,13.512,1716.71
418,0,1,0,13.508,1695.77
419,0,1,0,13.4925,1609.96
423,0,1,0,13.4863,1573.67
609,0,1,0,13.4804,1517.35
628,0,1,0,13.4706,1443.34
561,0,1,0,13.4667,1418.58
557,0,1,0,13.4593,1371.34
554,0,1,0,13.4571,1360.2
565,0,1,0,13.447,1306.55
573,0,1,0,13.4417,1279.96
574,0,1,0,13.4344,1230.49
580,0,1,0,13.4116,1113.57
596,0,1,0,13.4055,1053.72
595,0,1,0,13.4005,1025.37
605,0,1,0,13.3993,1017.31
529,0,1,0,13.3827,918.413
726,0,1,0,13.3666,816.876
714,0,1,0,13.3664,814.998
715,0,1,0,13.3629,791.373
225,0,1,0,13.3451,630.742
215,0,1,0,13.3179,427.668
205,0,1,0,13.2869,255.297
196,0,1,0,13.2718,168.03
195,0,1,0,13.2692,148.465
64,0,1,0,13.24,0
978,0,1,1,14.0331,4355.78,0.0373333,162.837,0.05,2
1010,0,1,1,14.0182,4278.67
1011,0,1,1,14.0041,4206.68
1009,0,1,1,13.9974,4172.76
1038,0,1,1,13.9894,4132.87
1039,0,1,1,13.9888,4130.2
1037,0,1,1,13.976,4069.25
1034,0,1,1,13.9662,4019.03
2032,0,1,1,13.9508,3941.44
1050,0,1,1,13.9218,3796.99
1804,0,1,1,13.9087,3730.98
2015,0,1,1,13.8975,3674.76
2014,0,1,1,13.8893,3633.76
2017,0,1,1,13.8882,3628.07
2170,0,1,1,13.8853,3613.42
917,0,1,1,13.8791,3582.43
2016,0,1,1,13.8783,3578.62
915,0,1,1,13.8573,3473.67
1555,0,1,1,13.8499,3436.9
2157,0,1,1,13.839,3383.15
2019,0,1,1,13.8121,3256.89
929,0,1,1,13.8117,3254.9
938,0,1,1,13.7998,3189.05
950,0,1,1,13.7863,3118.49
951,0,1,1,13.7793,3082.77
949,0,1,1,13.7683,3026.3
1302,0,1,1,13.7492,2919.57
636,0,1,2,14.1501,4909.04,0.0391667,170.833,0.15,3
631,0,1,2,14.1434,4876.25
630,0,1,2,14.1376,4847.73
637,0,1,2,14.1271,4795.65
1996,0,1,2,14.1146,4732.36
1997,0,1,2,14.1107,4712.46
2027,0,1,2,14.0835,4582.24
2026,0,1,2,14.0777,4553.76
978,0,1,2,14.0704,4518.61
64,0,1,3,14.4355,6540.42,0,0,0
195,0,1,3,14.4139,6424.16
196,0,1,3,14.4112,6404.58
205,0,1,3,14.3969,6318.5
215,0,1,3,14.3725,6163.52
225,0,1,3,14.3476,5959.69
715,0,1,3,14.3127,5769.15
714,0,1,3,14.309,5745.31
726,0,1,3,14.3088,5743.45
529,0,1,3,14.2947,5643.84
605,0,1,3,14.2794,5546.58
603,0,1,3,14.2736,5515.6
604,0,1,3,14.2688,5490.19
596,0,1,3,14.2686,5489.22
580,0,1,3,14.2543,5413.01
583,0,1,3,14.2481,5383.2
587,0,1,3,14.2459,5368.77
578,0,1,3,14.2428,5351.95
575,0,1,3,14.2373,5320.85
571,0,1,3,14.2344,5304.73
570,0,1,3,14.2296,5281.45
1994,0,1,3,14.2168,5217.1
562,0,1,3,14.2035,5152.04
639,0,1,3,14.2,5134.6
638,0,1,3,14.1933,5100.57
636,0,1,3,14.1893,5079.87
220,0,2,0,11.6272,472.978,0.0955,416.542,0.04,1
2130,0,2,0,11.6124,392.48
215,0,2,0,11.6075,358.782
205,0,2,0,11.5836,204.484
196,0,2,0,11.5705,119.897
195,0,2,0,11.5679,100.335
64,0,2,0,11.55,0
455,0,2,1,11.8121,1421.69,0.0408333,178.103,0.03,2
454,0,2,1,11.8093,1406.07
457,0,2,1,11.8025,1352.11
456,0,2,1,11.7974,1322.67
458,0,2,1,11.7879,1261.52
459,0,2,1,11.782,1216.42
450,0,2,1,11.7668,1132.53
229,0,2,1,11.7573,1079.68
222,0,2,1,11.733,945.57
220,0,2,1,11.7227,889.52
710,0,2,2,11.9156,1988,0.0443333,193.369,0.36,3
1543,0,2,2,11.8942,1867.73
459,0,2,2,11.8839,1804.33
458,0,2,2,11.8774,1759.07
456,0,2,2,11.8683,1698.29
457,0,2,2,11.8629,1668.07
454,0,2,2,11.8553,1614.11
455,0,2,2,11.8529,1599.79
64,0,2,3,12.0605,2864.25,0,0,0
195,0,2,3,12.0393,2749.57
196,0,2,3,12.0365,2729.96
205,0,2,3,12.024,2646.06
215,0,2,3,12.0041,2493.96
225,0,2,3,11.9789,2290.4
1680,0,2,3,11.9759,2271.38
710,0,2,3,11.96,2181.37
220,1,0,0,11.0772,472.978,0.0955,416.542,0.04,1
2130,1,0,0,11.0624,392.48
215,1,0,0,11.0575,358.782
205,1,0,0,11.0336,204.484
196,1,0,0,11.0205,119.897
195,1,0,0,11.0179,100.335
64,1,0,0,11,0
710,1,0,1,11.2304,1198.14,0.0443333,193.369,0.36,2
223,1,0,1,11.2129,1104.91
224,1,0,1,11.1988,1031.05
222,1,0,1,11.183,945.57
220,1,0,1,11.1727,889.52
455,1,0,2,11.3338,1774.06,0.0408333,178.103,0.03,3
454,1,0,2,11.331,1758.44
457,1,0,2,11.3243,1704.48
456,1,0,2,11.3191,1675.03
458,1,0,2,11.3096,1613.89
459,1,0,2,11.3037,1568.78
1543,1,0,2,11.2944,1506.55
710,1,0,2,11.2747,1391.51
603,1,0,3,11.465,2516.24,0.109,475.425,0.32,4
604,1,0,3,11.4608,2493.1
596,1,0,3,11.4606,2492.13
595,1,0,3,11.4552,2461.72
605,1,0,3,11.454,2453.73
529,1,0,3,11.4368,2353.71
726,1,0,3,11.4209,2252.51
714,1,0,3,11.4207,2250.62
1543,1,0,3,11.4159,2220.1
459,1,0,3,11.4056,2156.7
458,1,0,3,11.3991,2111.44
456,1,0,3,11.39,2050.65
457,1,0,3,11.3846,2020.43
454,1,0,3,11.377,1966.47
455,1,0,3,11.3746,1952.16
1108,1,0,4,11.7662,3990.79,0.0935,407.819,0.09,5
1109,1,0,4,11.7618,3968.11
1113,1,0,4,11.755,3933.96
1847,1,0,4,11.7415,3866.44
1086,1,0,4,11.7379,3846.41
1087,1,0,4,11.7234,3773.22
1090,1,0,4,11.7147,3728.06
1076,1,0,4,11.6885,3601.08
1074,1,0,4,11.6844,3579.96
1077,1,0,4,11.6748,3529.14
1080,1,0,4,11.6613,3461.94
1079,1,0,4,11.6547,3427.48
1061,1,0,4,11.6505,3406.2
1063,1,0,4,11.6469,3388.03
1062,1,0,4,11.6459,3380.95
2159,1,0,4,11.6456,3379.84
1045,1,0,4,11.6449,3376.69
1012,1,0,4,11.6377,3335.7
1014,1,0,4,11.6372,3332.84
989,1,0,4,11.6261,3274.53
990,1,0,4,11.6161,3224.27
991,1,0,4,11.6135,3211.92
706,1,0,4,11.6065,3172.46
704,1,0,4,11.6038,3159.68
2179,1,0,4,11.6036,3158.82
662,1,0,4,11.5974,3129.17
602,1,0,4,11.5861,3060.9
604,1,0,4,11.5835,3044.1
596,1,0,4,11.5834,3043.13
595,1,0,4,11.5779,3012.72
603,1,0,4,11.574,2991.67
1304,1,0,5,11.9892,5081.23,0.0428333,186.826,0.12,6
952,1,0,5,11.9648,4948.24
953,1,0,5,11.9541,4893.46
2023,1,0,5,11.9532,4889.36
2108,1,0,5,11.9368,4804.15
1794,1,0,5,11.9297,4768.39
2106,1,0,5,11.9145,4689.02
2039,1,0,5,11.8968,4595.49
1106,1,0,5,11.8872,4543.54
2035,1,0,5,11.873,4469.49
1108,1,0,5,11.8597,4398.6
64,1,0,6,12.5194,7971.35,0,0,0
195,1,0,6,12.4903,7822.98
196,1,0,6,12.4875,7803.38
205,1,0,6,12.473,7716.93
215,1,0,6,12.4475,7560.55
225,1,0,6,12.4215,7357.34
715,1,0,6,12.3877,7171.7
714,1,0,6,12.3839,7147.83
726,1,0,6,12.3837,7145.94
529,1,0,6,12.3697,7046.34
605,1,0,6,12.3552,6950.04
603,1,0,6,12.3487,6915.95
2202,1,0,6,12.3451,6895.04
602,1,0,6,12.3409,6869.97
1851,1,0,6,12.3294,6798.54
1852,1,0,6,12.3257,6779.66
706,1,0,6,12.3125,6715.3
991,1,0,6,12.2996,6650.6
2028,1,0,6,12.2875,6592.01
1012,1,0,6,12.2736,6521.59
1045,1,0,6,12.2581,6445.84
1043,1,0,6,12.255,6429.98
2158,1,0,6,12.2465,6387.96
2030,1,0,6,12.2425,6368.12
1041,1,0,6,12.2377,6343.14
1039,1,0,6,12.23,6302.66
1037,1,0,6,12.2204,6255.17
1034,1,0,6,12.2117,6209.49
2033,1,0,6,12.2062,6180.43
1053,1,0,6,12.1937,6117.41
1784,1,0,6,12.1904,6100.34
1066,1,0,6,12.1811,6052.71
2034,1,0,6,12.1568,5933.05
1850,1,0,6,12.1486,5889.93
2035,1,0,6,12.1396,5842.7
1106,1,0,6,12.1268,5774.84
2039,1,0,6,12.1202,5733.18
2106,1,0,6,12.1032,5642.53
2050,1,0,6,12.0937,5597.29
2051,1,0,6,12.0845,5546.76
2163,1,0,6,12.0501,5365.45
1304,1,0,6,12.032,5268.05
1302,1,1,0,13.9442,2766.91,0.035,152.659,0.22,1
949,1,1,0,13.9212,2642.85
2025,1,1,0,13.9177,2625.39
1598,1,1,0,13.9144,2606.63
948,1,1,0,13.9095,2579.61
928,1,1,0,13.8991,2522.31
929,1,1,0,13.8789,2416.19
2019,1,1,0,13.8785,2414.21
2157,1,1,0,13.8524,2290.85
905,1,1,0,13.8155,2102.44
889,1,1,0,13.8062,2054.31
890,1,1,0,13.7996,2018.4
2013,1,1,0,13.7801,1915.19
1988,1,1,0,13.7625,1821.32
417,1,1,0,13.742,1716.71
418,1,1,0,13.738,1695.77
419,1,1,0,13.7225,1609.96
423,1,1,0,13.7163,1573.67
609,1,1,0,13.7104,1517.35
628,1,1,0,13.7006,1443.34
561,1,1,0,13.6967,1418.58
557,1,1,0,13.6893,1371.34
554,1,1,0,13.6871,1360.2
565,1,1,0,13.677,1306.55
573,1,1,0,13.6717,1279.96
574,1,1,0,13.6644,1230.49
580,1,1,0,13.6416,1113.57
596,1,1,0,13.6355,1053.72
595,1,1,0,13.6305,1025.37
605,1,1,0,13.6293,1017.31
529,1,1,0,13.6127,918.413
726,1,1,0,13.5966,816.876
714,1,1,0,13.5964,814.998
715,1,1,0,13.5929,791.373
225,1,1,0,13.5751,630.742
215,1,1,0,13.5479,427.668
205,1,1,0,13.5169,255.297
196,1,1,0,13.5018,168.03
195,1,1,0,13.4992,148.465
64,1,1,0,13.47,0
895,1,1,1,14.1282,3697.34,0.081,353.298,0.02,2
896,1,1,1,14.1245,3679.1
892,1,1,1,14.1208,3660.36
906,1,1,1,14.1081,3591.5
1555,1,1,1,14.0799,3436.9
2157,1,1,1,14.069,3383.15
2019,1,1,1,14.0421,3256.89
929,1,1,1,14.0417,3254.9
938,1,1,1,14.0298,3189.05
950,1,1,1,14.0163,3118.49
951,1,1,1,14.0093,3082.77
949,1,1,1,13.9983,3026.3
1302,1,1,1,13.9792,2919.57
978,1,1,2,14.3752,4890,0.0373333,162.837,0.05,3
1010,1,1,2,14.3603,4813.24
1011,1,1,2,14.3461,4740.6
1009,1,1,2,14.3405,4711.17
1038,1,1,2,14.3323,4670.57
1039,1,1,2,14.3317,4667.89
1037,1,1,2,14.3219,4619.33
1034,1,1,2,14.3136,4575.49
2032,1,1,2,14.2982,4497.9
1050,1,1,2,14.2718,4364.12
1049,1,1,2,14.2718,4364.02
1025,1,1,2,14.2644,4326.32
1029,1,1,2,14.2514,4260.54
1027,1,1,2,14.2386,4197.16
898,1,1,2,14.2282,4144.68
895,1,1,2,14.2092,4050.64
636,1,1,3,14.4922,5443.26,0.0391667,170.833,0.15,4
631,1,1,3,14.4855,5410.47
630,1,1,3,14.4797,5381.95
637,1,1,3,14.4691,5329.87
1996,1,1,3,14.4567,5266.59
1997,1,1,3,14.4528,5246.69
2027,1,1,3,14.4256,5116.47
2026,1,1,3,14.4198,5087.98
978,1,1,3,14.4125,5052.84
64,1,1,4,14.7776,7074.64,0,0,0
195,1,1,4,14.756,6958.39
196,1,1,4,14.7533,6938.81
205,1,1,4,14.739,6852.73
215,1,1,4,14.7146,6697.75
225,1,1,4,14.6897,6493.92
715,1,1,4,14.6548,6303.37
714,1,1,4,14.651,6279.53
726,1,1,4,14.6508,6277.67
529,1,1,4,14.6368,6178.06
605,1,1,4,14.6214,6080.8
603,1,1,4,14.6156,6049.82
604,1,1,4,14.6108,6024.41
596,1,1,4,14.6107,6023.44
580,1,1,4,14.5964,5947.24
583,1,1,4,14.5902,5917.42
587,1,1,4,14.588,5902.99
578,1,1,4,14.5849,5886.18
575,1,1,4,14.5794,5855.07
571,1,1,4,14.5765,5838.95
570,1,1,4,14.5717,5815.68
1994,1,1,4,14.5589,5751.32
562,1,1,4,14.5455,5686.27
639,1,1,4,14.5421,5668.83
638,1,1,4,14.5354,5634.79
636,1,1,4,14.5314,5614.09
220,2,0,0,11.0872,472.978,0.0955,416.542,0.04,1
2130,2,0,0,11.0724,392.48
215,2,0,0,11.0675,358.782
205,2,0,0,11.0436,204.484
196,2,0,0,11.0305,119.897
195,2,0,0,11.0279,100.335
64,2,0,0,11.01,0
710,2,0,1,11.2404,1198.14,0.0443333,193.369,0.36,2
223,2,0,1,11.2229,1104.91
224,2,0,1,11.2088,1031.05
222,2,0,1,11.193,945.57
220,2,0,1,11.1827,889.52
455,2,0,2,11.3438,1774.06,0.0408333,178.103,0.03,3
454,2,0,2,11.341,1758.44
457,2,0,2,11.3343,1704.48
456,2,0,2,11.3291,1675.03
458,2,0,2,11.3196,1613.89
459,2,0,2,11.3137,1568.78
1543,2,0,2,11.3044,1506.55
710,2,0,2,11.2847,1391.51
603,2,0,3,11.475,2516.24,0.109,475.425,0.32,4
604,2,0,3,11.4708,2493.1
596,2,0,3,11.4706,2492.13
595,2,0,3,11.4652,2461.72
605,2,0,3,11.464,2453.73
529,2,0,3,11.4468,2353.71
726,2,0,3,11.4309,2252.51
714,2,0,3,11.4307,2250.62
1543,2,0,3,11.4259,2220.1
459,2,0,3,11.4156,2156.7
458,2,0,3,11.4091,2111.44
456,2,0,3,11.4,2050.65
457,2,0,3,11.3946,2020.43
454,2,0,3,11.387,1966.47
455,2,0,3,11.3846,1952.16
1108,2,0,4,11.7762,3990.79,0.0935,407.819,0.09,5
1109,2,0,4,11.7718,3968.11
1113,2,0,4,11.765,3933.96
1847,2,0,4,11.7515,3866.44
1086,2,0,4,11.7479,3846.41
1087,2,0,4,11.7334,3773.22
1090,2,0,4,11.7247,3728.06
1076,2,0,4,11.6985,3601.08
1074,2,0,4,11.6944,3579.96
1077,2,0,4,11.6848,3529.14
1080,2,0,4,11.6713,3461.94
1079,2,0,4,11.6647,3427.48
1061,2,0,4,11.6605,3406.2
1063,2,0,4,11.6569,3388.03
1062,2,0,4,11.6559,3380.95
2159,2,0,4,11.6556,3379.84
1045,2,0,4,11.6549,3376.69
1012,2,0,4,11.6477,3335.7
1014,2,0,4,11.6472,3332.84
989,2,0,4,11.6361,3274.53
990,2,0,4,11.6261,3224.27
991,2,0,4,11.6235,3211.92
706,2,0,4,11.6165,3172.46
704,2,0,4,11.6138,3159.68
2179,2,0,4,11.6136,3158.82
662,2,0,4,11.6074,3129.17
602,2,0,4,11.5961,3060.9
604,2,0,4,11.5935,3044.1
596,2,0,4,11.5934,3043.13
595,2,0,4,11.5879,3012.72
603,2,0,4,11.584,2991.67
1304,2,0,5,11.9992,5081.23,0.0428333,186.826,0.12,6
952,2,0,5,11.9748,4948.24
953,2,0,5,11.9641,4893.46
2023,2,0,5,11.9632,4889.36
2108,2,0,5,11.9468,4804.15
1794,2,0,5,11.9397,4768.39
2106,2,0,5,11.9245,4689.02
2039,2,0,5,11.9068,4595.49
1106,2,0,5,11.8972,4543.54
2035,2,0,5,11.883,4469.49
1108,2,0,5,11.8697,4398.6
895,2,0,6,12.1981,6068.38,0.0435,189.734,0.02,7
907,2,0,6,12.1824,5991.05
908,2,0,6,12.1733,5945.57
2014,2,0,6,12.1727,5942.89
2017,2,0,6,12.1716,5937.2
2170,2,0,6,12.1688,5923.01
1738,2,0,6,12.1514,5836.08
1737,2,0,6,12.1447,5802.3
936,2,0,6,12.1295,5723.39
933,2,0,6,12.1289,5720.45
934,2,0,6,12.1234,5682.8
935,2,0,6,12.1229,5680.19
2020,2,0,6,12.1118,5623.21
1787,2,0,6,12.0922,5526.06
1788,2,0,6,12.0914,5522.36
1789,2,0,6,12.08,5465.37
952,2,0,6,12.0711,5420.92
1304,2,0,6,12.042,5268.05
64,2,0,7,12.6024,8376.44,0,0,0
195,2,0,7,12.5733,8228.06
196,2,0,7,12.5705,8208.47
205,2,0,7,12.556,8122.02
215,2,0,7,12.5305,7965.64
225,2,0,7,12.5045,7762.43
715,2,0,7,12.473,7586.76
714,2,0,7,12.469,7562.6
726,2,0,7,12.4688,7560.75
529,2,0,7,12.4547,7461.1
605,2,0,7,12.4398,7364.43
603,2,0,7,12.4335,7331.35
604,2,0,7,12.4296,7309.49
596,2,0,7,12.4294,7308.52
580,2,0,7,12.4178,7244
574,2,0,7,12.3964,7132.88
573,2,0,7,12.3868,7079.08
564,2,0,7,12.3793,7038.82
557,2,0,7,12.3745,7007.75
561,2,0,7,12.368,6961.31
628,2,0,7,12.3638,6936.17
609,2,0,7,12.3521,6860.87
423,2,0,7,12.3462,6804.55
419,2,0,7,12.3394,6766.98
420,2,0,7,12.3334,6730.95
421,2,0,7,12.3288,6703.46
417,2,0,7,12.3238,6676.74
1989,2,0,7,12.3054,6582.53
2011,2,0,7,12.2861,6482.82
891,2,0,7,12.2641,6368.36
893,2,0,7,12.2581,6337.49
894,2,0,7,12.2528,6312.75
895,2,0,7,12.2416,6258.12
1302,2,1,0,13.7242,2766.91,0.035,152.659,0.22,1
949,2,1,0,13.7012,2642.85
2025,2,1,0,13.6977,2625.39
1598,2,1,0,13.6944,2606.63
948,2,1,0,13.6895,2579.61
928,2,1,0,13.6791,2522.31
929,2,1,0,13.6589,2416.19
2019,2,1,0,13.6585,2414.21
2157,2,1,0,13.6324,2290.85
905,2,1,0,13.5955,2102.44
889,2,1,0,13.5862,2054.31
890,2,1,0,13.5796,2018.4
2013,2,1,0,13.5601,1915.19
1988,2,1,0,13.5425,1821.32
417,2,1,0,13.522,1716.71
418,2,1,0,13.518,1695.77
419,2,1,0,13.5025,1609.96
423,2,1,0,13.4963,1573.67
609,2,1,0,13.4904,1517.35
628,2,1,0,13.4806,1443.34
561,2,1,0,13.4767,1418.58
557,2,1,0,13.4693,1371.34
554,2,1,0,13.4671,1360.2
565,2,1,0,13.457,1306.55
573,2,1,0,13.4517,1279.96
574,2,1,0,13.4444,1230.49
580,2,1,0,13.4216,1113.57
596,2,1,0,13.4155,1053.72
595,2,1,0,13.4105,1025.37
605,2,1,0,13.4093,1017.31
529,2,1,0,13.3927,918.413
726,2,1,0,13.3766,816.876
714,2,1,0,13.3764,814.998
715,2,1,0,13.3729,791.373
225,2,1,0,13.3551,630.742
215,2,1,0,13.3279,427.668
205,2,1,0,13.2969,255.297
196,2,1,0,13.2818,168.03
195,2,1,0,13.2792,148.465
64,2,1,0,13.25,0
978,2,1,1,14.0431,4355.78,0.0373333,162.837,0.05,2
1010,2,1,1,14.0282,4278.67
1011,2,1,1,14.0141,4206.68
1009,2,1,1,14.0074,4172.76
1038,2,1,1,13.9994,4132.87
1039,2,1,1,13.9988,4130.2
1037,2,1,1,13.986,4069.25
1034,2,1,1,13.9762,4019.03
2032,2,1,1,13.9608,3941.44
1050,2,1,1,13.9318,3796.99
1804,2,1,1,13.9187,3730.98
2015,2,1,1,13.9075,3674.76
2014,2,1,1,13.8993,3633.76
2017,2,1,1,13.8982,3628.07
2170,2,1,1,13.8953,3613.42
917,2,1,1,13.8891,3582.43
2016,2,1,1,13.8883,3578.62
915,2,1,1,13.8673,3473.67
1555,2,1,1,13.8599,3436.9
2157,2,1,1,13.849,3383.15
2019,2,1,1,13.8221,3256.89
929,2,1,1,13.8217,3254.9
938,2,1,1,13.8098,3189.05
950,2,1,1,13.7963,3118.49
951,2,1,1,13.7893,3082.77
949,2,1,1,13.7783,3026.3
1302,2,1,1,13.7592,2919.57
636,2,1,2,14.1601,4909.04,0.0391667,170.833,0.15,3
631,2,1,2,14.1534,4876.25
630,2,1,2,14.1476,4847.73
637,2,1,2,14.1371,4795.65
1996,2,1,2,14.1246,4732.36
1997,2,1,2,14.1207,4712.46
2027,2,1,2,14.0935,4582.24
2026,2,1,2,14.0877,4553.76
978,2,1,2,14.0804,4518.61
64,2,1,3,14.4455,6540.42,0,0,0
195,2,1,3,14.4239,6424.16
196,2,1,3,14.4212,6404.58
205,2,1,3,14.4069,6318.5
215,2,1,3,14.3825,6163.52
225,2,1,3,14.3576,5959.69
715,2,1,3,14.3227,5769.15
714,2,1,3,14.319,5745.31
726,2,1,3,14.3188,5743.45
529,2,1,3,14.3047,5643.84
605,2,1,3,14.2894,5546.58
603,2,1,3,14.2836,5515.6
604,2,1,3,14.2788,5490.19
596,2,1,3,14.2786,5489.22
580,2,1,3,14.2643,5413.01
583,2,1,3,14.2581,5383.2
587,2,1,3,14.2559,5368.77
578,2,1,3,14.2528,5351.95
575,2,1,3,14.2473,5320.85
571,2,1,3,14.2444,5304.73
570,2,1,3,14.2396,5281.45
1994,2,1,3,14.2268,5217.1
562,2,1,3,14.2135,5152.04
639,2,1,3,14.21,5134.6
638,2,1,3,14.2033,5100.57
636,2,1,3,14.1993,5079.87
220,3,0,0,11.0872,472.978,0.0955,416.542,0.04,1
2130,3,0,0,11.0724,392.48
215,3,0,0,11.0675,358.782
205,3,0,0,11.0436,204.484
196,3,0,0,11.0305,119.897
195,3,0,0,11.0279,100.335
64,3,0,0,11.01,0
710,3,0,1,11.2404,1198.14,0.0443333,193.369,0.36,2
223,3,0,1,11.2229,1104.91
224,3,0,1,11.2088,1031.05
222,3,0,1,11.193,945.57
220,3,0,1,11.1827,889.52
455,3,0,2,11.3438,1774.06,0.0408333,178.103,0.03,3
454,3,0,2,11.341,1758.44
457,3,0,2,11.3343,1704.48
456,3,0,2,11.3291,1675.03
458,3,0,2,11.3196,1613.89
459,3,0,2,11.3137,1568.78
1543,3,0,2,11.3044,1506.55
710,3,0,2,11.2847,1391.51
603,3,0,3,11.475,2516.24,0.109,475.425,0.32,4
604,3,0,3,11.4708,2493.1
596,3,0,3,11.4706,2492.13
595,3,0,3,11.4652,2461.72
605,3,0,3,11.464,2453.73
529,3,0,3,11.4468,2353.71
726,3,0,3,11.4309,2252.51
714,3,0,3,11.4307,2250.62
1543,3,0,3,11.4259,2220.1
459,3,0,3,11.4156,2156.7
458,3,0,3,11.4091,2111.44
456,3,0,3,11.4,2050.65
457,3,0,3,11.3946,2020.43
454,3,0,3,11.387,1966.47
455,3,0,3,11.3846,1952.16
1108,3,0,4,11.7762,3990.79,0.0935,407.819,0.09,5
1109,3,0,4,11.7718,3968.11
1113,3,0,4,11.765,3933.96
1847,3,0,4,11.7515,3866.44
1086,3,0,4,11.7479,3846.41
1087,3,0,4,11.7334,3773.22
1090,3,0,4,11.7247,3728.06
1076,3,0,4,11.6985,3601.08
1074,3,0,4,11.6944,3579.96
1077,3,0,4,11.6848,3529.14
1080,3,0,4,11.6713,3461.94
1079,3,0,4,11.6647,3427.48
1061,3,0,4,11.6605,3406.2
1063,3,0,4,11.6569,3388.03
1062,3,0,4,11.6559,3380.95
2159,3,0,4,11.6556,3379.84
1045,3,0,4,11.6549,3376.69
1012,3,0,4,11.6477,3335.7
1014,3,0,4,11.6472,3332.84
989,3,0,4,11.6361,3274.53
990,3,0,4,11.6261,3224.27
991,3,0,4,11.6235,3211.92
706,3,0,4,11.6165,3172.46
704,3,0,4,11.6138,3159.68
2179,3,0,4,11.6136,3158.82
662,3,0,4,11.6074,3129.17
602,3,0,4,11.5961,3060.9
604,3,0,4,11.5935,3044.1
596,3,0,4,11.5934,3043.13
595,3,0,4,11.5879,3012.72
603,3,0,4,11.584,2991.67
1304,3,0,5,11.9992,5081.23,0.0428333,186.826,0.12,6
952,3,0,5,11.9748,4948.24
953,3,0,5,11.9641,4893.46
2023,3,0,5,11.9632,4889.36
2108,3,0,5,11.9468,4804.15
1794,3,0,5,11.9397,4768.39
2106,3,0,5,11.9245,4689.02
2039,3,0,5,11.9068,4595.49
1106,3,0,5,11.8972,4543.54
2035,3,0,5,11.883,4469.49
1108,3,0,5,11.8697,4398.6
1302,3,0,6,12.088,5502.06,0.106833,465.975,0.24,7
1303,3,0,6,12.0676,5398.52
1305,3,0,6,12.0541,5329.61
1304,3,0,6,12.042,5268.05
895,3,0,7,12.3606,6816.77,0.0435,189.734,0.02,8
896,3,0,7,12.3569,6798.53
892,3,0,7,12.3534,6780.74
906,3,0,7,12.3351,6687.94
1555,3,0,7,12.3097,6545.19
2157,3,0,7,12.2971,6484.56
2019,3,0,7,12.268,6349.38
929,3,0,7,12.2676,6347.4
938,3,0,7,12.2555,6281.27
950,3,0,7,12.2396,6200.24
951,3,0,7,12.2331,6166.99
949,3,0,7,12.2215,6107.7
1302,3,0,7,12.1948,5968.03
636,3,0,8,12.5592,7875.02,0.091,396.915,0.15,9
633,3,0,8,12.5525,7841.41
563,3,0,8,12.5472,7816.41
564,3,0,8,12.5418,7787.2
557,3,0,8,12.5369,7756.14
561,3,0,8,12.5304,7709.7
628,3,0,8,12.5263,7684.55
609,3,0,8,12.5145,7609.26
423,3,0,8,12.5086,7552.94
419,3,0,8,12.5019,7515.36
420,3,0,8,12.4958,7479.33
421,3,0,8,12.4913,7451.84
417,3,0,8,12.4863,7425.13
1989,3,0,8,12.4678,7330.91
2011,3,0,8,12.4485,7231.2
891,3,0,8,12.4266,7116.75
893,3,0,8,12.4205,7085.88
894,3,0,8,12.4153,7061.13
895,3,0,8,12.4041,7006.5
64,3,0,9,12.8972,9716.25,0,0,0
195,3,0,9,12.8705,9578.05
196,3,0,9,12.8673,9558.1
205,3,0,9,12.852,9470.36
215,3,0,9,12.8264,9313.8
225,3,0,9,12.7995,9110.73
715,3,0,9,12.7693,8941.16
714,3,0,9,12.7654,8917.01
726,3,0,9,12.7652,8915.15
529,3,0,9,12.751,8815.5
605,3,0,9,12.7362,8718.84
603,3,0,9,12.7299,8685.76
604,3,0,9,12.7259,8663.89
596,3,0,9,12.7258,8662.92
580,3,0,9,12.7142,8598.4
583,3,0,9,12.708,8568.58
587,3,0,9,12.706,8554.32
578,3,0,9,12.7031,8538.25
579,3,0,9,12.6958,8499.46
570,3,0,9,12.6888,8466.29
1994,3,0,9,12.6758,8401.22
562,3,0,9,12.6629,8337.84
639,3,0,9,12.6594,8320.4
638,3,0,9,12.6541,8292.16
636,3,0,9,12.6502,8271.93
978,3,1,0,14.6946,1541.01,0.0373333,162.837,0.05,1
1010,3,1,0,14.6801,1465.78
1016,3,1,0,14.6604,1374.31
1548,3,1,0,14.6534,1338.05
1012,3,1,0,14.6484,1312.65
2028,3,1,0,14.6403,1267.19
989,3,1,0,14.6369,1251.45
990,3,1,0,14.6269,1201.19
991,3,1,0,14.6243,1188.84
706,3,1,0,14.6173,1149.38
704,3,1,0,14.6146,1136.6
2179,3,1,0,14.6144,1135.74
662,3,1,0,14.6082,1106.09
602,3,1,0,14.597,1038.03
599,3,1,0,14.593,1015.4
605,3,1,0,14.5893,991.921
529,3,1,0,14.5722,892.037
726,3,1,0,14.5576,792.08
714,3,1,0,14.5574,790.213
715,3,1,0,14.5538,766.53
225,3,1,0,14.5363,605.342
215,3,1,0,14.5104,402.069
205,3,1,0,14.4837,243.798
196,3,1,0,14.4695,157.808
195,3,1,0,14.4668,138.229
64,3,1,0,14.44,0
64,3,1,1,14.9943,3241.41,0,0,0
195,3,1,1,14.973,3126.4
196,3,1,1,14.9703,3106.82
205,3,1,1,14.9561,3020.74
215,3,1,1,14.9316,2865.76
225,3,1,1,14.9068,2661.93
715,3,1,1,14.8718,2471.38
714,3,1,1,14.8681,2447.54
726,3,1,1,14.8679,2445.68
529,3,1,1,14.8538,2346.07
605,3,1,1,14.8385,2248.82
603,3,1,1,14.8327,2217.84
2202,3,1,1,14.8294,2197.3
602,3,1,1,14.8256,2172.71
1851,3,1,1,14.8153,2102.67
1852,3,1,1,14.8075,2066.84
706,3,1,1,14.7946,2003.69
703,3,1,1,14.7884,1973.27
1542,3,1,1,14.7787,1926.61
698,3,1,1,14.7713,1892.09
700,3,1,1,14.7645,1859.46
690,3,1,1,14.7495,1788.46
979,3,1,1,14.7413,1750.44
980,3,1,1,14.7355,1722.03
978,3,1,1,14.7319,1703.84
220,4,0,0,11.0872,472.978,0.0955,416.542,0.04,1
2130,4,0,0,11.0724,392.48
215,4,0,0,11.0675,358.782
205,4,0,0,11.0436,204.484
196,4,0,0,11.0305,119.897
195,4,0,0,11.0279,100.335
64,4,0,0,11.01,0
710,4,0,1,11.2404,1198.14,0.0443333,193.369,0.36,2
223,4,0,1,11.2229,1104.91
224,4,0,1,11.2088,1031.05
222,4,0,1,11.193,945.57
220,4,0,1,11.1827,889.52
455,4,0,2,11.3438,1774.06,0.0408333,178.103,0.03,3
454,4,0,2,11.341,1758.44
457,4,0,2,11.3343,1704.48
456,4,0,2,11.3291,1675.03
458,4,0,2,11.3196,1613.89
459,4,0,2,11.3137,1568.78
1543,4,0,2,11.3044,1506.55
710,4,0,2,11.2847,1391.51
603,4,0,3,11.475,2516.24,0.109,475.425,0.32,4
604,4,0,3,11.4708,2493.1
596,4,0,3,11.4706,2492.13
595,4,0,3,11.4652,2461.72
605,4,0,3,11.464,2453.73
529,4,0,3,11.4468,2353.71
726,4,0,3,11.4309,2252.51
714,4,0,3,11.4307,2250.62
1543,4,0,3,11.4259,2220.1
459,4,0,3,11.4156,2156.7
458,4,0,3,11.4091,2111.44
456,4,0,3,11.4,2050.65
457,4,0,3,11.3946,2020.43
454,4,0,3,11.387,1966.47
455,4,0,3,11.3846,1952.16
1108,4,0,4,11.7762,3990.79,0.0935,407.819,0.09,5
1109,4,0,4,11.7718,3968.11
1113,4,0,4,11.765,3933.96
1847,4,0,4,11.7515,3866.44
1086,4,0,4,11.7479,3846.41
1087,4,0,4,11.7334,3773.22
1090,4,0,4,11.7247,3728.06
1076,4,0,4,11.6985,3601.08
1074,4,0,4,11.6944,3579.96
1077,4,0,4,11.6848,3529.14
1080,4,0,4,11.6713,3461.94
1079,4,0,4,11.6647,3427.48
1061,4,0,4,11.6605,3406.2
1063,4,0,4,11.6569,3388.03
1062,4,0,4,11.6559,3380.95
2159,4,0,4,11.6556,3379.84
1045,4,0,4,11.6549,3376.69
1012,4,0,4,11.6477,3335.7
1014,4,0,4,11.6472,3332.84
989,4,0,4,11.6361,3274.53
990,4,0,4,11.6261,3224.27
991,4,0,4,11.6235,3211.92
706,4,0,4,11.6165,3172.46
704,4,0,4,11.6138,3159.68
2179,4,0,4,11.6136,3158.82
662,4,0,4,11.6074,3129.17
602,4,0,4,11.5961,3060.9
604,4,0,4,11.5935,3044.1
596,4,0,4,11.5934,3043.13
595,4,0,4,11.5879,3012.72
603,4,0,4,11.584,2991.67
1304,4,0,5,11.9992,5081.23,0.0428333,186.826,0.12,6
952,4,0,5,11.9748,4948.24
953,4,0,5,11.9641,4893.46
2023,4,0,5,11.9632,4889.36
2108,4,0,5,11.9468,4804.15
1794,4,0,5,11.9397,4768.39
2106,4,0,5,11.9245,4689.02
2039,4,0,5,11.9068,4595.49
1106,4,0,5,11.8972,4543.54
2035,4,0,5,11.883,4469.49
1108,4,0,5,11.8697,4398.6
895,4,0,6,12.1981,6068.38,0.0435,189.734,0.02,7
907,4,0,6,12.1824,5991.05
908,4,0,6,12.1733,5945.57
2014,4,0,6,12.1727,5942.89
2017,4,0,6,12.1716,5937.2
2170,4,0,6,12.1688,5923.01
1738,4,0,6,12.1514,5836.08
1737,4,0,6,12.1447,5802.3
936,4,0,6,12.1295,5723.39
933,4,0,6,12.1289,5720.45
934,4,0,6,12.1234,5682.8
935,4,0,6,12.1229,5680.19
2020,4,0,6,12.1118,5623.21
1787,4,0,6,12.0922,5526.06
1788,4,0,6,12.0914,5522.36
1789,4,0,6,12.08,5465.37
952,4,0,6,12.0711,5420.92
1304,4,0,6,12.042,5268.05
978,4,0,7,12.4096,7107.07,0.107833,470.336,0.07,8
1010,4,0,7,12.394,7026.92
1011,4,0,7,12.3805,6957.51
1009,4,0,7,12.3753,6929.89
1041,4,0,7,12.3752,6929.2
1039,4,0,7,12.3674,6888.72
1037,4,0,7,12.3578,6841.24
1034,4,0,7,12.3491,6795.55
2032,4,0,7,12.3337,6717.95
1050,4,0,7,12.3024,6563.86
1049,4,0,7,12.3024,6563.77
1025,4,0,7,12.2936,6520.11
1029,4,0,7,12.2803,6453.27
1027,4,0,7,12.2686,6394.32
898,4,0,7,12.2603,6350.79
895,4,0,7,12.2416,6258.12
636,4,0,8,12.603,7991.89,0.091,396.915,0.15,9
633,4,0,8,12.5963,7958.29
639,4,0,8,12.593,7940.75
1993,4,0,8,12.5832,7890.13
1995,4,0,8,12.5737,7844.84
1996,4,0,8,12.5621,7793.1
1997,4,0,8,12.5582,7773.2
2027,4,0,8,12.53,7638.85
2026,4,0,8,12.5243,7610.55
978,4,0,8,12.5174,7577.4
1302,4,0,9,13.0074,10052.1,0.035,152.659,0.22,10
949,4,0,9,12.9855,9932.67
951,4,0,9,12.9741,9874.71
950,4,0,9,12.9667,9837.04
938,4,0,9,12.9548,9773.43
929,4,0,9,12.941,9699.86
2019,4,0,9,12.9406,9697.88
2157,4,0,9,12.9134,9570.15
905,4,0,9,12.8734,9368.7
889,4,0,9,12.8629,9315.26
890,4,0,9,12.8501,9253.96
2013,4,0,9,12.8247,9125.56
1988,4,0,9,12.8034,9016.12
417,4,0,9,12.7809,8902.98
418,4,0,9,12.7768,8882
419,4,0,9,12.7599,8789.83
424,4,0,9,12.7564,8769.89
613,4,0,9,12.7533,8744.91
611,4,0,9,12.7478,8712.02
609,4,0,9,12.7459,8694.23
628,4,0,9,12.7359,8620.21
561,4,0,9,12.7321,8595.49
557,4,0,9,12.724,8547.36
554,4,0,9,12.7217,8535.56
565,4,0,9,12.7136,8490.54
562,4,0,9,12.7067,8454.72
639,4,0,9,12.7032,8437.28
638,4,0,9,12.6979,8409.04
636,4,0,9,12.694,8388.81
64,4,0,10,13.4972,12847.9,0,0,0
195,4,0,10,13.4641,12683
196,4,0,10,13.4613,12663.3
205,4,0,10,13.4461,12575.8
215,4,0,10,13.4219,12421
225,4,0,10,13.3951,12218
715,4,0,10,13.3668,12052.6
714,4,0,10,13.363,12028.7
726,4,0,10,13.3628,12026.8
529,4,0,10,13.3489,11927.3
605,4,0,10,13.3345,11831
603,4,0,10,13.3285,11799.2
604,4,0,10,13.3249,11778.9
596,4,0,10,13.3247,11777.9
580,4,0,10,13.3144,11717.3
574,4,0,10,13.2938,11609.7
573,4,0,10,13.2845,11557.3
564,4,0,10,13.2773,11518
557,4,0,10,13.2714,11484.9
561,4,0,10,13.2647,11438.4
628,4,0,10,13.2604,11413
609,4,0,10,13.2482,11337.2
423,4,0,10,13.2423,11280.9
419,4,0,10,13.237,11246.1
420,4,0,10,13.2319,11211.1
421,4,0,10,13.2279,11184.4
417,4,0,10,13.2234,11159.9
1989,4,0,10,13.2068,11073.5
2011,4,0,10,13.189,10980.3
2156,4,0,10,13.1838,10952.9
2013,4,0,10,13.1831,10949.8
886,4,0,10,13.1712,10891.6
888,4,0,10,13.1514,10785.5
903,4,0,10,13.1376,10715.6
904,4,0,10,13.1342,10697.2
925,4,0,10,13.1108,10569.3
2019,4,0,10,13.1053,10542.1
929,4,0,10,13.1049,10540.1
938,4,0,10,13.093,10474.2
950,4,0,10,13.0795,10403.7
951,4,0,10,13.0725,10368
949,4,0,10,13.0615,10311.5
1302,4,0,10,13.0424,10204.8
220,5,0,0,11.1272,472.978,0.0955,416.542,0.04,1
2130,5,0,0,11.1124,392.48
215,5,0,0,11.1075,358.782
205,5,0,0,11.0836,204.484
196,5,0,0,11.0705,119.897
195,5,0,0,11.0679,100.335
64,5,0,0,11.05,0
455,5,0,1,11.3121,1421.69,0.0408333,178.103,0.03,2
454,5,0,1,11.3093,1406.07
457,5,0,1,11.3025,1352.11
456,5,0,1,11.2974,1322.67
458,5,0,1,11.2879,1261.52
459,5,0,1,11.282,1216.42
450,5,0,1,11.2668,1132.53
229,5,0,1,11.2573,1079.68
222,5,0,1,11.233,945.57
220,5,0,1,11.2227,889.52
603,5,0,2,11.4433,2163.88,0.109,475.425,0.32,3
604,5,0,2,11.4391,2140.74
596,5,0,2,11.4389,2139.76
595,5,0,2,11.4334,2109.36
605,5,0,2,11.4323,2101.36
529,5,0,2,11.4151,2001.34
726,5,0,2,11.3992,1900.14
714,5,0,2,11.399,1898.26
1543,5,0,2,11.3942,1867.73
459,5,0,2,11.3839,1804.33
458,5,0,2,11.3774,1759.07
456,5,0,2,11.3683,1698.29
457,5,0,2,11.3629,1668.07
454,5,0,2,11.3553,1614.11
455,5,0,2,11.3529,1599.79
1108,5,0,3,11.7445,3638.42,0.0935,407.819,0.09,4
1109,5,0,3,11.7401,3615.75
1113,5,0,3,11.7332,3581.6
1847,5,0,3,11.7198,3514.08
1086,5,0,3,11.7162,3494.04
1087,5,0,3,11.7017,3420.85
1090,5,0,3,11.693,3375.69
1076,5,0,3,11.6668,3248.71
1074,5,0,3,11.6627,3227.6
1077,5,0,3,11.6531,3176.78
1080,5,0,3,11.6396,3109.57
1079,5,0,3,11.633,3075.12
1061,5,0,3,11.6287,3053.83
1063,5,0,3,11.6252,3035.67
1062,5,0,3,11.6241,3028.59
2159,5,0,3,11.6239,3027.47
1045,5,0,3,11.6232,3024.32
1012,5,0,3,11.616,2983.34
1014,5,0,3,11.6154,2980.47
989,5,0,3,11.6044,2922.17
990,5,0,3,11.5943,2871.91
991,5,0,3,11.5917,2859.55
706,5,0,3,11.5847,2820.09
704,5,0,3,11.5821,2807.32
2179,5,0,3,11.5819,2806.46
662,5,0,3,11.5757,2776.81
602,5,0,3,11.5644,2708.53
604,5,0,3,11.5618,2691.73
596,5,0,3,11.5617,2690.76
595,5,0,3,11.5562,2660.35
603,5,0,3,11.5523,2639.3
1304,5,0,4,11.9675,4728.86,0.0428333,186.826,0.12,5
952,5,0,4,11.9431,4595.87
953,5,0,4,11.9323,4541.1
2023,5,0,4,11.9315,4537
2108,5,0,4,11.9151,4451.79
1794,5,0,4,11.908,4416.03
2106,5,0,4,11.8927,4336.66
2039,5,0,4,11.8751,4243.13
1106,5,0,4,11.8655,4191.18
2035,5,0,4,11.8512,4117.13
1108,5,0,4,11.838,4046.24
1302,5,0,5,12.0562,5149.69,0.106833,465.975,0.24,6
1303,5,0,5,12.0359,5046.15
1305,5,0,5,12.0224,4977.24
1304,5,0,5,12.0103,4915.69
895,5,0,6,12.3289,6464.4,0.0435,189.734,0.02,7
896,5,0,6,12.3252,6446.16
892,5,0,6,12.3217,6428.37
906,5,0,6,12.3034,6335.58
1555,5,0,6,12.2779,6192.83
2157,5,0,6,12.2653,6132.19
2019,5,0,6,12.2363,5997.02
929,5,0,6,12.2358,5995.03
938,5,0,6,12.2238,5928.9
950,5,0,6,12.2078,5847.88
951,5,0,6,12.2014,5814.62
949,5,0,6,12.1898,5755.33
1302,5,0,6,12.1631,5615.67
978,5,0,7,12.5403,7503.09,0.107833,470.336,0.07,8
1010,5,0,7,12.5247,7422.94
1011,5,0,7,12.5113,7353.53
1009,5,0,7,12.5061,7325.91
1041,5,0,7,12.5059,7325.22
1039,5,0,7,12.4981,7284.74
1037,5,0,7,12.4886,7237.26
1034,5,0,7,12.4799,7191.57
2032,5,0,7,12.4644,7113.97
1050,5,0,7,12.4332,6959.88
1049,5,0,7,12.4332,6959.79
1025,5,0,7,12.4244,6916.13
1029,5,0,7,12.4111,6849.29
1027,5,0,7,12.3993,6790.34
898,5,0,7,12.391,6746.81
895,5,0,7,12.3724,6654.14
636,5,0,8,12.7337,8387.91,0.091,396.915,0.15,9
633,5,0,8,12.7271,8354.31
639,5,0,8,12.7237,8336.77
1993,5,0,8,12.7139,8286.15
1995,5,0,8,12.7044,8240.86
1996,5,0,8,12.6929,8189.12
1997,5,0,8,12.689,8169.22
2027,5,0,8,12.6607,8034.87
2026,5,0,8,12.655,8006.57
978,5,0,8,12.6482,7973.42
64,5,0,9,13.0717,10229.2,0,0,0
195,5,0,9,13.045,10090.9
196,5,0,9,13.0419,10071
205,5,0,9,13.0266,9983.26
215,5,0,9,13.0009,9826.7
225,5,0,9,12.974,9623.62
715,5,0,9,12.9439,9454.06
714,5,0,9,12.9399,9429.91
726,5,0,9,12.9397,9428.05
529,5,0,9,12.9256,9328.4
605,5,0,9,12.9107,9231.73
603,5,0,9,12.9044,9198.66
604,5,0,9,12.9005,9176.79
596,5,0,9,12.9003,9175.82
580,5,0,9,12.8888,9111.3
583,5,0,9,12.8825,9081.48
587,5,0,9,12.8805,9067.21
578,5,0,9,12.8776,9051.15
579,5,0,9,12.8703,9012.35
570,5,0,9,12.8633,8979.19
1994,5,0,9,12.8504,8914.12
562,5,0,9,12.8374,8850.74
639,5,0,9,12.8339,8833.3
638,5,0,9,12.8286,8805.06
636,5,0,9,12.8247,8784.83
710,5,1,0,11.313,739.387,0.0443333,193.369,0.36,1
223,5,1,0,11.2955,646.157
1680,5,1,0,11.286,581.03
225,5,1,0,11.2832,562.11
215,5,1,0,11.2575,358.782
205,5,1,0,11.2336,204.484
196,5,1,0,11.2205,119.897
195,5,1,0,11.2179,100.335
64,5,1,0,11.2,0
64,5,1,1,11.4578,1615.64,0,0,0
195,5,1,1,11.4366,1500.96
196,5,1,1,11.4338,1481.35
205,5,1,1,11.4214,1397.44
215,5,1,1,11.4015,1245.35
225,5,1,1,11.3762,1041.78
1680,5,1,1,11.3733,1022.76
710,5,1,1,11.3573,932.755
220,6,0,0,11.0772,472.978,0.0955,416.542,0.04,1
2130,6,0,0,11.0624,392.48
215,6,0,0,11.0575,358.782
205,6,0,0,11.0336,204.484
196,6,0,0,11.0205,119.897
195,6,0,0,11.0179,100.335
64,6,0,0,11,0
710,6,0,1,11.2304,1198.14,0.0443333,193.369,0.36,2
223,6,0,1,11.2129,1104.91
224,6,0,1,11.1988,1031.05
222,6,0,1,11.183,945.57
220,6,0,1,11.1727,889.52
455,6,0,2,11.3338,1774.06,0.0408333,178.103,0.03,3
454,6,0,2,11.331,1758.44
457,6,0,2,11.3243,1704.48
456,6,0,2,11.3191,1675.03
458,6,0,2,11.3096,1613.89
459,6,0,2,11.3037,1568.78
1543,6,0,2,11.2944,1506.55
710,6,0,2,11.2747,1391.51
603,6,0,3,11.465,2516.24,0.109,475.425,0.32,4
604,6,0,3,11.4608,2493.1
596,6,0,3,11.4606,2492.13
595,6,0,3,11.4552,2461.72
605,6,0,3,11.454,2453.73
529,6,0,3,11.4368,2353.71
726,6,0,3,11.4209,2252.51
714,6,0,3,11.4207,2250.62
1543,6,0,3,11.4159,2220.1
459,6,0,3,11.4056,2156.7
458,6,0,3,11.3991,2111.44
456,6,0,3,11.39,2050.65
457,6,0,3,11.3846,2020.43
454,6,0,3,11.377,1966.47
455,6,0,3,11.3746,1952.16
1108,6,0,4,11.7662,3990.79,0.0935,407.819,0.09,5
1109,6,0,4,11.7618,3968.11
1113,6,0,4,11.755,3933.96
1847,6,0,4,11.7415,3866.44
1086,6,0,4,11.7379,3846.41
1087,6,0,4,11.7234,3773.22
1090,6,0,4,11.7147,3728.06
1076,6,0,4,11.6885,3601.08
1074,6,0,4,11.6844,3579.96
1077,6,0,4,11.6748,3529.14
1080,6,0,4,11.6613,3461.94
1079,6,0,4,11.6547,3427.48
1061,6,0,4,11.6505,3406.2
1063,6,0,4,11.6469,3388.03
1062,6,0,4,11.6459,3380.95
2159,6,0,4,11.6456,3379.84
1045,6,0,4,11.6449,3376.69
1012,6,0,4,11.6377,3335.7
1014,6,0,4,11.6372,3332.84
989,6,0,4,11.6261,3274.53
990,6,0,4,11.6161,3224.27
991,6,0,4,11.6135,3211.92
706,6,0,4,11.6065,3172.46
704,6,0,4,11.6038,3159.68
2179,6,0,4,11.6036,3158.82
662,6,0,4,11.5974,3129.17
602,6,0,4,11.5861,3060.9
604,6,0,4,11.5835,3044.1
596,6,0,4,11.5834,3043.13
595,6,0,4,11.5779,3012.72
603,6,0,4,11.574,2991.67
1304,6,0,5,11.9892,5081.23,0.0428333,186.826,0.12,6
952,6,0,5,11.9648,4948.24
953,6,0,5,11.9541,4893.46
2023,6,0,5,11.9532,4889.36
2108,6,0,5,11.9368,4804.15
1794,6,0,5,11.9297,4768.39
2106,6,0,5,11.9145,4689.02
2039,6,0,5,11.8968,4595.49
1106,6,0,5,11.8872,4543.54
2035,6,0,5,11.873,4469.49
1108,6,0,5,11.8597,4398.6
1302,6,0,6,12.078,5502.06,0.106833,465.975,0.24,7
1303,6,0,6,12.0576,5398.52
1305,6,0,6,12.0441,5329.61
1304,6,0,6,12.032,5268.05
895,6,0,7,12.3506,6816.77,0.0435,189.734,0.02,8
896,6,0,7,12.3469,6798.53
892,6,0,7,12.3434,6780.74
906,6,0,7,12.3251,6687.94
1555,6,0,7,12.2997,6545.19
2157,6,0,7,12.2871,6484.56
2019,6,0,7,12.258,6349.38
929,6,0,7,12.2576,6347.4
938,6,0,7,12.2455,6281.27
950,6,0,7,12.2296,6200.24
951,6,0,7,12.2231,6166.99
949,6,0,7,12.2115,6107.7
1302,6,0,7,12.1848,5968.03
978,6,0,8,12.5621,7855.45,0.107833,470.336,0.07,9
1010,6,0,8,12.5464,7775.3
1011,6,0,8,12.533,7705.9
1009,6,0,8,12.5278,7678.27
1041,6,0,8,12.5276,7677.58
1039,6,0,8,12.5199,7637.11
1037,6,0,8,12.5103,7589.62
1034,6,0,8,12.5016,7543.93
2032,6,0,8,12.4862,7466.34
1050,6,0,8,12.4549,7312.25
1049,6,0,8,12.4549,7312.15
1025,6,0,8,12.4461,7268.49
1029,6,0,8,12.4328,7201.66
1027,6,0,8,12.421,7142.71
898,6,0,8,12.4127,7099.17
895,6,0,8,12.3941,7006.5
636,6,0,9,12.7554,8740.28,0.091,396.915,0.15,10
633,6,0,9,12.7488,8706.67
639,6,0,9,12.7454,8689.13
1993,6,0,9,12.7357,8638.52
1995,6,0,9,12.7261,8593.22
1996,6,0,9,12.7146,8541.49
1997,6,0,9,12.7107,8521.58
2027,6,0,9,12.6825,8387.24
2026,6,0,9,12.6767,8358.94
978,6,0,9,12.6699,8325.79
64,6,0,10,13.0935,10581.5,0,0,0
195,6,0,10,13.0667,10443.3
196,6,0,10,13.0636,10423.4
205,6,0,10,13.0483,10335.6
215,6,0,10,13.0227,10179.1
225,6,0,10,12.9957,9975.99
715,6,0,10,12.9656,9806.43
714,6,0,10,12.9616,9782.27
726,6,0,10,12.9614,9780.42
529,6,0,10,12.9473,9680.77
605,6,0,10,12.9324,9584.1
603,6,0,10,12.9261,9551.02
604,6,0,10,12.9222,9529.16
596,6,0,10,12.922,9528.19
580,6,0,10,12.9105,9463.67
583,6,0,10,12.9043,9433.85
587,6,0,10,12.9022,9419.58
578,6,0,10,12.8993,9403.52
579,6,0,10,12.892,9364.72
570,6,0,10,12.885,9331.56
1994,6,0,10,12.8721,9266.48
562,6,0,10,12.8591,9203.11
639,6,0,10,12.8556,9185.67
638,6,0,10,12.8503,9157.42
636,6,0,10,12.8464,9137.2
220,7,0,0,11.1772,472.978,0.0955,416.542,0.04,1
2130,7,0,0,11.1624,392.48
215,7,0,0,11.1575,358.782
205,7,0,0,11.1336,204.484
196,7,0,0,11.1205,119.897
195,7,0,0,11.1179,100.335
64,7,0,0,11.1,0
710,7,0,1,11.3304,1198.14,0.0443333,193.369,0.36,2
223,7,0,1,11.3129,1104.91
224,7,0,1,11.2988,1031.05
222,7,0,1,11.283,945.57
220,7,0,1,11.2727,889.52
455,7,0,2,11.4338,1774.06,0.0408333,178.103,0.03,3
454,7,0,2,11.431,1758.44
457,7,0,2,11.4243,1704.48
456,7,0,2,11.4191,1675.03
458,7,0,2,11.4096,1613.89
459,7,0,2,11.4037,1568.78
1543,7,0,2,11.3944,1506.55
710,7,0,2,11.3747,1391.51
1108,7,0,3,11.7419,3428.96,0.0935,407.819,0.09,4
1109,7,0,3,11.7367,3402.77
1113,7,0,3,11.7306,3371.72
1847,7,0,3,11.7177,3306.52
1086,7,0,3,11.7141,3286.49
1087,7,0,3,11.6995,3213.3
1090,7,0,3,11.6908,3168.13
1076,7,0,3,11.6647,3041.16
1074,7,0,3,11.6605,3020.04
1077,7,0,3,11.651,2969.22
1080,7,0,3,11.6375,2902.01
1079,7,0,3,11.6309,2867.56
1061,7,0,3,11.6266,2846.28
1063,7,0,3,11.6231,2828.11
1062,7,0,3,11.622,2821.03
2159,7,0,3,11.6218,2819.92
1045,7,0,3,11.6211,2816.77
1012,7,0,3,11.6139,2775.78
1014,7,0,3,11.6133,2772.91
989,7,0,3,11.6023,2714.61
990,7,0,3,11.5922,2664.35
991,7,0,3,11.5896,2652
706,7,0,3,11.5826,2612.53
704,7,0,3,11.58,2599.76
2179,7,0,3,11.5798,2598.9
662,7,0,3,11.5736,2569.25
602,7,0,3,11.5622,2500.98
599,7,0,3,11.5581,2477.72
605,7,0,3,11.554,2453.73
529,7,0,3,11.5368,2353.71
726,7,0,3,11.5209,2252.51
714,7,0,3,11.5207,2250.62
1543,7,0,3,11.5159,2220.1
459,7,0,3,11.5056,2156.7
458,7,0,3,11.4991,2111.44
456,7,0,3,11.49,2050.65
457,7,0,3,11.4846,2020.43
454,7,0,3,11.477,1966.47
455,7,0,3,11.4746,1952.16
1304,7,0,4,11.9649,4519.4,0.0428333,186.826,0.12,5
952,7,0,4,11.9405,4386.42
953,7,0,4,11.9298,4331.64
2023,7,0,4,11.929,4327.54
2108,7,0,4,11.9125,4242.33
1794,7,0,4,11.9054,4206.57
2106,7,0,4,11.8902,4127.2
2039,7,0,4,11.8725,4033.67
1106,7,0,4,11.8629,3981.72
2035,7,0,4,11.8487,3907.67
1108,7,0,4,11.8354,3836.78
1302,7,0,5,12.0537,4940.23,0.106833,465.975,0.24,6
1303,7,0,5,12.0333,4836.7
1305,7,0,5,12.0198,4767.79
1304,7,0,5,12.0077,4706.23
895,7,0,6,12.3263,6254.95,0.0435,189.734,0.02,7
896,7,0,6,12.3226,6236.71
892,7,0,6,12.3191,6218.92
906,7,0,6,12.3009,6126.12
1555,7,0,6,12.2754,5983.37
2157,7,0,6,12.2628,5922.73
2019,7,0,6,12.2337,5787.56
929,7,0,6,12.2333,5785.58
938,7,0,6,12.2212,5719.45
950,7,0,6,12.2053,5638.42
951,7,0,6,12.1988,5605.16
949,7,0,6,12.1872,5545.88
1302,7,0,6,12.1605,5406.21
978,7,0,7,12.5378,7293.63,0.107833,470.336,0.07,8
1010,7,0,7,12.5221,7213.48
1011,7,0,7,12.5087,7144.08
1009,7,0,7,12.5035,7116.45
1041,7,0,7,12.5034,7115.76
1039,7,0,7,12.4956,7075.29
1037,7,0,7,12.486,7027.8
1034,7,0,7,12.4773,6982.11
2032,7,0,7,12.4619,6904.52
1050,7,0,7,12.4306,6750.42
1049,7,0,7,12.4306,6750.33
1025,7,0,7,12.4218,6706.67
1029,7,0,7,12.4085,6639.84
1027,7,0,7,12.3967,6580.88
898,7,0,7,12.3884,6537.35
895,7,0,7,12.3698,6444.68
636,7,0,8,12.7311,8178.46,0.091,396.915,0.15,9
633,7,0,8,12.7245,8144.85
639,7,0,8,12.7211,8127.31
1993,7,0,8,12.7114,8076.69
1995,7,0,8,12.7018,8031.4
1996,7,0,8,12.6903,7979.66
1997,7,0,8,12.6864,7959.76
2027,7,0,8,12.6582,7825.42
2026,7,0,8,12.6524,7797.11
978,7,0,8,12.6456,7763.97
603,7,0,9,12.9019,8989.2,0.0631667,275.514,0.35,10
604,7,0,9,12.8979,8967.34
596,7,0,9,12.8977,8966.37
580,7,0,9,12.8862,8901.84
583,7,0,9,12.88,8872.03
587,7,0,9,12.8779,8857.76
578,7,0,9,12.875,8841.7
579,7,0,9,12.8677,8802.9
570,7,0,9,12.8607,8769.74
1994,7,0,9,12.8478,8704.66
562,7,0,9,12.8348,8641.29
639,7,0,9,12.8314,8623.84
638,7,0,9,12.826,8595.6
636,7,0,9,12.8221,8575.37
64,7,0,10,13.1323,10295.2,0,0,0
195,7,0,10,13.1056,10157
196,7,0,10,13.1024,10137.1
205,7,0,10,13.0871,10049.3
215,7,0,10,13.0615,9892.75
225,7,0,10,13.0346,9689.68
715,7,0,10,13.0045,9520.12
714,7,0,10,13.0005,9495.96
726,7,0,10,13.0003,9494.11
529,7,0,10,12.9862,9394.46
605,7,0,10,12.9713,9297.79
603,7,0,10,12.965,9264.71
220,8,0,0,11.1172,472.978,0.0955,416.542,0.04,1
2130,8,0,0,11.1024,392.48
215,8,0,0,11.0975,358.782
205,8,0,0,11.0736,204.484
196,8,0,0,11.0605,119.897
195,8,0,0,11.0579,100.335
64,8,0,0,11.04,0
710,8,0,1,11.2704,1198.14,0.0443333,193.369,0.36,2
223,8,0,1,11.2529,1104.91
224,8,0,1,11.2388,1031.05
222,8,0,1,11.223,945.57
220,8,0,1,11.2127,889.52
455,8,0,2,11.3738,1774.06,0.0408333,178.103,0.03,3
454,8,0,2,11.371,1758.44
457,8,0,2,11.3643,1704.48
456,8,0,2,11.3591,1675.03
458,8,0,2,11.3496,1613.89
459,8,0,2,11.3437,1568.78
1543,8,0,2,11.3344,1506.55
710,8,0,2,11.3147,1391.51
1108,8,0,3,11.6819,3428.96,0.0935,407.819,0.09,4
1109,8,0,3,11.6767,3402.77
1113,8,0,3,11.6706,3371.72
1847,8,0,3,11.6577,3306.52
1086,8,0,3,11.6541,3286.49
1087,8,0,3,11.6395,3213.3
1090,8,0,3,11.6308,3168.13
1076,8,0,3,11.6047,3041.16
1074,8,0,3,11.6005,3020.04
1077,8,0,3,11.591,2969.22
1080,8,0,3,11.5775,2902.01
1079,8,0,3,11.5709,2867.56
1061,8,0,3,11.5666,2846.28
1063,8,0,3,11.5631,2828.11
1062,8,0,3,11.562,2821.03
2159,8,0,3,11.5618,2819.92
1045,8,0,3,11.5611,2816.77
1012,8,0,3,11.5539,2775.78
1014,8,0,3,11.5533,2772.91
989,8,0,3,11.5423,2714.61
990,8,0,3,11.5322,2664.35
991,8,0,3,11.5296,2652
706,8,0,3,11.5226,2612.53
704,8,0,3,11.52,2599.76
2179,8,0,3,11.5198,2598.9
662,8,0,3,11.5136,2569.25
602,8,0,3,11.5022,2500.98
599,8,0,3,11.4981,2477.72
605,8,0,3,11.494,2453.73
529,8,0,3,11.4768,2353.71
726,8,0,3,11.4609,2252.51
714,8,0,3,11.4607,2250.62
1543,8,0,3,11.4559,2220.1
459,8,0,3,11.4456,2156.7
458,8,0,3,11.4391,2111.44
456,8,0,3,11.43,2050.65
457,8,0,3,11.4246,2020.43
454,8,0,3,11.417,1966.47
455,8,0,3,11.4146,1952.16
1304,8,0,4,11.9049,4519.4,0.0428333,186.826,0.12,5
952,8,0,4,11.8805,4386.42
953,8,0,4,11.8698,4331.64
2023,8,0,4,11.869,4327.54
2108,8,0,4,11.8525,4242.33
1794,8,0,4,11.8454,4206.57
2106,8,0,4,11.8302,4127.2
2039,8,0,4,11.8125,4033.67
1106,8,0,4,11.8029,3981.72
2035,8,0,4,11.7887,3907.67
1108,8,0,4,11.7754,3836.78
1302,8,0,5,11.9979,4957.93,0.068,296.595,0.26,6
1303,8,0,5,11.9773,4853.42
1305,8,0,5,11.9627,4779.54
1304,8,0,5,11.9477,4706.23
895,8,0,6,12.2317,6103.27,0.0435,189.734,0.02,7
896,8,0,6,12.228,6085.03
892,8,0,6,12.2245,6067.24
906,8,0,6,12.2063,5974.44
1555,8,0,6,12.1808,5831.69
2157,8,0,6,12.1682,5771.05
2019,8,0,6,12.1391,5635.88
929,8,0,6,12.1387,5633.9
938,8,0,6,12.1266,5567.77
950,8,0,6,12.1107,5486.74
951,8,0,6,12.1042,5453.48
949,8,0,6,12.0926,5394.2
1302,8,0,6,12.0659,5254.53
978,8,0,7,12.4432,7141.95,0.107833,470.336,0.07,8
1010,8,0,7,12.4276,7061.8
1011,8,0,7,12.4141,6992.4
1009,8,0,7,12.4089,6964.77
1041,8,0,7,12.4088,6964.08
1039,8,0,7,12.401,6923.61
1037,8,0,7,12.3914,6876.12
1034,8,0,7,12.3827,6830.43
2032,8,0,7,12.3673,6752.84
1050,8,0,7,12.336,6598.74
1049,8,0,7,12.336,6598.65
1025,8,0,7,12.3272,6554.99
1029,8,0,7,12.3139,6488.16
1027,8,0,7,12.3021,6429.2
898,8,0,7,12.2939,6385.67
895,8,0,7,12.2752,6293
636,8,0,8,12.6366,8026.78,0.091,396.915,0.15,9
633,8,0,8,12.6299,7993.17
639,8,0,8,12.6265,7975.63
1993,8,0,8,12.6168,7925.01
1995,8,0,8,12.6072,7879.72
1996,8,0,8,12.5957,7827.98
1997,8,0,8,12.5918,7808.08
2027,8,0,8,12.5636,7673.74
2026,8,0,8,12.5578,7645.43
978,8,0,8,12.551,7612.29
603,8,0,9,12.8073,8837.52,0.0631667,275.514,0.35,10
604,8,0,9,12.8033,8815.66
596,8,0,9,12.8032,8814.69
580,8,0,9,12.7916,8750.16
583,8,0,9,12.7854,8720.35
587,8,0,9,12.7834,8706.08
578,8,0,9,12.7805,8690.02
579,8,0,9,12.7731,8651.22
570,8,0,9,12.7661,8618.06
1994,8,0,9,12.7532,8552.98
562,8,0,9,12.7402,8489.6
639,8,0,9,12.7368,8472.16
638,8,0,9,12.7314,8443.92
636,8,0,9,12.7276,8423.69
64,8,0,10,13.0377,10143.5,0,0,0
195,8,0,10,13.011,10005.3
196,8,0,10,13.0079,9985.38
205,8,0,10,12.9926,9897.63
215,8,0,10,12.9669,9741.07
225,8,0,10,12.94,9538
715,8,0,10,12.9099,9368.44
714,8,0,10,12.9059,9344.28
726,8,0,10,12.9057,9342.43
529,8,0,10,12.8916,9242.78
605,8,0,10,12.8767,9146.11
603,8,0,10,12.8704,9113.03
220,9,0,0,11.6272,472.978,0.0955,416.542,0.04,1
2130,9,0,0,11.6124,392.48
215,9,0,0,11.6075,358.782
205,9,0,0,11.5836,204.484
196,9,0,0,11.5705,119.897
195,9,0,0,11.5679,100.335
64,9,0,0,11.55,0
710,9,0,1,11.7804,1198.14,0.0443333,193.369,0.36,2
223,9,0,1,11.7629,1104.91
224,9,0,1,11.7488,1031.05
222,9,0,1,11.733,945.57
220,9,0,1,11.7227,889.52
455,9,0,2,11.8838,1774.06,0.0408333,178.103,0.03,3
454,9,0,2,11.881,1758.44
457,9,0,2,11.8743,1704.48
456,9,0,2,11.8691,1675.03
458,9,0,2,11.8596,1613.89
459,9,0,2,11.8537,1568.78
1543,9,0,2,11.8444,1506.55
710,9,0,2,11.8247,1391.51
603,9,0,3,12.015,2516.24,0.0631667,275.514,0.35,4
604,9,0,3,12.0108,2493.1
596,9,0,3,12.0106,2492.13
595,9,0,3,12.0052,2461.72
605,9,0,3,12.004,2453.73
529,9,0,3,11.9868,2353.71
726,9,0,3,11.9709,2252.51
714,9,0,3,11.9707,2250.62
1543,9,0,3,11.9659,2220.1
459,9,0,3,11.9556,2156.7
458,9,0,3,11.9491,2111.44
456,9,0,3,11.94,2050.65
457,9,0,3,11.9346,2020.43
454,9,0,3,11.927,1966.47
455,9,0,3,11.9246,1952.16
1108,9,0,4,12.2666,3774.32,0.0588333,256.613,0.13,5
1109,9,0,4,12.2626,3752.79
1113,9,0,4,12.2553,3716.85
1847,9,0,4,12.2423,3651
1086,9,0,4,12.2386,3630.77
1087,9,0,4,12.2249,3560.98
1090,9,0,4,12.2157,3513.73
1076,9,0,4,12.1926,3399.54
1074,9,0,4,12.1886,3379.15
1077,9,0,4,12.1783,3325.1
1080,9,0,4,12.165,3258.65
1079,9,0,4,12.1574,3219.96
1061,9,0,4,12.1531,3198.68
1063,9,0,4,12.1497,3180.87
1062,9,0,4,12.1486,3173.8
2159,9,0,4,12.1485,3172.9
1045,9,0,4,12.1478,3169.75
1012,9,0,4,12.1405,3128.76
1014,9,0,4,12.1401,3126.56
989,9,0,4,12.1296,3070.7
990,9,0,4,12.1196,3020.44
704,9,0,4,12.1083,2962.7
2179,9,0,4,12.1081,2961.83
662,9,0,4,12.1019,2932.19
602,9,0,4,12.0909,2864.49
604,9,0,4,12.0885,2847.81
596,9,0,4,12.0884,2846.84
595,9,0,4,12.0824,2814.1
603,9,0,4,12.0782,2791.76
1304,9,0,5,12.4584,4725.58,0.0815,355.478,0.17,6
2163,9,0,5,12.4374,4615.84
2051,9,0,5,12.4038,4437.75
2050,9,0,5,12.3926,4378.74
2106,9,0,5,12.3857,4344.01
2039,9,0,5,12.368,4250.04
1106,9,0,5,12.3581,4197.09
2035,9,0,5,12.3455,4130.27
1108,9,0,5,12.3255,4030.94
1302,9,0,6,12.5858,5315.06,0.106833,465.975,0.24,7
1303,9,0,6,12.5655,5211.53
1305,9,0,6,12.552,5142.62
1304,9,0,6,12.5399,5081.06
895,9,0,7,12.8585,6629.77,0.0435,189.734,0.02,8
896,9,0,7,12.8548,6611.53
892,9,0,7,12.8513,6593.75
906,9,0,7,12.833,6500.95
1555,9,0,7,12.8075,6358.2
2157,9,0,7,12.7949,6297.56
2019,9,0,7,12.7658,6162.39
929,9,0,7,12.7654,6160.4
938,9,0,7,12.7534,6094.27
950,9,0,7,12.7374,6013.25
951,9,0,7,12.731,5979.99
949,9,0,7,12.7193,5920.71
1302,9,0,7,12.6927,5781.04
978,9,0,8,13.0699,7668.46,0.0648333,282.783,0.06,9
1010,9,0,8,13.0543,7588.31
1011,9,0,8,13.0408,7518.91
1009,9,0,8,13.0357,7491.28
1041,9,0,8,13.0355,7490.59
1039,9,0,8,13.0277,7450.11
1037,9,0,8,13.0182,7402.63
1034,9,0,8,13.0095,7356.94
2032,9,0,8,12.994,7279.35
1050,9,0,8,12.9628,7125.25
1049,9,0,8,12.9628,7125.16
1025,9,0,8,12.9539,7081.5
1029,9,0,8,12.9407,7014.67
1027,9,0,8,12.9289,6955.71
898,9,0,8,12.9206,6912.18
895,9,0,8,12.902,6819.51
636,9,0,9,13.2121,8332.67,0.0665,290.053,0.15,10
633,9,0,9,13.2064,8303.14
639,9,0,9,13.2029,8285
1993,9,0,9,13.1913,8226.71
1995,9,0,9,13.1845,8192.35
1996,9,0,9,13.1784,8162.4
1997,9,0,9,13.1745,8142.5
2027,9,0,9,13.1496,8021.73
2026,9,0,9,13.1438,7993.25
978,9,0,9,13.1348,7951.24
64,9,0,10,13.526,10076.7,0,0,0
195,9,0,10,13.5017,9949.05
196,9,0,10,13.499,9929.46
205,9,0,10,13.484,9842.34
215,9,0,10,13.4525,9668.03
225,9,0,10,13.4265,9464.79
715,9,0,10,13.3985,9299.91
714,9,0,10,13.3947,9276
726,9,0,10,13.3945,9274.15
529,9,0,10,13.3806,9174.62
605,9,0,10,13.366,9078.13
603,9,0,10,13.3574,9035.49
604,9,0,10,13.3524,9009.09
596,9,0,10,13.3522,9008.12
580,9,0,10,13.3407,8943.8
583,9,0,10,13.3345,8913.98
587,9,0,10,13.3323,8899.6
578,9,0,10,13.3294,8883.5
575,9,0,10,13.3236,8851.06
571,9,0,10,13.321,8835.95
570,9,0,10,13.3171,8816.9
1994,9,0,10,13.3009,8737.92
562,9,0,10,13.2913,8688.87
639,9,0,10,13.2879,8671.43
638,9,0,10,13.2826,8643.64
636,9,0,10,13.2786,8622.72
220,10,0,0,11.7372,472.978,0.0955,416.542,0.04,1
2130,10,0,0,11.7224,392.48
215,10,0,0,11.7175,358.782
205,10,0,0,11.6936,204.484
196,10,0,0,11.6805,119.897
195,10,0,0,11.6779,100.335
64,10,0,0,11.66,0
710,10,0,1,11.8904,1198.14,0.0443333,193.369,0.36,2
223,10,0,1,11.8729,1104.91
224,10,0,1,11.8588,1031.05
222,10,0,1,11.843,945.57
220,10,0,1,11.8327,889.52
603,10,0,2,12.0036,1802.69,0.0631667,275.514,0.35,3
604,10,0,2,11.9993,1779.55
596,10,0,2,11.9992,1778.58
595,10,0,2,11.9937,1748.17
605,10,0,2,11.9926,1740.18
529,10,0,2,11.9753,1640.15
726,10,0,2,11.9595,1538.96
714,10,0,2,11.9593,1537.07
1543,10,0,2,11.9544,1506.55
710,10,0,2,11.9347,1391.51
1108,10,0,3,12.2552,3060.77,0.0588333,256.613,0.13,4
1109,10,0,3,12.2511,3039.24
1113,10,0,3,12.2438,3003.3
1847,10,0,3,12.2308,2937.45
1086,10,0,3,12.2271,2917.22
1087,10,0,3,12.2134,2847.43
1090,10,0,3,12.2042,2800.18
1076,10,0,3,12.1811,2685.99
1074,10,0,3,12.1772,2665.6
1077,10,0,3,12.1668,2611.54
1080,10,0,3,12.1536,2545.1
1079,10,0,3,12.1459,2506.41
1061,10,0,3,12.1417,2485.13
1063,10,0,3,12.1382,2467.32
1062,10,0,3,12.1372,2460.25
2159,10,0,3,12.137,2459.35
1045,10,0,3,12.1363,2456.2
1012,10,0,3,12.1291,2415.21
1014,10,0,3,12.1287,2413.01
989,10,0,3,12.1182,2357.15
990,10,0,3,12.1081,2306.89
704,10,0,3,12.0968,2249.15
2179,10,0,3,12.0966,2248.28
662,10,0,3,12.0904,2218.64
602,10,0,3,12.0795,2150.94
604,10,0,3,12.077,2134.26
596,10,0,3,12.0769,2133.29
595,10,0,3,12.0709,2100.55
603,10,0,3,12.0667,2078.21
1304,10,0,4,12.4469,4012.03,0.0815,355.478,0.17,5
2163,10,0,4,12.4259,3902.29
2051,10,0,4,12.3923,3724.2
2050,10,0,4,12.3812,3665.19
2106,10,0,4,12.3742,3630.46
2039,10,0,4,12.3565,3536.49
1106,10,0,4,12.3466,3483.54
2035,10,0,4,12.3341,3416.72
1108,10,0,4,12.314,3317.39
1302,10,0,5,12.5744,4601.51,0.106833,465.975,0.24,6
1303,10,0,5,12.554,4497.98
1305,10,0,5,12.5405,4429.06
1304,10,0,5,12.5284,4367.51
895,10,0,6,12.847,5916.22,0.0435,189.734,0.02,7
896,10,0,6,12.8433,5897.98
892,10,0,6,12.8398,5880.2
906,10,0,6,12.8216,5787.4
1555,10,0,6,12.7961,5644.65
2157,10,0,6,12.7835,5584.01
2019,10,0,6,12.7544,5448.84
929,10,0,6,12.754,5446.85
938,10,0,6,12.7419,5380.72
950,10,0,6,12.726,5299.7
951,10,0,6,12.7195,5266.44
949,10,0,6,12.7079,5207.16
1302,10,0,6,12.6812,5067.49
978,10,0,7,13.0585,6954.91,0.0648333,282.783,0.06,8
1010,10,0,7,13.0428,6874.76
1011,10,0,7,13.0294,6805.35
1009,10,0,7,13.0242,6777.73
1041,10,0,7,13.0241,6777.04
1039,10,0,7,13.0163,6736.56
1037,10,0,7,13.0067,6689.08
1034,10,0,7,12.998,6643.39
2032,10,0,7,12.9826,6565.8
1050,10,0,7,12.9513,6411.7
1049,10,0,7,12.9513,6411.61
1025,10,0,7,12.9425,6367.95
1029,10,0,7,12.9292,6301.12
1027,10,0,7,12.9174,6242.16
898,10,0,7,12.9092,6198.63
895,10,0,7,12.8905,6105.96
636,10,0,8,13.2006,7619.12,0.0665,290.053,0.15,9
633,10,0,8,13.1949,7589.59
639,10,0,8,13.1915,7571.45
1993,10,0,8,13.1799,7513.16
1995,10,0,8,13.173,7478.8
1996,10,0,8,13.1669,7448.85
1997,10,0,8,13.163,7428.95
2027,10,0,8,13.1381,7308.18
2026,10,0,8,13.1323,7279.69
978,10,0,8,13.1233,7237.69
455,10,0,9,13.4297,8778.28,0.0423333,184.645,0.11,10
453,10,0,9,13.4211,8712.82
452,10,0,9,13.4088,8625.5
1678,10,0,9,13.3931,8541.11
474,10,0,9,13.3731,8441.6
2140,10,0,9,13.3649,8403.76
475,10,0,9,13.3582,8372.49
499,10,0,9,13.3505,8332.9
500,10,0,9,13.3459,8309.5
518,10,0,9,13.3403,8281.31
1754,10,0,9,13.3271,8219.45
540,10,0,9,13.3186,8175.55
541,10,0,9,13.3078,8120.4
572,10,0,9,13.2991,8074.65
1994,10,0,9,13.2894,8024.37
562,10,0,9,13.2799,7975.32
639,10,0,9,13.2764,7957.88
638,10,0,9,13.2712,7930.09
636,10,0,9,13.2671,7909.17
64,10,0,10,13.6505,9954.86,0,0,0
63,10,0,10,13.645,9924.51
199,10,0,10,13.6066,9728.31
202,10,0,10,13.5851,9612.27
208,10,0,10,13.5733,9540.49
170,10,0,10,13.5497,9416.25
176,10,0,10,13.5496,9415.93
183,10,0,10,13.5323,9319.66
192,10,0,10,13.5277,9288.55
458,10,0,10,13.497,9125.31
456,10,0,10,13.4884,9064.91
457,10,0,10,13.4824,9031.86
454,10,0,10,13.4747,8977.88
455,10,0,10,13.4721,8962.92
710,11,0,0,11.893,739.387,0.0443333,193.369,0.36,1
223,11,0,0,11.8755,646.157
1680,11,0,0,11.866,581.03
225,11,0,0,11.8632,562.11
215,11,0,0,11.8375,358.782
205,11,0,0,11.8136,204.484
196,11,0,0,11.8005,119.897
195,11,0,0,11.7979,100.335
64,11,0,0,11.78,0
603,11,0,1,12.0062,1343.94,0.0631667,275.514,0.35,2
604,11,0,1,12.0019,1320.8
596,11,0,1,12.0018,1319.83
595,11,0,1,11.9963,1289.42
605,11,0,1,11.9952,1281.43
529,11,0,1,11.9779,1181.4
726,11,0,1,11.962,1080.21
714,11,0,1,11.9619,1078.32
1543,11,0,1,11.957,1047.8
710,11,0,1,11.9373,932.755
1108,11,0,2,12.2578,2602.02,0.0588333,256.613,0.13,3
1109,11,0,2,12.2537,2580.49
1113,11,0,2,12.2464,2544.55
1847,11,0,2,12.2334,2478.7
1086,11,0,2,12.2297,2458.47
1087,11,0,2,12.216,2388.68
1090,11,0,2,12.2068,2341.42
1076,11,0,2,12.1837,2227.24
1074,11,0,2,12.1798,2206.85
1077,11,0,2,12.1694,2152.79
1080,11,0,2,12.1562,2086.35
1079,11,0,2,12.1485,2047.66
1061,11,0,2,12.1443,2026.38
1063,11,0,2,12.1408,2008.57
1062,11,0,2,12.1398,2001.5
2159,11,0,2,12.1396,2000.59
1045,11,0,2,12.1389,1997.44
1012,11,0,2,12.1317,1956.46
1014,11,0,2,12.1313,1954.26
989,11,0,2,12.1208,1898.4
990,11,0,2,12.1107,1848.13
704,11,0,2,12.0994,1790.4
2179,11,0,2,12.0992,1789.53
662,11,0,2,12.093,1759.89
602,11,0,2,12.0821,1692.19
604,11,0,2,12.0796,1675.51
596,11,0,2,12.0795,1674.54
595,11,0,2,12.0735,1641.8
603,11,0,2,12.0693,1619.46
1304,11,0,3,12.4495,3553.28,0.0815,355.478,0.17,4
2163,11,0,3,12.4285,3443.54
2051,11,0,3,12.3949,3265.45
2050,11,0,3,12.3837,3206.44
2106,11,0,3,12.3768,3171.71
2039,11,0,3,12.3591,3077.74
1106,11,0,3,12.3492,3024.79
2035,11,0,3,12.3367,2957.97
1108,11,0,3,12.3166,2858.64
1302,11,0,4,12.577,4142.76,0.106833,465.975,0.24,5
1303,11,0,4,12.5566,4039.23
1305,11,0,4,12.5431,3970.31
1304,11,0,4,12.531,3908.76
895,11,0,5,12.8496,5457.47,0.0435,189.734,0.02,6
896,11,0,5,12.8459,5439.23
892,11,0,5,12.8424,5421.45
906,11,0,5,12.8241,5328.65
1555,11,0,5,12.7987,5185.9
2157,11,0,5,12.786,5125.26
2019,11,0,5,12.757,4990.09
929,11,0,5,12.7566,4988.1
938,11,0,5,12.7445,4921.97
950,11,0,5,12.7286,4840.95
951,11,0,5,12.7221,4807.69
949,11,0,5,12.7105,4748.41
1302,11,0,5,12.6838,4608.74
978,11,0,6,13.0611,6496.16,0.0648333,282.783,0.06,7
1010,11,0,6,13.0454,6416.01
1011,11,0,6,13.032,6346.6
1009,11,0,6,13.0268,6318.98
1041,11,0,6,13.0266,6318.29
1039,11,0,6,13.0189,6277.81
1037,11,0,6,13.0093,6230.33
1034,11,0,6,13.0006,6184.64
2032,11,0,6,12.9852,6107.05
1050,11,0,6,12.9539,5952.95
1049,11,0,6,12.9539,5952.86
1025,11,0,6,12.9451,5909.2
1029,11,0,6,12.9318,5842.37
1027,11,0,6,12.92,5783.41
898,11,0,6,12.9117,5739.88
895,11,0,6,12.8931,5647.21
636,11,0,7,13.2032,7160.37,0.0665,290.053,0.15,8
633,11,0,7,13.1975,7130.84
639,11,0,7,13.194,7112.7
1993,11,0,7,13.1825,7054.41
1995,11,0,7,13.1756,7020.05
1996,11,0,7,13.1695,6990.1
1997,11,0,7,13.1656,6970.2
2027,11,0,7,13.1407,6849.43
2026,11,0,7,13.1349,6820.94
978,11,0,7,13.1259,6778.94
455,11,0,8,13.4323,8319.53,0.0423333,184.645,0.11,9
453,11,0,8,13.4237,8254.07
452,11,0,8,13.4114,8166.75
1678,11,0,8,13.3957,8082.36
474,11,0,8,13.3757,7982.85
2140,11,0,8,13.3675,7945.01
475,11,0,8,13.3608,7913.74
499,11,0,8,13.3531,7874.15
500,11,0,8,13.3485,7850.75
518,11,0,8,13.3429,7822.56
1754,11,0,8,13.3297,7760.7
540,11,0,8,13.3212,7716.8
541,11,0,8,13.3104,7661.65
572,11,0,8,13.3017,7615.9
1994,11,0,8,13.292,7565.62
562,11,0,8,13.2825,7516.57
639,11,0,8,13.279,7499.13
638,11,0,8,13.2738,7471.34
636,11,0,8,13.2697,7450.42
220,11,0,9,13.5661,9042.6,0.072,314.042,0.12,10
222,11,0,9,13.5581,8994.87
229,11,0,9,13.5327,8856.22
450,11,0,9,13.5223,8799.33
459,11,0,9,13.5063,8711.97
458,11,0,9,13.4996,8666.56
456,11,0,9,13.491,8606.16
457,11,0,9,13.485,8573.11
454,11,0,9,13.4773,8519.13
455,11,0,9,13.4747,8504.17
64,11,0,10,13.7337,9893.44,0,0,0
195,11,0,10,13.7094,9765.78
196,11,0,10,13.7067,9746.18
205,11,0,10,13.6917,9659.06
215,11,0,10,13.6602,9484.75
2130,11,0,10,13.6561,9451.1
220,11,0,10,13.6381,9356.64
220,12,0,0,12.2602,511.167,0.0923333,402.73,0.08,1
2130,12,0,0,12.2424,417.757
215,12,0,0,12.2369,383.417
205,12,0,0,12.2089,223.068
196,12,0,0,12.195,137.521
195,12,0,0,12.1919,117.624
64,12,0,0,12.17,0
603,12,0,1,12.4734,1615.67,0.0631667,275.514,0.35,2
604,12,0,1,12.4695,1593.8
596,12,0,1,12.4693,1592.83
595,12,0,1,12.4633,1560.09
605,12,0,1,12.4621,1552.08
529,12,0,1,12.4449,1452.07
726,12,0,1,12.4301,1351.99
714,12,0,1,12.4299,1350.12
1543,12,0,1,12.4257,1320.16
459,12,0,1,12.4156,1257.06
450,12,0,1,12.3993,1168.32
229,12,0,1,12.3873,1104.61
222,12,0,1,12.3626,968.676
220,12,0,1,12.3526,913.897
1108,12,0,2,12.725,2873.75,0.0588333,256.613,0.13,3
1109,12,0,2,12.7209,2852.21
1113,12,0,2,12.7137,2816.27
1847,12,0,2,12.7006,2750.43
1086,12,0,2,12.697,2730.19
1087,12,0,2,12.6832,2660.4
1090,12,0,2,12.674,2613.15
1076,12,0,2,12.651,2498.97
1074,12,0,2,12.647,2478.57
1077,12,0,2,12.6367,2424.52
1080,12,0,2,12.6234,2358.07
1079,12,0,2,12.6158,2319.39
1061,12,0,2,12.6115,2298.1
1063,12,0,2,12.6081,2280.29
1062,12,0,2,12.607,2273.22
2159,12,0,2,12.6068,2272.32
1045,12,0,2,12.6062,2269.17
1012,12,0,2,12.5989,2228.18
1014,12,0,2,12.5985,2225.98
989,12,0,2,12.588,2170.12
990,12,0,2,12.578,2119.86
704,12,0,2,12.5667,2062.12
2179,12,0,2,12.5665,2061.26
662,12,0,2,12.5603,2031.61
602,12,0,2,12.5493,1963.92
604,12,0,2,12.5469,1947.23
596,12,0,2,12.5468,1946.26
595,12,0,2,12.5407,1913.53
603,12,0,2,12.5366,1891.18
1304,12,0,3,12.9168,3825,0.0815,355.478,0.17,4
2163,12,0,3,12.8958,3715.26
2051,12,0,3,12.8622,3537.17
2050,12,0,3,12.851,3478.16
2106,12,0,3,12.8441,3443.43
2039,12,0,3,12.8263,3349.46
1106,12,0,3,12.8165,3296.52
2035,12,0,3,12.8039,3229.69
1108,12,0,3,12.7839,3130.36
1302,12,0,4,13.0442,4414.49,0.035,152.659,0.22,5
1303,12,0,4,13.0239,4310.95
1305,12,0,4,13.0104,4242.04
1304,12,0,4,12.9983,4180.48
895,12,0,5,13.2282,5344.92,0.0823333,359.113,0.02,6
896,12,0,5,13.2245,5326.68
892,12,0,5,13.2207,5307.93
906,12,0,5,13.2081,5239.07
1555,12,0,5,13.1799,5084.47
2157,12,0,5,13.169,5030.72
2019,12,0,5,13.1421,4904.46
929,12,0,5,13.1417,4902.47
938,12,0,5,13.1297,4836.62
950,12,0,5,13.1162,4766.06
951,12,0,5,13.1092,4730.35
949,12,0,5,13.0982,4673.87
1302,12,0,5,13.0792,4567.15
978,12,0,6,13.4828,6568.41,0.0648333,282.783,0.06,7
1010,12,0,6,13.4691,6496.29
1011,12,0,6,13.4543,6421.57
1009,12,0,6,13.448,6389.14
1038,12,0,6,13.44,6349.25
1039,12,0,6,13.4394,6346.57
1037,12,0,6,13.4265,6285.62
1034,12,0,6,13.4168,6235.41
2032,12,0,6,13.4013,6157.81
2031,12,0,6,13.401,6155.99
1031,12,0,6,13.3911,6108.59
1002,12,0,6,13.3769,6037.86
1024,12,0,6,13.3564,5933.74
1029,12,0,6,13.3512,5907.58
1027,12,0,6,13.3391,5847.48
898,12,0,6,13.329,5796.22
895,12,0,6,13.3105,5704.03
636,12,0,7,13.6249,7232.63,0.0665,290.053,0.15,8
633,12,0,7,13.6193,7203.09
639,12,0,7,13.6158,7184.95
1993,12,0,7,13.6042,7126.67
1995,12,0,7,13.5973,7092.3
1996,12,0,7,13.5912,7062.36
1997,12,0,7,13.5873,7042.46
2027,12,0,7,13.5624,6921.68
2026,12,0,7,13.5566,6893.2
978,12,0,7,13.5476,6851.2
455,12,0,8,13.854,8391.78,0.0423333,184.645,0.11,9
453,12,0,8,13.8454,8326.32
452,12,0,8,13.8332,8239
1678,12,0,8,13.8174,8154.62
474,12,0,8,13.7974,8055.1
2140,12,0,8,13.7893,8017.27
475,12,0,8,13.7826,7986
499,12,0,8,13.7748,7946.41
500,12,0,8,13.7702,7923
518,12,0,8,13.7646,7894.82
1754,12,0,8,13.7514,7832.96
540,12,0,8,13.7429,7789.06
541,12,0,8,13.7321,7733.91
572,12,0,8,13.7235,7688.15
1994,12,0,8,13.7137,7637.87
562,12,0,8,13.7042,7588.83
639,12,0,8,13.7007,7571.38
638,12,0,8,13.6955,7543.59
636,12,0,8,13.6914,7522.68
710,12,0,9,13.9614,8975.63,0.0466667,203.546,0.45,10
1543,12,0,9,13.9381,8847.41
459,12,0,9,13.928,8784.22
458,12,0,9,13.9213,8738.82
456,12,0,9,13.9127,8678.42
457,12,0,9,13.9067,8645.37
454,12,0,9,13.899,8591.39
455,12,0,9,13.8964,8576.43
64,12,0,10,14.1168,9878.01,0,0,0
195,12,0,10,14.0953,9761.76
196,12,0,10,14.0925,9742.18
205,12,0,10,14.0783,9656.1
215,12,0,10,14.0538,9501.12
225,12,0,10,14.029,9297.29
1680,12,0,10,14.0262,9278.45
710,12,0,10,14.0081,9179.18
220,13,0,0,12.8302,511.167,0.0923333,402.73,0.08,1
2130,13,0,0,12.8124,417.757
215,13,0,0,12.8069,383.417
205,13,0,0,12.7789,223.068
196,13,0,0,12.765,137.521
195,13,0,0,12.7619,117.624
64,13,0,0,12.74,0
710,13,0,1,12.987,1250.5,0.0983333,428.9,0.42,2
223,13,0,1,12.9704,1161.15
224,13,0,1,12.9485,1054.49
222,13,0,1,12.9326,968.676
220,13,0,1,12.9226,913.897
455,13,0,2,13.146,2068.33,0.0423333,184.645,0.11,3
454,13,0,2,13.1428,2050.95
457,13,0,2,13.1362,1996.88
456,13,0,2,13.1313,1967.85
458,13,0,2,13.1221,1906.93
459,13,0,2,13.1154,1861.58
1543,13,0,2,13.1069,1799.77
710,13,0,2,13.0854,1679.4
1108,13,0,3,13.452,3715.07,0.0723333,315.496,0.16,4
1109,13,0,3,13.4479,3693.69
1113,13,0,3,13.4415,3661.44
1847,13,0,3,13.4297,3600.81
1086,13,0,3,13.4261,3580.62
1087,13,0,3,13.4126,3512.06
1090,13,0,3,13.404,3467.3
1076,13,0,3,13.386,3373.97
1074,13,0,3,13.3819,3353.31
1077,13,0,3,13.3685,3286.34
1080,13,0,3,13.3536,3212.99
1079,13,0,3,13.3465,3176.51
1061,13,0,3,13.3422,3155.22
1063,13,0,3,13.339,3138.38
1062,13,0,3,13.338,3131.34
2159,13,0,3,13.3378,3130.36
1045,13,0,3,13.3371,3127.21
1012,13,0,3,13.3299,3086.22
2028,13,0,3,13.3218,3040.76
989,13,0,3,13.3184,3025.02
990,13,0,3,13.3083,2974.76
991,13,0,3,13.3057,2962.41
706,13,0,3,13.2987,2922.94
704,13,0,3,13.2961,2910.17
2179,13,0,3,13.2959,2909.31
662,13,0,3,13.2897,2879.66
602,13,0,3,13.2785,2811.52
599,13,0,3,13.274,2786.83
605,13,0,3,13.2688,2758.7
529,13,0,3,13.2522,2659.81
726,13,0,3,13.2361,2558.27
714,13,0,3,13.2359,2556.39
1543,13,0,3,13.2301,2523.95
459,13,0,3,13.22,2460.77
458,13,0,3,13.2133,2415.36
456,13,0,3,13.2047,2354.96
457,13,0,3,13.1987,2321.91
454,13,0,3,13.191,2267.93
455,13,0,3,13.1884,2252.97
1304,13,0,4,13.6529,4709.04,0.0735,320.585,0.21,5
952,13,0,4,13.6289,4577.72
953,13,0,4,13.6166,4516.67
2023,13,0,4,13.6158,4512.57
2108,13,0,4,13.6016,4436.91
1794,13,0,4,13.5953,4404.56
2106,13,0,4,13.5814,4330.81
2039,13,0,4,13.5628,4233.29
1106,13,0,4,13.5526,4178.89
2035,13,0,4,13.5406,4114.3
1108,13,0,4,13.5243,4030.57
1302,13,0,5,13.7735,5268.62,0.035,152.659,0.22,6
1303,13,0,5,13.7531,5164.93
1305,13,0,5,13.7379,5088.91
1304,13,0,5,13.7264,5029.63
895,13,0,6,13.9574,6199.05,0.0823333,359.113,0.02,7
896,13,0,6,13.9537,6180.81
892,13,0,6,13.95,6162.06
906,13,0,6,13.9374,6093.2
1555,13,0,6,13.9092,5938.6
2157,13,0,6,13.8982,5884.85
2019,13,0,6,13.8714,5758.59
929,13,0,6,13.871,5756.61
938,13,0,6,13.859,5690.76
950,13,0,6,13.8455,5620.2
951,13,0,6,13.8385,5584.48
949,13,0,6,13.8275,5528
1302,13,0,6,13.8085,5421.28
978,13,0,7,14.2057,7397.53,0.0373333,162.837,0.05,8
1010,13,0,7,14.1909,7320.76
1011,13,0,7,14.1767,7248.12
1009,13,0,7,14.1711,7218.69
1038,13,0,7,14.1629,7178.09
1039,13,0,7,14.1623,7175.42
1037,13,0,7,14.1525,7126.85
1034,13,0,7,14.1442,7083.01
2032,13,0,7,14.1288,7005.42
1050,13,0,7,14.1024,6871.64
1049,13,0,7,14.1024,6871.55
1025,13,0,7,14.095,6833.85
1029,13,0,7,14.082,6768.06
1027,13,0,7,14.0691,6704.68
898,13,0,7,14.0587,6652.2
895,13,0,7,14.0398,6558.17
636,13,0,8,14.3228,7950.79,0.0391667,170.833,0.15,9
631,13,0,8,14.3161,7917.99
630,13,0,8,14.3103,7889.48
637,13,0,8,14.2997,7837.4
1996,13,0,8,14.2873,7774.11
1997,13,0,8,14.2834,7754.21
2027,13,0,8,14.2562,7623.99
2026,13,0,8,14.2504,7595.51
978,13,0,8,14.2431,7560.36
603,13,0,9,14.4462,8557.35,0.0658333,287.145,0.35,10
604,13,0,9,14.4414,8531.94
596,13,0,9,14.4413,8530.97
580,13,0,9,14.427,8454.76
583,13,0,9,14.4208,8424.95
587,13,0,9,14.4186,8410.52
578,13,0,9,14.4155,8393.7
575,13,0,9,14.41,8362.6
571,13,0,9,14.4071,8346.47
570,13,0,9,14.4022,8323.2
1994,13,0,9,14.3895,8258.84
562,13,0,9,14.3761,8193.79
639,13,0,9,14.3726,8176.35
638,13,0,9,14.3659,8142.32
636,13,0,9,14.3619,8121.62
64,13,0,10,14.674,9869.31,0,0,0
195,13,0,10,14.6524,9753.06
196,13,0,10,14.6497,9733.48
205,13,0,10,14.6354,9647.4
215,13,0,10,14.611,9492.42
225,13,0,10,14.5861,9288.58
715,13,0,10,14.5512,9098.04
714,13,0,10,14.5474,9074.2
726,13,0,10,14.5473,9072.34
529,13,0,10,14.5332,8972.73
605,13,0,10,14.5178,8875.47
603,13,0,10,14.512,8844.49
603,14,0,0,12.3499,1036.37,0.0631667,275.514,0.35,1
604,14,0,0,12.3459,1014.51
596,14,0,0,12.3458,1013.54
595,14,0,0,12.3397,980.797
605,14,0,0,12.3386,972.784
529,14,0,0,12.3213,872.775
726,14,0,0,12.3066,772.69
714,14,0,0,12.3064,770.827
715,14,0,0,12.3028,747.175
225,14,0,0,12.2849,586.655
215,14,0,0,12.2569,383.417
205,14,0,0,12.2289,223.068
196,14,0,0,12.215,137.521
195,14,0,0,12.2119,117.624
64,14,0,0,12.19,0
978,14,0,1,12.5247,1890,0.107833,470.336,0.07,2
1010,14,0,1,12.5091,1809.85
1016,14,0,1,12.4866,1707.34
1548,14,0,1,12.4796,1671.31
1012,14,0,1,12.4754,1648.89
1014,14,0,1,12.475,1646.68
989,14,0,1,12.4645,1590.82
990,14,0,1,12.4544,1540.56
704,14,0,1,12.4431,1482.82
2179,14,0,1,12.4429,1481.96
662,14,0,1,12.4367,1452.31
602,14,0,1,12.4258,1384.62
604,14,0,1,12.4233,1367.94
596,14,0,1,12.4232,1366.97
595,14,0,1,12.4172,1334.23
603,14,0,1,12.413,1311.88
1108,14,0,2,12.7723,3062.26,0.0588333,256.613,0.13,3
1109,14,0,2,12.7682,3040.72
1848,14,0,2,12.748,2946.21
1069,14,0,2,12.7403,2904.46
1784,14,0,2,12.7241,2818.91
1053,14,0,2,12.7206,2801.06
2033,14,0,2,12.7011,2709.47
1054,14,0,2,12.6935,2668.56
1037,14,0,2,12.6887,2642.84
1039,14,0,2,12.6812,2604.23
1041,14,0,2,12.6717,2556.4
2030,14,0,2,12.6655,2525.47
1011,14,0,2,12.6653,2524.62
1547,14,0,2,12.651,2454.5
1546,14,0,2,12.646,2428.81
975,14,0,2,12.6428,2411.66
981,14,0,2,12.6387,2390.87
980,14,0,2,12.6362,2378.83
978,14,0,2,12.6326,2360.34
1304,14,0,3,12.964,4013.52,0.0815,355.478,0.17,4
2163,14,0,3,12.943,3903.78
2051,14,0,3,12.9094,3725.69
2050,14,0,3,12.8982,3666.68
2106,14,0,3,12.8913,3631.94
2039,14,0,3,12.8736,3537.97
1106,14,0,3,12.8637,3485.03
2035,14,0,3,12.8511,3418.2
1108,14,0,3,12.8311,3318.87
1302,14,0,4,13.0926,4607.99,0.035,152.659,0.22,5
1303,14,0,4,13.0723,4504.3
1305,14,0,4,13.0571,4428.28
1304,14,0,4,13.0455,4368.99
895,14,0,5,13.2766,5538.42,0.0823333,359.113,0.02,6
896,14,0,5,13.2729,5520.18
892,14,0,5,13.2692,5501.43
906,14,0,5,13.2565,5432.57
1555,14,0,5,13.2283,5277.97
2157,14,0,5,13.2174,5224.22
2019,14,0,5,13.1905,5097.96
929,14,0,5,13.1901,5095.97
938,14,0,5,13.1781,5030.12
950,14,0,5,13.1647,4959.56
951,14,0,5,13.1576,4923.85
949,14,0,5,13.1467,4867.37
1302,14,0,5,13.1276,4760.65
636,14,0,6,13.5005,6709.58,0.0665,290.053,0.15,7
633,14,0,6,13.4948,6680.05
563,14,0,6,13.4895,6655.05
564,14,0,6,13.4837,6624.21
557,14,0,6,13.4778,6591.12
561,14,0,6,13.4711,6544.59
628,14,0,6,13.4668,6519.22
609,14,0,6,13.4546,6443.42
423,14,0,6,13.4487,6387.1
419,14,0,6,13.4434,6352.25
420,14,0,6,13.4383,6317.31
421,14,0,6,13.4343,6290.53
417,14,0,6,13.4298,6266.05
1989,14,0,6,13.4132,6179.63
2011,14,0,6,13.3954,6086.44
891,14,0,6,13.3755,5980.55
892,14,0,6,13.365,5928.91
896,14,0,6,13.3624,5914.85
895,14,0,6,13.3589,5897.53
455,14,0,7,13.7296,7868.74,0.0423333,184.645,0.11,8
453,14,0,7,13.7209,7803.28
452,14,0,7,13.7087,7715.96
1678,14,0,7,13.693,7631.57
474,14,0,7,13.6729,7532.06
2140,14,0,7,13.6648,7494.22
475,14,0,7,13.6581,7462.95
499,14,0,7,13.6503,7423.36
500,14,0,7,13.6457,7399.96
518,14,0,7,13.6402,7371.77
1754,14,0,7,13.627,7309.91
540,14,0,7,13.6184,7266.01
541,14,0,7,13.6077,7210.86
572,14,0,7,13.599,7165.11
1994,14,0,7,13.5893,7114.83
562,14,0,7,13.5797,7065.78
639,14,0,7,13.5763,7048.34
638,14,0,7,13.571,7020.55
636,14,0,7,13.567,6999.63
710,14,0,8,13.837,8452.59,0.0466667,203.546,0.45,9
1543,14,0,8,13.8137,8324.37
459,14,0,8,13.8036,8261.18
458,14,0,8,13.7969,8215.78
456,14,0,8,13.7883,8155.37
457,14,0,8,13.7822,8122.33
454,14,0,8,13.7746,8068.35
455,14,0,8,13.7719,8053.38
220,14,0,9,13.947,8990.13,0.072,314.042,0.12,10
222,14,0,9,13.939,8942.4
224,14,0,9,13.9228,8855.4
223,14,0,9,13.9067,8772.72
710,14,0,9,13.8837,8656.13
64,14,0,10,14.1026,9802.85,0,0,0
195,14,0,10,14.0811,9686.59
196,14,0,10,14.0783,9667.01
205,14,0,10,14.0641,9580.93
215,14,0,10,14.0396,9425.96
2130,14,0,10,14.0356,9392.3
220,14,0,10,14.019,9304.17
220,15,0,0,12.8502,511.167,0.0923333,402.73,0.08,1
2130,15,0,0,12.8324,417.757
215,15,0,0,12.8269,383.417
205,15,0,0,12.7989,223.068
196,15,0,0,12.785,137.521
195,15,0,0,12.7819,117.624
64,15,0,0,12.76,0
710,15,0,1,13.007,1250.5,0.0466667,203.546,0.45,2
223,15,0,1,12.9904,1161.15
224,15,0,1,12.9685,1054.49
222,15,0,1,12.9526,968.676
220,15,0,1,12.9426,913.897
455,15,0,2,13.1144,1842.97,0.0423333,184.645,0.11,3
454,15,0,2,13.1111,1825.59
457,15,0,2,13.1046,1771.53
456,15,0,2,13.0996,1742.49
458,15,0,2,13.0904,1681.58
459,15,0,2,13.0838,1636.23
1543,15,0,2,13.0752,1574.42
710,15,0,2,13.0537,1454.05
1108,15,0,3,13.4203,3489.72,0.0723333,315.496,0.16,4
1109,15,0,3,13.4162,3468.33
1113,15,0,3,13.4098,3436.08
1847,15,0,3,13.3981,3375.45
1086,15,0,3,13.3944,3355.26
1087,15,0,3,13.381,3286.71
1090,15,0,3,13.3724,3241.94
1076,15,0,3,13.3543,3148.62
1074,15,0,3,13.3503,3127.95
1077,15,0,3,13.3368,3060.98
1080,15,0,3,13.3219,2987.63
1079,15,0,3,13.3148,2951.15
1061,15,0,3,13.3105,2929.87
1063,15,0,3,13.3073,2913.03
1062,15,0,3,13.3063,2905.99
2159,15,0,3,13.3061,2905
1045,15,0,3,13.3054,2901.85
1012,15,0,3,13.2982,2860.87
2028,15,0,3,13.2901,2815.4
989,15,0,3,13.2867,2799.67
990,15,0,3,13.2767,2749.41
991,15,0,3,13.2741,2737.05
706,15,0,3,13.2671,2697.59
704,15,0,3,13.2644,2684.82
2179,15,0,3,13.2642,2683.96
662,15,0,3,13.258,2654.31
602,15,0,3,13.2468,2586.17
599,15,0,3,13.2423,2561.47
605,15,0,3,13.2371,2533.35
529,15,0,3,13.2206,2434.45
726,15,0,3,13.2044,2332.92
714,15,0,3,13.2042,2331.04
1543,15,0,3,13.1985,2298.6
459,15,0,3,13.1883,2235.42
458,15,0,3,13.1816,2190.01
456,15,0,3,13.173,2129.61
457,15,0,3,13.167,2096.56
454,15,0,3,13.1594,2042.58
455,15,0,3,13.1567,2027.62
1304,15,0,4,13.6212,4483.69,0.0735,320.585,0.21,5
952,15,0,4,13.5972,4352.37
953,15,0,4,13.5849,4291.32
2023,15,0,4,13.5841,4287.22
2108,15,0,4,13.5699,4211.55
1794,15,0,4,13.5636,4179.21
2106,15,0,4,13.5497,4105.45
2039,15,0,4,13.5312,4007.94
1106,15,0,4,13.5209,3953.53
2035,15,0,4,13.5089,3888.95
1108,15,0,4,13.4926,3805.21
1302,15,0,5,13.7418,5043.27,0.035,152.659,0.22,6
1303,15,0,5,13.7215,4939.58
1305,15,0,5,13.7062,4863.56
1304,15,0,5,13.6947,4804.28
895,15,0,6,13.9258,5973.7,0.0823333,359.113,0.02,7
896,15,0,6,13.9221,5955.46
892,15,0,6,13.9183,5936.71
906,15,0,6,13.9057,5867.85
1555,15,0,6,13.8775,5713.25
2157,15,0,6,13.8666,5659.5
2019,15,0,6,13.8397,5533.24
929,15,0,6,13.8393,5531.26
938,15,0,6,13.8273,5465.41
950,15,0,6,13.8138,5394.84
951,15,0,6,13.8068,5359.13
949,15,0,6,13.7959,5302.65
1302,15,0,6,13.7768,5195.93
978,15,0,7,14.1741,7172.17,0.0373333,162.837,0.05,8
1010,15,0,7,14.1592,7095.41
1011,15,0,7,14.145,7022.77
1009,15,0,7,14.1394,6993.33
1038,15,0,7,14.1312,6952.74
1039,15,0,7,14.1306,6950.06
1037,15,0,7,14.1208,6901.5
1034,15,0,7,14.1126,6857.66
2032,15,0,7,14.0971,6780.07
1050,15,0,7,14.0707,6646.28
1049,15,0,7,14.0707,6646.19
1025,15,0,7,14.0633,6608.49
1029,15,0,7,14.0503,6542.71
1027,15,0,7,14.0375,6479.33
898,15,0,7,14.0271,6426.85
895,15,0,7,14.0081,6332.81
636,15,0,8,14.2911,7725.43,0.0391667,170.833,0.15,9
631,15,0,8,14.2844,7692.64
630,15,0,8,14.2786,7664.12
637,15,0,8,14.268,7612.04
1996,15,0,8,14.2556,7548.76
1997,15,0,8,14.2517,7528.85
2027,15,0,8,14.2245,7398.64
2026,15,0,8,14.2187,7370.15
978,15,0,8,14.2114,7335.01
603,15,0,9,14.4145,8331.99,0.0658333,287.145,0.35,10
604,15,0,9,14.4097,8306.58
596,15,0,9,14.4096,8305.61
580,15,0,9,14.3953,8229.41
583,15,0,9,14.3891,8199.59
587,15,0,9,14.3869,8185.16
578,15,0,9,14.3838,8168.35
575,15,0,9,14.3783,8137.24
571,15,0,9,14.3754,8121.12
570,15,0,9,14.3706,8097.85
1994,15,0,9,14.3578,8033.49
562,15,0,9,14.3444,7968.44
639,15,0,9,14.341,7950.99
638,15,0,9,14.3343,7916.96
636,15,0,9,14.3303,7896.26
64,15,0,10,14.6423,9643.96,0,0,0
195,15,0,10,14.6207,9527.7
196,15,0,10,14.618,9508.12
205,15,0,10,14.6038,9422.04
215,15,0,10,14.5793,9267.06
225,15,0,10,14.5545,9063.23
715,15,0,10,14.5195,8872.69
714,15,0,10,14.5158,8848.84
726,15,0,10,14.5156,8846.99
529,15,0,10,14.5015,8747.38
605,15,0,10,14.4862,8650.12
603,15,0,10,14.4804,8619.14
220,16,0,0,13.0502,511.167,0.072,314.042,0.12,1
2130,16,0,0,13.0324,417.757
215,16,0,0,13.0269,383.417
205,16,0,0,12.9989,223.068
196,16,0,0,12.985,137.521
195,16,0,0,12.9819,117.624
64,16,0,0,12.96,0
710,16,0,1,13.189,1171.13,0.0466667,203.546,0.45,2
223,16,0,1,13.1699,1071.11
224,16,0,1,13.1466,958.91
222,16,0,1,13.1309,874.132
220,16,0,1,13.1222,825.209
455,16,0,2,13.2963,1763.6,0.0423333,184.645,0.11,3
454,16,0,2,13.2931,1746.22
457,16,0,2,13.2865,1692.15
456,16,0,2,13.2816,1663.11
458,16,0,2,13.2723,1602.2
459,16,0,2,13.2657,1556.85
1543,16,0,2,13.2571,1495.04
710,16,0,2,13.2356,1374.67
1108,16,0,3,13.6022,3410.34,0.0723333,315.496,0.16,4
1109,16,0,3,13.5982,3388.96
1113,16,0,3,13.5918,3356.71
1847,16,0,3,13.58,3296.07
1086,16,0,3,13.5763,3275.89
1087,16,0,3,13.5629,3207.33
1090,16,0,3,13.5543,3162.57
1076,16,0,3,13.5362,3069.24
1074,16,0,3,13.5322,3048.58
1077,16,0,3,13.5188,2981.61
1080,16,0,3,13.5039,2908.26
1079,16,0,3,13.4967,2871.78
1061,16,0,3,13.4925,2850.49
1063,16,0,3,13.4893,2833.65
1062,16,0,3,13.4883,2826.61
2159,16,0,3,13.4881,2825.63
1045,16,0,3,13.4874,2822.48
1012,16,0,3,13.4802,2781.49
2028,16,0,3,13.4721,2736.03
989,16,0,3,13.4687,2720.29
990,16,0,3,13.4586,2670.03
991,16,0,3,13.456,2657.68
706,16,0,3,13.449,2618.21
704,16,0,3,13.4464,2605.44
2179,16,0,3,13.4462,2604.58
662,16,0,3,13.44,2574.93
602,16,0,3,13.4287,2506.79
599,16,0,3,13.4242,2482.09
605,16,0,3,13.4191,2453.97
529,16,0,3,13.4025,2355.08
726,16,0,3,13.3864,2253.54
714,16,0,3,13.3862,2251.66
1543,16,0,3,13.3804,2219.22
459,16,0,3,13.3703,2156.04
458,16,0,3,13.3636,2110.63
456,16,0,3,13.355,2050.23
457,16,0,3,13.349,2017.18
454,16,0,3,13.3413,1963.2
455,16,0,3,13.3386,1948.24
1304,16,0,4,13.8032,4404.31,0.0735,320.585,0.21,5
952,16,0,4,13.7791,4272.99
953,16,0,4,13.7669,4211.94
2023,16,0,4,13.7661,4207.84
2108,16,0,4,13.7519,4132.18
1794,16,0,4,13.7456,4099.83
2106,16,0,4,13.7317,4026.08
2039,16,0,4,13.7131,3928.56
1106,16,0,4,13.7029,3874.16
2035,16,0,4,13.6909,3809.57
1108,16,0,4,13.6746,3725.83
1302,16,0,5,13.9238,4963.89,0.035,152.659,0.22,6
1303,16,0,5,13.9034,4860.2
1305,16,0,5,13.8882,4784.18
1304,16,0,5,13.8767,4724.9
895,16,0,6,14.1077,5894.32,0.081,353.298,0.02,7
896,16,0,6,14.104,5876.08
892,16,0,6,14.1003,5857.33
906,16,0,6,14.0877,5788.47
1555,16,0,6,14.0595,5633.87
2157,16,0,6,14.0485,5580.12
2019,16,0,6,14.0217,5453.86
929,16,0,6,14.0213,5451.88
938,16,0,6,14.0093,5386.03
950,16,0,6,13.9958,5315.47
951,16,0,6,13.9888,5279.75
949,16,0,6,13.9778,5223.27
1302,16,0,6,13.9588,5116.55
978,16,0,7,14.3547,7086.98,0.0373333,162.837,0.05,8
1010,16,0,7,14.3399,7010.21
1011,16,0,7,14.3256,6937.58
1009,16,0,7,14.32,6908.14
1038,16,0,7,14.3118,6867.54
1039,16,0,7,14.3113,6864.87
1037,16,0,7,14.3014,6816.31
1034,16,0,7,14.2932,6772.47
2032,16,0,7,14.2777,6694.87
1050,16,0,7,14.2514,6561.09
1049,16,0,7,14.2513,6561
1025,16,0,7,14.244,6523.3
1029,16,0,7,14.2309,6457.51
1027,16,0,7,14.2181,6394.14
898,16,0,7,14.2077,6341.65
895,16,0,7,14.1887,6247.62
636,16,0,8,14.4717,7640.24,0.0391667,170.833,0.15,9
631,16,0,8,14.465,7607.45
630,16,0,8,14.4592,7578.93
637,16,0,8,14.4487,7526.85
1996,16,0,8,14.4362,7463.56
1997,16,0,8,14.4323,7443.66
2027,16,0,8,14.4051,7313.44
2026,16,0,8,14.3993,7284.96
978,16,0,8,14.392,7249.82
603,16,0,9,14.5952,8246.8,0.0658333,287.145,0.35,10
604,16,0,9,14.5904,8221.39
596,16,0,9,14.5902,8220.42
580,16,0,9,14.576,8144.21
583,16,0,9,14.5697,8114.4
587,16,0,9,14.5675,8099.97
578,16,0,9,14.5644,8083.16
575,16,0,9,14.5589,8052.05
571,16,0,9,14.556,8035.93
570,16,0,9,14.5512,8012.65
1994,16,0,9,14.5384,7948.3
562,16,0,9,14.5251,7883.24
639,16,0,9,14.5216,7865.8
638,16,0,9,14.5149,7831.77
636,16,0,9,14.5109,7811.07
64,16,0,10,14.8229,9558.76,0,0,0
195,16,0,10,14.8014,9442.51
196,16,0,10,14.7986,9422.93
205,16,0,10,14.7844,9336.85
215,16,0,10,14.76,9181.87
225,16,0,10,14.7351,8978.04
715,16,0,10,14.7001,8787.49
714,16,0,10,14.6964,8763.65
726,16,0,10,14.6962,8761.79
529,16,0,10,14.6822,8662.18
605,16,0,10,14.6668,8564.93
603,16,0,10,14.661,8533.95
