Nodo,Individuo,Ruta,Segmento,Tiempo viaje,Costo viaje,Tiempo atencion,Costo atencion,Tasa fallo,Demanda
603,0,0,0,11.1584,1012.31,0.109,475.425,0.32,1
604,0,0,0,11.1541,989.164
596,0,0,0,11.154,988.193
595,0,0,0,11.1485,957.784
605,0,0,0,11.1474,949.793
529,0,0,0,11.1302,849.768
726,0,0,0,11.1143,748.573
714,0,0,0,11.1141,746.688
715,0,0,0,11.1107,723.201
225,0,0,0,11.0932,562.11
215,0,0,0,11.0675,358.782
205,0,0,0,11.0436,204.484
196,0,0,0,11.0305,119.897
195,0,0,0,11.0279,100.335
64,0,0,0,11.01,0
1108,0,0,1,11.4595,2486.85,0.0935,407.819,0.09,2
1109,0,0,1,11.4552,2464.18
1113,0,0,1,11.4483,2430.03
1847,0,0,1,11.4349,2362.5
1086,0,0,1,11.4313,2342.47
1087,0,0,1,11.4167,2269.28
1090,0,0,1,11.408,2224.12
1076,0,0,1,11.3819,2097.14
1074,0,0,1,11.3778,2076.03
1077,0,0,1,11.3682,2025.21
1080,0,0,1,11.3547,1958
1079,0,0,1,11.3481,1923.55
1061,0,0,1,11.3438,1902.26
1063,0,0,1,11.3403,1884.1
1062,0,0,1,11.3392,1877.02
2159,0,0,1,11.339,1875.9
1045,0,0,1,11.3383,1872.75
1012,0,0,1,11.3311,1831.77
1014,0,0,1,11.3305,1828.9
989,0,0,1,11.3195,1770.6
990,0,0,1,11.3094,1720.33
991,0,0,1,11.3068,1707.98
706,0,0,1,11.2998,1668.52
704,0,0,1,11.2972,1655.75
2179,0,0,1,11.297,1654.88
662,0,0,1,11.2908,1625.24
602,0,0,1,11.2794,1556.96
604,0,0,1,11.2769,1540.16
596,0,0,1,11.2767,1539.19
595,0,0,1,11.2713,1508.78
603,0,0,1,11.2674,1487.73
1304,0,0,2,11.6826,3577.29,0.0428333,186.826,0.12,3
952,0,0,2,11.6582,3444.3
953,0,0,2,11.6474,3389.53
2023,0,0,2,11.6466,3385.43
2108,0,0,2,11.6301,3300.22
1794,0,0,2,11.6231,3264.46
2106,0,0,2,11.6078,3185.09
2039,0,0,2,11.5902,3091.56
1106,0,0,2,11.5806,3039.61
2035,0,0,2,11.5663,2965.56
1108,0,0,2,11.553,2894.67
895,0,0,3,11.8842,4576.55,0.103333,450.709,0.01,4
907,0,0,3,11.8686,4499.65
908,0,0,3,11.8593,4453.6
2014,0,0,3,11.8587,4450.92
2017,0,0,3,11.8576,4445.23
2170,0,0,3,11.8546,4430.37
1738,0,0,3,11.8401,4355.29
1737,0,0,3,11.8347,4327.23
936,0,0,3,11.8196,4248.61
933,0,0,3,11.819,4245.67
934,0,0,3,11.8135,4208.03
943,0,0,3,11.7969,4127.49
2020,0,0,3,11.7961,4123.55
1787,0,0,3,11.7787,4035.69
1788,0,0,3,11.778,4031.98
1789,0,0,3,11.7679,3980.67
952,0,0,3,11.7599,3940.16
1304,0,0,3,11.7254,3764.11
64,0,0,4,12.3242,7034.23,0,0,0
195,0,0,4,12.3021,6916
196,0,0,4,12.2992,6896.27
205,0,0,4,12.2853,6810.71
215,0,0,4,12.2597,6654.27
225,0,0,4,12.2344,6450.75
715,0,0,4,12.2063,6285.72
714,0,0,4,12.2024,6261.72
726,0,0,4,12.2022,6259.84
529,0,0,4,12.1885,6160.34
605,0,0,4,12.1737,6063.73
603,0,0,4,12.1686,6035.75
604,0,0,4,12.1643,6012.61
596,0,0,4,12.1642,6011.64
580,0,0,4,12.1558,5953.37
574,0,0,4,12.1385,5860.12
573,0,0,4,12.1284,5804.22
564,0,0,4,12.1208,5763.07
557,0,0,4,12.1147,5729.08
561,0,0,4,12.108,5682.56
628,0,0,4,12.1035,5656.91
609,0,0,4,12.0907,5580.26
423,0,0,4,12.0848,5523.94
419,0,0,4,12.0802,5489.49
420,0,0,4,12.0742,5453.55
431,0,0,4,12.0544,5356.51
434,0,0,4,12.0479,5325.9
873,0,0,4,12.0436,5302.89
874,0,0,4,12.0305,5239.64
870,0,0,4,12.0246,5209.76
894,0,0,4,11.9976,5077.24
895,0,0,4,11.9875,5027.26
220,0,1,0,11.3372,472.978,0.0955,416.542,0.04,1
2130,0,1,0,11.3224,392.48
215,0,1,0,11.3175,358.782
205,0,1,0,11.2936,204.484
196,0,1,0,11.2805,119.897
195,0,1,0,11.2779,100.335
64,0,1,0,11.26,0
455,0,1,1,11.5221,1421.69,0.0408333,178.103,0.03,2
454,0,1,1,11.5193,1406.07
457,0,1,1,11.5125,1352.11
456,0,1,1,11.5074,1322.67
458,0,1,1,11.4979,1261.52
459,0,1,1,11.492,1216.42
450,0,1,1,11.4768,1132.53
229,0,1,1,11.4673,1079.68
222,0,1,1,11.443,945.57
220,0,1,1,11.4327,889.52
710,0,1,2,11.6256,1988,0.0443333,193.369,0.36,3
1543,0,1,2,11.6042,1867.73
459,0,1,2,11.5939,1804.33
458,0,1,2,11.5874,1759.07
456,0,1,2,11.5783,1698.29
457,0,1,2,11.5729,1668.07
454,0,1,2,11.5653,1614.11
455,0,1,2,11.5629,1599.79
64,0,1,3,11.7705,2864.25,0,0,0
195,0,1,3,11.7493,2749.57
196,0,1,3,11.7465,2729.96
205,0,1,3,11.734,2646.06
215,0,1,3,11.7141,2493.96
225,0,1,3,11.6889,2290.4
1680,0,1,3,11.6859,2271.38
710,0,1,3,11.67,2181.37
1302,0,2,0,13.7542,2766.91,0.035,152.659,0.22,1
949,0,2,0,13.7312,2642.85
2025,0,2,0,13.7277,2625.39
1598,0,2,0,13.7244,2606.63
948,0,2,0,13.7195,2579.61
928,0,2,0,13.7091,2522.31
929,0,2,0,13.6889,2416.19
2019,0,2,0,13.6885,2414.21
2157,0,2,0,13.6624,2290.85
905,0,2,0,13.6255,2102.44
889,0,2,0,13.6162,2054.31
890,0,2,0,13.6096,2018.4
2013,0,2,0,13.5901,1915.19
1988,0,2,0,13.5725,1821.32
417,0,2,0,13.552,1716.71
418,0,2,0,13.548,1695.77
419,0,2,0,13.5325,1609.96
423,0,2,0,13.5263,1573.67
609,0,2,0,13.5204,1517.35
628,0,2,0,13.5106,1443.34
561,0,2,0,13.5067,1418.58
557,0,2,0,13.4993,1371.34
554,0,2,0,13.4971,1360.2
565,0,2,0,13.487,1306.55
573,0,2,0,13.4817,1279.96
574,0,2,0,13.4744,1230.49
580,0,2,0,13.4516,1113.57
596,0,2,0,13.4455,1053.72
595,0,2,0,13.4405,1025.37
605,0,2,0,13.4393,1017.31
529,0,2,0,13.4227,918.413
726,0,2,0,13.4066,816.876
714,0,2,0,13.4064,814.998
715,0,2,0,13.4029,791.373
225,0,2,0,13.3851,630.742
215,0,2,0,13.3579,427.668
205,0,2,0,13.3269,255.297
196,0,2,0,13.3118,168.03
195,0,2,0,13.3092,148.465
64,0,2,0,13.28,0
978,0,2,1,14.0731,4355.78,0.0373333,162.837,0.05,2
1010,0,2,1,14.0582,4278.67
1011,0,2,1,14.0441,4206.68
1009,0,2,1,14.0374,4172.76
1038,0,2,1,14.0294,4132.87
1039,0,2,1,14.0288,4130.2
1037,0,2,1,14.016,4069.25
1034,0,2,1,14.0062,4019.03
2032,0,2,1,13.9908,3941.44
1050,0,2,1,13.9618,3796.99
1804,0,2,1,13.9487,3730.98
2015,0,2,1,13.9375,3674.76
2014,0,2,1,13.9293,3633.76
2017,0,2,1,13.9282,3628.07
2170,0,2,1,13.9253,3613.42
917,0,2,1,13.9191,3582.43
2016,0,2,1,13.9183,3578.62
915,0,2,1,13.8973,3473.67
1555,0,2,1,13.8899,3436.9
2157,0,2,1,13.879,3383.15
2019,0,2,1,13.8521,3256.89
929,0,2,1,13.8517,3254.9
938,0,2,1,13.8398,3189.05
950,0,2,1,13.8263,3118.49
951,0,2,1,13.8193,3082.77
949,0,2,1,13.8083,3026.3
1302,0,2,1,13.7892,2919.57
636,0,2,2,14.1901,4909.04,0.0391667,170.833,0.15,3
631,0,2,2,14.1834,4876.25
630,0,2,2,14.1776,4847.73
637,0,2,2,14.1671,4795.65
1996,0,2,2,14.1546,4732.36
1997,0,2,2,14.1507,4712.46
2027,0,2,2,14.1235,4582.24
2026,0,2,2,14.1177,4553.76
978,0,2,2,14.1104,4518.61
64,0,2,3,14.4755,6540.42,0,0,0
195,0,2,3,14.4539,6424.16
196,0,2,3,14.4512,6404.58
205,0,2,3,14.4369,6318.5
215,0,2,3,14.4125,6163.52
225,0,2,3,14.3876,5959.69
715,0,2,3,14.3527,5769.15
714,0,2,3,14.349,5745.31
726,0,2,3,14.3488,5743.45
529,0,2,3,14.3347,5643.84
605,0,2,3,14.3194,5546.58
603,0,2,3,14.3136,5515.6
604,0,2,3,14.3088,5490.19
596,0,2,3,14.3086,5489.22
580,0,2,3,14.2943,5413.01
583,0,2,3,14.2881,5383.2
587,0,2,3,14.2859,5368.77
578,0,2,3,14.2828,5351.95
575,0,2,3,14.2773,5320.85
571,0,2,3,14.2744,5304.73
570,0,2,3,14.2696,5281.45
1994,0,2,3,14.2568,5217.1
562,0,2,3,14.2435,5152.04
639,0,2,3,14.24,5134.6
638,0,2,3,14.2333,5100.57
636,0,2,3,14.2293,5079.87
220,1,0,0,13.0202,511.167,0.072,314.042,0.12,1
2130,1,0,0,13.0024,417.757
215,1,0,0,12.9969,383.417
205,1,0,0,12.9689,223.068
196,1,0,0,12.955,137.521
195,1,0,0,12.9519,117.624
64,1,0,0,12.93,0
710,1,0,1,13.159,1171.13,0.0466667,203.546,0.45,2
223,1,0,1,13.1399,1071.11
224,1,0,1,13.1166,958.91
222,1,0,1,13.1009,874.132
220,1,0,1,13.0922,825.209
455,1,0,2,13.2663,1763.6,0.0423333,184.645,0.11,3
454,1,0,2,13.2631,1746.22
457,1,0,2,13.2565,1692.15
456,1,0,2,13.2516,1663.11
458,1,0,2,13.2423,1602.2
459,1,0,2,13.2357,1556.85
1543,1,0,2,13.2271,1495.04
710,1,0,2,13.2056,1374.67
1108,1,0,3,13.5722,3410.34,0.0723333,315.496,0.16,4
1109,1,0,3,13.5682,3388.96
1113,1,0,3,13.5618,3356.71
1847,1,0,3,13.55,3296.07
1086,1,0,3,13.5463,3275.89
1087,1,0,3,13.5329,3207.33
1090,1,0,3,13.5243,3162.57
1076,1,0,3,13.5062,3069.24
1074,1,0,3,13.5022,3048.58
1077,1,0,3,13.4888,2981.61
1080,1,0,3,13.4739,2908.26
1079,1,0,3,13.4667,2871.78
1061,1,0,3,13.4625,2850.49
1063,1,0,3,13.4593,2833.65
1062,1,0,3,13.4583,2826.61
2159,1,0,3,13.4581,2825.63
1045,1,0,3,13.4574,2822.48
1012,1,0,3,13.4502,2781.49
2028,1,0,3,13.4421,2736.03
989,1,0,3,13.4387,2720.29
990,1,0,3,13.4286,2670.03
991,1,0,3,13.426,2657.68
706,1,0,3,13.419,2618.21
704,1,0,3,13.4164,2605.44
2179,1,0,3,13.4162,2604.58
662,1,0,3,13.41,2574.93
602,1,0,3,13.3987,2506.79
599,1,0,3,13.3942,2482.09
605,1,0,3,13.3891,2453.97
529,1,0,3,13.3725,2355.08
726,1,0,3,13.3564,2253.54
714,1,0,3,13.3562,2251.66
1543,1,0,3,13.3504,2219.22
459,1,0,3,13.3403,2156.04
458,1,0,3,13.3336,2110.63
456,1,0,3,13.325,2050.23
457,1,0,3,13.319,2017.18
454,1,0,3,13.3113,1963.2
455,1,0,3,13.3086,1948.24
1304,1,0,4,13.7732,4404.31,0.0735,320.585,0.21,5
952,1,0,4,13.7491,4272.99
953,1,0,4,13.7369,4211.94
2023,1,0,4,13.7361,4207.84
2108,1,0,4,13.7219,4132.18
1794,1,0,4,13.7156,4099.83
2106,1,0,4,13.7017,4026.08
2039,1,0,4,13.6831,3928.56
1106,1,0,4,13.6729,3874.16
2035,1,0,4,13.6609,3809.57
1108,1,0,4,13.6446,3725.83
1302,1,0,5,13.8938,4963.89,0.035,152.659,0.22,6
1303,1,0,5,13.8734,4860.2
1305,1,0,5,13.8582,4784.18
1304,1,0,5,13.8467,4724.9
895,1,0,6,14.0777,5894.32,0.081,353.298,0.02,7
896,1,0,6,14.074,5876.08
892,1,0,6,14.0703,5857.33
906,1,0,6,14.0577,5788.47
1555,1,0,6,14.0295,5633.87
2157,1,0,6,14.0185,5580.12
2019,1,0,6,13.9917,5453.86
929,1,0,6,13.9913,5451.88
938,1,0,6,13.9793,5386.03
950,1,0,6,13.9658,5315.47
951,1,0,6,13.9588,5279.75
949,1,0,6,13.9478,5223.27
1302,1,0,6,13.9288,5116.55
978,1,0,7,14.3247,7086.98,0.0373333,162.837,0.05,8
1010,1,0,7,14.3099,7010.21
1011,1,0,7,14.2956,6937.58
1009,1,0,7,14.29,6908.14
1038,1,0,7,14.2818,6867.54
1039,1,0,7,14.2813,6864.87
1037,1,0,7,14.2714,6816.31
1034,1,0,7,14.2632,6772.47
2032,1,0,7,14.2477,6694.87
1050,1,0,7,14.2214,6561.09
1049,1,0,7,14.2213,6561
1025,1,0,7,14.214,6523.3
1029,1,0,7,14.2009,6457.51
1027,1,0,7,14.1881,6394.14
898,1,0,7,14.1777,6341.65
895,1,0,7,14.1587,6247.62
636,1,0,8,14.4417,7640.24,0.0391667,170.833,0.15,9
631,1,0,8,14.435,7607.45
630,1,0,8,14.4292,7578.93
637,1,0,8,14.4187,7526.85
1996,1,0,8,14.4062,7463.56
1997,1,0,8,14.4023,7443.66
2027,1,0,8,14.3751,7313.44
2026,1,0,8,14.3693,7284.96
978,1,0,8,14.362,7249.82
603,1,0,9,14.5652,8246.8,0.0658333,287.145,0.35,10
604,1,0,9,14.5604,8221.39
596,1,0,9,14.5602,8220.42
580,1,0,9,14.546,8144.21
583,1,0,9,14.5397,8114.4
587,1,0,9,14.5375,8099.97
578,1,0,9,14.5344,8083.16
575,1,0,9,14.5289,8052.05
571,1,0,9,14.526,8035.93
570,1,0,9,14.5212,8012.65
1994,1,0,9,14.5084,7948.3
562,1,0,9,14.4951,7883.24
639,1,0,9,14.4916,7865.8
638,1,0,9,14.4849,7831.77
636,1,0,9,14.4809,7811.07
64,1,0,10,14.7929,9558.76,0,0,0
195,1,0,10,14.7714,9442.51
196,1,0,10,14.7686,9422.93
205,1,0,10,14.7544,9336.85
215,1,0,10,14.73,9181.87
225,1,0,10,14.7051,8978.04
715,1,0,10,14.6701,8787.49
714,1,0,10,14.6664,8763.65
726,1,0,10,14.6662,8761.79
529,1,0,10,14.6522,8662.18
605,1,0,10,14.6368,8564.93
603,1,0,10,14.631,8533.95
710,2,0,0,11.303,739.387,0.0443333,193.369,0.36,1
223,2,0,0,11.2855,646.157
1680,2,0,0,11.276,581.03
225,2,0,0,11.2732,562.11
215,2,0,0,11.2475,358.782
205,2,0,0,11.2236,204.484
196,2,0,0,11.2105,119.897
195,2,0,0,11.2079,100.335
64,2,0,0,11.19,0
636,2,0,1,11.4678,1642.6,0.0763333,332.943,0.15,2
633,2,0,1,11.4631,1617.52
563,2,0,1,11.4578,1592.52
565,2,0,1,11.4507,1556.35
573,2,0,1,11.4453,1529.76
574,2,0,1,11.4363,1477.96
580,2,0,1,11.4179,1379.69
596,2,0,1,11.4118,1319.83
595,2,0,1,11.4063,1289.42
605,2,0,1,11.4052,1281.43
529,2,0,1,11.3879,1181.4
726,2,0,1,11.372,1080.21
714,2,0,1,11.3719,1078.32
1543,2,0,1,11.367,1047.8
710,2,0,1,11.3473,932.755
1108,2,0,2,11.7332,2929.78,0.0935,407.819,0.09,3
1109,2,0,2,11.7288,2907.11
1848,2,0,2,11.7087,2812.6
1069,2,0,2,11.7006,2769.33
1784,2,0,2,11.6837,2681.19
1053,2,0,2,11.6803,2663.29
2032,2,0,2,11.6739,2630.53
1034,2,0,2,11.662,2567.61
1037,2,0,2,11.6493,2505.12
1039,2,0,2,11.6416,2465.42
1041,2,0,2,11.6316,2415.95
2030,2,0,2,11.6254,2385.02
1011,2,0,2,11.6253,2384.24
1547,2,0,2,11.6103,2311.42
1546,2,0,2,11.6055,2286.47
975,2,0,2,11.6022,2269.19
2026,2,0,2,11.5966,2238.45
2027,2,0,2,11.5916,2213.5
1998,2,0,2,11.5818,2162.97
1997,2,0,2,11.5737,2121.33
1996,2,0,2,11.5687,2096.98
1995,2,0,2,11.5617,2063.47
638,2,0,2,11.5484,1997.45
636,2,0,2,11.5441,1975.55
1304,2,0,3,11.9562,4020.22,0.0428333,186.826,0.12,4
952,2,0,3,11.9318,3887.23
953,2,0,3,11.9211,3832.46
2023,2,0,3,11.9202,3828.36
2108,2,0,3,11.9038,3743.15
1794,2,0,3,11.8967,3707.39
2106,2,0,3,11.8814,3628.02
2039,2,0,3,11.8638,3534.49
1106,2,0,3,11.8542,3482.54
2035,2,0,3,11.8399,3408.49
1108,2,0,3,11.8267,3337.6
1302,2,0,4,12.0492,4458.75,0.106833,465.975,0.24,5
1303,2,0,4,12.0286,4354.24
1305,2,0,4,12.0139,4280.36
1304,2,0,4,11.999,4207.05
895,2,0,5,12.3218,5773.46,0.0435,189.734,0.02,6
896,2,0,5,12.3182,5755.22
892,2,0,5,12.3146,5737.43
906,2,0,5,12.2964,5644.64
1555,2,0,5,12.2709,5501.89
2157,2,0,5,12.2583,5441.25
2019,2,0,5,12.2292,5306.08
929,2,0,5,12.2288,5304.09
938,2,0,5,12.2168,5237.96
950,2,0,5,12.2008,5156.94
951,2,0,5,12.1944,5123.68
949,2,0,5,12.1827,5064.39
1302,2,0,5,12.156,4924.73
64,2,0,6,12.7261,8081.52,0,0,0
195,2,0,6,12.697,7933.15
196,2,0,6,12.6942,7913.55
205,2,0,6,12.6797,7827.1
215,2,0,6,12.6542,7670.72
225,2,0,6,12.6282,7467.51
715,2,0,6,12.5967,7291.84
714,2,0,6,12.5927,7267.69
726,2,0,6,12.5925,7265.83
529,2,0,6,12.5784,7166.18
605,2,0,6,12.5635,7069.51
603,2,0,6,12.5572,7036.43
604,2,0,6,12.5532,7014.57
596,2,0,6,12.5531,7013.6
580,2,0,6,12.5415,6949.08
574,2,0,6,12.5201,6837.96
573,2,0,6,12.5105,6784.16
564,2,0,6,12.503,6743.9
557,2,0,6,12.4982,6712.83
561,2,0,6,12.4917,6666.39
628,2,0,6,12.4875,6641.25
609,2,0,6,12.4757,6565.95
423,2,0,6,12.4698,6509.63
419,2,0,6,12.4631,6472.06
420,2,0,6,12.4571,6436.03
421,2,0,6,12.4525,6408.54
417,2,0,6,12.4475,6381.82
1989,2,0,6,12.4291,6287.61
2011,2,0,6,12.4098,6187.9
891,2,0,6,12.3878,6073.44
893,2,0,6,12.3818,6042.57
894,2,0,6,12.3765,6017.83
895,2,0,6,12.3653,5963.2
220,2,1,0,11.3372,472.978,0.0955,416.542,0.04,1
2130,2,1,0,11.3224,392.48
215,2,1,0,11.3175,358.782
205,2,1,0,11.2936,204.484
196,2,1,0,11.2805,119.897
195,2,1,0,11.2779,100.335
64,2,1,0,11.26,0
455,2,1,1,11.5221,1421.69,0.0408333,178.103,0.03,2
454,2,1,1,11.5193,1406.07
457,2,1,1,11.5125,1352.11
456,2,1,1,11.5074,1322.67
458,2,1,1,11.4979,1261.52
459,2,1,1,11.492,1216.42
450,2,1,1,11.4768,1132.53
229,2,1,1,11.4673,1079.68
222,2,1,1,11.443,945.57
220,2,1,1,11.4327,889.52
603,2,1,2,11.6533,2163.88,0.109,475.425,0.32,3
604,2,1,2,11.6491,2140.74
596,2,1,2,11.6489,2139.76
595,2,1,2,11.6434,2109.36
605,2,1,2,11.6423,2101.36
529,2,1,2,11.6251,2001.34
726,2,1,2,11.6092,1900.14
714,2,1,2,11.609,1898.26
1543,2,1,2,11.6042,1867.73
459,2,1,2,11.5939,1804.33
458,2,1,2,11.5874,1759.07
456,2,1,2,11.5783,1698.29
457,2,1,2,11.5729,1668.07
454,2,1,2,11.5653,1614.11
455,2,1,2,11.5629,1599.79
64,2,1,3,11.9098,3628.15,0,0,0
195,2,1,3,11.8886,3513.47
196,2,1,3,11.8858,3493.87
205,2,1,3,11.8733,3409.96
215,2,1,3,11.8534,3257.87
225,2,1,3,11.8282,3054.3
715,2,1,3,11.8001,2889.27
714,2,1,3,11.7962,2865.27
726,2,1,3,11.796,2863.39
529,2,1,3,11.7822,2763.89
605,2,1,3,11.7674,2667.28
603,2,1,3,11.7623,2639.3
978,2,2,0,14.6646,1541.01,0.0373333,162.837,0.05,1
1010,2,2,0,14.6501,1465.78
1016,2,2,0,14.6304,1374.31
1548,2,2,0,14.6234,1338.05
1012,2,2,0,14.6184,1312.65
2028,2,2,0,14.6103,1267.19
989,2,2,0,14.6069,1251.45
990,2,2,0,14.5969,1201.19
991,2,2,0,14.5943,1188.84
706,2,2,0,14.5873,1149.38
704,2,2,0,14.5846,1136.6
2179,2,2,0,14.5844,1135.74
662,2,2,0,14.5782,1106.09
602,2,2,0,14.567,1038.03
599,2,2,0,14.563,1015.4
605,2,2,0,14.5593,991.921
529,2,2,0,14.5422,892.037
726,2,2,0,14.5276,792.08
714,2,2,0,14.5274,790.213
715,2,2,0,14.5238,766.53
225,2,2,0,14.5063,605.342
215,2,2,0,14.4804,402.069
205,2,2,0,14.4537,243.798
196,2,2,0,14.4395,157.808
195,2,2,0,14.4368,138.229
64,2,2,0,14.41,0
64,2,2,1,14.9643,3241.41,0,0,0
195,2,2,1,14.943,3126.4
196,2,2,1,14.9403,3106.82
205,2,2,1,14.9261,3020.74
215,2,2,1,14.9016,2865.76
225,2,2,1,14.8768,2661.93
715,2,2,1,14.8418,2471.38
714,2,2,1,14.8381,2447.54
726,2,2,1,14.8379,2445.68
529,2,2,1,14.8238,2346.07
605,2,2,1,14.8085,2248.82
603,2,2,1,14.8027,2217.84
2202,2,2,1,14.7994,2197.3
602,2,2,1,14.7956,2172.71
1851,2,2,1,14.7853,2102.67
1852,2,2,1,14.7775,2066.84
706,2,2,1,14.7646,2003.69
703,2,2,1,14.7584,1973.27
1542,2,2,1,14.7487,1926.61
698,2,2,1,14.7413,1892.09
700,2,2,1,14.7345,1859.46
690,2,2,1,14.7195,1788.46
979,2,2,1,14.7113,1750.44
980,2,2,1,14.7055,1722.03
978,2,2,1,14.7019,1703.84
220,3,0,0,12.2502,511.167,0.0923333,402.73,0.08,1
2130,3,0,0,12.2324,417.757
215,3,0,0,12.2269,383.417
205,3,0,0,12.1989,223.068
196,3,0,0,12.185,137.521
195,3,0,0,12.1819,117.624
64,3,0,0,12.16,0
455,3,0,1,12.4372,1465.09,0.0851667,371.471,0.08,2
454,3,0,1,12.4348,1450.75
457,3,0,1,12.4281,1396.73
456,3,0,1,12.4222,1364.17
458,3,0,1,12.4123,1302.41
459,3,0,1,12.4056,1257.06
450,3,0,1,12.3893,1168.32
229,3,0,1,12.3773,1104.61
222,3,0,1,12.3526,968.676
220,3,0,1,12.3426,913.897
603,3,0,2,12.6153,2410.27,0.0631667,275.514,0.35,3
604,3,0,2,12.6113,2388.4
596,3,0,2,12.6112,2387.43
595,3,0,2,12.6052,2354.7
605,3,0,2,12.604,2346.68
529,3,0,2,12.5868,2246.67
726,3,0,2,12.572,2146.59
714,3,0,2,12.5718,2144.73
1543,3,0,2,12.5676,2114.76
459,3,0,2,12.5575,2051.66
458,3,0,2,12.55,2005.32
456,3,0,2,12.5398,1943.25
457,3,0,2,12.5325,1904.9
454,3,0,2,12.5246,1850.78
455,3,0,2,12.5223,1836.56
1108,3,0,3,12.8669,3668.35,0.0588333,256.613,0.13,4
1109,3,0,3,12.8628,3646.81
1113,3,0,3,12.8555,3610.87
1847,3,0,3,12.8425,3545.03
1086,3,0,3,12.8388,3524.8
1087,3,0,3,12.8251,3455
1090,3,0,3,12.8159,3407.75
1076,3,0,3,12.7929,3293.57
1074,3,0,3,12.7889,3273.18
1077,3,0,3,12.7786,3219.12
1080,3,0,3,12.7653,3152.67
1079,3,0,3,12.7576,3113.99
1061,3,0,3,12.7534,3092.7
1063,3,0,3,12.75,3074.89
1062,3,0,3,12.7489,3067.82
2159,3,0,3,12.7487,3066.92
1045,3,0,3,12.748,3063.77
1012,3,0,3,12.7408,3022.78
1014,3,0,3,12.7404,3020.58
989,3,0,3,12.7299,2964.72
990,3,0,3,12.7199,2914.46
704,3,0,3,12.7085,2856.72
2179,3,0,3,12.7083,2855.86
662,3,0,3,12.7021,2826.21
602,3,0,3,12.6912,2758.52
604,3,0,3,12.6888,2741.84
596,3,0,3,12.6886,2740.86
595,3,0,3,12.6826,2708.13
603,3,0,3,12.6785,2685.78
1304,3,0,4,13.0587,4619.6,0.0735,320.585,0.21,5
2163,3,0,4,13.0377,4509.86
2051,3,0,4,13.004,4331.78
2050,3,0,4,12.9929,4272.77
2106,3,0,4,12.9859,4238.03
2039,3,0,4,12.9682,4144.06
1106,3,0,4,12.9583,4091.12
2035,3,0,4,12.9458,4024.29
1108,3,0,4,12.9257,3924.96
1302,3,0,5,13.1793,5179.18,0.035,152.659,0.22,6
1303,3,0,5,13.1589,5075.49
1305,3,0,5,13.1437,4999.47
1304,3,0,5,13.1322,4940.19
895,3,0,6,13.3632,6109.61,0.0823333,359.113,0.02,7
896,3,0,6,13.3595,6091.37
892,3,0,6,13.3558,6072.62
906,3,0,6,13.3432,6003.76
1555,3,0,6,13.315,5849.16
2157,3,0,6,13.304,5795.41
2019,3,0,6,13.2772,5669.15
929,3,0,6,13.2768,5667.17
938,3,0,6,13.2648,5601.32
950,3,0,6,13.2513,5530.76
951,3,0,6,13.2443,5495.04
949,3,0,6,13.2333,5438.56
1302,3,0,6,13.2143,5331.84
978,3,0,7,13.6178,7333.11,0.0648333,282.783,0.06,8
1010,3,0,7,13.6041,7260.99
1011,3,0,7,13.5894,7186.26
1009,3,0,7,13.5831,7153.83
1038,3,0,7,13.5751,7113.94
1039,3,0,7,13.5745,7111.26
1037,3,0,7,13.5616,7050.32
1034,3,0,7,13.5518,7000.1
2032,3,0,7,13.5364,6922.51
2031,3,0,7,13.536,6920.69
1031,3,0,7,13.5262,6873.28
1002,3,0,7,13.512,6802.56
1024,3,0,7,13.4915,6698.44
1029,3,0,7,13.4863,6672.28
1027,3,0,7,13.4742,6612.18
898,3,0,7,13.4641,6560.92
895,3,0,7,13.4456,6468.73
636,3,0,8,13.76,7997.32,0.0665,290.053,0.15,9
633,3,0,8,13.7543,7967.79
639,3,0,8,13.7508,7949.65
1993,3,0,8,13.7392,7891.36
1995,3,0,8,13.7324,7856.99
1996,3,0,8,13.7263,7827.05
1997,3,0,8,13.7224,7807.15
2027,3,0,8,13.6975,7686.38
2026,3,0,8,13.6917,7657.89
978,3,0,8,13.6827,7615.89
710,3,0,9,13.9748,9136.62,0.0466667,203.546,0.45,10
1543,3,0,9,13.9515,9008.4
715,3,0,9,13.9464,8964.56
714,3,0,9,13.9426,8940.65
726,3,0,9,13.9424,8938.79
529,3,0,9,13.9286,8839.27
605,3,0,9,13.9139,8742.78
603,3,0,9,13.9053,8700.13
604,3,0,9,13.9003,8673.74
596,3,0,9,13.9002,8672.77
580,3,0,9,13.8886,8608.45
583,3,0,9,13.8824,8578.63
587,3,0,9,13.8802,8564.25
578,3,0,9,13.8773,8548.15
575,3,0,9,13.8715,8515.71
571,3,0,9,13.8689,8500.59
570,3,0,9,13.8651,8481.54
1994,3,0,9,13.8488,8402.57
562,3,0,9,13.8393,8353.52
639,3,0,9,13.8358,8336.08
638,3,0,9,13.8305,8308.29
636,3,0,9,13.8265,8287.37
64,3,0,10,14.1302,10039,0,0,0
195,3,0,10,14.1086,9922.75
196,3,0,10,14.1059,9903.17
205,3,0,10,14.0916,9817.09
215,3,0,10,14.0672,9662.11
225,3,0,10,14.0423,9458.28
1680,3,0,10,14.0396,9439.44
710,3,0,10,14.0215,9340.17
220,4,0,0,11.7472,472.978,0.0955,416.542,0.04,1
2130,4,0,0,11.7324,392.48
215,4,0,0,11.7275,358.782
205,4,0,0,11.7036,204.484
196,4,0,0,11.6905,119.897
195,4,0,0,11.6879,100.335
64,4,0,0,11.67,0
455,4,0,1,11.9321,1421.69,0.0408333,178.103,0.03,2
454,4,0,1,11.9293,1406.07
457,4,0,1,11.9225,1352.11
456,4,0,1,11.9174,1322.67
458,4,0,1,11.9079,1261.52
459,4,0,1,11.902,1216.42
450,4,0,1,11.8868,1132.53
229,4,0,1,11.8773,1079.68
222,4,0,1,11.853,945.57
220,4,0,1,11.8427,889.52
603,4,0,2,12.0633,2163.88,0.0631667,275.514,0.35,3
604,4,0,2,12.0591,2140.74
596,4,0,2,12.0589,2139.76
595,4,0,2,12.0534,2109.36
605,4,0,2,12.0523,2101.36
529,4,0,2,12.0351,2001.34
726,4,0,2,12.0192,1900.14
714,4,0,2,12.019,1898.26
1543,4,0,2,12.0142,1867.73
459,4,0,2,12.0039,1804.33
458,4,0,2,11.9974,1759.07
456,4,0,2,11.9883,1698.29
457,4,0,2,11.9829,1668.07
454,4,0,2,11.9753,1614.11
455,4,0,2,11.9729,1599.79
1108,4,0,3,12.3149,3421.96,0.0588333,256.613,0.13,4
1109,4,0,3,12.3108,3400.42
1113,4,0,3,12.3036,3364.48
1847,4,0,3,12.2905,3298.64
1086,4,0,3,12.2869,3278.41
1087,4,0,3,12.2731,3208.61
1090,4,0,3,12.2639,3161.36
1076,4,0,3,12.2409,3047.18
1074,4,0,3,12.2369,3026.79
1077,4,0,3,12.2266,2972.73
1080,4,0,3,12.2133,2906.28
1079,4,0,3,12.2057,2867.6
1061,4,0,3,12.2014,2846.31
1063,4,0,3,12.198,2828.5
1062,4,0,3,12.1969,2821.43
2159,4,0,3,12.1967,2820.53
1045,4,0,3,12.1961,2817.38
1012,4,0,3,12.1888,2776.4
1014,4,0,3,12.1884,2774.19
989,4,0,3,12.1779,2718.33
990,4,0,3,12.1679,2668.07
704,4,0,3,12.1566,2610.33
2179,4,0,3,12.1564,2609.47
662,4,0,3,12.1502,2579.82
602,4,0,3,12.1392,2512.13
604,4,0,3,12.1368,2495.45
596,4,0,3,12.1367,2494.48
595,4,0,3,12.1306,2461.74
603,4,0,3,12.1265,2439.39
1304,4,0,4,12.5067,4373.21,0.0815,355.478,0.17,5
2163,4,0,4,12.4857,4263.48
2051,4,0,4,12.4521,4085.39
2050,4,0,4,12.4409,4026.38
2106,4,0,4,12.434,3991.64
2039,4,0,4,12.4162,3897.67
1106,4,0,4,12.4063,3844.73
2035,4,0,4,12.3938,3777.9
1108,4,0,4,12.3738,3678.57
1302,4,0,5,12.6341,4962.7,0.106833,465.975,0.24,6
1303,4,0,5,12.6138,4859.16
1305,4,0,5,12.6003,4790.25
1304,4,0,5,12.5882,4728.69
895,4,0,6,12.9068,6277.41,0.0435,189.734,0.02,7
896,4,0,6,12.9031,6259.17
892,4,0,6,12.8996,6241.38
906,4,0,6,12.8813,6148.58
1555,4,0,6,12.8558,6005.83
2157,4,0,6,12.8432,5945.2
2019,4,0,6,12.8141,5810.02
929,4,0,6,12.8137,5808.04
938,4,0,6,12.8017,5741.91
950,4,0,6,12.7857,5660.88
951,4,0,6,12.7793,5627.63
949,4,0,6,12.7676,5568.34
1302,4,0,6,12.7409,5428.67
978,4,0,7,13.1182,7316.09,0.0648333,282.783,0.06,8
1010,4,0,7,13.1026,7235.94
1011,4,0,7,13.0891,7166.54
1009,4,0,7,13.0839,7138.92
1041,4,0,7,13.0838,7138.22
1039,4,0,7,13.076,7097.75
1037,4,0,7,13.0664,7050.26
1034,4,0,7,13.0578,7004.58
2032,4,0,7,13.0423,6926.98
1050,4,0,7,13.0111,6772.89
1049,4,0,7,13.011,6772.8
1025,4,0,7,13.0022,6729.13
1029,4,0,7,12.989,6662.3
1027,4,0,7,12.9772,6603.35
898,4,0,7,12.9689,6559.82
895,4,0,7,12.9503,6467.14
636,4,0,8,13.2604,7980.31,0.0665,290.053,0.15,9
633,4,0,8,13.2547,7950.77
639,4,0,8,13.2512,7932.63
1993,4,0,8,13.2396,7874.35
1995,4,0,8,13.2327,7839.98
1996,4,0,8,13.2266,7810.04
1997,4,0,8,13.2227,7790.14
2027,4,0,8,13.1978,7669.36
2026,4,0,8,13.192,7640.88
978,4,0,8,13.183,7598.88
710,4,0,9,13.4752,9119.61,0.0466667,203.546,0.45,10
1543,4,0,9,13.4519,8991.38
715,4,0,9,13.4468,8947.55
714,4,0,9,13.443,8923.63
726,4,0,9,13.4428,8921.78
529,4,0,9,13.4289,8822.26
605,4,0,9,13.4143,8725.76
603,4,0,9,13.4057,8683.12
604,4,0,9,13.4007,8656.73
596,4,0,9,13.4005,8655.76
580,4,0,9,13.389,8591.43
583,4,0,9,13.3828,8561.62
587,4,0,9,13.3806,8547.23
578,4,0,9,13.3777,8531.13
575,4,0,9,13.3719,8498.7
571,4,0,9,13.3692,8483.58
570,4,0,9,13.3654,8464.53
1994,4,0,9,13.3492,8385.55
562,4,0,9,13.3396,8336.51
639,4,0,9,13.3362,8319.07
638,4,0,9,13.3309,8291.28
636,4,0,9,13.3269,8270.36
64,4,0,10,13.6465,10070.2,0,0,0
195,4,0,10,13.6222,9942.54
196,4,0,10,13.6195,9922.94
205,4,0,10,13.6046,9835.83
215,4,0,10,13.573,9661.52
225,4,0,10,13.5471,9458.28
1680,4,0,10,13.5437,9438.69
710,4,0,10,13.5218,9323.15
220,5,0,0,11.6572,472.978,0.0955,416.542,0.04,1
2130,5,0,0,11.6424,392.48
215,5,0,0,11.6375,358.782
205,5,0,0,11.6136,204.484
196,5,0,0,11.6005,119.897
195,5,0,0,11.5979,100.335
64,5,0,0,11.58,0
710,5,0,1,11.8104,1198.14,0.0443333,193.369,0.36,2
223,5,0,1,11.7929,1104.91
224,5,0,1,11.7788,1031.05
222,5,0,1,11.763,945.57
220,5,0,1,11.7527,889.52
455,5,0,2,11.9138,1774.06,0.0408333,178.103,0.03,3
454,5,0,2,11.911,1758.44
457,5,0,2,11.9043,1704.48
456,5,0,2,11.8991,1675.03
458,5,0,2,11.8896,1613.89
459,5,0,2,11.8837,1568.78
1543,5,0,2,11.8744,1506.55
710,5,0,2,11.8547,1391.51
603,5,0,3,12.045,2516.24,0.0631667,275.514,0.35,4
604,5,0,3,12.0408,2493.1
596,5,0,3,12.0406,2492.13
595,5,0,3,12.0352,2461.72
605,5,0,3,12.034,2453.73
529,5,0,3,12.0168,2353.71
726,5,0,3,12.0009,2252.51
714,5,0,3,12.0007,2250.62
1543,5,0,3,11.9959,2220.1
459,5,0,3,11.9856,2156.7
458,5,0,3,11.9791,2111.44
456,5,0,3,11.97,2050.65
457,5,0,3,11.9646,2020.43
454,5,0,3,11.957,1966.47
455,5,0,3,11.9546,1952.16
1108,5,0,4,12.2966,3774.32,0.0588333,256.613,0.13,5
1109,5,0,4,12.2926,3752.79
1113,5,0,4,12.2853,3716.85
1847,5,0,4,12.2723,3651
1086,5,0,4,12.2686,3630.77
1087,5,0,4,12.2549,3560.98
1090,5,0,4,12.2457,3513.73
1076,5,0,4,12.2226,3399.54
1074,5,0,4,12.2186,3379.15
1077,5,0,4,12.2083,3325.1
1080,5,0,4,12.195,3258.65
1079,5,0,4,12.1874,3219.96
1061,5,0,4,12.1831,3198.68
1063,5,0,4,12.1797,3180.87
1062,5,0,4,12.1786,3173.8
2159,5,0,4,12.1785,3172.9
1045,5,0,4,12.1778,3169.75
1012,5,0,4,12.1705,3128.76
1014,5,0,4,12.1701,3126.56
989,5,0,4,12.1596,3070.7
990,5,0,4,12.1496,3020.44
704,5,0,4,12.1383,2962.7
2179,5,0,4,12.1381,2961.83
662,5,0,4,12.1319,2932.19
602,5,0,4,12.1209,2864.49
604,5,0,4,12.1185,2847.81
596,5,0,4,12.1184,2846.84
595,5,0,4,12.1124,2814.1
603,5,0,4,12.1082,2791.76
1304,5,0,5,12.4884,4725.58,0.0815,355.478,0.17,6
2163,5,0,5,12.4674,4615.84
2051,5,0,5,12.4338,4437.75
2050,5,0,5,12.4226,4378.74
2106,5,0,5,12.4157,4344.01
2039,5,0,5,12.398,4250.04
1106,5,0,5,12.3881,4197.09
2035,5,0,5,12.3755,4130.27
1108,5,0,5,12.3555,4030.94
1302,5,0,6,12.6158,5315.06,0.106833,465.975,0.24,7
1303,5,0,6,12.5955,5211.53
1305,5,0,6,12.582,5142.62
1304,5,0,6,12.5699,5081.06
895,5,0,7,12.8885,6629.77,0.0435,189.734,0.02,8
896,5,0,7,12.8848,6611.53
892,5,0,7,12.8813,6593.75
906,5,0,7,12.863,6500.95
1555,5,0,7,12.8375,6358.2
2157,5,0,7,12.8249,6297.56
2019,5,0,7,12.7958,6162.39
929,5,0,7,12.7954,6160.4
938,5,0,7,12.7834,6094.27
950,5,0,7,12.7674,6013.25
951,5,0,7,12.761,5979.99
949,5,0,7,12.7493,5920.71
1302,5,0,7,12.7227,5781.04
978,5,0,8,13.0999,7668.46,0.0648333,282.783,0.06,9
1010,5,0,8,13.0843,7588.31
1011,5,0,8,13.0708,7518.91
1009,5,0,8,13.0657,7491.28
1041,5,0,8,13.0655,7490.59
1039,5,0,8,13.0577,7450.11
1037,5,0,8,13.0482,7402.63
1034,5,0,8,13.0395,7356.94
2032,5,0,8,13.024,7279.35
1050,5,0,8,12.9928,7125.25
1049,5,0,8,12.9928,7125.16
1025,5,0,8,12.9839,7081.5
1029,5,0,8,12.9707,7014.67
1027,5,0,8,12.9589,6955.71
898,5,0,8,12.9506,6912.18
895,5,0,8,12.932,6819.51
636,5,0,9,13.2421,8332.67,0.0665,290.053,0.15,10
633,5,0,9,13.2364,8303.14
639,5,0,9,13.2329,8285
1993,5,0,9,13.2213,8226.71
1995,5,0,9,13.2145,8192.35
1996,5,0,9,13.2084,8162.4
1997,5,0,9,13.2045,8142.5
2027,5,0,9,13.1796,8021.73
2026,5,0,9,13.1738,7993.25
978,5,0,9,13.1648,7951.24
64,5,0,10,13.556,10076.7,0,0,0
195,5,0,10,13.5317,9949.05
196,5,0,10,13.5289,9929.46
205,5,0,10,13.514,9842.34
215,5,0,10,13.4825,9668.03
225,5,0,10,13.4565,9464.79
715,5,0,10,13.4285,9299.91
714,5,0,10,13.4247,9276
726,5,0,10,13.4245,9274.15
529,5,0,10,13.4106,9174.62
605,5,0,10,13.396,9078.13
603,5,0,10,13.3874,9035.49
604,5,0,10,13.3824,9009.09
596,5,0,10,13.3822,9008.12
580,5,0,10,13.3707,8943.8
583,5,0,10,13.3645,8913.98
587,5,0,10,13.3623,8899.6
578,5,0,10,13.3594,8883.5
575,5,0,10,13.3536,8851.06
571,5,0,10,13.351,8835.95
570,5,0,10,13.3471,8816.9
1994,5,0,10,13.3309,8737.92
562,5,0,10,13.3213,8688.87
639,5,0,10,13.3179,8671.43
638,5,0,10,13.3126,8643.64
636,5,0,10,13.3086,8622.72
220,6,0,0,11.0872,472.978,0.0955,416.542,0.04,1
2130,6,0,0,11.0724,392.48
215,6,0,0,11.0675,358.782
205,6,0,0,11.0436,204.484
196,6,0,0,11.0305,119.897
195,6,0,0,11.0279,100.335
64,6,0,0,11.01,0
710,6,0,1,11.2404,1198.14,0.0443333,193.369,0.36,2
223,6,0,1,11.2229,1104.91
224,6,0,1,11.2088,1031.05
222,6,0,1,11.193,945.57
220,6,0,1,11.1827,889.52
455,6,0,2,11.3438,1774.06,0.0408333,178.103,0.03,3
454,6,0,2,11.341,1758.44
457,6,0,2,11.3343,1704.48
456,6,0,2,11.3291,1675.03
458,6,0,2,11.3196,1613.89
459,6,0,2,11.3137,1568.78
1543,6,0,2,11.3044,1506.55
710,6,0,2,11.2847,1391.51
603,6,0,3,11.475,2516.24,0.109,475.425,0.32,4
604,6,0,3,11.4708,2493.1
596,6,0,3,11.4706,2492.13
595,6,0,3,11.4652,2461.72
605,6,0,3,11.464,2453.73
529,6,0,3,11.4468,2353.71
726,6,0,3,11.4309,2252.51
714,6,0,3,11.4307,2250.62
1543,6,0,3,11.4259,2220.1
459,6,0,3,11.4156,2156.7
458,6,0,3,11.4091,2111.44
456,6,0,3,11.4,2050.65
457,6,0,3,11.3946,2020.43
454,6,0,3,11.387,1966.47
455,6,0,3,11.3846,1952.16
1108,6,0,4,11.7762,3990.79,0.0935,407.819,0.09,5
1109,6,0,4,11.7718,3968.11
1113,6,0,4,11.765,3933.96
1847,6,0,4,11.7515,3866.44
1086,6,0,4,11.7479,3846.41
1087,6,0,4,11.7334,3773.22
1090,6,0,4,11.7247,3728.06
1076,6,0,4,11.6985,3601.08
1074,6,0,4,11.6944,3579.96
1077,6,0,4,11.6848,3529.14
1080,6,0,4,11.6713,3461.94
1079,6,0,4,11.6647,3427.48
1061,6,0,4,11.6605,3406.2
1063,6,0,4,11.6569,3388.03
1062,6,0,4,11.6559,3380.95
2159,6,0,4,11.6556,3379.84
1045,6,0,4,11.6549,3376.69
1012,6,0,4,11.6477,3335.7
1014,6,0,4,11.6472,3332.84
989,6,0,4,11.6361,3274.53
990,6,0,4,11.6261,3224.27
991,6,0,4,11.6235,3211.92
706,6,0,4,11.6165,3172.46
704,6,0,4,11.6138,3159.68
2179,6,0,4,11.6136,3158.82
662,6,0,4,11.6074,3129.17
602,6,0,4,11.5961,3060.9
604,6,0,4,11.5935,3044.1
596,6,0,4,11.5934,3043.13
595,6,0,4,11.5879,3012.72
603,6,0,4,11.584,2991.67
1304,6,0,5,11.9992,5081.23,0.0428333,186.826,0.12,6
952,6,0,5,11.9748,4948.24
953,6,0,5,11.9641,4893.46
2023,6,0,5,11.9632,4889.36
2108,6,0,5,11.9468,4804.15
1794,6,0,5,11.9397,4768.39
2106,6,0,5,11.9245,4689.02
2039,6,0,5,11.9068,4595.49
1106,6,0,5,11.8972,4543.54
2035,6,0,5,11.883,4469.49
1108,6,0,5,11.8697,4398.6
1302,6,0,6,12.088,5502.06,0.106833,465.975,0.24,7
1303,6,0,6,12.0676,5398.52
1305,6,0,6,12.0541,5329.61
1304,6,0,6,12.042,5268.05
895,6,0,7,12.3606,6816.77,0.0435,189.734,0.02,8
896,6,0,7,12.3569,6798.53
892,6,0,7,12.3534,6780.74
906,6,0,7,12.3351,6687.94
1555,6,0,7,12.3097,6545.19
2157,6,0,7,12.2971,6484.56
2019,6,0,7,12.268,6349.38
929,6,0,7,12.2676,6347.4
938,6,0,7,12.2555,6281.27
950,6,0,7,12.2396,6200.24
951,6,0,7,12.2331,6166.99
949,6,0,7,12.2215,6107.7
1302,6,0,7,12.1948,5968.03
978,6,0,8,12.5721,7855.45,0.107833,470.336,0.07,9
1010,6,0,8,12.5564,7775.3
1011,6,0,8,12.543,7705.9
1009,6,0,8,12.5378,7678.27
1041,6,0,8,12.5376,7677.58
1039,6,0,8,12.5299,7637.11
1037,6,0,8,12.5203,7589.62
1034,6,0,8,12.5116,7543.93
2032,6,0,8,12.4962,7466.34
1050,6,0,8,12.4649,7312.25
1049,6,0,8,12.4649,7312.15
1025,6,0,8,12.4561,7268.49
1029,6,0,8,12.4428,7201.66
1027,6,0,8,12.431,7142.71
898,6,0,8,12.4227,7099.17
895,6,0,8,12.4041,7006.5
636,6,0,9,12.7654,8740.28,0.091,396.915,0.15,10
633,6,0,9,12.7588,8706.67
639,6,0,9,12.7554,8689.13
1993,6,0,9,12.7457,8638.52
1995,6,0,9,12.7361,8593.22
1996,6,0,9,12.7246,8541.49
1997,6,0,9,12.7207,8521.58
2027,6,0,9,12.6925,8387.24
2026,6,0,9,12.6867,8358.94
978,6,0,9,12.6799,8325.79
64,6,0,10,13.1035,10581.5,0,0,0
195,6,0,10,13.0767,10443.3
196,6,0,10,13.0736,10423.4
205,6,0,10,13.0583,10335.6
215,6,0,10,13.0327,10179.1
225,6,0,10,13.0057,9975.99
715,6,0,10,12.9756,9806.43
714,6,0,10,12.9716,9782.27
726,6,0,10,12.9714,9780.42
529,6,0,10,12.9573,9680.77
605,6,0,10,12.9424,9584.1
603,6,0,10,12.9361,9551.02
604,6,0,10,12.9322,9529.16
596,6,0,10,12.932,9528.19
580,6,0,10,12.9205,9463.67
583,6,0,10,12.9143,9433.85
587,6,0,10,12.9122,9419.58
578,6,0,10,12.9093,9403.52
579,6,0,10,12.902,9364.72
570,6,0,10,12.895,9331.56
1994,6,0,10,12.8821,9266.48
562,6,0,10,12.8691,9203.11
639,6,0,10,12.8656,9185.67
638,6,0,10,12.8603,9157.42
636,6,0,10,12.8564,9137.2
220,7,0,0,11.0872,472.978,0.0955,416.542,0.04,1
2130,7,0,0,11.0724,392.48
215,7,0,0,11.0675,358.782
205,7,0,0,11.0436,204.484
196,7,0,0,11.0305,119.897
195,7,0,0,11.0279,100.335
64,7,0,0,11.01,0
455,7,0,1,11.2721,1421.69,0.0408333,178.103,0.03,2
454,7,0,1,11.2693,1406.07
457,7,0,1,11.2625,1352.11
456,7,0,1,11.2574,1322.67
458,7,0,1,11.2479,1261.52
459,7,0,1,11.242,1216.42
450,7,0,1,11.2268,1132.53
229,7,0,1,11.2173,1079.68
222,7,0,1,11.193,945.57
220,7,0,1,11.1827,889.52
710,7,0,2,11.3756,1988,0.0443333,193.369,0.36,3
1543,7,0,2,11.3542,1867.73
459,7,0,2,11.3439,1804.33
458,7,0,2,11.3374,1759.07
456,7,0,2,11.3283,1698.29
457,7,0,2,11.3229,1668.07
454,7,0,2,11.3153,1614.11
455,7,0,2,11.3129,1599.79
64,7,0,3,11.5205,2864.25,0,0,0
195,7,0,3,11.4993,2749.57
196,7,0,3,11.4965,2729.96
205,7,0,3,11.484,2646.06
215,7,0,3,11.4641,2493.96
225,7,0,3,11.4389,2290.4
1680,7,0,3,11.4359,2271.38
710,7,0,3,11.42,2181.37
603,7,1,0,11.3784,1012.31,0.109,475.425,0.32,1
604,7,1,0,11.3741,989.164
596,7,1,0,11.374,988.193
595,7,1,0,11.3685,957.784
605,7,1,0,11.3674,949.793
529,7,1,0,11.3502,849.768
726,7,1,0,11.3343,748.573
714,7,1,0,11.3341,746.688
715,7,1,0,11.3307,723.201
225,7,1,0,11.3132,562.11
215,7,1,0,11.2875,358.782
205,7,1,0,11.2636,204.484
196,7,1,0,11.2505,119.897
195,7,1,0,11.2479,100.335
64,7,1,0,11.23,0
1108,7,1,1,11.6795,2486.85,0.0935,407.819,0.09,2
1109,7,1,1,11.6752,2464.18
1113,7,1,1,11.6683,2430.03
1847,7,1,1,11.6549,2362.5
1086,7,1,1,11.6513,2342.47
1087,7,1,1,11.6367,2269.28
1090,7,1,1,11.628,2224.12
1076,7,1,1,11.6019,2097.14
1074,7,1,1,11.5978,2076.03
1077,7,1,1,11.5882,2025.21
1080,7,1,1,11.5747,1958
1079,7,1,1,11.5681,1923.55
1061,7,1,1,11.5638,1902.26
1063,7,1,1,11.5603,1884.1
1062,7,1,1,11.5592,1877.02
2159,7,1,1,11.559,1875.9
1045,7,1,1,11.5583,1872.75
1012,7,1,1,11.5511,1831.77
1014,7,1,1,11.5505,1828.9
989,7,1,1,11.5395,1770.6
990,7,1,1,11.5294,1720.33
991,7,1,1,11.5268,1707.98
706,7,1,1,11.5198,1668.52
704,7,1,1,11.5172,1655.75
2179,7,1,1,11.517,1654.88
662,7,1,1,11.5108,1625.24
602,7,1,1,11.4994,1556.96
604,7,1,1,11.4969,1540.16
596,7,1,1,11.4967,1539.19
595,7,1,1,11.4913,1508.78
603,7,1,1,11.4874,1487.73
1304,7,1,2,11.9026,3577.29,0.0428333,186.826,0.12,3
952,7,1,2,11.8782,3444.3
953,7,1,2,11.8674,3389.53
2023,7,1,2,11.8666,3385.43
2108,7,1,2,11.8501,3300.22
1794,7,1,2,11.8431,3264.46
2106,7,1,2,11.8278,3185.09
2039,7,1,2,11.8102,3091.56
1106,7,1,2,11.8006,3039.61
2035,7,1,2,11.7863,2965.56
1108,7,1,2,11.773,2894.67
895,7,1,3,12.1042,4576.55,0.0435,189.734,0.02,4
907,7,1,3,12.0886,4499.65
908,7,1,3,12.0793,4453.6
2014,7,1,3,12.0787,4450.92
2017,7,1,3,12.0776,4445.23
2170,7,1,3,12.0746,4430.37
1738,7,1,3,12.0601,4355.29
1737,7,1,3,12.0547,4327.23
936,7,1,3,12.0396,4248.61
933,7,1,3,12.039,4245.67
934,7,1,3,12.0335,4208.03
943,7,1,3,12.0169,4127.49
2020,7,1,3,12.0161,4123.55
1787,7,1,3,11.9987,4035.69
1788,7,1,3,11.998,4031.98
1789,7,1,3,11.9879,3980.67
952,7,1,3,11.9799,3940.16
1304,7,1,3,11.9454,3764.11
64,7,1,4,12.5085,6884.61,0,0,0
195,7,1,4,12.4793,6736.23
196,7,1,4,12.4766,6716.63
205,7,1,4,12.4621,6630.18
215,7,1,4,12.4366,6473.8
225,7,1,4,12.4105,6270.59
715,7,1,4,12.379,6094.92
714,7,1,4,12.375,6070.77
726,7,1,4,12.3748,6068.92
529,7,1,4,12.3607,5969.26
605,7,1,4,12.3458,5872.6
603,7,1,4,12.3396,5839.52
604,7,1,4,12.3356,5817.66
596,7,1,4,12.3355,5816.69
580,7,1,4,12.3239,5752.16
574,7,1,4,12.3025,5641.04
573,7,1,4,12.2929,5587.24
564,7,1,4,12.2854,5546.98
557,7,1,4,12.2805,5515.92
561,7,1,4,12.274,5469.48
628,7,1,4,12.2699,5444.34
609,7,1,4,12.2581,5369.04
423,7,1,4,12.2522,5312.72
419,7,1,4,12.2455,5275.15
420,7,1,4,12.2394,5239.11
421,7,1,4,12.2349,5211.62
417,7,1,4,12.2299,5184.91
1989,7,1,4,12.2114,5090.69
2011,7,1,4,12.1921,4990.99
891,7,1,4,12.1702,4876.53
893,7,1,4,12.1641,4845.66
894,7,1,4,12.1589,4820.91
895,7,1,4,12.1477,4766.28
1302,7,2,0,13.8442,2766.91,0.035,152.659,0.22,1
949,7,2,0,13.8212,2642.85
2025,7,2,0,13.8177,2625.39
1598,7,2,0,13.8144,2606.63
948,7,2,0,13.8095,2579.61
928,7,2,0,13.7991,2522.31
929,7,2,0,13.7789,2416.19
2019,7,2,0,13.7785,2414.21
2157,7,2,0,13.7524,2290.85
905,7,2,0,13.7155,2102.44
889,7,2,0,13.7062,2054.31
890,7,2,0,13.6996,2018.4
2013,7,2,0,13.6801,1915.19
1988,7,2,0,13.6625,1821.32
417,7,2,0,13.642,1716.71
418,7,2,0,13.638,1695.77
419,7,2,0,13.6225,1609.96
423,7,2,0,13.6163,1573.67
609,7,2,0,13.6104,1517.35
628,7,2,0,13.6006,1443.34
561,7,2,0,13.5967,1418.58
557,7,2,0,13.5893,1371.34
554,7,2,0,13.5871,1360.2
565,7,2,0,13.577,1306.55
573,7,2,0,13.5717,1279.96
574,7,2,0,13.5644,1230.49
580,7,2,0,13.5416,1113.57
596,7,2,0,13.5355,1053.72
595,7,2,0,13.5305,1025.37
605,7,2,0,13.5293,1017.31
529,7,2,0,13.5127,918.413
726,7,2,0,13.4966,816.876
714,7,2,0,13.4964,814.998
715,7,2,0,13.4929,791.373
225,7,2,0,13.4751,630.742
215,7,2,0,13.4479,427.668
205,7,2,0,13.4169,255.297
196,7,2,0,13.4018,168.03
195,7,2,0,13.3992,148.465
64,7,2,0,13.37,0
978,7,2,1,14.1631,4355.78,0.0373333,162.837,0.05,2
1010,7,2,1,14.1482,4278.67
1011,7,2,1,14.1341,4206.68
1009,7,2,1,14.1274,4172.76
1038,7,2,1,14.1194,4132.87
1039,7,2,1,14.1188,4130.2
1037,7,2,1,14.106,4069.25
1034,7,2,1,14.0962,4019.03
2032,7,2,1,14.0808,3941.44
1050,7,2,1,14.0518,3796.99
1804,7,2,1,14.0387,3730.98
2015,7,2,1,14.0275,3674.76
2014,7,2,1,14.0193,3633.76
2017,7,2,1,14.0182,3628.07
2170,7,2,1,14.0153,3613.42
917,7,2,1,14.0091,3582.43
2016,7,2,1,14.0083,3578.62
915,7,2,1,13.9873,3473.67
1555,7,2,1,13.9799,3436.9
2157,7,2,1,13.969,3383.15
2019,7,2,1,13.9421,3256.89
929,7,2,1,13.9417,3254.9
938,7,2,1,13.9298,3189.05
950,7,2,1,13.9163,3118.49
951,7,2,1,13.9093,3082.77
949,7,2,1,13.8983,3026.3
1302,7,2,1,13.8792,2919.57
636,7,2,2,14.2801,4909.04,0.0391667,170.833,0.15,3
631,7,2,2,14.2734,4876.25
630,7,2,2,14.2676,4847.73
637,7,2,2,14.2571,4795.65
1996,7,2,2,14.2446,4732.36
1997,7,2,2,14.2407,4712.46
2027,7,2,2,14.2135,4582.24
2026,7,2,2,14.2077,4553.76
978,7,2,2,14.2004,4518.61
64,7,2,3,14.5655,6540.42,0,0,0
195,7,2,3,14.5439,6424.16
196,7,2,3,14.5412,6404.58
205,7,2,3,14.5269,6318.5
215,7,2,3,14.5025,6163.52
225,7,2,3,14.4776,5959.69
715,7,2,3,14.4427,5769.15
714,7,2,3,14.439,5745.31
726,7,2,3,14.4388,5743.45
529,7,2,3,14.4247,5643.84
605,7,2,3,14.4094,5546.58
603,7,2,3,14.4036,5515.6
604,7,2,3,14.3988,5490.19
596,7,2,3,14.3986,5489.22
580,7,2,3,14.3843,5413.01
583,7,2,3,14.3781,5383.2
587,7,2,3,14.3759,5368.77
578,7,2,3,14.3728,5351.95
575,7,2,3,14.3673,5320.85
571,7,2,3,14.3644,5304.73
570,7,2,3,14.3596,5281.45
1994,7,2,3,14.3468,5217.1
562,7,2,3,14.3335,5152.04
639,7,2,3,14.33,5134.6
638,7,2,3,14.3233,5100.57
636,7,2,3,14.3193,5079.87
1108,8,0,0,11.5081,1895.18,0.0935,407.819,0.09,1
1109,8,0,0,11.5029,1868.98
1113,8,0,0,11.4968,1837.93
1847,8,0,0,11.4845,1775.21
1086,8,0,0,11.4807,1754.77
1087,8,0,0,11.4664,1682.13
1090,8,0,0,11.4587,1641.25
1076,8,0,0,11.438,1537.22
1074,8,0,0,11.4339,1516.1
1077,8,0,0,11.4243,1465.28
1080,8,0,0,11.4109,1398.08
1079,8,0,0,11.4042,1363.62
1061,8,0,0,11.4,1342.34
1063,8,0,0,11.3965,1324.17
1062,8,0,0,11.3954,1317.09
2159,8,0,0,11.3952,1315.98
1045,8,0,0,11.3945,1312.83
1012,8,0,0,11.3873,1271.84
1014,8,0,0,11.3867,1268.98
989,8,0,0,11.3756,1210.67
990,8,0,0,11.3656,1160.41
991,8,0,0,11.363,1148.06
706,8,0,0,11.356,1108.6
704,8,0,0,11.3533,1095.82
2179,8,0,0,11.3532,1094.96
662,8,0,0,11.3469,1065.31
602,8,0,0,11.3356,997.04
599,8,0,0,11.3314,973.782
605,8,0,0,11.3274,949.793
529,8,0,0,11.3102,849.768
726,8,0,0,11.2943,748.573
714,8,0,0,11.2941,746.688
715,8,0,0,11.2907,723.201
225,8,0,0,11.2732,562.11
215,8,0,0,11.2475,358.782
205,8,0,0,11.2236,204.484
196,8,0,0,11.2105,119.897
195,8,0,0,11.2079,100.335
64,8,0,0,11.19,0
895,8,0,1,11.6926,2778.38,0.103333,450.709,0.01,2
907,8,0,1,11.677,2701.48
908,8,0,1,11.6677,2655.43
2014,8,0,1,11.6672,2652.75
2017,8,0,1,11.666,2647.06
1786,8,0,1,11.6611,2622.62
918,8,0,1,11.6574,2603.51
920,8,0,1,11.6444,2532.86
1085,8,0,1,11.6288,2446.11
2035,8,0,1,11.6148,2373.89
1108,8,0,1,11.6016,2303
1304,8,0,2,11.9594,4074.23,0.0428333,186.826,0.12,3
952,8,0,2,11.935,3941.24
953,8,0,2,11.9242,3886.47
2023,8,0,2,11.9234,3882.37
1787,8,0,2,11.9155,3841.81
2020,8,0,2,11.8999,3761.3
935,8,0,2,11.8897,3707.99
934,8,0,2,11.8891,3705.38
933,8,0,2,11.8804,3658.29
936,8,0,2,11.8798,3655.35
1737,8,0,2,11.8663,3583.45
917,8,0,2,11.8502,3503.13
916,8,0,2,11.85,3502.22
906,8,0,2,11.8243,3369.81
892,8,0,2,11.8041,3269.15
896,8,0,2,11.8009,3252.57
895,8,0,2,11.796,3229.09
1302,8,0,3,12.0481,4495.06,0.106833,465.975,0.24,4
1303,8,0,3,12.0278,4391.52
1305,8,0,3,12.0143,4322.61
1304,8,0,3,12.0022,4261.06
636,8,0,4,12.4139,6388.16,0.091,396.915,0.15,5
633,8,0,4,12.4069,6352.96
563,8,0,4,12.4015,6327.96
564,8,0,4,12.3961,6298.75
557,8,0,4,12.3913,6267.69
561,8,0,4,12.3848,6221.25
628,8,0,4,12.3806,6196.1
609,8,0,4,12.3688,6120.81
423,8,0,4,12.3629,6064.49
419,8,0,4,12.3562,6026.91
420,8,0,4,12.3502,5990.88
421,8,0,4,12.3456,5963.39
417,8,0,4,12.3406,5936.68
1989,8,0,4,12.3222,5842.46
2011,8,0,4,12.3029,5742.75
2156,8,0,4,12.2975,5714.71
2013,8,0,4,12.2968,5711.55
886,8,0,4,12.2886,5668.95
888,8,0,4,12.2702,5568.88
903,8,0,4,12.2604,5515.91
904,8,0,4,12.2572,5498.19
925,8,0,4,12.2336,5369.71
2019,8,0,4,12.2281,5342.39
929,8,0,4,12.2277,5340.4
938,8,0,4,12.2157,5274.27
950,8,0,4,12.1997,5193.25
951,8,0,4,12.1933,5159.99
949,8,0,4,12.1816,5100.7
1302,8,0,4,12.155,4961.04
64,8,0,5,12.7519,8229.4,0,0,0
195,8,0,5,12.7252,8091.19
196,8,0,5,12.722,8071.25
205,8,0,5,12.7067,7983.5
215,8,0,5,12.6811,7826.94
225,8,0,5,12.6542,7623.87
715,8,0,5,12.6241,7454.3
714,8,0,5,12.6201,7430.15
726,8,0,5,12.6199,7428.29
529,8,0,5,12.6058,7328.64
605,8,0,5,12.5909,7231.98
603,8,0,5,12.5846,7198.9
604,8,0,5,12.5806,7177.04
596,8,0,5,12.5805,7176.07
580,8,0,5,12.5689,7111.54
583,8,0,5,12.5627,7081.73
587,8,0,5,12.5607,7067.46
578,8,0,5,12.5578,7051.4
579,8,0,5,12.5505,7012.6
570,8,0,5,12.5435,6979.44
1994,8,0,5,12.5306,6914.36
562,8,0,5,12.5176,6850.98
639,8,0,5,12.5141,6833.54
638,8,0,5,12.5088,6805.3
636,8,0,5,12.5049,6785.07
220,8,1,0,11.3372,472.978,0.0955,416.542,0.04,1
2130,8,1,0,11.3224,392.48
215,8,1,0,11.3175,358.782
205,8,1,0,11.2936,204.484
196,8,1,0,11.2805,119.897
195,8,1,0,11.2779,100.335
64,8,1,0,11.26,0
455,8,1,1,11.5221,1421.69,0.0408333,178.103,0.03,2
454,8,1,1,11.5193,1406.07
457,8,1,1,11.5125,1352.11
456,8,1,1,11.5074,1322.67
458,8,1,1,11.4979,1261.52
459,8,1,1,11.492,1216.42
450,8,1,1,11.4768,1132.53
229,8,1,1,11.4673,1079.68
222,8,1,1,11.443,945.57
220,8,1,1,11.4327,889.52
603,8,1,2,11.6533,2163.88,0.109,475.425,0.32,3
604,8,1,2,11.6491,2140.74
596,8,1,2,11.6489,2139.76
595,8,1,2,11.6434,2109.36
605,8,1,2,11.6423,2101.36
529,8,1,2,11.6251,2001.34
726,8,1,2,11.6092,1900.14
714,8,1,2,11.609,1898.26
1543,8,1,2,11.6042,1867.73
459,8,1,2,11.5939,1804.33
458,8,1,2,11.5874,1759.07
456,8,1,2,11.5783,1698.29
457,8,1,2,11.5729,1668.07
454,8,1,2,11.5653,1614.11
455,8,1,2,11.5629,1599.79
710,8,1,3,11.8264,3053.8,0.0443333,193.369,0.36,4
1543,8,1,3,11.8049,2933.53
715,8,1,3,11.8001,2889.27
714,8,1,3,11.7962,2865.27
726,8,1,3,11.796,2863.39
529,8,1,3,11.7822,2763.89
605,8,1,3,11.7674,2667.28
603,8,1,3,11.7623,2639.3
64,8,1,4,11.9712,3930.05,0,0,0
195,8,1,4,11.95,3815.37
196,8,1,4,11.9472,3795.76
205,8,1,4,11.9347,3711.85
215,8,1,4,11.9149,3559.76
225,8,1,4,11.8896,3356.19
1680,8,1,4,11.8866,3337.18
710,8,1,4,11.8707,3247.17
978,8,2,0,14.3846,1541.01,0.0373333,162.837,0.05,1
1010,8,2,0,14.3701,1465.78
1016,8,2,0,14.3504,1374.31
1548,8,2,0,14.3434,1338.05
1012,8,2,0,14.3384,1312.65
2028,8,2,0,14.3303,1267.19
989,8,2,0,14.3269,1251.45
990,8,2,0,14.3169,1201.19
991,8,2,0,14.3143,1188.84
706,8,2,0,14.3073,1149.38
704,8,2,0,14.3046,1136.6
2179,8,2,0,14.3044,1135.74
662,8,2,0,14.2982,1106.09
602,8,2,0,14.287,1038.03
599,8,2,0,14.283,1015.4
605,8,2,0,14.2793,991.921
529,8,2,0,14.2622,892.037
726,8,2,0,14.2476,792.08
714,8,2,0,14.2474,790.213
715,8,2,0,14.2438,766.53
225,8,2,0,14.2263,605.342
215,8,2,0,14.2004,402.069
205,8,2,0,14.1737,243.798
196,8,2,0,14.1595,157.808
195,8,2,0,14.1568,138.229
64,8,2,0,14.13,0
64,8,2,1,14.6843,3241.41,0,0,0
195,8,2,1,14.663,3126.4
196,8,2,1,14.6603,3106.82
205,8,2,1,14.6461,3020.74
215,8,2,1,14.6216,2865.76
225,8,2,1,14.5968,2661.93
715,8,2,1,14.5618,2471.38
714,8,2,1,14.5581,2447.54
726,8,2,1,14.5579,2445.68
529,8,2,1,14.5438,2346.07
605,8,2,1,14.5285,2248.82
603,8,2,1,14.5227,2217.84
2202,8,2,1,14.5194,2197.3
602,8,2,1,14.5156,2172.71
1851,8,2,1,14.5053,2102.67
1852,8,2,1,14.4975,2066.84
706,8,2,1,14.4846,2003.69
703,8,2,1,14.4784,1973.27
1542,8,2,1,14.4687,1926.61
698,8,2,1,14.4613,1892.09
700,8,2,1,14.4545,1859.46
690,8,2,1,14.4395,1788.46
979,8,2,1,14.4313,1750.44
980,8,2,1,14.4255,1722.03
978,8,2,1,14.4219,1703.84
220,9,0,0,11.0872,472.978,0.0955,416.542,0.04,1
2130,9,0,0,11.0724,392.48
215,9,0,0,11.0675,358.782
205,9,0,0,11.0436,204.484
196,9,0,0,11.0305,119.897
195,9,0,0,11.0279,100.335
64,9,0,0,11.01,0
710,9,0,1,11.2404,1198.14,0.0443333,193.369,0.36,2
223,9,0,1,11.2229,1104.91
224,9,0,1,11.2088,1031.05
222,9,0,1,11.193,945.57
220,9,0,1,11.1827,889.52
455,9,0,2,11.3438,1774.06,0.0408333,178.103,0.03,3
454,9,0,2,11.341,1758.44
457,9,0,2,11.3343,1704.48
456,9,0,2,11.3291,1675.03
458,9,0,2,11.3196,1613.89
459,9,0,2,11.3137,1568.78
1543,9,0,2,11.3044,1506.55
710,9,0,2,11.2847,1391.51
1108,9,0,3,11.6519,3428.96,0.0935,407.819,0.09,4
1109,9,0,3,11.6467,3402.77
1113,9,0,3,11.6406,3371.72
1847,9,0,3,11.6277,3306.52
1086,9,0,3,11.6241,3286.49
1087,9,0,3,11.6095,3213.3
1090,9,0,3,11.6008,3168.13
1076,9,0,3,11.5747,3041.16
1074,9,0,3,11.5705,3020.04
1077,9,0,3,11.561,2969.22
1080,9,0,3,11.5475,2902.01
1079,9,0,3,11.5409,2867.56
1061,9,0,3,11.5366,2846.28
1063,9,0,3,11.5331,2828.11
1062,9,0,3,11.532,2821.03
2159,9,0,3,11.5318,2819.92
1045,9,0,3,11.5311,2816.77
1012,9,0,3,11.5239,2775.78
1014,9,0,3,11.5233,2772.91
989,9,0,3,11.5123,2714.61
990,9,0,3,11.5022,2664.35
991,9,0,3,11.4996,2652
706,9,0,3,11.4926,2612.53
704,9,0,3,11.49,2599.76
2179,9,0,3,11.4898,2598.9
662,9,0,3,11.4836,2569.25
602,9,0,3,11.4722,2500.98
599,9,0,3,11.4681,2477.72
605,9,0,3,11.464,2453.73
529,9,0,3,11.4468,2353.71
726,9,0,3,11.4309,2252.51
714,9,0,3,11.4307,2250.62
1543,9,0,3,11.4259,2220.1
459,9,0,3,11.4156,2156.7
458,9,0,3,11.4091,2111.44
456,9,0,3,11.4,2050.65
457,9,0,3,11.3946,2020.43
454,9,0,3,11.387,1966.47
455,9,0,3,11.3846,1952.16
1304,9,0,4,11.8749,4519.4,0.0428333,186.826,0.12,5
952,9,0,4,11.8505,4386.42
953,9,0,4,11.8398,4331.64
2023,9,0,4,11.839,4327.54
2108,9,0,4,11.8225,4242.33
1794,9,0,4,11.8154,4206.57
2106,9,0,4,11.8002,4127.2
2039,9,0,4,11.7825,4033.67
1106,9,0,4,11.7729,3981.72
2035,9,0,4,11.7587,3907.67
1108,9,0,4,11.7454,3836.78
1302,9,0,5,11.9679,4957.93,0.068,296.595,0.26,6
1303,9,0,5,11.9473,4853.42
1305,9,0,5,11.9327,4779.54
1304,9,0,5,11.9177,4706.23
895,9,0,6,12.2017,6103.27,0.0435,189.734,0.02,7
896,9,0,6,12.198,6085.03
892,9,0,6,12.1945,6067.24
906,9,0,6,12.1763,5974.44
1555,9,0,6,12.1508,5831.69
2157,9,0,6,12.1382,5771.05
2019,9,0,6,12.1091,5635.88
929,9,0,6,12.1087,5633.9
938,9,0,6,12.0966,5567.77
950,9,0,6,12.0807,5486.74
951,9,0,6,12.0742,5453.48
949,9,0,6,12.0626,5394.2
1302,9,0,6,12.0359,5254.53
978,9,0,7,12.4132,7141.95,0.107833,470.336,0.07,8
1010,9,0,7,12.3976,7061.8
1011,9,0,7,12.3841,6992.4
1009,9,0,7,12.3789,6964.77
1041,9,0,7,12.3788,6964.08
1039,9,0,7,12.371,6923.61
1037,9,0,7,12.3614,6876.12
1034,9,0,7,12.3527,6830.43
2032,9,0,7,12.3373,6752.84
1050,9,0,7,12.306,6598.74
1049,9,0,7,12.306,6598.65
1025,9,0,7,12.2972,6554.99
1029,9,0,7,12.2839,6488.16
1027,9,0,7,12.2721,6429.2
898,9,0,7,12.2639,6385.67
895,9,0,7,12.2452,6293
636,9,0,8,12.6066,8026.78,0.091,396.915,0.15,9
633,9,0,8,12.5999,7993.17
639,9,0,8,12.5965,7975.63
1993,9,0,8,12.5868,7925.01
1995,9,0,8,12.5772,7879.72
1996,9,0,8,12.5657,7827.98
1997,9,0,8,12.5618,7808.08
2027,9,0,8,12.5336,7673.74
2026,9,0,8,12.5278,7645.43
978,9,0,8,12.521,7612.29
603,9,0,9,12.7773,8837.52,0.0631667,275.514,0.35,10
604,9,0,9,12.7733,8815.66
596,9,0,9,12.7732,8814.69
580,9,0,9,12.7616,8750.16
583,9,0,9,12.7554,8720.35
587,9,0,9,12.7534,8706.08
578,9,0,9,12.7505,8690.02
579,9,0,9,12.7431,8651.22
570,9,0,9,12.7361,8618.06
1994,9,0,9,12.7232,8552.98
562,9,0,9,12.7102,8489.6
639,9,0,9,12.7068,8472.16
638,9,0,9,12.7014,8443.92
636,9,0,9,12.6976,8423.69
64,9,0,10,13.0077,10143.5,0,0,0
195,9,0,10,12.981,10005.3
196,9,0,10,12.9779,9985.38
205,9,0,10,12.9626,9897.63
215,9,0,10,12.9369,9741.07
225,9,0,10,12.91,9538
715,9,0,10,12.8799,9368.44
714,9,0,10,12.8759,9344.28
726,9,0,10,12.8757,9342.43
529,9,0,10,12.8616,9242.78
605,9,0,10,12.8467,9146.11
603,9,0,10,12.8404,9113.03
220,10,0,0,11.1972,472.978,0.0955,416.542,0.04,1
2130,10,0,0,11.1824,392.48
215,10,0,0,11.1775,358.782
205,10,0,0,11.1536,204.484
196,10,0,0,11.1405,119.897
195,10,0,0,11.1379,100.335
64,10,0,0,11.12,0
455,10,0,1,11.3821,1421.69,0.0408333,178.103,0.03,2
454,10,0,1,11.3793,1406.07
457,10,0,1,11.3725,1352.11
456,10,0,1,11.3674,1322.67
458,10,0,1,11.3579,1261.52
459,10,0,1,11.352,1216.42
450,10,0,1,11.3368,1132.53
229,10,0,1,11.3273,1079.68
222,10,0,1,11.303,945.57
220,10,0,1,11.2927,889.52
1108,10,0,2,11.6902,3076.6,0.0935,407.819,0.09,3
1109,10,0,2,11.685,3050.4
1113,10,0,2,11.6789,3019.35
1847,10,0,2,11.666,2954.15
1086,10,0,2,11.6624,2934.12
1087,10,0,2,11.6478,2860.93
1090,10,0,2,11.6391,2815.77
1076,10,0,2,11.613,2688.79
1074,10,0,2,11.6088,2667.67
1077,10,0,2,11.5992,2616.85
1080,10,0,2,11.5858,2549.65
1079,10,0,2,11.5792,2515.2
1061,10,0,2,11.5749,2493.91
1063,10,0,2,11.5714,2475.75
1062,10,0,2,11.5703,2468.67
2159,10,0,2,11.5701,2467.55
1045,10,0,2,11.5694,2464.4
1012,10,0,2,11.5622,2423.42
1014,10,0,2,11.5616,2420.55
989,10,0,2,11.5505,2362.25
990,10,0,2,11.5405,2311.98
991,10,0,2,11.5379,2299.63
706,10,0,2,11.5309,2260.17
704,10,0,2,11.5283,2247.4
2179,10,0,2,11.5281,2246.53
662,10,0,2,11.5219,2216.89
602,10,0,2,11.5105,2148.61
599,10,0,2,11.5064,2125.35
605,10,0,2,11.5023,2101.36
529,10,0,2,11.4851,2001.34
726,10,0,2,11.4692,1900.14
714,10,0,2,11.469,1898.26
1543,10,0,2,11.4642,1867.73
459,10,0,2,11.4539,1804.33
458,10,0,2,11.4474,1759.07
456,10,0,2,11.4383,1698.29
457,10,0,2,11.4329,1668.07
454,10,0,2,11.4253,1614.11
455,10,0,2,11.4229,1599.79
1304,10,0,3,11.9132,4167.04,0.0428333,186.826,0.12,4
952,10,0,3,11.8888,4034.05
953,10,0,3,11.8781,3979.28
2023,10,0,3,11.8772,3975.18
2108,10,0,3,11.8608,3889.97
1794,10,0,3,11.8537,3854.21
2106,10,0,3,11.8384,3774.84
2039,10,0,3,11.8208,3681.31
1106,10,0,3,11.8112,3629.36
2035,10,0,3,11.7969,3555.31
1108,10,0,3,11.7837,3484.42
1302,10,0,4,12.0062,4605.57,0.106833,465.975,0.24,5
1303,10,0,4,11.9856,4501.06
1305,10,0,4,11.9709,4427.18
1304,10,0,4,11.956,4353.86
895,10,0,5,12.2788,5920.28,0.0435,189.734,0.02,6
896,10,0,5,12.2752,5902.04
892,10,0,5,12.2716,5884.25
906,10,0,5,12.2534,5791.45
1555,10,0,5,12.2279,5648.7
2157,10,0,5,12.2153,5588.07
2019,10,0,5,12.1862,5452.89
929,10,0,5,12.1858,5450.91
938,10,0,5,12.1738,5384.78
950,10,0,5,12.1578,5303.75
951,10,0,5,12.1514,5270.5
949,10,0,5,12.1397,5211.21
1302,10,0,5,12.113,5071.54
978,10,0,6,12.4903,6958.96,0.107833,470.336,0.07,7
1010,10,0,6,12.4747,6878.81
1011,10,0,6,12.4612,6809.41
1009,10,0,6,12.456,6781.79
1041,10,0,6,12.4559,6781.09
1039,10,0,6,12.4481,6740.62
1037,10,0,6,12.4385,6693.13
1034,10,0,6,12.4298,6647.45
2032,10,0,6,12.4144,6569.85
1050,10,0,6,12.3831,6415.76
1049,10,0,6,12.3831,6415.67
1025,10,0,6,12.3743,6372
1029,10,0,6,12.361,6305.17
1027,10,0,6,12.3493,6246.22
898,10,0,6,12.341,6202.69
895,10,0,6,12.3223,6110.01
64,10,0,7,12.8702,8986.44,0,0,0
195,10,0,7,12.8417,8840.53
196,10,0,7,12.8385,8820.58
205,10,0,7,12.8232,8732.84
215,10,0,7,12.7976,8576.28
225,10,0,7,12.7707,8373.21
715,10,0,7,12.7405,8203.64
714,10,0,7,12.7366,8179.49
726,10,0,7,12.7364,8177.63
529,10,0,7,12.7222,8077.98
605,10,0,7,12.7074,7981.32
603,10,0,7,12.7011,7948.24
2202,10,0,7,12.6976,7927.45
602,10,0,7,12.6933,7902.16
1851,10,0,7,12.6825,7831.62
1852,10,0,7,12.6776,7807.54
706,10,0,7,12.6644,7743.03
703,10,0,7,12.6588,7715.07
1542,10,0,7,12.6504,7674
698,10,0,7,12.6428,7638.22
700,10,0,7,12.6338,7597.13
690,10,0,7,12.6192,7527.63
979,10,0,7,12.607,7473.85
980,10,0,7,12.6017,7447.79
978,10,0,7,12.5981,7429.3
710,10,1,0,11.533,739.387,0.0443333,193.369,0.36,1
223,10,1,0,11.5155,646.157
1680,10,1,0,11.506,581.03
225,10,1,0,11.5032,562.11
215,10,1,0,11.4775,358.782
205,10,1,0,11.4536,204.484
196,10,1,0,11.4405,119.897
195,10,1,0,11.4379,100.335
64,10,1,0,11.42,0
636,10,1,1,11.6978,1642.6,0.0763333,332.943,0.15,2
633,10,1,1,11.6931,1617.52
563,10,1,1,11.6878,1592.52
565,10,1,1,11.6807,1556.35
573,10,1,1,11.6753,1529.76
574,10,1,1,11.6663,1477.96
580,10,1,1,11.6479,1379.69
596,10,1,1,11.6418,1319.83
595,10,1,1,11.6363,1289.42
605,10,1,1,11.6352,1281.43
529,10,1,1,11.6179,1181.4
726,10,1,1,11.602,1080.21
714,10,1,1,11.6019,1078.32
1543,10,1,1,11.597,1047.8
710,10,1,1,11.5773,932.755
603,10,1,2,11.8481,2370.96,0.109,475.425,0.32,3
604,10,1,2,11.8438,2347.82
596,10,1,2,11.8437,2346.85
580,10,1,2,11.8353,2288.57
583,10,1,2,11.8291,2258.76
587,10,1,2,11.8262,2242.63
578,10,1,2,11.8233,2226.63
579,10,1,2,11.8157,2186.84
570,10,1,2,11.8091,2155.22
1994,10,1,2,11.7963,2090.81
562,10,1,2,11.7856,2036.69
639,10,1,2,11.7821,2019.25
638,10,1,2,11.7784,1997.45
636,10,1,2,11.7741,1975.55
64,10,1,3,12.1045,3835.23,0,0,0
195,10,1,3,12.0833,3720.55
196,10,1,3,12.0806,3700.95
205,10,1,3,12.0681,3617.04
215,10,1,3,12.0482,3464.95
225,10,1,3,12.0229,3261.38
715,10,1,3,11.9948,3096.35
714,10,1,3,11.9909,3072.35
726,10,1,3,11.9907,3070.47
529,10,1,3,11.977,2970.97
605,10,1,3,11.9622,2874.36
603,10,1,3,11.9571,2846.38
220,11,0,0,11.1972,472.978,0.0955,416.542,0.04,1
2130,11,0,0,11.1824,392.48
215,11,0,0,11.1775,358.782
205,11,0,0,11.1536,204.484
196,11,0,0,11.1405,119.897
195,11,0,0,11.1379,100.335
64,11,0,0,11.12,0
710,11,0,1,11.3504,1198.14,0.0443333,193.369,0.36,2
223,11,0,1,11.3329,1104.91
224,11,0,1,11.3188,1031.05
222,11,0,1,11.303,945.57
220,11,0,1,11.2927,889.52
455,11,0,2,11.4538,1774.06,0.0408333,178.103,0.03,3
454,11,0,2,11.451,1758.44
457,11,0,2,11.4443,1704.48
456,11,0,2,11.4391,1675.03
458,11,0,2,11.4296,1613.89
459,11,0,2,11.4237,1568.78
1543,11,0,2,11.4144,1506.55
710,11,0,2,11.3947,1391.51
1108,11,0,3,11.7619,3428.96,0.0935,407.819,0.09,4
1109,11,0,3,11.7567,3402.77
1113,11,0,3,11.7506,3371.72
1847,11,0,3,11.7377,3306.52
1086,11,0,3,11.7341,3286.49
1087,11,0,3,11.7195,3213.3
1090,11,0,3,11.7108,3168.13
1076,11,0,3,11.6847,3041.16
1074,11,0,3,11.6805,3020.04
1077,11,0,3,11.671,2969.22
1080,11,0,3,11.6575,2902.01
1079,11,0,3,11.6509,2867.56
1061,11,0,3,11.6466,2846.28
1063,11,0,3,11.6431,2828.11
1062,11,0,3,11.642,2821.03
2159,11,0,3,11.6418,2819.92
1045,11,0,3,11.6411,2816.77
1012,11,0,3,11.6339,2775.78
1014,11,0,3,11.6333,2772.91
989,11,0,3,11.6223,2714.61
990,11,0,3,11.6122,2664.35
991,11,0,3,11.6096,2652
706,11,0,3,11.6026,2612.53
704,11,0,3,11.6,2599.76
2179,11,0,3,11.5998,2598.9
662,11,0,3,11.5936,2569.25
602,11,0,3,11.5822,2500.98
599,11,0,3,11.5781,2477.72
605,11,0,3,11.574,2453.73
529,11,0,3,11.5568,2353.71
726,11,0,3,11.5409,2252.51
714,11,0,3,11.5407,2250.62
1543,11,0,3,11.5359,2220.1
459,11,0,3,11.5256,2156.7
458,11,0,3,11.5191,2111.44
456,11,0,3,11.51,2050.65
457,11,0,3,11.5046,2020.43
454,11,0,3,11.497,1966.47
455,11,0,3,11.4946,1952.16
1304,11,0,4,11.9849,4519.4,0.0428333,186.826,0.12,5
952,11,0,4,11.9605,4386.42
953,11,0,4,11.9498,4331.64
2023,11,0,4,11.949,4327.54
2108,11,0,4,11.9325,4242.33
1794,11,0,4,11.9254,4206.57
2106,11,0,4,11.9102,4127.2
2039,11,0,4,11.8925,4033.67
1106,11,0,4,11.8829,3981.72
2035,11,0,4,11.8687,3907.67
1108,11,0,4,11.8554,3836.78
1302,11,0,5,12.0737,4940.23,0.106833,465.975,0.24,6
1303,11,0,5,12.0533,4836.7
1305,11,0,5,12.0398,4767.79
1304,11,0,5,12.0277,4706.23
895,11,0,6,12.3463,6254.95,0.0435,189.734,0.02,7
896,11,0,6,12.3426,6236.71
892,11,0,6,12.3391,6218.92
906,11,0,6,12.3209,6126.12
1555,11,0,6,12.2954,5983.37
2157,11,0,6,12.2828,5922.73
2019,11,0,6,12.2537,5787.56
929,11,0,6,12.2533,5785.58
938,11,0,6,12.2412,5719.45
950,11,0,6,12.2253,5638.42
951,11,0,6,12.2188,5605.16
949,11,0,6,12.2072,5545.88
1302,11,0,6,12.1805,5406.21
978,11,0,7,12.5578,7293.63,0.107833,470.336,0.07,8
1010,11,0,7,12.5421,7213.48
1011,11,0,7,12.5287,7144.08
1009,11,0,7,12.5235,7116.45
1041,11,0,7,12.5234,7115.76
1039,11,0,7,12.5156,7075.29
1037,11,0,7,12.506,7027.8
1034,11,0,7,12.4973,6982.11
2032,11,0,7,12.4819,6904.52
1050,11,0,7,12.4506,6750.42
1049,11,0,7,12.4506,6750.33
1025,11,0,7,12.4418,6706.67
1029,11,0,7,12.4285,6639.84
1027,11,0,7,12.4167,6580.88
898,11,0,7,12.4084,6537.35
895,11,0,7,12.3898,6444.68
636,11,0,8,12.7511,8178.46,0.091,396.915,0.15,9
633,11,0,8,12.7445,8144.85
639,11,0,8,12.7411,8127.31
1993,11,0,8,12.7314,8076.69
1995,11,0,8,12.7218,8031.4
1996,11,0,8,12.7103,7979.66
1997,11,0,8,12.7064,7959.76
2027,11,0,8,12.6782,7825.42
2026,11,0,8,12.6724,7797.11
978,11,0,8,12.6656,7763.97
603,11,0,9,12.9219,8989.2,0.0631667,275.514,0.35,10
604,11,0,9,12.9179,8967.34
596,11,0,9,12.9177,8966.37
580,11,0,9,12.9062,8901.84
583,11,0,9,12.9,8872.03
587,11,0,9,12.8979,8857.76
578,11,0,9,12.895,8841.7
579,11,0,9,12.8877,8802.9
570,11,0,9,12.8807,8769.74
1994,11,0,9,12.8678,8704.66
562,11,0,9,12.8548,8641.29
639,11,0,9,12.8514,8623.84
638,11,0,9,12.846,8595.6
636,11,0,9,12.8421,8575.37
64,11,0,10,13.1523,10295.2,0,0,0
195,11,0,10,13.1256,10157
196,11,0,10,13.1224,10137.1
205,11,0,10,13.1071,10049.3
215,11,0,10,13.0815,9892.75
225,11,0,10,13.0546,9689.68
715,11,0,10,13.0245,9520.12
714,11,0,10,13.0205,9495.96
726,11,0,10,13.0203,9494.11
529,11,0,10,13.0062,9394.46
605,11,0,10,12.9913,9297.79
603,11,0,10,12.985,9264.71
220,12,0,0,12.8502,511.167,0.0923333,402.73,0.08,1
2130,12,0,0,12.8324,417.757
215,12,0,0,12.8269,383.417
205,12,0,0,12.7989,223.068
196,12,0,0,12.785,137.521
195,12,0,0,12.7819,117.624
64,12,0,0,12.76,0
710,12,0,1,13.007,1250.5,0.0466667,203.546,0.45,2
223,12,0,1,12.9904,1161.15
224,12,0,1,12.9685,1054.49
222,12,0,1,12.9526,968.676
220,12,0,1,12.9426,913.897
455,12,0,2,13.1144,1842.97,0.0423333,184.645,0.11,3
454,12,0,2,13.1111,1825.59
457,12,0,2,13.1046,1771.53
456,12,0,2,13.0996,1742.49
458,12,0,2,13.0904,1681.58
459,12,0,2,13.0838,1636.23
1543,12,0,2,13.0752,1574.42
710,12,0,2,13.0537,1454.05
1108,12,0,3,13.4203,3489.72,0.0723333,315.496,0.16,4
1109,12,0,3,13.4162,3468.33
1113,12,0,3,13.4098,3436.08
1847,12,0,3,13.3981,3375.45
1086,12,0,3,13.3944,3355.26
1087,12,0,3,13.381,3286.71
1090,12,0,3,13.3724,3241.94
1076,12,0,3,13.3543,3148.62
1074,12,0,3,13.3503,3127.95
1077,12,0,3,13.3368,3060.98
1080,12,0,3,13.3219,2987.63
1079,12,0,3,13.3148,2951.15
1061,12,0,3,13.3105,2929.87
1063,12,0,3,13.3073,2913.03
1062,12,0,3,13.3063,2905.99
2159,12,0,3,13.3061,2905
1045,12,0,3,13.3054,2901.85
1012,12,0,3,13.2982,2860.87
2028,12,0,3,13.2901,2815.4
989,12,0,3,13.2867,2799.67
990,12,0,3,13.2767,2749.41
991,12,0,3,13.2741,2737.05
706,12,0,3,13.2671,2697.59
704,12,0,3,13.2644,2684.82
2179,12,0,3,13.2642,2683.96
662,12,0,3,13.258,2654.31
602,12,0,3,13.2468,2586.17
599,12,0,3,13.2423,2561.47
605,12,0,3,13.2371,2533.35
529,12,0,3,13.2206,2434.45
726,12,0,3,13.2044,2332.92
714,12,0,3,13.2042,2331.04
1543,12,0,3,13.1985,2298.6
459,12,0,3,13.1883,2235.42
458,12,0,3,13.1816,2190.01
456,12,0,3,13.173,2129.61
457,12,0,3,13.167,2096.56
454,12,0,3,13.1594,2042.58
455,12,0,3,13.1567,2027.62
1304,12,0,4,13.6212,4483.69,0.0735,320.585,0.21,5
952,12,0,4,13.5972,4352.37
953,12,0,4,13.5849,4291.32
2023,12,0,4,13.5841,4287.22
2108,12,0,4,13.5699,4211.55
1794,12,0,4,13.5636,4179.21
2106,12,0,4,13.5497,4105.45
2039,12,0,4,13.5312,4007.94
1106,12,0,4,13.5209,3953.53
2035,12,0,4,13.5089,3888.95
1108,12,0,4,13.4926,3805.21
1302,12,0,5,13.7418,5043.27,0.035,152.659,0.22,6
1303,12,0,5,13.7215,4939.58
1305,12,0,5,13.7062,4863.56
1304,12,0,5,13.6947,4804.28
895,12,0,6,13.9258,5973.7,0.0823333,359.113,0.02,7
896,12,0,6,13.9221,5955.46
892,12,0,6,13.9183,5936.71
906,12,0,6,13.9057,5867.85
1555,12,0,6,13.8775,5713.25
2157,12,0,6,13.8666,5659.5
2019,12,0,6,13.8397,5533.24
929,12,0,6,13.8393,5531.26
938,12,0,6,13.8273,5465.41
950,12,0,6,13.8138,5394.84
951,12,0,6,13.8068,5359.13
949,12,0,6,13.7959,5302.65
1302,12,0,6,13.7768,5195.93
978,12,0,7,14.1741,7172.17,0.0373333,162.837,0.05,8
1010,12,0,7,14.1592,7095.41
1011,12,0,7,14.145,7022.77
1009,12,0,7,14.1394,6993.33
1038,12,0,7,14.1312,6952.74
1039,12,0,7,14.1306,6950.06
1037,12,0,7,14.1208,6901.5
1034,12,0,7,14.1126,6857.66
2032,12,0,7,14.0971,6780.07
1050,12,0,7,14.0707,6646.28
1049,12,0,7,14.0707,6646.19
1025,12,0,7,14.0633,6608.49
1029,12,0,7,14.0503,6542.71
1027,12,0,7,14.0375,6479.33
898,12,0,7,14.0271,6426.85
895,12,0,7,14.0081,6332.81
636,12,0,8,14.2911,7725.43,0.0391667,170.833,0.15,9
631,12,0,8,14.2844,7692.64
630,12,0,8,14.2786,7664.12
637,12,0,8,14.268,7612.04
1996,12,0,8,14.2556,7548.76
1997,12,0,8,14.2517,7528.85
2027,12,0,8,14.2245,7398.64
2026,12,0,8,14.2187,7370.15
978,12,0,8,14.2114,7335.01
603,12,0,9,14.4145,8331.99,0.0658333,287.145,0.35,10
604,12,0,9,14.4097,8306.58
596,12,0,9,14.4096,8305.61
580,12,0,9,14.3953,8229.41
583,12,0,9,14.3891,8199.59
587,12,0,9,14.3869,8185.16
578,12,0,9,14.3838,8168.35
575,12,0,9,14.3783,8137.24
571,12,0,9,14.3754,8121.12
570,12,0,9,14.3706,8097.85
1994,12,0,9,14.3578,8033.49
562,12,0,9,14.3444,7968.44
639,12,0,9,14.341,7950.99
638,12,0,9,14.3343,7916.96
636,12,0,9,14.3303,7896.26
64,12,0,10,14.6423,9643.96,0,0,0
195,12,0,10,14.6207,9527.7
196,12,0,10,14.618,9508.12
205,12,0,10,14.6038,9422.04
215,12,0,10,14.5793,9267.06
225,12,0,10,14.5545,9063.23
715,12,0,10,14.5195,8872.69
714,12,0,10,14.5158,8848.84
726,12,0,10,14.5156,8846.99
529,12,0,10,14.5015,8747.38
605,12,0,10,14.4862,8650.12
603,12,0,10,14.4804,8619.14
220,13,0,0,12.9202,511.167,0.0923333,402.73,0.08,1
2130,13,0,0,12.9024,417.757
215,13,0,0,12.8969,383.417
205,13,0,0,12.8689,223.068
196,13,0,0,12.855,137.521
195,13,0,0,12.8519,117.624
64,13,0,0,12.83,0
455,13,0,1,13.1063,1463.97,0.0423333,184.645,0.11,2
454,13,0,1,13.1031,1446.59
457,13,0,1,13.0965,1392.52
456,13,0,1,13.0916,1363.49
458,13,0,1,13.0823,1302.57
459,13,0,1,13.0757,1257.22
450,13,0,1,13.0605,1173.3
229,13,0,1,13.0494,1113.43
222,13,0,1,13.0212,962.82
220,13,0,1,13.0126,913.897
1108,13,0,2,13.4122,3110.71,0.0723333,315.496,0.16,3
1109,13,0,2,13.4082,3089.33
1113,13,0,2,13.4018,3057.08
1847,13,0,2,13.39,2996.45
1086,13,0,2,13.3863,2976.26
1087,13,0,2,13.3729,2907.7
1090,13,0,2,13.3643,2862.94
1076,13,0,2,13.3462,2769.61
1074,13,0,2,13.3422,2748.95
1077,13,0,2,13.3288,2681.98
1080,13,0,2,13.3139,2608.63
1079,13,0,2,13.3067,2572.15
1061,13,0,2,13.3025,2550.86
1063,13,0,2,13.2993,2534.02
1062,13,0,2,13.2983,2526.98
2159,13,0,2,13.298,2526
1045,13,0,2,13.2974,2522.85
1012,13,0,2,13.2901,2481.86
2028,13,0,2,13.2821,2436.4
989,13,0,2,13.2787,2420.66
990,13,0,2,13.2686,2370.4
991,13,0,2,13.266,2358.05
706,13,0,2,13.259,2318.58
704,13,0,2,13.2564,2305.81
2179,13,0,2,13.2562,2304.95
662,13,0,2,13.25,2275.3
602,13,0,2,13.2387,2207.17
599,13,0,2,13.2342,2182.47
605,13,0,2,13.2291,2154.34
529,13,0,2,13.2125,2055.45
726,13,0,2,13.1964,1953.91
714,13,0,2,13.1962,1952.03
1543,13,0,2,13.1904,1919.6
459,13,0,2,13.1803,1856.41
458,13,0,2,13.1736,1811.01
456,13,0,2,13.165,1750.6
457,13,0,2,13.1589,1717.56
454,13,0,2,13.1513,1663.57
455,13,0,2,13.1486,1648.61
1304,13,0,3,13.6131,4104.69,0.0735,320.585,0.21,4
952,13,0,3,13.5891,3973.36
953,13,0,3,13.5769,3912.31
2023,13,0,3,13.5761,3908.21
2108,13,0,3,13.5618,3832.55
1794,13,0,3,13.5556,3800.2
2106,13,0,3,13.5417,3726.45
2039,13,0,3,13.5231,3628.93
1106,13,0,3,13.5129,3574.53
2035,13,0,3,13.5009,3509.94
1108,13,0,3,13.4846,3426.21
1302,13,0,4,13.7338,4664.26,0.035,152.659,0.22,5
1303,13,0,4,13.7134,4560.57
1305,13,0,4,13.6982,4484.55
1304,13,0,4,13.6866,4425.27
895,13,0,5,13.9177,5594.69,0.0823333,359.113,0.02,6
896,13,0,5,13.914,5576.45
892,13,0,5,13.9103,5557.7
906,13,0,5,13.8977,5488.84
1555,13,0,5,13.8694,5334.24
2157,13,0,5,13.8585,5280.49
2019,13,0,5,13.8317,5154.23
929,13,0,5,13.8312,5152.25
938,13,0,5,13.8193,5086.4
950,13,0,5,13.8058,5015.84
951,13,0,5,13.7988,4980.12
949,13,0,5,13.7878,4923.64
1302,13,0,5,13.7688,4816.92
978,13,0,6,14.166,6793.17,0.0373333,162.837,0.05,7
1010,13,0,6,14.1512,6716.4
1011,13,0,6,14.137,6643.76
1009,13,0,6,14.1313,6614.33
1038,13,0,6,14.1232,6573.73
1039,13,0,6,14.1226,6571.06
1037,13,0,6,14.1127,6522.49
1034,13,0,6,14.1045,6478.66
2032,13,0,6,14.089,6401.06
1050,13,0,6,14.0627,6267.28
1049,13,0,6,14.0627,6267.19
1025,13,0,6,14.0553,6229.49
1029,13,0,6,14.0423,6163.7
1027,13,0,6,14.0294,6100.32
898,13,0,6,14.019,6047.84
895,13,0,6,14,5953.81
636,13,0,7,14.2831,7346.43,0.0391667,170.833,0.15,8
631,13,0,7,14.2764,7313.63
630,13,0,7,14.2706,7285.12
637,13,0,7,14.26,7233.04
1996,13,0,7,14.2476,7169.75
1997,13,0,7,14.2437,7149.85
2027,13,0,7,14.2164,7019.63
2026,13,0,7,14.2106,6991.15
978,13,0,7,14.2033,6956
603,13,0,8,14.4065,7952.99,0.0658333,287.145,0.35,9
604,13,0,8,14.4017,7927.58
596,13,0,8,14.4016,7926.61
580,13,0,8,14.3873,7850.4
583,13,0,8,14.3811,7820.59
587,13,0,8,14.3788,7806.16
578,13,0,8,14.3758,7789.34
575,13,0,8,14.3702,7758.24
571,13,0,8,14.3673,7742.11
570,13,0,8,14.3625,7718.84
1994,13,0,8,14.3498,7654.49
562,13,0,8,14.3364,7589.43
639,13,0,8,14.3329,7571.99
638,13,0,8,14.3262,7537.96
636,13,0,8,14.3222,7517.26
710,13,0,9,14.5361,8653.53,0.0876667,382.376,0.44,10
1543,13,0,9,14.5162,8538.16
715,13,0,9,14.5115,8493.68
714,13,0,9,14.5077,8469.84
726,13,0,9,14.5075,8467.98
529,13,0,9,14.4935,8368.37
605,13,0,9,14.4781,8271.11
603,13,0,9,14.4723,8240.13
64,13,0,10,14.7325,9734.74,0,0,0
195,13,0,10,14.7109,9618.49
196,13,0,10,14.7082,9598.91
205,13,0,10,14.6939,9512.83
215,13,0,10,14.6695,9357.85
225,13,0,10,14.6446,9154.01
1680,13,0,10,14.6418,9135.17
710,13,0,10,14.6238,9035.9
220,14,0,0,12.8002,511.167,0.0923333,402.73,0.08,1
2130,14,0,0,12.7824,417.757
215,14,0,0,12.7769,383.417
205,14,0,0,12.7489,223.068
196,14,0,0,12.735,137.521
195,14,0,0,12.7319,117.624
64,14,0,0,12.71,0
710,14,0,1,12.957,1250.5,0.0983333,428.9,0.42,2
223,14,0,1,12.9404,1161.15
224,14,0,1,12.9185,1054.49
222,14,0,1,12.9026,968.676
220,14,0,1,12.8926,913.897
455,14,0,2,13.116,2068.33,0.0423333,184.645,0.11,3
454,14,0,2,13.1128,2050.95
457,14,0,2,13.1062,1996.88
456,14,0,2,13.1013,1967.85
458,14,0,2,13.0921,1906.93
459,14,0,2,13.0854,1861.58
1543,14,0,2,13.0769,1799.77
710,14,0,2,13.0554,1679.4
1108,14,0,3,13.422,3715.07,0.0723333,315.496,0.16,4
1109,14,0,3,13.4179,3693.69
1113,14,0,3,13.4115,3661.44
1847,14,0,3,13.3997,3600.81
1086,14,0,3,13.3961,3580.62
1087,14,0,3,13.3826,3512.06
1090,14,0,3,13.374,3467.3
1076,14,0,3,13.356,3373.97
1074,14,0,3,13.3519,3353.31
1077,14,0,3,13.3385,3286.34
1080,14,0,3,13.3236,3212.99
1079,14,0,3,13.3165,3176.51
1061,14,0,3,13.3122,3155.22
1063,14,0,3,13.309,3138.38
1062,14,0,3,13.308,3131.34
2159,14,0,3,13.3078,3130.36
1045,14,0,3,13.3071,3127.21
1012,14,0,3,13.2999,3086.22
2028,14,0,3,13.2918,3040.76
989,14,0,3,13.2884,3025.02
990,14,0,3,13.2783,2974.76
991,14,0,3,13.2757,2962.41
706,14,0,3,13.2687,2922.94
704,14,0,3,13.2661,2910.17
2179,14,0,3,13.2659,2909.31
662,14,0,3,13.2597,2879.66
602,14,0,3,13.2485,2811.52
599,14,0,3,13.244,2786.83
605,14,0,3,13.2388,2758.7
529,14,0,3,13.2222,2659.81
726,14,0,3,13.2061,2558.27
714,14,0,3,13.2059,2556.39
1543,14,0,3,13.2001,2523.95
459,14,0,3,13.19,2460.77
458,14,0,3,13.1833,2415.36
456,14,0,3,13.1747,2354.96
457,14,0,3,13.1687,2321.91
454,14,0,3,13.161,2267.93
455,14,0,3,13.1584,2252.97
1304,14,0,4,13.6229,4709.04,0.0735,320.585,0.21,5
952,14,0,4,13.5989,4577.72
953,14,0,4,13.5866,4516.67
2023,14,0,4,13.5858,4512.57
2108,14,0,4,13.5716,4436.91
1794,14,0,4,13.5653,4404.56
2106,14,0,4,13.5514,4330.81
2039,14,0,4,13.5328,4233.29
1106,14,0,4,13.5226,4178.89
2035,14,0,4,13.5106,4114.3
1108,14,0,4,13.4943,4030.57
1302,14,0,5,13.7435,5268.62,0.035,152.659,0.22,6
1303,14,0,5,13.7231,5164.93
1305,14,0,5,13.7079,5088.91
1304,14,0,5,13.6964,5029.63
895,14,0,6,13.9274,6199.05,0.0823333,359.113,0.02,7
896,14,0,6,13.9237,6180.81
892,14,0,6,13.92,6162.06
906,14,0,6,13.9074,6093.2
1555,14,0,6,13.8792,5938.6
2157,14,0,6,13.8682,5884.85
2019,14,0,6,13.8414,5758.59
929,14,0,6,13.841,5756.61
938,14,0,6,13.829,5690.76
950,14,0,6,13.8155,5620.2
951,14,0,6,13.8085,5584.48
949,14,0,6,13.7975,5528
1302,14,0,6,13.7785,5421.28
978,14,0,7,14.1757,7397.53,0.0373333,162.837,0.05,8
1010,14,0,7,14.1609,7320.76
1011,14,0,7,14.1467,7248.12
1009,14,0,7,14.1411,7218.69
1038,14,0,7,14.1329,7178.09
1039,14,0,7,14.1323,7175.42
1037,14,0,7,14.1225,7126.85
1034,14,0,7,14.1142,7083.01
2032,14,0,7,14.0988,7005.42
1050,14,0,7,14.0724,6871.64
1049,14,0,7,14.0724,6871.55
1025,14,0,7,14.065,6833.85
1029,14,0,7,14.052,6768.06
1027,14,0,7,14.0391,6704.68
898,14,0,7,14.0287,6652.2
895,14,0,7,14.0098,6558.17
636,14,0,8,14.2928,7950.79,0.0391667,170.833,0.15,9
631,14,0,8,14.2861,7917.99
630,14,0,8,14.2803,7889.48
637,14,0,8,14.2697,7837.4
1996,14,0,8,14.2573,7774.11
1997,14,0,8,14.2534,7754.21
2027,14,0,8,14.2262,7623.99
2026,14,0,8,14.2204,7595.51
978,14,0,8,14.2131,7560.36
603,14,0,9,14.4162,8557.35,0.0658333,287.145,0.35,10
604,14,0,9,14.4114,8531.94
596,14,0,9,14.4113,8530.97
580,14,0,9,14.397,8454.76
583,14,0,9,14.3908,8424.95
587,14,0,9,14.3886,8410.52
578,14,0,9,14.3855,8393.7
575,14,0,9,14.38,8362.6
571,14,0,9,14.3771,8346.47
570,14,0,9,14.3722,8323.2
1994,14,0,9,14.3595,8258.84
562,14,0,9,14.3461,8193.79
639,14,0,9,14.3426,8176.35
638,14,0,9,14.3359,8142.32
636,14,0,9,14.3319,8121.62
64,14,0,10,14.644,9869.31,0,0,0
195,14,0,10,14.6224,9753.06
196,14,0,10,14.6197,9733.48
205,14,0,10,14.6054,9647.4
215,14,0,10,14.581,9492.42
225,14,0,10,14.5561,9288.58
715,14,0,10,14.5212,9098.04
714,14,0,10,14.5174,9074.2
726,14,0,10,14.5173,9072.34
529,14,0,10,14.5032,8972.73
605,14,0,10,14.4878,8875.47
603,14,0,10,14.482,8844.49
220,15,0,0,11.0872,472.978,0.0955,416.542,0.04,1
2130,15,0,0,11.0724,392.48
215,15,0,0,11.0675,358.782
205,15,0,0,11.0436,204.484
196,15,0,0,11.0305,119.897
195,15,0,0,11.0279,100.335
64,15,0,0,11.01,0
710,15,0,1,11.2404,1198.14,0.0443333,193.369,0.36,2
223,15,0,1,11.2229,1104.91
224,15,0,1,11.2088,1031.05
222,15,0,1,11.193,945.57
220,15,0,1,11.1827,889.52
455,15,0,2,11.3438,1774.06,0.0408333,178.103,0.03,3
454,15,0,2,11.341,1758.44
457,15,0,2,11.3343,1704.48
456,15,0,2,11.3291,1675.03
458,15,0,2,11.3196,1613.89
459,15,0,2,11.3137,1568.78
1543,15,0,2,11.3044,1506.55
710,15,0,2,11.2847,1391.51
603,15,0,3,11.475,2516.24,0.109,475.425,0.32,4
604,15,0,3,11.4708,2493.1
596,15,0,3,11.4706,2492.13
595,15,0,3,11.4652,2461.72
605,15,0,3,11.464,2453.73
529,15,0,3,11.4468,2353.71
726,15,0,3,11.4309,2252.51
714,15,0,3,11.4307,2250.62
1543,15,0,3,11.4259,2220.1
459,15,0,3,11.4156,2156.7
458,15,0,3,11.4091,2111.44
456,15,0,3,11.4,2050.65
457,15,0,3,11.3946,2020.43
454,15,0,3,11.387,1966.47
455,15,0,3,11.3846,1952.16
1108,15,0,4,11.7762,3990.79,0.0935,407.819,0.09,5
1109,15,0,4,11.7718,3968.11
1113,15,0,4,11.765,3933.96
1847,15,0,4,11.7515,3866.44
1086,15,0,4,11.7479,3846.41
1087,15,0,4,11.7334,3773.22
1090,15,0,4,11.7247,3728.06
1076,15,0,4,11.6985,3601.08
1074,15,0,4,11.6944,3579.96
1077,15,0,4,11.6848,3529.14
1080,15,0,4,11.6713,3461.94
1079,15,0,4,11.6647,3427.48
1061,15,0,4,11.6605,3406.2
1063,15,0,4,11.6569,3388.03
1062,15,0,4,11.6559,3380.95
2159,15,0,4,11.6556,3379.84
1045,15,0,4,11.6549,3376.69
1012,15,0,4,11.6477,3335.7
1014,15,0,4,11.6472,3332.84
989,15,0,4,11.6361,3274.53
990,15,0,4,11.6261,3224.27
991,15,0,4,11.6235,3211.92
706,15,0,4,11.6165,3172.46
704,15,0,4,11.6138,3159.68
2179,15,0,4,11.6136,3158.82
662,15,0,4,11.6074,3129.17
602,15,0,4,11.5961,3060.9
604,15,0,4,11.5935,3044.1
596,15,0,4,11.5934,3043.13
595,15,0,4,11.5879,3012.72
603,15,0,4,11.584,2991.67
1304,15,0,5,11.9992,5081.23,0.0428333,186.826,0.12,6
952,15,0,5,11.9748,4948.24
953,15,0,5,11.9641,4893.46
2023,15,0,5,11.9632,4889.36
2108,15,0,5,11.9468,4804.15
1794,15,0,5,11.9397,4768.39
2106,15,0,5,11.9245,4689.02
2039,15,0,5,11.9068,4595.49
1106,15,0,5,11.8972,4543.54
2035,15,0,5,11.883,4469.49
1108,15,0,5,11.8697,4398.6
895,15,0,6,12.1981,6068.38,0.0435,189.734,0.02,7
907,15,0,6,12.1824,5991.05
908,15,0,6,12.1733,5945.57
2014,15,0,6,12.1727,5942.89
2017,15,0,6,12.1716,5937.2
2170,15,0,6,12.1688,5923.01
1738,15,0,6,12.1514,5836.08
1737,15,0,6,12.1447,5802.3
936,15,0,6,12.1295,5723.39
933,15,0,6,12.1289,5720.45
934,15,0,6,12.1234,5682.8
935,15,0,6,12.1229,5680.19
2020,15,0,6,12.1118,5623.21
1787,15,0,6,12.0922,5526.06
1788,15,0,6,12.0914,5522.36
1789,15,0,6,12.08,5465.37
952,15,0,6,12.0711,5420.92
1304,15,0,6,12.042,5268.05
978,15,0,7,12.4096,7107.07,0.107833,470.336,0.07,8
1010,15,0,7,12.394,7026.92
1011,15,0,7,12.3805,6957.51
1009,15,0,7,12.3753,6929.89
1041,15,0,7,12.3752,6929.2
1039,15,0,7,12.3674,6888.72
1037,15,0,7,12.3578,6841.24
1034,15,0,7,12.3491,6795.55
2032,15,0,7,12.3337,6717.95
1050,15,0,7,12.3024,6563.86
1049,15,0,7,12.3024,6563.77
1025,15,0,7,12.2936,6520.11
1029,15,0,7,12.2803,6453.27
1027,15,0,7,12.2686,6394.32
898,15,0,7,12.2603,6350.79
895,15,0,7,12.2416,6258.12
636,15,0,8,12.603,7991.89,0.091,396.915,0.15,9
633,15,0,8,12.5963,7958.29
639,15,0,8,12.593,7940.75
1993,15,0,8,12.5832,7890.13
1995,15,0,8,12.5737,7844.84
1996,15,0,8,12.5621,7793.1
1997,15,0,8,12.5582,7773.2
2027,15,0,8,12.53,7638.85
2026,15,0,8,12.5243,7610.55
978,15,0,8,12.5174,7577.4
1302,15,0,9,13.0074,10052.1,0.035,152.659,0.22,10
949,15,0,9,12.9855,9932.67
951,15,0,9,12.9741,9874.71
950,15,0,9,12.9667,9837.04
938,15,0,9,12.9548,9773.43
929,15,0,9,12.941,9699.86
2019,15,0,9,12.9406,9697.88
2157,15,0,9,12.9134,9570.15
905,15,0,9,12.8734,9368.7
889,15,0,9,12.8629,9315.26
890,15,0,9,12.8501,9253.96
2013,15,0,9,12.8247,9125.56
1988,15,0,9,12.8034,9016.12
417,15,0,9,12.7809,8902.98
418,15,0,9,12.7768,8882
419,15,0,9,12.7599,8789.83
424,15,0,9,12.7564,8769.89
613,15,0,9,12.7533,8744.91
611,15,0,9,12.7478,8712.02
609,15,0,9,12.7459,8694.23
628,15,0,9,12.7359,8620.21
561,15,0,9,12.7321,8595.49
557,15,0,9,12.724,8547.36
554,15,0,9,12.7217,8535.56
565,15,0,9,12.7136,8490.54
562,15,0,9,12.7067,8454.72
639,15,0,9,12.7032,8437.28
638,15,0,9,12.6979,8409.04
636,15,0,9,12.694,8388.81
64,15,0,10,13.4972,12847.9,0,0,0
195,15,0,10,13.4641,12683
196,15,0,10,13.4613,12663.3
205,15,0,10,13.4461,12575.8
215,15,0,10,13.4219,12421
225,15,0,10,13.3951,12218
715,15,0,10,13.3668,12052.6
714,15,0,10,13.363,12028.7
726,15,0,10,13.3628,12026.8
529,15,0,10,13.3489,11927.3
605,15,0,10,13.3345,11831
603,15,0,10,13.3285,11799.2
604,15,0,10,13.3249,11778.9
596,15,0,10,13.3247,11777.9
580,15,0,10,13.3144,11717.3
574,15,0,10,13.2938,11609.7
573,15,0,10,13.2845,11557.3
564,15,0,10,13.2773,11518
557,15,0,10,13.2714,11484.9
561,15,0,10,13.2647,11438.4
628,15,0,10,13.2604,11413
609,15,0,10,13.2482,11337.2
423,15,0,10,13.2423,11280.9
419,15,0,10,13.237,11246.1
420,15,0,10,13.2319,11211.1
421,15,0,10,13.2279,11184.4
417,15,0,10,13.2234,11159.9
1989,15,0,10,13.2068,11073.5
2011,15,0,10,13.189,10980.3
2156,15,0,10,13.1838,10952.9
2013,15,0,10,13.1831,10949.8
886,15,0,10,13.1712,10891.6
888,15,0,10,13.1514,10785.5
903,15,0,10,13.1376,10715.6
904,15,0,10,13.1342,10697.2
925,15,0,10,13.1108,10569.3
2019,15,0,10,13.1053,10542.1
929,15,0,10,13.1049,10540.1
938,15,0,10,13.093,10474.2
950,15,0,10,13.0795,10403.7
951,15,0,10,13.0725,10368
949,15,0,10,13.0615,10311.5
1302,15,0,10,13.0424,10204.8
220,16,0,0,13.0102,511.167,0.072,314.042,0.12,1
2130,16,0,0,12.9924,417.757
215,16,0,0,12.9869,383.417
205,16,0,0,12.9589,223.068
196,16,0,0,12.945,137.521
195,16,0,0,12.9419,117.624
64,16,0,0,12.92,0
455,16,0,1,13.176,1375.28,0.0423333,184.645,0.11,2
454,16,0,1,13.1727,1357.9
457,16,0,1,13.1662,1303.83
456,16,0,1,13.1612,1274.8
458,16,0,1,13.152,1213.88
459,16,0,1,13.1454,1168.53
450,16,0,1,13.1302,1084.61
229,16,0,1,13.1191,1024.74
222,16,0,1,13.0909,874.132
220,16,0,1,13.0822,825.209
710,16,0,2,13.2834,1959.13,0.0466667,203.546,0.45,3
1543,16,0,2,13.2601,1830.91
459,16,0,2,13.2499,1767.72
458,16,0,2,13.2432,1722.32
456,16,0,2,13.2346,1661.92
457,16,0,2,13.2286,1628.87
454,16,0,2,13.221,1574.89
455,16,0,2,13.2183,1559.93
1108,16,0,3,13.5734,3474.52,0.0723333,315.496,0.16,4
1109,16,0,3,13.5684,3449.09
1113,16,0,3,13.5628,3419.86
1847,16,0,3,13.5511,3359.89
1086,16,0,3,13.5475,3339.71
1087,16,0,3,13.534,3271.15
1090,16,0,3,13.5254,3226.39
1076,16,0,3,13.5074,3133.06
1074,16,0,3,13.5034,3112.4
1077,16,0,3,13.4899,3045.43
1080,16,0,3,13.475,2972.08
1079,16,0,3,13.4679,2935.6
1061,16,0,3,13.4636,2914.31
1063,16,0,3,13.4604,2897.47
1062,16,0,3,13.4594,2890.43
2159,16,0,3,13.4592,2889.45
1045,16,0,3,13.4585,2886.3
1012,16,0,3,13.4513,2845.31
2028,16,0,3,13.4432,2799.85
989,16,0,3,13.4398,2784.11
990,16,0,3,13.4298,2733.85
991,16,0,3,13.4272,2721.5
706,16,0,3,13.4202,2682.03
704,16,0,3,13.4175,2669.26
2179,16,0,3,13.4173,2668.4
662,16,0,3,13.4111,2638.75
602,16,0,3,13.3999,2570.61
599,16,0,3,13.3954,2545.91
605,16,0,3,13.3902,2517.79
529,16,0,3,13.3737,2418.9
726,16,0,3,13.3575,2317.36
714,16,0,3,13.3573,2315.48
1543,16,0,3,13.3515,2283.04
710,16,0,3,13.33,2162.68
1304,16,0,4,13.7744,4468.49,0.0735,320.585,0.21,5
952,16,0,4,13.7504,4337.17
953,16,0,4,13.7381,4276.12
2023,16,0,4,13.7373,4272.02
2108,16,0,4,13.7231,4196.36
1794,16,0,4,13.7168,4164.01
2106,16,0,4,13.7029,4090.26
2039,16,0,4,13.6843,3992.74
1106,16,0,4,13.6741,3938.34
2035,16,0,4,13.6621,3873.75
1108,16,0,4,13.6458,3790.02
1302,16,0,5,13.895,5028.07,0.035,152.659,0.22,6
1303,16,0,5,13.8746,4924.38
1305,16,0,5,13.8594,4848.36
1304,16,0,5,13.8479,4789.08
895,16,0,6,14.0789,5958.5,0.081,353.298,0.02,7
896,16,0,6,14.0752,5940.26
892,16,0,6,14.0715,5921.51
906,16,0,6,14.0589,5852.65
1555,16,0,6,14.0307,5698.05
2157,16,0,6,14.0197,5644.3
2019,16,0,6,13.9929,5518.04
929,16,0,6,13.9925,5516.06
938,16,0,6,13.9805,5450.21
950,16,0,6,13.967,5379.65
951,16,0,6,13.96,5343.93
949,16,0,6,13.949,5287.45
1302,16,0,6,13.93,5180.73
978,16,0,7,14.3259,7151.16,0.0373333,162.837,0.05,8
1010,16,0,7,14.3111,7074.39
1011,16,0,7,14.2968,7001.75
1009,16,0,7,14.2912,6972.32
1038,16,0,7,14.2831,6931.72
1039,16,0,7,14.2825,6929.05
1037,16,0,7,14.2726,6880.49
1034,16,0,7,14.2644,6836.65
2032,16,0,7,14.2489,6759.05
1050,16,0,7,14.2226,6625.27
1049,16,0,7,14.2226,6625.18
1025,16,0,7,14.2152,6587.48
1029,16,0,7,14.2022,6521.69
1027,16,0,7,14.1893,6458.32
898,16,0,7,14.1789,6405.83
895,16,0,7,14.1599,6311.8
636,16,0,8,14.4429,7704.42,0.0391667,170.833,0.15,9
631,16,0,8,14.4362,7671.63
630,16,0,8,14.4305,7643.11
637,16,0,8,14.4199,7591.03
1996,16,0,8,14.4074,7527.74
1997,16,0,8,14.4036,7507.84
2027,16,0,8,14.3763,7377.62
2026,16,0,8,14.3705,7349.14
978,16,0,8,14.3632,7314
603,16,0,9,14.5664,8310.98,0.0658333,287.145,0.35,10
604,16,0,9,14.5616,8285.57
596,16,0,9,14.5614,8284.6
580,16,0,9,14.5472,8208.39
583,16,0,9,14.5409,8178.58
587,16,0,9,14.5387,8164.15
578,16,0,9,14.5357,8147.34
575,16,0,9,14.5301,8116.23
571,16,0,9,14.5272,8100.11
570,16,0,9,14.5224,8076.83
1994,16,0,9,14.5097,8012.48
562,16,0,9,14.4963,7947.42
639,16,0,9,14.4928,7929.98
638,16,0,9,14.4861,7895.95
636,16,0,9,14.4821,7875.25
64,16,0,10,14.7942,9622.94,0,0,0
195,16,0,10,14.7726,9506.69
196,16,0,10,14.7699,9487.11
205,16,0,10,14.7556,9401.03
215,16,0,10,14.7312,9246.05
225,16,0,10,14.7063,9042.22
715,16,0,10,14.6714,8851.67
714,16,0,10,14.6676,8827.83
726,16,0,10,14.6674,8825.97
529,16,0,10,14.6534,8726.36
605,16,0,10,14.638,8629.11
603,16,0,10,14.6322,8598.13
220,17,0,0,12.6302,511.167,0.0923333,402.73,0.08,1
2130,17,0,0,12.6124,417.757
215,17,0,0,12.6069,383.417
205,17,0,0,12.5789,223.068
196,17,0,0,12.565,137.521
195,17,0,0,12.5619,117.624
64,17,0,0,12.54,0
455,17,0,1,12.8172,1465.09,0.0851667,371.471,0.08,2
454,17,0,1,12.8148,1450.75
457,17,0,1,12.8081,1396.73
456,17,0,1,12.8022,1364.17
458,17,0,1,12.7923,1302.41
459,17,0,1,12.7856,1257.06
450,17,0,1,12.7693,1168.32
229,17,0,1,12.7573,1104.61
222,17,0,1,12.7326,968.676
220,17,0,1,12.7226,913.897
603,17,0,2,12.9953,2410.27,0.0631667,275.514,0.35,3
604,17,0,2,12.9913,2388.4
596,17,0,2,12.9912,2387.43
595,17,0,2,12.9852,2354.7
605,17,0,2,12.984,2346.68
529,17,0,2,12.9668,2246.67
726,17,0,2,12.952,2146.59
714,17,0,2,12.9518,2144.73
1543,17,0,2,12.9476,2114.76
459,17,0,2,12.9375,2051.66
458,17,0,2,12.93,2005.32
456,17,0,2,12.9198,1943.25
457,17,0,2,12.9125,1904.9
454,17,0,2,12.9046,1850.78
455,17,0,2,12.9023,1836.56
1108,17,0,3,13.2458,3666.45,0.0723333,315.496,0.16,4
1109,17,0,3,13.2408,3641.03
1113,17,0,3,13.2351,3611.79
1847,17,0,3,13.2235,3551.83
1086,17,0,3,13.2198,3531.64
1087,17,0,3,13.2064,3463.08
1090,17,0,3,13.1978,3418.32
1076,17,0,3,13.1797,3325
1074,17,0,3,13.1757,3304.33
1077,17,0,3,13.1623,3237.36
1080,17,0,3,13.1473,3164.01
1079,17,0,3,13.1402,3127.53
1061,17,0,3,13.136,3106.25
1063,17,0,3,13.1328,3089.4
1062,17,0,3,13.1317,3082.36
2159,17,0,3,13.1315,3081.38
1045,17,0,3,13.1308,3078.23
1012,17,0,3,13.1236,3037.24
2028,17,0,3,13.1156,2991.78
989,17,0,3,13.1121,2976.04
990,17,0,3,13.1021,2925.78
991,17,0,3,13.0995,2913.43
706,17,0,3,13.0925,2873.97
704,17,0,3,13.0898,2861.19
2179,17,0,3,13.0897,2860.33
662,17,0,3,13.0835,2830.68
602,17,0,3,13.0722,2762.55
604,17,0,3,13.0697,2745.79
596,17,0,3,13.0696,2744.82
595,17,0,3,13.0646,2716.48
603,17,0,3,13.0585,2685.78
1304,17,0,4,13.4467,4660.43,0.0735,320.585,0.21,5
952,17,0,4,13.4227,4529.11
953,17,0,4,13.4105,4468.05
2023,17,0,4,13.4096,4463.95
2108,17,0,4,13.3954,4388.29
1794,17,0,4,13.3891,4355.94
2106,17,0,4,13.3752,4282.19
2039,17,0,4,13.3567,4184.67
1106,17,0,4,13.3464,4130.27
2035,17,0,4,13.3344,4065.68
1108,17,0,4,13.3181,3981.95
1302,17,0,5,13.5673,5220,0.035,152.659,0.22,6
1303,17,0,5,13.547,5116.31
1305,17,0,5,13.5318,5040.3
1304,17,0,5,13.5202,4981.01
895,17,0,6,13.7513,6150.43,0.0823333,359.113,0.02,7
896,17,0,6,13.7476,6132.19
892,17,0,6,13.7438,6113.45
906,17,0,6,13.7312,6044.58
1555,17,0,6,13.703,5889.99
2157,17,0,6,13.6921,5836.24
2019,17,0,6,13.6652,5709.98
929,17,0,6,13.6648,5707.99
938,17,0,6,13.6528,5642.14
950,17,0,6,13.6394,5571.58
951,17,0,6,13.6323,5535.86
949,17,0,6,13.6214,5479.38
1302,17,0,6,13.6023,5372.66
978,17,0,7,14.0059,7373.93,0.0373333,162.837,0.05,8
1010,17,0,7,13.9922,7301.81
1011,17,0,7,13.9774,7227.08
1009,17,0,7,13.9711,7194.66
1038,17,0,7,13.9631,7154.76
1039,17,0,7,13.9625,7152.09
1037,17,0,7,13.9496,7091.14
1034,17,0,7,13.9399,7040.93
2032,17,0,7,13.9244,6963.33
2031,17,0,7,13.9241,6961.51
1031,17,0,7,13.9142,6914.1
1002,17,0,7,13.9,6843.38
1024,17,0,7,13.8795,6739.26
1029,17,0,7,13.8743,6713.1
1027,17,0,7,13.8622,6653
898,17,0,7,13.8521,6601.74
895,17,0,7,13.8336,6509.55
636,17,0,8,14.1229,7927.19,0.0391667,170.833,0.15,9
631,17,0,8,14.1162,7894.4
630,17,0,8,14.1104,7865.88
637,17,0,8,14.0999,7813.8
1996,17,0,8,14.0874,7750.51
1997,17,0,8,14.0835,7730.61
2027,17,0,8,14.0563,7600.39
2026,17,0,8,14.0505,7571.91
978,17,0,8,14.0432,7536.77
710,17,0,9,14.3101,8947.14,0.0876667,382.376,0.44,10
1543,17,0,9,14.2902,8831.78
715,17,0,9,14.2855,8787.3
714,17,0,9,14.2818,8763.46
726,17,0,9,14.2816,8761.6
529,17,0,9,14.2675,8661.99
605,17,0,9,14.2522,8564.73
603,17,0,9,14.2464,8533.75
604,17,0,9,14.2416,8508.34
596,17,0,9,14.2414,8507.37
580,17,0,9,14.2272,8431.16
583,17,0,9,14.2209,8401.35
587,17,0,9,14.2187,8386.92
578,17,0,9,14.2156,8370.11
575,17,0,9,14.2101,8339
571,17,0,9,14.2072,8322.88
570,17,0,9,14.2024,8299.6
1994,17,0,9,14.1896,8235.25
562,17,0,9,14.1763,8170.19
639,17,0,9,14.1728,8152.75
638,17,0,9,14.1661,8118.72
636,17,0,9,14.1621,8098.02
64,17,0,10,14.5065,10028.4,0,0,0
195,17,0,10,14.4849,9912.1
196,17,0,10,14.4822,9892.52
205,17,0,10,14.468,9806.44
215,17,0,10,14.4435,9651.47
225,17,0,10,14.4187,9447.63
1680,17,0,10,14.4159,9428.79
710,17,0,10,14.3978,9329.52
