Nodo,Individuo,Ruta,Segmento,Tiempo viaje,Costo viaje,Tiempo atencion,Costo atencion,Tasa fallo,Demanda
710,0,0,0,11.133,739.387,0.0443333,193.369,0.36,1
223,0,0,0,11.1155,646.157
1680,0,0,0,11.106,581.03
225,0,0,0,11.1032,562.11
215,0,0,0,11.0775,358.782
205,0,0,0,11.0536,204.484
196,0,0,0,11.0405,119.897
195,0,0,0,11.0379,100.335
64,0,0,0,11.02,0
603,0,0,1,11.2462,1343.94,0.109,475.425,0.32,2
604,0,0,1,11.2419,1320.8
596,0,0,1,11.2418,1319.83
595,0,0,1,11.2363,1289.42
605,0,0,1,11.2352,1281.43
529,0,0,1,11.2179,1181.4
726,0,0,1,11.202,1080.21
714,0,0,1,11.2019,1078.32
1543,0,0,1,11.197,1047.8
710,0,0,1,11.1773,932.755
455,0,0,2,11.4371,2381.1,0.0408333,178.103,0.03,3
454,0,0,2,11.4343,2365.49
457,0,0,2,11.4276,2311.52
456,0,0,2,11.4224,2282.08
458,0,0,2,11.4129,2220.94
459,0,0,2,11.407,2175.83
1543,0,0,2,11.3977,2113.6
715,0,0,2,11.3929,2069.34
714,0,0,2,11.389,2045.33
726,0,0,2,11.3888,2043.45
529,0,0,2,11.3751,1943.96
605,0,0,2,11.3603,1847.35
603,0,0,2,11.3552,1819.37
1108,0,0,3,11.7452,4036.01,0.0935,407.819,0.09,4
1109,0,0,3,11.74,4009.82
1113,0,0,3,11.7339,3978.77
1847,0,0,3,11.721,3913.57
1086,0,0,3,11.7174,3893.53
1087,0,0,3,11.7028,3820.34
1090,0,0,3,11.6941,3775.18
1076,0,0,3,11.668,3648.2
1074,0,0,3,11.6638,3627.09
1077,0,0,3,11.6543,3576.27
1080,0,0,3,11.6408,3509.06
1079,0,0,3,11.6342,3474.61
1061,0,0,3,11.6299,3453.33
1063,0,0,3,11.6264,3435.16
1062,0,0,3,11.6253,3428.08
2159,0,0,3,11.6251,3426.97
1045,0,0,3,11.6244,3423.81
1012,0,0,3,11.6172,3382.83
1014,0,0,3,11.6166,3379.96
989,0,0,3,11.6056,3321.66
990,0,0,3,11.5955,3271.4
991,0,0,3,11.5929,3259.05
706,0,0,3,11.5859,3219.58
704,0,0,3,11.5833,3206.81
2179,0,0,3,11.5831,3205.95
662,0,0,3,11.5769,3176.3
602,0,0,3,11.5655,3108.03
599,0,0,3,11.5614,3084.77
605,0,0,3,11.5573,3060.78
529,0,0,3,11.5401,2960.75
726,0,0,3,11.5242,2859.56
714,0,0,3,11.524,2857.67
1543,0,0,3,11.5192,2827.15
459,0,0,3,11.5089,2763.75
458,0,0,3,11.5024,2718.49
456,0,0,3,11.4933,2657.7
457,0,0,3,11.4879,2627.48
454,0,0,3,11.4803,2573.52
455,0,0,3,11.4779,2559.21
1304,0,0,4,11.9682,5126.45,0.0428333,186.826,0.12,5
952,0,0,4,11.9438,4993.46
953,0,0,4,11.9331,4938.69
2023,0,0,4,11.9323,4934.59
2108,0,0,4,11.9158,4849.38
1794,0,0,4,11.9087,4813.62
2106,0,0,4,11.8935,4734.25
2039,0,0,4,11.8758,4640.72
1106,0,0,4,11.8662,4588.77
2035,0,0,4,11.852,4514.72
1108,0,0,4,11.8387,4443.83
64,0,0,5,12.4984,8016.58,0,0,0
195,0,0,5,12.4693,7868.2
196,0,0,5,12.4665,7848.61
205,0,0,5,12.452,7762.16
215,0,0,5,12.4265,7605.77
225,0,0,5,12.4005,7402.57
715,0,0,5,12.3667,7216.93
714,0,0,5,12.3629,7193.05
726,0,0,5,12.3627,7191.17
529,0,0,5,12.3487,7091.56
605,0,0,5,12.3342,6995.27
603,0,0,5,12.3277,6961.17
2202,0,0,5,12.3241,6940.27
602,0,0,5,12.32,6915.19
1851,0,0,5,12.3084,6843.77
1852,0,0,5,12.3048,6824.89
706,0,0,5,12.2916,6760.53
991,0,0,5,12.2786,6695.83
2028,0,0,5,12.2665,6637.23
1012,0,0,5,12.2526,6566.81
1045,0,0,5,12.2371,6491.06
1043,0,0,5,12.234,6475.21
2158,0,0,5,12.2255,6433.19
2030,0,0,5,12.2215,6413.35
1041,0,0,5,12.2168,6388.36
1039,0,0,5,12.209,6347.89
1037,0,0,5,12.1994,6300.4
1034,0,0,5,12.1907,6254.71
2033,0,0,5,12.1852,6225.65
1053,0,0,5,12.1727,6162.64
1784,0,0,5,12.1694,6145.56
1066,0,0,5,12.1601,6097.94
2034,0,0,5,12.1358,5978.28
1850,0,0,5,12.1276,5935.15
2035,0,0,5,12.1186,5887.92
1106,0,0,5,12.1058,5820.07
2039,0,0,5,12.0992,5778.41
2106,0,0,5,12.0822,5687.76
2050,0,0,5,12.0727,5642.52
2051,0,0,5,12.0635,5591.99
2163,0,0,5,12.0292,5410.68
1304,0,0,5,12.011,5313.28
1302,0,1,0,13.7642,2766.91,0.035,152.659,0.22,1
949,0,1,0,13.7412,2642.85
2025,0,1,0,13.7377,2625.39
1598,0,1,0,13.7344,2606.63
948,0,1,0,13.7295,2579.61
928,0,1,0,13.7191,2522.31
929,0,1,0,13.6989,2416.19
2019,0,1,0,13.6985,2414.21
2157,0,1,0,13.6724,2290.85
905,0,1,0,13.6355,2102.44
889,0,1,0,13.6262,2054.31
890,0,1,0,13.6196,2018.4
2013,0,1,0,13.6001,1915.19
1988,0,1,0,13.5825,1821.32
417,0,1,0,13.562,1716.71
418,0,1,0,13.558,1695.77
419,0,1,0,13.5425,1609.96
423,0,1,0,13.5363,1573.67
609,0,1,0,13.5304,1517.35
628,0,1,0,13.5206,1443.34
561,0,1,0,13.5167,1418.58
557,0,1,0,13.5093,1371.34
554,0,1,0,13.5071,1360.2
565,0,1,0,13.497,1306.55
573,0,1,0,13.4917,1279.96
574,0,1,0,13.4844,1230.49
580,0,1,0,13.4616,1113.57
596,0,1,0,13.4555,1053.72
595,0,1,0,13.4505,1025.37
605,0,1,0,13.4493,1017.31
529,0,1,0,13.4327,918.413
726,0,1,0,13.4166,816.876
714,0,1,0,13.4164,814.998
715,0,1,0,13.4129,791.373
225,0,1,0,13.3951,630.742
215,0,1,0,13.3679,427.668
205,0,1,0,13.3369,255.297
196,0,1,0,13.3218,168.03
195,0,1,0,13.3192,148.465
64,0,1,0,13.29,0
978,0,1,1,14.0831,4355.78,0.0373333,162.837,0.05,2
1010,0,1,1,14.0682,4278.67
1011,0,1,1,14.0541,4206.68
1009,0,1,1,14.0474,4172.76
1038,0,1,1,14.0394,4132.87
1039,0,1,1,14.0388,4130.2
1037,0,1,1,14.026,4069.25
1034,0,1,1,14.0162,4019.03
2032,0,1,1,14.0008,3941.44
1050,0,1,1,13.9718,3796.99
1804,0,1,1,13.9587,3730.98
2015,0,1,1,13.9475,3674.76
2014,0,1,1,13.9393,3633.76
2017,0,1,1,13.9382,3628.07
2170,0,1,1,13.9353,3613.42
917,0,1,1,13.9291,3582.43
2016,0,1,1,13.9283,3578.62
915,0,1,1,13.9073,3473.67
1555,0,1,1,13.8999,3436.9
2157,0,1,1,13.889,3383.15
2019,0,1,1,13.8621,3256.89
929,0,1,1,13.8617,3254.9
938,0,1,1,13.8498,3189.05
950,0,1,1,13.8363,3118.49
951,0,1,1,13.8293,3082.77
949,0,1,1,13.8183,3026.3
1302,0,1,1,13.7992,2919.57
636,0,1,2,14.2001,4909.04,0.0391667,170.833,0.15,3
631,0,1,2,14.1934,4876.25
630,0,1,2,14.1876,4847.73
637,0,1,2,14.1771,4795.65
1996,0,1,2,14.1646,4732.36
1997,0,1,2,14.1607,4712.46
2027,0,1,2,14.1335,4582.24
2026,0,1,2,14.1277,4553.76
978,0,1,2,14.1204,4518.61
64,0,1,3,14.4855,6540.42,0,0,0
195,0,1,3,14.4639,6424.16
196,0,1,3,14.4612,6404.58
205,0,1,3,14.4469,6318.5
215,0,1,3,14.4225,6163.52
225,0,1,3,14.3976,5959.69
715,0,1,3,14.3627,5769.15
714,0,1,3,14.359,5745.31
726,0,1,3,14.3588,5743.45
529,0,1,3,14.3447,5643.84
605,0,1,3,14.3294,5546.58
603,0,1,3,14.3236,5515.6
604,0,1,3,14.3188,5490.19
596,0,1,3,14.3186,5489.22
580,0,1,3,14.3043,5413.01
583,0,1,3,14.2981,5383.2
587,0,1,3,14.2959,5368.77
578,0,1,3,14.2928,5351.95
575,0,1,3,14.2873,5320.85
571,0,1,3,14.2844,5304.73
570,0,1,3,14.2796,5281.45
1994,0,1,3,14.2668,5217.1
562,0,1,3,14.2535,5152.04
639,0,1,3,14.25,5134.6
638,0,1,3,14.2433,5100.57
636,0,1,3,14.2393,5079.87
220,0,2,0,11.2372,472.978,0.0955,416.542,0.04,1
2130,0,2,0,11.2224,392.48
215,0,2,0,11.2175,358.782
205,0,2,0,11.1936,204.484
196,0,2,0,11.1805,119.897
195,0,2,0,11.1779,100.335
64,0,2,0,11.16,0
895,0,2,1,11.6446,2630,0.103333,450.709,0.01,2
896,0,2,1,11.6409,2611.76
893,0,2,1,11.6297,2557.18
894,0,2,1,11.6259,2538.09
897,0,2,1,11.6063,2441.85
877,0,2,1,11.5838,2330.75
878,0,2,1,11.5775,2299.1
879,0,2,1,11.5628,2229.52
437,0,2,1,11.5584,2206.13
439,0,2,1,11.5547,2186.12
436,0,2,1,11.546,2143.25
425,0,2,1,11.5377,2101.26
426,0,2,1,11.5335,2079.17
424,0,2,1,11.5312,2065.77
613,0,2,1,11.5266,2039.6
611,0,2,1,11.5216,2007.4
609,0,2,1,11.5198,1989.33
628,0,2,1,11.5071,1912.89
561,0,2,1,11.5031,1887.85
557,0,2,1,11.495,1839.77
554,0,2,1,11.4935,1831.3
565,0,2,1,11.4859,1788.37
573,0,2,1,11.4806,1761.78
574,0,2,1,11.4716,1709.98
580,0,2,1,11.4532,1611.71
596,0,2,1,11.447,1551.85
595,0,2,1,11.4415,1521.44
605,0,2,1,11.4404,1513.45
529,0,2,1,11.4232,1413.43
726,0,2,1,11.4073,1312.23
714,0,2,1,11.4071,1310.35
1543,0,2,1,11.4023,1279.82
459,0,2,1,11.392,1216.42
450,0,2,1,11.3768,1132.53
229,0,2,1,11.3673,1079.68
222,0,2,1,11.343,945.57
220,0,2,1,11.3327,889.52
64,0,2,2,12.0846,5087.68,0,0,0
195,0,2,2,12.0625,4969.45
196,0,2,2,12.0596,4949.72
205,0,2,2,12.0457,4864.16
215,0,2,2,12.0201,4707.72
225,0,2,2,11.9948,4504.2
715,0,2,2,11.9667,4339.18
714,0,2,2,11.9628,4315.17
726,0,2,2,11.9626,4313.29
529,0,2,2,11.9489,4213.8
605,0,2,2,11.9341,4117.19
603,0,2,2,11.929,4089.21
604,0,2,2,11.9247,4066.06
596,0,2,2,11.9246,4065.09
580,0,2,2,11.9162,4006.82
574,0,2,2,11.8989,3913.58
573,0,2,2,11.8888,3857.68
564,0,2,2,11.8812,3816.52
557,0,2,2,11.8751,3782.53
561,0,2,2,11.8684,3736.01
628,0,2,2,11.8639,3710.37
609,0,2,2,11.8511,3633.71
423,0,2,2,11.8453,3577.39
419,0,2,2,11.8406,3542.95
420,0,2,2,11.8346,3507.01
431,0,2,2,11.8148,3409.97
434,0,2,2,11.8083,3379.36
873,0,2,2,11.804,3356.34
874,0,2,2,11.7909,3293.1
870,0,2,2,11.785,3263.21
894,0,2,2,11.758,3130.69
895,0,2,2,11.7479,3080.71
220,1,0,0,13.0102,511.167,0.072,314.042,0.12,1
2130,1,0,0,12.9924,417.757
215,1,0,0,12.9869,383.417
205,1,0,0,12.9589,223.068
196,1,0,0,12.945,137.521
195,1,0,0,12.9419,117.624
64,1,0,0,12.92,0
710,1,0,1,13.149,1171.13,0.0466667,203.546,0.45,2
223,1,0,1,13.1299,1071.11
224,1,0,1,13.1066,958.91
222,1,0,1,13.0909,874.132
220,1,0,1,13.0822,825.209
455,1,0,2,13.2563,1763.6,0.0423333,184.645,0.11,3
454,1,0,2,13.2531,1746.22
457,1,0,2,13.2465,1692.15
456,1,0,2,13.2416,1663.11
458,1,0,2,13.2323,1602.2
459,1,0,2,13.2257,1556.85
1543,1,0,2,13.2171,1495.04
710,1,0,2,13.1956,1374.67
1108,1,0,3,13.5622,3410.34,0.0723333,315.496,0.16,4
1109,1,0,3,13.5582,3388.96
1113,1,0,3,13.5518,3356.71
1847,1,0,3,13.54,3296.07
1086,1,0,3,13.5363,3275.89
1087,1,0,3,13.5229,3207.33
1090,1,0,3,13.5143,3162.57
1076,1,0,3,13.4962,3069.24
1074,1,0,3,13.4922,3048.58
1077,1,0,3,13.4788,2981.61
1080,1,0,3,13.4639,2908.26
1079,1,0,3,13.4567,2871.78
1061,1,0,3,13.4525,2850.49
1063,1,0,3,13.4493,2833.65
1062,1,0,3,13.4483,2826.61
2159,1,0,3,13.4481,2825.63
1045,1,0,3,13.4474,2822.48
1012,1,0,3,13.4402,2781.49
2028,1,0,3,13.4321,2736.03
989,1,0,3,13.4287,2720.29
990,1,0,3,13.4186,2670.03
991,1,0,3,13.416,2657.68
706,1,0,3,13.409,2618.21
704,1,0,3,13.4064,2605.44
2179,1,0,3,13.4062,2604.58
662,1,0,3,13.4,2574.93
602,1,0,3,13.3887,2506.79
599,1,0,3,13.3842,2482.09
605,1,0,3,13.3791,2453.97
529,1,0,3,13.3625,2355.08
726,1,0,3,13.3464,2253.54
714,1,0,3,13.3462,2251.66
1543,1,0,3,13.3404,2219.22
459,1,0,3,13.3303,2156.04
458,1,0,3,13.3236,2110.63
456,1,0,3,13.315,2050.23
457,1,0,3,13.309,2017.18
454,1,0,3,13.3013,1963.2
455,1,0,3,13.2986,1948.24
1304,1,0,4,13.7632,4404.31,0.0735,320.585,0.21,5
952,1,0,4,13.7391,4272.99
953,1,0,4,13.7269,4211.94
2023,1,0,4,13.7261,4207.84
2108,1,0,4,13.7119,4132.18
1794,1,0,4,13.7056,4099.83
2106,1,0,4,13.6917,4026.08
2039,1,0,4,13.6731,3928.56
1106,1,0,4,13.6629,3874.16
2035,1,0,4,13.6509,3809.57
1108,1,0,4,13.6346,3725.83
1302,1,0,5,13.8838,4963.89,0.035,152.659,0.22,6
1303,1,0,5,13.8634,4860.2
1305,1,0,5,13.8482,4784.18
1304,1,0,5,13.8367,4724.9
895,1,0,6,14.0677,5894.32,0.081,353.298,0.02,7
896,1,0,6,14.064,5876.08
892,1,0,6,14.0603,5857.33
906,1,0,6,14.0477,5788.47
1555,1,0,6,14.0195,5633.87
2157,1,0,6,14.0085,5580.12
2019,1,0,6,13.9817,5453.86
929,1,0,6,13.9813,5451.88
938,1,0,6,13.9693,5386.03
950,1,0,6,13.9558,5315.47
951,1,0,6,13.9488,5279.75
949,1,0,6,13.9378,5223.27
1302,1,0,6,13.9188,5116.55
978,1,0,7,14.3147,7086.98,0.0373333,162.837,0.05,8
1010,1,0,7,14.2999,7010.21
1011,1,0,7,14.2856,6937.58
1009,1,0,7,14.28,6908.14
1038,1,0,7,14.2718,6867.54
1039,1,0,7,14.2713,6864.87
1037,1,0,7,14.2614,6816.31
1034,1,0,7,14.2532,6772.47
2032,1,0,7,14.2377,6694.87
1050,1,0,7,14.2114,6561.09
1049,1,0,7,14.2113,6561
1025,1,0,7,14.204,6523.3
1029,1,0,7,14.1909,6457.51
1027,1,0,7,14.1781,6394.14
898,1,0,7,14.1677,6341.65
895,1,0,7,14.1487,6247.62
636,1,0,8,14.4317,7640.24,0.0391667,170.833,0.15,9
631,1,0,8,14.425,7607.45
630,1,0,8,14.4192,7578.93
637,1,0,8,14.4087,7526.85
1996,1,0,8,14.3962,7463.56
1997,1,0,8,14.3923,7443.66
2027,1,0,8,14.3651,7313.44
2026,1,0,8,14.3593,7284.96
978,1,0,8,14.352,7249.82
603,1,0,9,14.5552,8246.8,0.0658333,287.145,0.35,10
604,1,0,9,14.5504,8221.39
596,1,0,9,14.5502,8220.42
580,1,0,9,14.536,8144.21
583,1,0,9,14.5297,8114.4
587,1,0,9,14.5275,8099.97
578,1,0,9,14.5244,8083.16
575,1,0,9,14.5189,8052.05
571,1,0,9,14.516,8035.93
570,1,0,9,14.5112,8012.65
1994,1,0,9,14.4984,7948.3
562,1,0,9,14.4851,7883.24
639,1,0,9,14.4816,7865.8
638,1,0,9,14.4749,7831.77
636,1,0,9,14.4709,7811.07
64,1,0,10,14.7829,9558.76,0,0,0
195,1,0,10,14.7614,9442.51
196,1,0,10,14.7586,9422.93
205,1,0,10,14.7444,9336.85
215,1,0,10,14.72,9181.87
225,1,0,10,14.6951,8978.04
715,1,0,10,14.6601,8787.49
714,1,0,10,14.6564,8763.65
726,1,0,10,14.6562,8761.79
529,1,0,10,14.6422,8662.18
605,1,0,10,14.6268,8564.93
603,1,0,10,14.621,8533.95
220,2,0,0,11.7472,472.978,0.0955,416.542,0.04,1
2130,2,0,0,11.7324,392.48
215,2,0,0,11.7275,358.782
205,2,0,0,11.7036,204.484
196,2,0,0,11.6905,119.897
195,2,0,0,11.6879,100.335
64,2,0,0,11.67,0
710,2,0,1,11.9004,1198.14,0.0443333,193.369,0.36,2
223,2,0,1,11.8829,1104.91
224,2,0,1,11.8688,1031.05
222,2,0,1,11.853,945.57
220,2,0,1,11.8427,889.52
603,2,0,2,12.0136,1802.69,0.0631667,275.514,0.35,3
604,2,0,2,12.0093,1779.55
596,2,0,2,12.0092,1778.58
595,2,0,2,12.0037,1748.17
605,2,0,2,12.0026,1740.18
529,2,0,2,11.9853,1640.15
726,2,0,2,11.9695,1538.96
714,2,0,2,11.9693,1537.07
1543,2,0,2,11.9644,1506.55
710,2,0,2,11.9447,1391.51
1108,2,0,3,12.2652,3060.77,0.0588333,256.613,0.13,4
1109,2,0,3,12.2611,3039.24
1113,2,0,3,12.2538,3003.3
1847,2,0,3,12.2408,2937.45
1086,2,0,3,12.2371,2917.22
1087,2,0,3,12.2234,2847.43
1090,2,0,3,12.2142,2800.18
1076,2,0,3,12.1911,2685.99
1074,2,0,3,12.1872,2665.6
1077,2,0,3,12.1768,2611.54
1080,2,0,3,12.1636,2545.1
1079,2,0,3,12.1559,2506.41
1061,2,0,3,12.1517,2485.13
1063,2,0,3,12.1482,2467.32
1062,2,0,3,12.1472,2460.25
2159,2,0,3,12.147,2459.35
1045,2,0,3,12.1463,2456.2
1012,2,0,3,12.1391,2415.21
1014,2,0,3,12.1387,2413.01
989,2,0,3,12.1282,2357.15
990,2,0,3,12.1181,2306.89
704,2,0,3,12.1068,2249.15
2179,2,0,3,12.1066,2248.28
662,2,0,3,12.1004,2218.64
602,2,0,3,12.0895,2150.94
604,2,0,3,12.087,2134.26
596,2,0,3,12.0869,2133.29
595,2,0,3,12.0809,2100.55
603,2,0,3,12.0767,2078.21
1304,2,0,4,12.4569,4012.03,0.0815,355.478,0.17,5
2163,2,0,4,12.4359,3902.29
2051,2,0,4,12.4023,3724.2
2050,2,0,4,12.3912,3665.19
2106,2,0,4,12.3842,3630.46
2039,2,0,4,12.3665,3536.49
1106,2,0,4,12.3566,3483.54
2035,2,0,4,12.3441,3416.72
1108,2,0,4,12.324,3317.39
1302,2,0,5,12.5844,4601.51,0.106833,465.975,0.24,6
1303,2,0,5,12.564,4497.98
1305,2,0,5,12.5505,4429.06
1304,2,0,5,12.5384,4367.51
895,2,0,6,12.857,5916.22,0.0435,189.734,0.02,7
896,2,0,6,12.8533,5897.98
892,2,0,6,12.8498,5880.2
906,2,0,6,12.8316,5787.4
1555,2,0,6,12.8061,5644.65
2157,2,0,6,12.7935,5584.01
2019,2,0,6,12.7644,5448.84
929,2,0,6,12.764,5446.85
938,2,0,6,12.7519,5380.72
950,2,0,6,12.736,5299.7
951,2,0,6,12.7295,5266.44
949,2,0,6,12.7179,5207.16
1302,2,0,6,12.6912,5067.49
978,2,0,7,13.0685,6954.91,0.0648333,282.783,0.06,8
1010,2,0,7,13.0528,6874.76
1011,2,0,7,13.0394,6805.35
1009,2,0,7,13.0342,6777.73
1041,2,0,7,13.0341,6777.04
1039,2,0,7,13.0263,6736.56
1037,2,0,7,13.0167,6689.08
1034,2,0,7,13.008,6643.39
2032,2,0,7,12.9926,6565.8
1050,2,0,7,12.9613,6411.7
1049,2,0,7,12.9613,6411.61
1025,2,0,7,12.9525,6367.95
1029,2,0,7,12.9392,6301.12
1027,2,0,7,12.9274,6242.16
898,2,0,7,12.9192,6198.63
895,2,0,7,12.9005,6105.96
636,2,0,8,13.2106,7619.12,0.0665,290.053,0.15,9
633,2,0,8,13.2049,7589.59
639,2,0,8,13.2015,7571.45
1993,2,0,8,13.1899,7513.16
1995,2,0,8,13.183,7478.8
1996,2,0,8,13.1769,7448.85
1997,2,0,8,13.173,7428.95
2027,2,0,8,13.1481,7308.18
2026,2,0,8,13.1423,7279.69
978,2,0,8,13.1333,7237.69
455,2,0,9,13.4397,8778.28,0.0423333,184.645,0.11,10
453,2,0,9,13.4311,8712.82
452,2,0,9,13.4188,8625.5
1678,2,0,9,13.4031,8541.11
474,2,0,9,13.3831,8441.6
2140,2,0,9,13.3749,8403.76
475,2,0,9,13.3682,8372.49
499,2,0,9,13.3605,8332.9
500,2,0,9,13.3559,8309.5
518,2,0,9,13.3503,8281.31
1754,2,0,9,13.3371,8219.45
540,2,0,9,13.3286,8175.55
541,2,0,9,13.3178,8120.4
572,2,0,9,13.3091,8074.65
1994,2,0,9,13.2994,8024.37
562,2,0,9,13.2899,7975.32
639,2,0,9,13.2864,7957.88
638,2,0,9,13.2812,7930.09
636,2,0,9,13.2771,7909.17
64,2,0,10,13.6605,9954.86,0,0,0
63,2,0,10,13.655,9924.51
199,2,0,10,13.6166,9728.31
202,2,0,10,13.5951,9612.27
208,2,0,10,13.5833,9540.49
170,2,0,10,13.5597,9416.25
176,2,0,10,13.5596,9415.93
183,2,0,10,13.5423,9319.66
192,2,0,10,13.5377,9288.55
458,2,0,10,13.507,9125.31
456,2,0,10,13.4984,9064.91
457,2,0,10,13.4924,9031.86
454,2,0,10,13.4847,8977.88
455,2,0,10,13.4821,8962.92
220,3,0,0,11.0872,472.978,0.0955,416.542,0.04,1
2130,3,0,0,11.0724,392.48
215,3,0,0,11.0675,358.782
205,3,0,0,11.0436,204.484
196,3,0,0,11.0305,119.897
195,3,0,0,11.0279,100.335
64,3,0,0,11.01,0
455,3,0,1,11.2721,1421.69,0.0408333,178.103,0.03,2
454,3,0,1,11.2693,1406.07
457,3,0,1,11.2625,1352.11
456,3,0,1,11.2574,1322.67
458,3,0,1,11.2479,1261.52
459,3,0,1,11.242,1216.42
450,3,0,1,11.2268,1132.53
229,3,0,1,11.2173,1079.68
222,3,0,1,11.193,945.57
220,3,0,1,11.1827,889.52
603,3,0,2,11.4033,2163.88,0.109,475.425,0.32,3
604,3,0,2,11.3991,2140.74
596,3,0,2,11.3989,2139.76
595,3,0,2,11.3934,2109.36
605,3,0,2,11.3923,2101.36
529,3,0,2,11.3751,2001.34
726,3,0,2,11.3592,1900.14
714,3,0,2,11.359,1898.26
1543,3,0,2,11.3542,1867.73
459,3,0,2,11.3439,1804.33
458,3,0,2,11.3374,1759.07
456,3,0,2,11.3283,1698.29
457,3,0,2,11.3229,1668.07
454,3,0,2,11.3153,1614.11
455,3,0,2,11.3129,1599.79
1108,3,0,3,11.7045,3638.42,0.0935,407.819,0.09,4
1109,3,0,3,11.7001,3615.75
1113,3,0,3,11.6932,3581.6
1847,3,0,3,11.6798,3514.08
1086,3,0,3,11.6762,3494.04
1087,3,0,3,11.6617,3420.85
1090,3,0,3,11.653,3375.69
1076,3,0,3,11.6268,3248.71
1074,3,0,3,11.6227,3227.6
1077,3,0,3,11.6131,3176.78
1080,3,0,3,11.5996,3109.57
1079,3,0,3,11.593,3075.12
1061,3,0,3,11.5887,3053.83
1063,3,0,3,11.5852,3035.67
1062,3,0,3,11.5841,3028.59
2159,3,0,3,11.5839,3027.47
1045,3,0,3,11.5832,3024.32
1012,3,0,3,11.576,2983.34
1014,3,0,3,11.5754,2980.47
989,3,0,3,11.5644,2922.17
990,3,0,3,11.5543,2871.91
991,3,0,3,11.5517,2859.55
706,3,0,3,11.5447,2820.09
704,3,0,3,11.5421,2807.32
2179,3,0,3,11.5419,2806.46
662,3,0,3,11.5357,2776.81
602,3,0,3,11.5244,2708.53
604,3,0,3,11.5218,2691.73
596,3,0,3,11.5217,2690.76
595,3,0,3,11.5162,2660.35
603,3,0,3,11.5123,2639.3
1304,3,0,4,11.9275,4728.86,0.0428333,186.826,0.12,5
952,3,0,4,11.9031,4595.87
953,3,0,4,11.8923,4541.1
2023,3,0,4,11.8915,4537
2108,3,0,4,11.8751,4451.79
1794,3,0,4,11.868,4416.03
2106,3,0,4,11.8527,4336.66
2039,3,0,4,11.8351,4243.13
1106,3,0,4,11.8255,4191.18
2035,3,0,4,11.8112,4117.13
1108,3,0,4,11.798,4046.24
64,3,0,5,12.434,7536.42,0,0,0
195,3,0,5,12.412,7418.19
196,3,0,5,12.409,7398.46
205,3,0,5,12.3951,7312.9
215,3,0,5,12.3696,7156.46
225,3,0,5,12.3442,6952.95
715,3,0,5,12.3187,6791.69
714,3,0,5,12.3147,6767.51
726,3,0,5,12.3145,6765.64
529,3,0,5,12.3006,6666.11
605,3,0,5,12.2861,6569.75
603,3,0,5,12.2816,6544.3
2202,3,0,5,12.2783,6523.75
602,3,0,5,12.2742,6498.79
1851,3,0,5,12.2624,6427.1
1852,3,0,5,12.2575,6402.81
706,3,0,5,12.2459,6344.95
991,3,0,5,12.2324,6277.88
2028,3,0,5,12.2213,6223.33
1012,3,0,5,12.2081,6156.06
1014,3,0,5,12.2075,6153.19
1048,3,0,5,12.199,6108.01
2159,3,0,5,12.1959,6092.61
1045,3,0,5,12.1952,6089.46
1043,3,0,5,12.1918,6072.26
2158,3,0,5,12.185,6037.66
2030,3,0,5,12.181,6017.82
1041,3,0,5,12.1759,5991.11
1039,3,0,5,12.1679,5950.02
1037,3,0,5,12.1588,5904.58
1034,3,0,5,12.1488,5853.3
2033,3,0,5,12.1437,5825.89
1053,3,0,5,12.1323,5767.4
1784,3,0,5,12.1288,5749.15
1066,3,0,5,12.1191,5700.08
2034,3,0,5,12.0994,5599.33
1850,3,0,5,12.0906,5553.83
2035,3,0,5,12.0828,5511.79
1106,3,0,5,12.0684,5437.21
2039,3,0,5,12.0619,5395.7
2106,3,0,5,12.0457,5308.18
2050,3,0,5,12.0371,5266.74
2051,3,0,5,12.0249,5203.16
2163,3,0,5,11.9901,5020.25
1304,3,0,5,11.9703,4915.69
1302,3,1,0,13.7642,2766.91,0.035,152.659,0.22,1
949,3,1,0,13.7412,2642.85
2025,3,1,0,13.7377,2625.39
1598,3,1,0,13.7344,2606.63
948,3,1,0,13.7295,2579.61
928,3,1,0,13.7191,2522.31
929,3,1,0,13.6989,2416.19
2019,3,1,0,13.6985,2414.21
2157,3,1,0,13.6724,2290.85
905,3,1,0,13.6355,2102.44
889,3,1,0,13.6262,2054.31
890,3,1,0,13.6196,2018.4
2013,3,1,0,13.6001,1915.19
1988,3,1,0,13.5825,1821.32
417,3,1,0,13.562,1716.71
418,3,1,0,13.558,1695.77
419,3,1,0,13.5425,1609.96
423,3,1,0,13.5363,1573.67
609,3,1,0,13.5304,1517.35
628,3,1,0,13.5206,1443.34
561,3,1,0,13.5167,1418.58
557,3,1,0,13.5093,1371.34
554,3,1,0,13.5071,1360.2
565,3,1,0,13.497,1306.55
573,3,1,0,13.4917,1279.96
574,3,1,0,13.4844,1230.49
580,3,1,0,13.4616,1113.57
596,3,1,0,13.4555,1053.72
595,3,1,0,13.4505,1025.37
605,3,1,0,13.4493,1017.31
529,3,1,0,13.4327,918.413
726,3,1,0,13.4166,816.876
714,3,1,0,13.4164,814.998
715,3,1,0,13.4129,791.373
225,3,1,0,13.3951,630.742
215,3,1,0,13.3679,427.668
205,3,1,0,13.3369,255.297
196,3,1,0,13.3218,168.03
195,3,1,0,13.3192,148.465
64,3,1,0,13.29,0
895,3,1,1,13.9482,3697.34,0.0823333,359.113,0.02,2
896,3,1,1,13.9445,3679.1
892,3,1,1,13.9408,3660.36
906,3,1,1,13.9281,3591.5
1555,3,1,1,13.8999,3436.9
2157,3,1,1,13.889,3383.15
2019,3,1,1,13.8621,3256.89
929,3,1,1,13.8617,3254.9
938,3,1,1,13.8498,3189.05
950,3,1,1,13.8363,3118.49
951,3,1,1,13.8293,3082.77
949,3,1,1,13.8183,3026.3
1302,3,1,1,13.7992,2919.57
636,3,1,2,14.1721,4856.79,0.0391667,170.833,0.15,3
633,3,1,2,14.1645,4819.58
563,3,1,2,14.1592,4794.58
564,3,1,2,14.1538,4765.37
557,3,1,2,14.1478,4731.82
561,3,1,2,14.1417,4685.46
628,3,1,2,14.1382,4660.99
609,3,1,2,14.1271,4586.36
423,3,1,2,14.1212,4530.04
419,3,1,2,14.117,4495.45
420,3,1,2,14.1118,4460.52
431,3,1,2,14.0923,4364.46
434,3,1,2,14.0858,4333.85
873,3,1,2,14.08,4304.76
874,3,1,2,14.0692,4251.06
870,3,1,2,14.0627,4218.53
894,3,1,2,14.0408,4107.4
895,3,1,2,14.0305,4056.46
978,3,1,3,14.3102,5518.39,0.0373333,162.837,0.05,4
1010,3,1,3,14.2954,5441.62
2026,3,1,3,14.2638,5290.77
2027,3,1,3,14.2583,5263.6
1998,3,1,3,14.2481,5211.43
1997,3,1,3,14.2398,5169.19
1996,3,1,3,14.2341,5141.87
1995,3,1,3,14.2268,5107.03
638,3,1,3,14.2152,5048.32
636,3,1,3,14.2112,5027.62
64,3,1,4,14.6099,7218.79,0,0,0
195,3,1,4,14.5886,7103.78
196,3,1,4,14.5859,7084.2
205,3,1,4,14.5716,6998.12
215,3,1,4,14.5472,6843.14
225,3,1,4,14.5224,6639.31
715,3,1,4,14.4874,6448.76
714,3,1,4,14.4837,6424.92
726,3,1,4,14.4835,6423.06
529,3,1,4,14.4694,6323.45
605,3,1,4,14.4541,6226.19
603,3,1,4,14.4483,6195.21
2202,3,1,4,14.445,6174.68
602,3,1,4,14.4412,6150.08
1851,3,1,4,14.4308,6080.05
1852,3,1,4,14.4231,6044.22
706,3,1,4,14.4102,5981.06
703,3,1,4,14.404,5950.65
1542,3,1,4,14.3943,5903.99
698,3,1,4,14.3869,5869.47
700,3,1,4,14.3801,5836.84
690,3,1,4,14.3651,5765.84
979,3,1,4,14.3569,5727.81
980,3,1,4,14.3511,5699.41
978,3,1,4,14.3475,5681.22
710,3,2,0,11.273,739.387,0.0443333,193.369,0.36,1
223,3,2,0,11.2555,646.157
1680,3,2,0,11.246,581.03
225,3,2,0,11.2432,562.11
215,3,2,0,11.2175,358.782
205,3,2,0,11.1936,204.484
196,3,2,0,11.1805,119.897
195,3,2,0,11.1779,100.335
64,3,2,0,11.16,0
64,3,2,1,11.4178,1615.64,0,0,0
195,3,2,1,11.3966,1500.96
196,3,2,1,11.3938,1481.35
205,3,2,1,11.3814,1397.44
215,3,2,1,11.3615,1245.35
225,3,2,1,11.3362,1041.78
1680,3,2,1,11.3333,1022.76
710,3,2,1,11.3173,932.755
220,4,0,0,12.2402,511.167,0.0923333,402.73,0.08,1
2130,4,0,0,12.2224,417.757
215,4,0,0,12.2169,383.417
205,4,0,0,12.1889,223.068
196,4,0,0,12.175,137.521
195,4,0,0,12.1719,117.624
64,4,0,0,12.15,0
603,4,0,1,12.4534,1615.67,0.0631667,275.514,0.35,2
604,4,0,1,12.4495,1593.8
596,4,0,1,12.4493,1592.83
595,4,0,1,12.4433,1560.09
605,4,0,1,12.4421,1552.08
529,4,0,1,12.4249,1452.07
726,4,0,1,12.4101,1351.99
714,4,0,1,12.4099,1350.12
1543,4,0,1,12.4057,1320.16
459,4,0,1,12.3956,1257.06
450,4,0,1,12.3793,1168.32
229,4,0,1,12.3673,1104.61
222,4,0,1,12.3426,968.676
220,4,0,1,12.3326,913.897
1108,4,0,2,12.705,2873.75,0.0588333,256.613,0.13,3
1109,4,0,2,12.7009,2852.21
1113,4,0,2,12.6937,2816.27
1847,4,0,2,12.6806,2750.43
1086,4,0,2,12.677,2730.19
1087,4,0,2,12.6632,2660.4
1090,4,0,2,12.654,2613.15
1076,4,0,2,12.631,2498.97
1074,4,0,2,12.627,2478.57
1077,4,0,2,12.6167,2424.52
1080,4,0,2,12.6034,2358.07
1079,4,0,2,12.5958,2319.39
1061,4,0,2,12.5915,2298.1
1063,4,0,2,12.5881,2280.29
1062,4,0,2,12.587,2273.22
2159,4,0,2,12.5868,2272.32
1045,4,0,2,12.5862,2269.17
1012,4,0,2,12.5789,2228.18
1014,4,0,2,12.5785,2225.98
989,4,0,2,12.568,2170.12
990,4,0,2,12.558,2119.86
704,4,0,2,12.5467,2062.12
2179,4,0,2,12.5465,2061.26
662,4,0,2,12.5403,2031.61
602,4,0,2,12.5293,1963.92
604,4,0,2,12.5269,1947.23
596,4,0,2,12.5268,1946.26
595,4,0,2,12.5207,1913.53
603,4,0,2,12.5166,1891.18
1304,4,0,3,12.8968,3825,0.0815,355.478,0.17,4
2163,4,0,3,12.8758,3715.26
2051,4,0,3,12.8422,3537.17
2050,4,0,3,12.831,3478.16
2106,4,0,3,12.8241,3443.43
2039,4,0,3,12.8063,3349.46
1106,4,0,3,12.7964,3296.52
2035,4,0,3,12.7839,3229.69
1108,4,0,3,12.7639,3130.36
1302,4,0,4,13.0242,4414.49,0.035,152.659,0.22,5
1303,4,0,4,13.0039,4310.95
1305,4,0,4,12.9904,4242.04
1304,4,0,4,12.9783,4180.48
895,4,0,5,13.2082,5344.92,0.0823333,359.113,0.02,6
896,4,0,5,13.2045,5326.68
892,4,0,5,13.2007,5307.93
906,4,0,5,13.1881,5239.07
1555,4,0,5,13.1599,5084.47
2157,4,0,5,13.149,5030.72
2019,4,0,5,13.1221,4904.46
929,4,0,5,13.1217,4902.47
938,4,0,5,13.1097,4836.62
950,4,0,5,13.0962,4766.06
951,4,0,5,13.0892,4730.35
949,4,0,5,13.0782,4673.87
1302,4,0,5,13.0592,4567.15
978,4,0,6,13.4628,6568.41,0.0648333,282.783,0.06,7
1010,4,0,6,13.449,6496.29
1011,4,0,6,13.4343,6421.57
1009,4,0,6,13.428,6389.14
1038,4,0,6,13.42,6349.25
1039,4,0,6,13.4194,6346.57
1037,4,0,6,13.4065,6285.62
1034,4,0,6,13.3968,6235.41
2032,4,0,6,13.3813,6157.81
2031,4,0,6,13.381,6155.99
1031,4,0,6,13.3711,6108.59
1002,4,0,6,13.3569,6037.86
1024,4,0,6,13.3364,5933.74
1029,4,0,6,13.3312,5907.58
1027,4,0,6,13.3191,5847.48
898,4,0,6,13.309,5796.22
895,4,0,6,13.2905,5704.03
636,4,0,7,13.6049,7232.63,0.0665,290.053,0.15,8
633,4,0,7,13.5993,7203.09
639,4,0,7,13.5958,7184.95
1993,4,0,7,13.5842,7126.67
1995,4,0,7,13.5773,7092.3
1996,4,0,7,13.5712,7062.36
1997,4,0,7,13.5673,7042.46
2027,4,0,7,13.5424,6921.68
2026,4,0,7,13.5366,6893.2
978,4,0,7,13.5276,6851.2
455,4,0,8,13.834,8391.78,0.0423333,184.645,0.11,9
453,4,0,8,13.8254,8326.32
452,4,0,8,13.8132,8239
1678,4,0,8,13.7974,8154.62
474,4,0,8,13.7774,8055.1
2140,4,0,8,13.7692,8017.27
475,4,0,8,13.7626,7986
499,4,0,8,13.7548,7946.41
500,4,0,8,13.7502,7923
518,4,0,8,13.7446,7894.82
1754,4,0,8,13.7314,7832.96
540,4,0,8,13.7229,7789.06
541,4,0,8,13.7121,7733.91
572,4,0,8,13.7035,7688.15
1994,4,0,8,13.6937,7637.87
562,4,0,8,13.6842,7588.83
639,4,0,8,13.6807,7571.38
638,4,0,8,13.6755,7543.59
636,4,0,8,13.6714,7522.68
710,4,0,9,13.9414,8975.63,0.0466667,203.546,0.45,10
1543,4,0,9,13.9181,8847.41
459,4,0,9,13.908,8784.22
458,4,0,9,13.9013,8738.82
456,4,0,9,13.8927,8678.42
457,4,0,9,13.8867,8645.37
454,4,0,9,13.879,8591.39
455,4,0,9,13.8764,8576.43
64,4,0,10,14.1128,9926.23,0,0,0
195,4,0,10,14.0885,9798.57
196,4,0,10,14.0858,9778.97
205,4,0,10,14.0708,9691.85
215,4,0,10,14.0393,9517.54
225,4,0,10,14.0133,9314.3
1680,4,0,10,14.01,9294.71
710,4,0,10,13.9881,9179.18
220,5,0,0,11.0872,472.978,0.0955,416.542,0.04,1
2130,5,0,0,11.0724,392.48
215,5,0,0,11.0675,358.782
205,5,0,0,11.0436,204.484
196,5,0,0,11.0305,119.897
195,5,0,0,11.0279,100.335
64,5,0,0,11.01,0
710,5,0,1,11.2404,1198.14,0.0443333,193.369,0.36,2
223,5,0,1,11.2229,1104.91
224,5,0,1,11.2088,1031.05
222,5,0,1,11.193,945.57
220,5,0,1,11.1827,889.52
455,5,0,2,11.3438,1774.06,0.0408333,178.103,0.03,3
454,5,0,2,11.341,1758.44
457,5,0,2,11.3343,1704.48
456,5,0,2,11.3291,1675.03
458,5,0,2,11.3196,1613.89
459,5,0,2,11.3137,1568.78
1543,5,0,2,11.3044,1506.55
710,5,0,2,11.2847,1391.51
603,5,0,3,11.475,2516.24,0.109,475.425,0.32,4
604,5,0,3,11.4708,2493.1
596,5,0,3,11.4706,2492.13
595,5,0,3,11.4652,2461.72
605,5,0,3,11.464,2453.73
529,5,0,3,11.4468,2353.71
726,5,0,3,11.4309,2252.51
714,5,0,3,11.4307,2250.62
1543,5,0,3,11.4259,2220.1
459,5,0,3,11.4156,2156.7
458,5,0,3,11.4091,2111.44
456,5,0,3,11.4,2050.65
457,5,0,3,11.3946,2020.43
454,5,0,3,11.387,1966.47
455,5,0,3,11.3846,1952.16
1108,5,0,4,11.7762,3990.79,0.0935,407.819,0.09,5
1109,5,0,4,11.7718,3968.11
1113,5,0,4,11.765,3933.96
1847,5,0,4,11.7515,3866.44
1086,5,0,4,11.7479,3846.41
1087,5,0,4,11.7334,3773.22
1090,5,0,4,11.7247,3728.06
1076,5,0,4,11.6985,3601.08
1074,5,0,4,11.6944,3579.96
1077,5,0,4,11.6848,3529.14
1080,5,0,4,11.6713,3461.94
1079,5,0,4,11.6647,3427.48
1061,5,0,4,11.6605,3406.2
1063,5,0,4,11.6569,3388.03
1062,5,0,4,11.6559,3380.95
2159,5,0,4,11.6556,3379.84
1045,5,0,4,11.6549,3376.69
1012,5,0,4,11.6477,3335.7
1014,5,0,4,11.6472,3332.84
989,5,0,4,11.6361,3274.53
990,5,0,4,11.6261,3224.27
991,5,0,4,11.6235,3211.92
706,5,0,4,11.6165,3172.46
704,5,0,4,11.6138,3159.68
2179,5,0,4,11.6136,3158.82
662,5,0,4,11.6074,3129.17
602,5,0,4,11.5961,3060.9
604,5,0,4,11.5935,3044.1
596,5,0,4,11.5934,3043.13
595,5,0,4,11.5879,3012.72
603,5,0,4,11.584,2991.67
1304,5,0,5,11.9992,5081.23,0.0428333,186.826,0.12,6
952,5,0,5,11.9748,4948.24
953,5,0,5,11.9641,4893.46
2023,5,0,5,11.9632,4889.36
2108,5,0,5,11.9468,4804.15
1794,5,0,5,11.9397,4768.39
2106,5,0,5,11.9245,4689.02
2039,5,0,5,11.9068,4595.49
1106,5,0,5,11.8972,4543.54
2035,5,0,5,11.883,4469.49
1108,5,0,5,11.8697,4398.6
895,5,0,6,12.1981,6068.38,0.0435,189.734,0.02,7
907,5,0,6,12.1824,5991.05
908,5,0,6,12.1733,5945.57
2014,5,0,6,12.1727,5942.89
2017,5,0,6,12.1716,5937.2
2170,5,0,6,12.1688,5923.01
1738,5,0,6,12.1514,5836.08
1737,5,0,6,12.1447,5802.3
936,5,0,6,12.1295,5723.39
933,5,0,6,12.1289,5720.45
934,5,0,6,12.1234,5682.8
935,5,0,6,12.1229,5680.19
2020,5,0,6,12.1118,5623.21
1787,5,0,6,12.0922,5526.06
1788,5,0,6,12.0914,5522.36
1789,5,0,6,12.08,5465.37
952,5,0,6,12.0711,5420.92
1304,5,0,6,12.042,5268.05
64,5,0,7,12.6024,8376.44,0,0,0
195,5,0,7,12.5733,8228.06
196,5,0,7,12.5705,8208.47
205,5,0,7,12.556,8122.02
215,5,0,7,12.5305,7965.64
225,5,0,7,12.5045,7762.43
715,5,0,7,12.473,7586.76
714,5,0,7,12.469,7562.6
726,5,0,7,12.4688,7560.75
529,5,0,7,12.4547,7461.1
605,5,0,7,12.4398,7364.43
603,5,0,7,12.4335,7331.35
604,5,0,7,12.4296,7309.49
596,5,0,7,12.4294,7308.52
580,5,0,7,12.4178,7244
574,5,0,7,12.3964,7132.88
573,5,0,7,12.3868,7079.08
564,5,0,7,12.3793,7038.82
557,5,0,7,12.3745,7007.75
561,5,0,7,12.368,6961.31
628,5,0,7,12.3638,6936.17
609,5,0,7,12.3521,6860.87
423,5,0,7,12.3462,6804.55
419,5,0,7,12.3394,6766.98
420,5,0,7,12.3334,6730.95
421,5,0,7,12.3288,6703.46
417,5,0,7,12.3238,6676.74
1989,5,0,7,12.3054,6582.53
2011,5,0,7,12.2861,6482.82
891,5,0,7,12.2641,6368.36
893,5,0,7,12.2581,6337.49
894,5,0,7,12.2528,6312.75
895,5,0,7,12.2416,6258.12
978,5,1,0,13.557,1574.75,0.0648333,282.783,0.06,1
1010,5,1,0,13.542,1497.65
1016,5,1,0,13.522,1404.7
1548,5,1,0,13.515,1368.79
1012,5,1,0,13.5104,1344.83
2028,5,1,0,13.5023,1299.37
989,5,1,0,13.4989,1283.63
990,5,1,0,13.4888,1233.37
991,5,1,0,13.4862,1221.01
706,5,1,0,13.4792,1181.55
704,5,1,0,13.4766,1168.78
2179,5,1,0,13.4764,1167.92
662,5,1,0,13.4702,1138.27
602,5,1,0,13.459,1070.13
599,5,1,0,13.4545,1045.43
605,5,1,0,13.4493,1017.31
529,5,1,0,13.4327,918.413
726,5,1,0,13.4166,816.876
714,5,1,0,13.4164,814.998
715,5,1,0,13.4129,791.373
225,5,1,0,13.3951,630.742
215,5,1,0,13.3679,427.668
205,5,1,0,13.3369,255.297
196,5,1,0,13.3218,168.03
195,5,1,0,13.3192,148.465
64,5,1,0,13.29,0
1302,5,1,1,13.9022,3301.76,0.035,152.659,0.22,2
949,5,1,1,13.8792,3177.7
951,5,1,1,13.8686,3123.16
950,5,1,1,13.8602,3081.64
938,5,1,1,13.8485,3018.52
929,5,1,1,13.8359,2949.83
2019,5,1,1,13.8355,2947.85
2157,5,1,1,13.8163,2853.04
1555,5,1,1,13.8059,2801.24
915,5,1,1,13.7984,2764.11
2016,5,1,1,13.7769,2657.2
917,5,1,1,13.7761,2653.39
916,5,1,1,13.7759,2652.48
919,5,1,1,13.7702,2613.4
2017,5,1,1,13.7701,2613.22
1786,5,1,1,13.7655,2589.68
2018,5,1,1,13.752,2517.89
1053,5,1,1,13.7126,2309.6
2033,5,1,1,13.6931,2218.02
1054,5,1,1,13.6842,2171.81
1037,5,1,1,13.6792,2145.09
1039,5,1,1,13.6722,2108.71
1041,5,1,1,13.6634,2063.93
2030,5,1,1,13.6573,2033
1011,5,1,1,13.6569,2031.55
1547,5,1,1,13.6396,1948.9
1546,5,1,1,13.6341,1921.53
975,5,1,1,13.6307,1903.56
981,5,1,1,13.6274,1885.83
980,5,1,1,13.6249,1874.06
978,5,1,1,13.6218,1857.53
636,5,1,2,14.1889,4853.33,0.0391667,170.833,0.15,3
633,5,1,2,14.1832,4823.53
563,5,1,2,14.1778,4798.53
564,5,1,2,14.1721,4767.69
557,5,1,2,14.1662,4734.61
561,5,1,2,14.1595,4688.07
628,5,1,2,14.1552,4662.7
609,5,1,2,14.143,4586.9
423,5,1,2,14.1371,4530.58
419,5,1,2,14.1318,4495.73
420,5,1,2,14.1266,4460.79
421,5,1,2,14.1226,4434.01
417,5,1,2,14.1181,4409.53
1989,5,1,2,14.1016,4323.12
2011,5,1,2,14.0838,4229.93
2156,5,1,2,14.0785,4202.6
2013,5,1,2,14.0779,4199.45
886,5,1,2,14.066,4141.27
888,5,1,2,14.0462,4035.16
903,5,1,2,14.0324,3965.27
904,5,1,2,14.029,3946.9
925,5,1,2,14.0055,3819
2019,5,1,2,14.0001,3791.73
929,5,1,2,13.9997,3789.75
938,5,1,2,13.9877,3723.9
950,5,1,2,13.9742,3653.34
951,5,1,2,13.9672,3617.62
949,5,1,2,13.9562,3561.14
1302,5,1,2,13.9372,3454.42
64,5,1,3,14.4743,6484.71,0,0,0
195,5,1,3,14.4527,6368.46
196,5,1,3,14.45,6348.88
205,5,1,3,14.4357,6262.8
215,5,1,3,14.4113,6107.82
225,5,1,3,14.3864,5903.98
715,5,1,3,14.3515,5713.44
714,5,1,3,14.3477,5689.6
726,5,1,3,14.3476,5687.74
529,5,1,3,14.3335,5588.13
605,5,1,3,14.3181,5490.87
603,5,1,3,14.3123,5459.89
604,5,1,3,14.3075,5434.48
596,5,1,3,14.3074,5433.51
580,5,1,3,14.2931,5357.31
583,5,1,3,14.2869,5327.49
587,5,1,3,14.2847,5313.06
578,5,1,3,14.2816,5296.25
575,5,1,3,14.2761,5265.14
571,5,1,3,14.2732,5249.02
570,5,1,3,14.2684,5225.74
1994,5,1,3,14.2556,5161.39
562,5,1,3,14.2422,5096.33
639,5,1,3,14.2388,5078.89
638,5,1,3,14.2321,5044.86
636,5,1,3,14.2281,5024.16
220,6,0,0,11.6572,472.978,0.0955,416.542,0.04,1
2130,6,0,0,11.6424,392.48
215,6,0,0,11.6375,358.782
205,6,0,0,11.6136,204.484
196,6,0,0,11.6005,119.897
195,6,0,0,11.5979,100.335
64,6,0,0,11.58,0
710,6,0,1,11.8104,1198.14,0.0443333,193.369,0.36,2
223,6,0,1,11.7929,1104.91
224,6,0,1,11.7788,1031.05
222,6,0,1,11.763,945.57
220,6,0,1,11.7527,889.52
455,6,0,2,11.9138,1774.06,0.0408333,178.103,0.03,3
454,6,0,2,11.911,1758.44
457,6,0,2,11.9043,1704.48
456,6,0,2,11.8991,1675.03
458,6,0,2,11.8896,1613.89
459,6,0,2,11.8837,1568.78
1543,6,0,2,11.8744,1506.55
710,6,0,2,11.8547,1391.51
603,6,0,3,12.045,2516.24,0.0631667,275.514,0.35,4
604,6,0,3,12.0408,2493.1
596,6,0,3,12.0406,2492.13
595,6,0,3,12.0352,2461.72
605,6,0,3,12.034,2453.73
529,6,0,3,12.0168,2353.71
726,6,0,3,12.0009,2252.51
714,6,0,3,12.0007,2250.62
1543,6,0,3,11.9959,2220.1
459,6,0,3,11.9856,2156.7
458,6,0,3,11.9791,2111.44
456,6,0,3,11.97,2050.65
457,6,0,3,11.9646,2020.43
454,6,0,3,11.957,1966.47
455,6,0,3,11.9546,1952.16
1108,6,0,4,12.2966,3774.32,0.0588333,256.613,0.13,5
1109,6,0,4,12.2926,3752.79
1113,6,0,4,12.2853,3716.85
1847,6,0,4,12.2723,3651
1086,6,0,4,12.2686,3630.77
1087,6,0,4,12.2549,3560.98
1090,6,0,4,12.2457,3513.73
1076,6,0,4,12.2226,3399.54
1074,6,0,4,12.2186,3379.15
1077,6,0,4,12.2083,3325.1
1080,6,0,4,12.195,3258.65
1079,6,0,4,12.1874,3219.96
1061,6,0,4,12.1831,3198.68
1063,6,0,4,12.1797,3180.87
1062,6,0,4,12.1786,3173.8
2159,6,0,4,12.1785,3172.9
1045,6,0,4,12.1778,3169.75
1012,6,0,4,12.1705,3128.76
1014,6,0,4,12.1701,3126.56
989,6,0,4,12.1596,3070.7
990,6,0,4,12.1496,3020.44
704,6,0,4,12.1383,2962.7
2179,6,0,4,12.1381,2961.83
662,6,0,4,12.1319,2932.19
602,6,0,4,12.1209,2864.49
604,6,0,4,12.1185,2847.81
596,6,0,4,12.1184,2846.84
595,6,0,4,12.1124,2814.1
603,6,0,4,12.1082,2791.76
1304,6,0,5,12.4884,4725.58,0.0815,355.478,0.17,6
2163,6,0,5,12.4674,4615.84
2051,6,0,5,12.4338,4437.75
2050,6,0,5,12.4226,4378.74
2106,6,0,5,12.4157,4344.01
2039,6,0,5,12.398,4250.04
1106,6,0,5,12.3881,4197.09
2035,6,0,5,12.3755,4130.27
1108,6,0,5,12.3555,4030.94
1302,6,0,6,12.6158,5315.06,0.106833,465.975,0.24,7
1303,6,0,6,12.5955,5211.53
1305,6,0,6,12.582,5142.62
1304,6,0,6,12.5699,5081.06
895,6,0,7,12.8885,6629.77,0.0435,189.734,0.02,8
896,6,0,7,12.8848,6611.53
892,6,0,7,12.8813,6593.75
906,6,0,7,12.863,6500.95
1555,6,0,7,12.8375,6358.2
2157,6,0,7,12.8249,6297.56
2019,6,0,7,12.7958,6162.39
929,6,0,7,12.7954,6160.4
938,6,0,7,12.7834,6094.27
950,6,0,7,12.7674,6013.25
951,6,0,7,12.761,5979.99
949,6,0,7,12.7493,5920.71
1302,6,0,7,12.7227,5781.04
978,6,0,8,13.0999,7668.46,0.0648333,282.783,0.06,9
1010,6,0,8,13.0843,7588.31
1011,6,0,8,13.0708,7518.91
1009,6,0,8,13.0657,7491.28
1041,6,0,8,13.0655,7490.59
1039,6,0,8,13.0577,7450.11
1037,6,0,8,13.0482,7402.63
1034,6,0,8,13.0395,7356.94
2032,6,0,8,13.024,7279.35
1050,6,0,8,12.9928,7125.25
1049,6,0,8,12.9928,7125.16
1025,6,0,8,12.9839,7081.5
1029,6,0,8,12.9707,7014.67
1027,6,0,8,12.9589,6955.71
898,6,0,8,12.9506,6912.18
895,6,0,8,12.932,6819.51
636,6,0,9,13.2421,8332.67,0.0665,290.053,0.15,10
633,6,0,9,13.2364,8303.14
639,6,0,9,13.2329,8285
1993,6,0,9,13.2213,8226.71
1995,6,0,9,13.2145,8192.35
1996,6,0,9,13.2084,8162.4
1997,6,0,9,13.2045,8142.5
2027,6,0,9,13.1796,8021.73
2026,6,0,9,13.1738,7993.25
978,6,0,9,13.1648,7951.24
64,6,0,10,13.556,10076.7,0,0,0
195,6,0,10,13.5317,9949.05
196,6,0,10,13.5289,9929.46
205,6,0,10,13.514,9842.34
215,6,0,10,13.4825,9668.03
225,6,0,10,13.4565,9464.79
715,6,0,10,13.4285,9299.91
714,6,0,10,13.4247,9276
726,6,0,10,13.4245,9274.15
529,6,0,10,13.4106,9174.62
605,6,0,10,13.396,9078.13
603,6,0,10,13.3874,9035.49
604,6,0,10,13.3824,9009.09
596,6,0,10,13.3822,9008.12
580,6,0,10,13.3707,8943.8
583,6,0,10,13.3645,8913.98
587,6,0,10,13.3623,8899.6
578,6,0,10,13.3594,8883.5
575,6,0,10,13.3536,8851.06
571,6,0,10,13.351,8835.95
570,6,0,10,13.3471,8816.9
1994,6,0,10,13.3309,8737.92
562,6,0,10,13.3213,8688.87
639,6,0,10,13.3179,8671.43
638,6,0,10,13.3126,8643.64
636,6,0,10,13.3086,8622.72
220,7,0,0,11.0872,472.978,0.0955,416.542,0.04,1
2130,7,0,0,11.0724,392.48
215,7,0,0,11.0675,358.782
205,7,0,0,11.0436,204.484
196,7,0,0,11.0305,119.897
195,7,0,0,11.0279,100.335
64,7,0,0,11.01,0
710,7,0,1,11.2404,1198.14,0.0443333,193.369,0.36,2
223,7,0,1,11.2229,1104.91
224,7,0,1,11.2088,1031.05
222,7,0,1,11.193,945.57
220,7,0,1,11.1827,889.52
455,7,0,2,11.3438,1774.06,0.0408333,178.103,0.03,3
454,7,0,2,11.341,1758.44
457,7,0,2,11.3343,1704.48
456,7,0,2,11.3291,1675.03
458,7,0,2,11.3196,1613.89
459,7,0,2,11.3137,1568.78
1543,7,0,2,11.3044,1506.55
710,7,0,2,11.2847,1391.51
603,7,0,3,11.475,2516.24,0.109,475.425,0.32,4
604,7,0,3,11.4708,2493.1
596,7,0,3,11.4706,2492.13
595,7,0,3,11.4652,2461.72
605,7,0,3,11.464,2453.73
529,7,0,3,11.4468,2353.71
726,7,0,3,11.4309,2252.51
714,7,0,3,11.4307,2250.62
1543,7,0,3,11.4259,2220.1
459,7,0,3,11.4156,2156.7
458,7,0,3,11.4091,2111.44
456,7,0,3,11.4,2050.65
457,7,0,3,11.3946,2020.43
454,7,0,3,11.387,1966.47
455,7,0,3,11.3846,1952.16
1108,7,0,4,11.7762,3990.79,0.0935,407.819,0.09,5
1109,7,0,4,11.7718,3968.11
1113,7,0,4,11.765,3933.96
1847,7,0,4,11.7515,3866.44
1086,7,0,4,11.7479,3846.41
1087,7,0,4,11.7334,3773.22
1090,7,0,4,11.7247,3728.06
1076,7,0,4,11.6985,3601.08
1074,7,0,4,11.6944,3579.96
1077,7,0,4,11.6848,3529.14
1080,7,0,4,11.6713,3461.94
1079,7,0,4,11.6647,3427.48
1061,7,0,4,11.6605,3406.2
1063,7,0,4,11.6569,3388.03
1062,7,0,4,11.6559,3380.95
2159,7,0,4,11.6556,3379.84
1045,7,0,4,11.6549,3376.69
1012,7,0,4,11.6477,3335.7
1014,7,0,4,11.6472,3332.84
989,7,0,4,11.6361,3274.53
990,7,0,4,11.6261,3224.27
991,7,0,4,11.6235,3211.92
706,7,0,4,11.6165,3172.46
704,7,0,4,11.6138,3159.68
2179,7,0,4,11.6136,3158.82
662,7,0,4,11.6074,3129.17
602,7,0,4,11.5961,3060.9
604,7,0,4,11.5935,3044.1
596,7,0,4,11.5934,3043.13
595,7,0,4,11.5879,3012.72
603,7,0,4,11.584,2991.67
1304,7,0,5,11.9992,5081.23,0.0428333,186.826,0.12,6
952,7,0,5,11.9748,4948.24
953,7,0,5,11.9641,4893.46
2023,7,0,5,11.9632,4889.36
2108,7,0,5,11.9468,4804.15
1794,7,0,5,11.9397,4768.39
2106,7,0,5,11.9245,4689.02
2039,7,0,5,11.9068,4595.49
1106,7,0,5,11.8972,4543.54
2035,7,0,5,11.883,4469.49
1108,7,0,5,11.8697,4398.6
1302,7,0,6,12.088,5502.06,0.106833,465.975,0.24,7
1303,7,0,6,12.0676,5398.52
1305,7,0,6,12.0541,5329.61
1304,7,0,6,12.042,5268.05
895,7,0,7,12.3606,6816.77,0.0435,189.734,0.02,8
896,7,0,7,12.3569,6798.53
892,7,0,7,12.3534,6780.74
906,7,0,7,12.3351,6687.94
1555,7,0,7,12.3097,6545.19
2157,7,0,7,12.2971,6484.56
2019,7,0,7,12.268,6349.38
929,7,0,7,12.2676,6347.4
938,7,0,7,12.2555,6281.27
950,7,0,7,12.2396,6200.24
951,7,0,7,12.2331,6166.99
949,7,0,7,12.2215,6107.7
1302,7,0,7,12.1948,5968.03
64,7,0,8,12.7649,9124.82,0,0,0
195,7,0,8,12.7357,8976.45
196,7,0,8,12.733,8956.85
205,7,0,8,12.7185,8870.4
215,7,0,8,12.693,8714.02
225,7,0,8,12.6669,8510.81
715,7,0,8,12.6354,8335.14
714,7,0,8,12.6314,8310.99
726,7,0,8,12.6312,8309.13
529,7,0,8,12.6171,8209.48
605,7,0,8,12.6023,8112.82
603,7,0,8,12.596,8079.74
604,7,0,8,12.592,8057.88
596,7,0,8,12.5919,8056.91
580,7,0,8,12.5803,7992.38
574,7,0,8,12.5589,7881.26
573,7,0,8,12.5493,7827.46
564,7,0,8,12.5418,7787.2
557,7,0,8,12.5369,7756.14
561,7,0,8,12.5304,7709.7
628,7,0,8,12.5263,7684.55
609,7,0,8,12.5145,7609.26
423,7,0,8,12.5086,7552.94
419,7,0,8,12.5019,7515.36
420,7,0,8,12.4958,7479.33
421,7,0,8,12.4913,7451.84
417,7,0,8,12.4863,7425.13
1989,7,0,8,12.4678,7330.91
2011,7,0,8,12.4485,7231.2
891,7,0,8,12.4266,7116.75
893,7,0,8,12.4205,7085.88
894,7,0,8,12.4153,7061.13
895,7,0,8,12.4041,7006.5
978,7,1,0,14.5446,1541.01,0.0373333,162.837,0.05,1
1010,7,1,0,14.5301,1465.78
1016,7,1,0,14.5104,1374.31
1548,7,1,0,14.5034,1338.05
1012,7,1,0,14.4984,1312.65
2028,7,1,0,14.4903,1267.19
989,7,1,0,14.4869,1251.45
990,7,1,0,14.4769,1201.19
991,7,1,0,14.4743,1188.84
706,7,1,0,14.4673,1149.38
704,7,1,0,14.4646,1136.6
2179,7,1,0,14.4644,1135.74
662,7,1,0,14.4582,1106.09
602,7,1,0,14.447,1038.03
599,7,1,0,14.443,1015.4
605,7,1,0,14.4393,991.921
529,7,1,0,14.4222,892.037
726,7,1,0,14.4076,792.08
714,7,1,0,14.4074,790.213
715,7,1,0,14.4038,766.53
225,7,1,0,14.3863,605.342
215,7,1,0,14.3604,402.069
205,7,1,0,14.3337,243.798
196,7,1,0,14.3195,157.808
195,7,1,0,14.3168,138.229
64,7,1,0,14.29,0
636,7,1,1,14.6616,2094.27,0.0391667,170.833,0.15,2
631,7,1,1,14.6549,2061.48
630,7,1,1,14.6492,2032.96
637,7,1,1,14.6386,1980.88
1996,7,1,1,14.6261,1917.59
1997,7,1,1,14.6223,1897.69
2027,7,1,1,14.595,1767.47
2026,7,1,1,14.5892,1738.99
978,7,1,1,14.5819,1703.84
64,7,1,2,14.947,3725.65,0,0,0
195,7,1,2,14.9254,3609.39
196,7,1,2,14.9227,3589.81
205,7,1,2,14.9085,3503.73
215,7,1,2,14.884,3348.75
225,7,1,2,14.8592,3144.92
715,7,1,2,14.8242,2954.38
714,7,1,2,14.8205,2930.54
726,7,1,2,14.8203,2928.68
529,7,1,2,14.8062,2829.07
605,7,1,2,14.7909,2731.81
603,7,1,2,14.7851,2700.83
604,7,1,2,14.7803,2675.42
596,7,1,2,14.7801,2674.45
580,7,1,2,14.7659,2598.24
583,7,1,2,14.7596,2568.43
587,7,1,2,14.7574,2554
578,7,1,2,14.7544,2537.18
575,7,1,2,14.7488,2506.08
571,7,1,2,14.7459,2489.96
570,7,1,2,14.7411,2466.68
1994,7,1,2,14.7284,2402.33
562,7,1,2,14.715,2337.27
639,7,1,2,14.7115,2319.83
638,7,1,2,14.7048,2285.8
636,7,1,2,14.7008,2265.1
220,8,0,0,11.1072,472.978,0.0955,416.542,0.04,1
2130,8,0,0,11.0924,392.48
215,8,0,0,11.0875,358.782
205,8,0,0,11.0636,204.484
196,8,0,0,11.0505,119.897
195,8,0,0,11.0479,100.335
64,8,0,0,11.03,0
710,8,0,1,11.2604,1198.14,0.0443333,193.369,0.36,2
223,8,0,1,11.2429,1104.91
224,8,0,1,11.2288,1031.05
222,8,0,1,11.213,945.57
220,8,0,1,11.2027,889.52
455,8,0,2,11.3638,1774.06,0.0408333,178.103,0.03,3
454,8,0,2,11.361,1758.44
457,8,0,2,11.3543,1704.48
456,8,0,2,11.3491,1675.03
458,8,0,2,11.3396,1613.89
459,8,0,2,11.3337,1568.78
1543,8,0,2,11.3244,1506.55
710,8,0,2,11.3047,1391.51
1108,8,0,3,11.6719,3428.96,0.0935,407.819,0.09,4
1109,8,0,3,11.6667,3402.77
1113,8,0,3,11.6606,3371.72
1847,8,0,3,11.6477,3306.52
1086,8,0,3,11.6441,3286.49
1087,8,0,3,11.6295,3213.3
1090,8,0,3,11.6208,3168.13
1076,8,0,3,11.5947,3041.16
1074,8,0,3,11.5905,3020.04
1077,8,0,3,11.581,2969.22
1080,8,0,3,11.5675,2902.01
1079,8,0,3,11.5609,2867.56
1061,8,0,3,11.5566,2846.28
1063,8,0,3,11.5531,2828.11
1062,8,0,3,11.552,2821.03
2159,8,0,3,11.5518,2819.92
1045,8,0,3,11.5511,2816.77
1012,8,0,3,11.5439,2775.78
1014,8,0,3,11.5433,2772.91
989,8,0,3,11.5323,2714.61
990,8,0,3,11.5222,2664.35
991,8,0,3,11.5196,2652
706,8,0,3,11.5126,2612.53
704,8,0,3,11.51,2599.76
2179,8,0,3,11.5098,2598.9
662,8,0,3,11.5036,2569.25
602,8,0,3,11.4922,2500.98
599,8,0,3,11.4881,2477.72
605,8,0,3,11.484,2453.73
529,8,0,3,11.4668,2353.71
726,8,0,3,11.4509,2252.51
714,8,0,3,11.4507,2250.62
1543,8,0,3,11.4459,2220.1
459,8,0,3,11.4356,2156.7
458,8,0,3,11.4291,2111.44
456,8,0,3,11.42,2050.65
457,8,0,3,11.4146,2020.43
454,8,0,3,11.407,1966.47
455,8,0,3,11.4046,1952.16
1304,8,0,4,11.8949,4519.4,0.0428333,186.826,0.12,5
952,8,0,4,11.8705,4386.42
953,8,0,4,11.8598,4331.64
2023,8,0,4,11.859,4327.54
2108,8,0,4,11.8425,4242.33
1794,8,0,4,11.8354,4206.57
2106,8,0,4,11.8202,4127.2
2039,8,0,4,11.8025,4033.67
1106,8,0,4,11.7929,3981.72
2035,8,0,4,11.7787,3907.67
1108,8,0,4,11.7654,3836.78
1302,8,0,5,11.9879,4957.93,0.068,296.595,0.26,6
1303,8,0,5,11.9673,4853.42
1305,8,0,5,11.9527,4779.54
1304,8,0,5,11.9377,4706.23
895,8,0,6,12.2217,6103.27,0.0435,189.734,0.02,7
896,8,0,6,12.218,6085.03
892,8,0,6,12.2145,6067.24
906,8,0,6,12.1963,5974.44
1555,8,0,6,12.1708,5831.69
2157,8,0,6,12.1582,5771.05
2019,8,0,6,12.1291,5635.88
929,8,0,6,12.1287,5633.9
938,8,0,6,12.1166,5567.77
950,8,0,6,12.1007,5486.74
951,8,0,6,12.0942,5453.48
949,8,0,6,12.0826,5394.2
1302,8,0,6,12.0559,5254.53
978,8,0,7,12.4332,7141.95,0.107833,470.336,0.07,8
1010,8,0,7,12.4176,7061.8
1011,8,0,7,12.4041,6992.4
1009,8,0,7,12.3989,6964.77
1041,8,0,7,12.3988,6964.08
1039,8,0,7,12.391,6923.61
1037,8,0,7,12.3814,6876.12
1034,8,0,7,12.3727,6830.43
2032,8,0,7,12.3573,6752.84
1050,8,0,7,12.326,6598.74
1049,8,0,7,12.326,6598.65
1025,8,0,7,12.3172,6554.99
1029,8,0,7,12.3039,6488.16
1027,8,0,7,12.2921,6429.2
898,8,0,7,12.2839,6385.67
895,8,0,7,12.2652,6293
636,8,0,8,12.6266,8026.78,0.091,396.915,0.15,9
633,8,0,8,12.6199,7993.17
639,8,0,8,12.6165,7975.63
1993,8,0,8,12.6068,7925.01
1995,8,0,8,12.5972,7879.72
1996,8,0,8,12.5857,7827.98
1997,8,0,8,12.5818,7808.08
2027,8,0,8,12.5536,7673.74
2026,8,0,8,12.5478,7645.43
978,8,0,8,12.541,7612.29
603,8,0,9,12.7973,8837.52,0.0631667,275.514,0.35,10
604,8,0,9,12.7933,8815.66
596,8,0,9,12.7932,8814.69
580,8,0,9,12.7816,8750.16
583,8,0,9,12.7754,8720.35
587,8,0,9,12.7734,8706.08
578,8,0,9,12.7705,8690.02
579,8,0,9,12.7631,8651.22
570,8,0,9,12.7561,8618.06
1994,8,0,9,12.7432,8552.98
562,8,0,9,12.7302,8489.6
639,8,0,9,12.7268,8472.16
638,8,0,9,12.7214,8443.92
636,8,0,9,12.7176,8423.69
64,8,0,10,13.0277,10143.5,0,0,0
195,8,0,10,13.001,10005.3
196,8,0,10,12.9979,9985.38
205,8,0,10,12.9826,9897.63
215,8,0,10,12.9569,9741.07
225,8,0,10,12.93,9538
715,8,0,10,12.8999,9368.44
714,8,0,10,12.8959,9344.28
726,8,0,10,12.8957,9342.43
529,8,0,10,12.8816,9242.78
605,8,0,10,12.8667,9146.11
603,8,0,10,12.8604,9113.03
220,9,0,0,11.0772,472.978,0.0955,416.542,0.04,1
2130,9,0,0,11.0624,392.48
215,9,0,0,11.0575,358.782
205,9,0,0,11.0336,204.484
196,9,0,0,11.0205,119.897
195,9,0,0,11.0179,100.335
64,9,0,0,11,0
710,9,0,1,11.2304,1198.14,0.0443333,193.369,0.36,2
223,9,0,1,11.2129,1104.91
224,9,0,1,11.1988,1031.05
222,9,0,1,11.183,945.57
220,9,0,1,11.1727,889.52
455,9,0,2,11.3338,1774.06,0.0408333,178.103,0.03,3
454,9,0,2,11.331,1758.44
457,9,0,2,11.3243,1704.48
456,9,0,2,11.3191,1675.03
458,9,0,2,11.3096,1613.89
459,9,0,2,11.3037,1568.78
1543,9,0,2,11.2944,1506.55
710,9,0,2,11.2747,1391.51
603,9,0,3,11.465,2516.24,0.109,475.425,0.32,4
604,9,0,3,11.4608,2493.1
596,9,0,3,11.4606,2492.13
595,9,0,3,11.4552,2461.72
605,9,0,3,11.454,2453.73
529,9,0,3,11.4368,2353.71
726,9,0,3,11.4209,2252.51
714,9,0,3,11.4207,2250.62
1543,9,0,3,11.4159,2220.1
459,9,0,3,11.4056,2156.7
458,9,0,3,11.3991,2111.44
456,9,0,3,11.39,2050.65
457,9,0,3,11.3846,2020.43
454,9,0,3,11.377,1966.47
455,9,0,3,11.3746,1952.16
1108,9,0,4,11.7662,3990.79,0.0935,407.819,0.09,5
1109,9,0,4,11.7618,3968.11
1113,9,0,4,11.755,3933.96
1847,9,0,4,11.7415,3866.44
1086,9,0,4,11.7379,3846.41
1087,9,0,4,11.7234,3773.22
1090,9,0,4,11.7147,3728.06
1076,9,0,4,11.6885,3601.08
1074,9,0,4,11.6844,3579.96
1077,9,0,4,11.6748,3529.14
1080,9,0,4,11.6613,3461.94
1079,9,0,4,11.6547,3427.48
1061,9,0,4,11.6505,3406.2
1063,9,0,4,11.6469,3388.03
1062,9,0,4,11.6459,3380.95
2159,9,0,4,11.6456,3379.84
1045,9,0,4,11.6449,3376.69
1012,9,0,4,11.6377,3335.7
1014,9,0,4,11.6372,3332.84
989,9,0,4,11.6261,3274.53
990,9,0,4,11.6161,3224.27
991,9,0,4,11.6135,3211.92
706,9,0,4,11.6065,3172.46
704,9,0,4,11.6038,3159.68
2179,9,0,4,11.6036,3158.82
662,9,0,4,11.5974,3129.17
602,9,0,4,11.5861,3060.9
604,9,0,4,11.5835,3044.1
596,9,0,4,11.5834,3043.13
595,9,0,4,11.5779,3012.72
603,9,0,4,11.574,2991.67
1304,9,0,5,11.9892,5081.23,0.0428333,186.826,0.12,6
952,9,0,5,11.9648,4948.24
953,9,0,5,11.9541,4893.46
2023,9,0,5,11.9532,4889.36
2108,9,0,5,11.9368,4804.15
1794,9,0,5,11.9297,4768.39
2106,9,0,5,11.9145,4689.02
2039,9,0,5,11.8968,4595.49
1106,9,0,5,11.8872,4543.54
2035,9,0,5,11.873,4469.49
1108,9,0,5,11.8597,4398.6
1302,9,0,6,12.078,5502.06,0.106833,465.975,0.24,7
1303,9,0,6,12.0576,5398.52
1305,9,0,6,12.0441,5329.61
1304,9,0,6,12.032,5268.05
895,9,0,7,12.3506,6816.77,0.0435,189.734,0.02,8
896,9,0,7,12.3469,6798.53
892,9,0,7,12.3434,6780.74
906,9,0,7,12.3251,6687.94
1555,9,0,7,12.2997,6545.19
2157,9,0,7,12.2871,6484.56
2019,9,0,7,12.258,6349.38
929,9,0,7,12.2576,6347.4
938,9,0,7,12.2455,6281.27
950,9,0,7,12.2296,6200.24
951,9,0,7,12.2231,6166.99
949,9,0,7,12.2115,6107.7
1302,9,0,7,12.1848,5968.03
978,9,0,8,12.5621,7855.45,0.107833,470.336,0.07,9
1010,9,0,8,12.5464,7775.3
1011,9,0,8,12.533,7705.9
1009,9,0,8,12.5278,7678.27
1041,9,0,8,12.5276,7677.58
1039,9,0,8,12.5199,7637.11
1037,9,0,8,12.5103,7589.62
1034,9,0,8,12.5016,7543.93
2032,9,0,8,12.4862,7466.34
1050,9,0,8,12.4549,7312.25
1049,9,0,8,12.4549,7312.15
1025,9,0,8,12.4461,7268.49
1029,9,0,8,12.4328,7201.66
1027,9,0,8,12.421,7142.71
898,9,0,8,12.4127,7099.17
895,9,0,8,12.3941,7006.5
636,9,0,9,12.7554,8740.28,0.091,396.915,0.15,10
633,9,0,9,12.7488,8706.67
639,9,0,9,12.7454,8689.13
1993,9,0,9,12.7357,8638.52
1995,9,0,9,12.7261,8593.22
1996,9,0,9,12.7146,8541.49
1997,9,0,9,12.7107,8521.58
2027,9,0,9,12.6825,8387.24
2026,9,0,9,12.6767,8358.94
978,9,0,9,12.6699,8325.79
64,9,0,10,13.0935,10581.5,0,0,0
195,9,0,10,13.0667,10443.3
196,9,0,10,13.0636,10423.4
205,9,0,10,13.0483,10335.6
215,9,0,10,13.0227,10179.1
225,9,0,10,12.9957,9975.99
715,9,0,10,12.9656,9806.43
714,9,0,10,12.9616,9782.27
726,9,0,10,12.9614,9780.42
529,9,0,10,12.9473,9680.77
605,9,0,10,12.9324,9584.1
603,9,0,10,12.9261,9551.02
604,9,0,10,12.9222,9529.16
596,9,0,10,12.922,9528.19
580,9,0,10,12.9105,9463.67
583,9,0,10,12.9043,9433.85
587,9,0,10,12.9022,9419.58
578,9,0,10,12.8993,9403.52
579,9,0,10,12.892,9364.72
570,9,0,10,12.885,9331.56
1994,9,0,10,12.8721,9266.48
562,9,0,10,12.8591,9203.11
639,9,0,10,12.8556,9185.67
638,9,0,10,12.8503,9157.42
636,9,0,10,12.8464,9137.2
220,10,0,0,11.1872,472.978,0.0955,416.542,0.04,1
2130,10,0,0,11.1724,392.48
215,10,0,0,11.1675,358.782
205,10,0,0,11.1436,204.484
196,10,0,0,11.1305,119.897
195,10,0,0,11.1279,100.335
64,10,0,0,11.11,0
710,10,0,1,11.3404,1198.14,0.0443333,193.369,0.36,2
223,10,0,1,11.3229,1104.91
224,10,0,1,11.3088,1031.05
222,10,0,1,11.293,945.57
220,10,0,1,11.2827,889.52
455,10,0,2,11.4438,1774.06,0.0408333,178.103,0.03,3
454,10,0,2,11.441,1758.44
457,10,0,2,11.4343,1704.48
456,10,0,2,11.4291,1675.03
458,10,0,2,11.4196,1613.89
459,10,0,2,11.4137,1568.78
1543,10,0,2,11.4044,1506.55
710,10,0,2,11.3847,1391.51
1108,10,0,3,11.7519,3428.96,0.0935,407.819,0.09,4
1109,10,0,3,11.7467,3402.77
1113,10,0,3,11.7406,3371.72
1847,10,0,3,11.7277,3306.52
1086,10,0,3,11.7241,3286.49
1087,10,0,3,11.7095,3213.3
1090,10,0,3,11.7008,3168.13
1076,10,0,3,11.6747,3041.16
1074,10,0,3,11.6705,3020.04
1077,10,0,3,11.661,2969.22
1080,10,0,3,11.6475,2902.01
1079,10,0,3,11.6409,2867.56
1061,10,0,3,11.6366,2846.28
1063,10,0,3,11.6331,2828.11
1062,10,0,3,11.632,2821.03
2159,10,0,3,11.6318,2819.92
1045,10,0,3,11.6311,2816.77
1012,10,0,3,11.6239,2775.78
1014,10,0,3,11.6233,2772.91
989,10,0,3,11.6123,2714.61
990,10,0,3,11.6022,2664.35
991,10,0,3,11.5996,2652
706,10,0,3,11.5926,2612.53
704,10,0,3,11.59,2599.76
2179,10,0,3,11.5898,2598.9
662,10,0,3,11.5836,2569.25
602,10,0,3,11.5722,2500.98
599,10,0,3,11.5681,2477.72
605,10,0,3,11.564,2453.73
529,10,0,3,11.5468,2353.71
726,10,0,3,11.5309,2252.51
714,10,0,3,11.5307,2250.62
1543,10,0,3,11.5259,2220.1
459,10,0,3,11.5156,2156.7
458,10,0,3,11.5091,2111.44
456,10,0,3,11.5,2050.65
457,10,0,3,11.4946,2020.43
454,10,0,3,11.487,1966.47
455,10,0,3,11.4846,1952.16
1304,10,0,4,11.9749,4519.4,0.0428333,186.826,0.12,5
952,10,0,4,11.9505,4386.42
953,10,0,4,11.9398,4331.64
2023,10,0,4,11.939,4327.54
2108,10,0,4,11.9225,4242.33
1794,10,0,4,11.9154,4206.57
2106,10,0,4,11.9002,4127.2
2039,10,0,4,11.8825,4033.67
1106,10,0,4,11.8729,3981.72
2035,10,0,4,11.8587,3907.67
1108,10,0,4,11.8454,3836.78
1302,10,0,5,12.0637,4940.23,0.106833,465.975,0.24,6
1303,10,0,5,12.0433,4836.7
1305,10,0,5,12.0298,4767.79
1304,10,0,5,12.0177,4706.23
895,10,0,6,12.3363,6254.95,0.0435,189.734,0.02,7
896,10,0,6,12.3326,6236.71
892,10,0,6,12.3291,6218.92
906,10,0,6,12.3109,6126.12
1555,10,0,6,12.2854,5983.37
2157,10,0,6,12.2728,5922.73
2019,10,0,6,12.2437,5787.56
929,10,0,6,12.2433,5785.58
938,10,0,6,12.2312,5719.45
950,10,0,6,12.2153,5638.42
951,10,0,6,12.2088,5605.16
949,10,0,6,12.1972,5545.88
1302,10,0,6,12.1705,5406.21
978,10,0,7,12.5478,7293.63,0.107833,470.336,0.07,8
1010,10,0,7,12.5321,7213.48
1011,10,0,7,12.5187,7144.08
1009,10,0,7,12.5135,7116.45
1041,10,0,7,12.5134,7115.76
1039,10,0,7,12.5056,7075.29
1037,10,0,7,12.496,7027.8
1034,10,0,7,12.4873,6982.11
2032,10,0,7,12.4719,6904.52
1050,10,0,7,12.4406,6750.42
1049,10,0,7,12.4406,6750.33
1025,10,0,7,12.4318,6706.67
1029,10,0,7,12.4185,6639.84
1027,10,0,7,12.4067,6580.88
898,10,0,7,12.3984,6537.35
895,10,0,7,12.3798,6444.68
636,10,0,8,12.7411,8178.46,0.091,396.915,0.15,9
633,10,0,8,12.7345,8144.85
639,10,0,8,12.7311,8127.31
1993,10,0,8,12.7214,8076.69
1995,10,0,8,12.7118,8031.4
1996,10,0,8,12.7003,7979.66
1997,10,0,8,12.6964,7959.76
2027,10,0,8,12.6682,7825.42
2026,10,0,8,12.6624,7797.11
978,10,0,8,12.6556,7763.97
603,10,0,9,12.9119,8989.2,0.0631667,275.514,0.35,10
604,10,0,9,12.9079,8967.34
596,10,0,9,12.9077,8966.37
580,10,0,9,12.8962,8901.84
583,10,0,9,12.89,8872.03
587,10,0,9,12.8879,8857.76
578,10,0,9,12.885,8841.7
579,10,0,9,12.8777,8802.9
570,10,0,9,12.8707,8769.74
1994,10,0,9,12.8578,8704.66
562,10,0,9,12.8448,8641.29
639,10,0,9,12.8414,8623.84
638,10,0,9,12.836,8595.6
636,10,0,9,12.8321,8575.37
64,10,0,10,13.1423,10295.2,0,0,0
195,10,0,10,13.1156,10157
196,10,0,10,13.1124,10137.1
205,10,0,10,13.0971,10049.3
215,10,0,10,13.0715,9892.75
225,10,0,10,13.0446,9689.68
715,10,0,10,13.0145,9520.12
714,10,0,10,13.0105,9495.96
726,10,0,10,13.0103,9494.11
529,10,0,10,12.9962,9394.46
605,10,0,10,12.9813,9297.79
603,10,0,10,12.975,9264.71
220,11,0,0,12.8702,511.167,0.0923333,402.73,0.08,1
2130,11,0,0,12.8524,417.757
215,11,0,0,12.8469,383.417
205,11,0,0,12.8189,223.068
196,11,0,0,12.805,137.521
195,11,0,0,12.8019,117.624
64,11,0,0,12.78,0
710,11,0,1,13.027,1250.5,0.0466667,203.546,0.45,2
223,11,0,1,13.0104,1161.15
224,11,0,1,12.9885,1054.49
222,11,0,1,12.9726,968.676
220,11,0,1,12.9626,913.897
455,11,0,2,13.1344,1842.97,0.0423333,184.645,0.11,3
454,11,0,2,13.1311,1825.59
457,11,0,2,13.1246,1771.53
456,11,0,2,13.1196,1742.49
458,11,0,2,13.1104,1681.58
459,11,0,2,13.1038,1636.23
1543,11,0,2,13.0952,1574.42
710,11,0,2,13.0737,1454.05
1108,11,0,3,13.4403,3489.72,0.0723333,315.496,0.16,4
1109,11,0,3,13.4362,3468.33
1113,11,0,3,13.4298,3436.08
1847,11,0,3,13.4181,3375.45
1086,11,0,3,13.4144,3355.26
1087,11,0,3,13.401,3286.71
1090,11,0,3,13.3924,3241.94
1076,11,0,3,13.3743,3148.62
1074,11,0,3,13.3703,3127.95
1077,11,0,3,13.3568,3060.98
1080,11,0,3,13.3419,2987.63
1079,11,0,3,13.3348,2951.15
1061,11,0,3,13.3305,2929.87
1063,11,0,3,13.3273,2913.03
1062,11,0,3,13.3263,2905.99
2159,11,0,3,13.3261,2905
1045,11,0,3,13.3254,2901.85
1012,11,0,3,13.3182,2860.87
2028,11,0,3,13.3101,2815.4
989,11,0,3,13.3067,2799.67
990,11,0,3,13.2967,2749.41
991,11,0,3,13.2941,2737.05
706,11,0,3,13.2871,2697.59
704,11,0,3,13.2844,2684.82
2179,11,0,3,13.2842,2683.96
662,11,0,3,13.278,2654.31
602,11,0,3,13.2668,2586.17
599,11,0,3,13.2623,2561.47
605,11,0,3,13.2571,2533.35
529,11,0,3,13.2406,2434.45
726,11,0,3,13.2244,2332.92
714,11,0,3,13.2242,2331.04
1543,11,0,3,13.2185,2298.6
459,11,0,3,13.2083,2235.42
458,11,0,3,13.2016,2190.01
456,11,0,3,13.193,2129.61
457,11,0,3,13.187,2096.56
454,11,0,3,13.1794,2042.58
455,11,0,3,13.1767,2027.62
1304,11,0,4,13.6412,4483.69,0.0735,320.585,0.21,5
952,11,0,4,13.6172,4352.37
953,11,0,4,13.6049,4291.32
2023,11,0,4,13.6041,4287.22
2108,11,0,4,13.5899,4211.55
1794,11,0,4,13.5836,4179.21
2106,11,0,4,13.5697,4105.45
2039,11,0,4,13.5512,4007.94
1106,11,0,4,13.5409,3953.53
2035,11,0,4,13.5289,3888.95
1108,11,0,4,13.5126,3805.21
1302,11,0,5,13.7618,5043.27,0.035,152.659,0.22,6
1303,11,0,5,13.7415,4939.58
1305,11,0,5,13.7262,4863.56
1304,11,0,5,13.7147,4804.28
895,11,0,6,13.9458,5973.7,0.0823333,359.113,0.02,7
896,11,0,6,13.9421,5955.46
892,11,0,6,13.9383,5936.71
906,11,0,6,13.9257,5867.85
1555,11,0,6,13.8975,5713.25
2157,11,0,6,13.8866,5659.5
2019,11,0,6,13.8597,5533.24
929,11,0,6,13.8593,5531.26
938,11,0,6,13.8473,5465.41
950,11,0,6,13.8338,5394.84
951,11,0,6,13.8268,5359.13
949,11,0,6,13.8159,5302.65
1302,11,0,6,13.7968,5195.93
978,11,0,7,14.1941,7172.17,0.0373333,162.837,0.05,8
1010,11,0,7,14.1792,7095.41
1011,11,0,7,14.165,7022.77
1009,11,0,7,14.1594,6993.33
1038,11,0,7,14.1512,6952.74
1039,11,0,7,14.1506,6950.06
1037,11,0,7,14.1408,6901.5
1034,11,0,7,14.1326,6857.66
2032,11,0,7,14.1171,6780.07
1050,11,0,7,14.0907,6646.28
1049,11,0,7,14.0907,6646.19
1025,11,0,7,14.0833,6608.49
1029,11,0,7,14.0703,6542.71
1027,11,0,7,14.0575,6479.33
898,11,0,7,14.0471,6426.85
895,11,0,7,14.0281,6332.81
636,11,0,8,14.3111,7725.43,0.0391667,170.833,0.15,9
631,11,0,8,14.3044,7692.64
630,11,0,8,14.2986,7664.12
637,11,0,8,14.288,7612.04
1996,11,0,8,14.2756,7548.76
1997,11,0,8,14.2717,7528.85
2027,11,0,8,14.2445,7398.64
2026,11,0,8,14.2387,7370.15
978,11,0,8,14.2314,7335.01
603,11,0,9,14.4345,8331.99,0.0658333,287.145,0.35,10
604,11,0,9,14.4297,8306.58
596,11,0,9,14.4296,8305.61
580,11,0,9,14.4153,8229.41
583,11,0,9,14.4091,8199.59
587,11,0,9,14.4069,8185.16
578,11,0,9,14.4038,8168.35
575,11,0,9,14.3983,8137.24
571,11,0,9,14.3954,8121.12
570,11,0,9,14.3906,8097.85
1994,11,0,9,14.3778,8033.49
562,11,0,9,14.3644,7968.44
639,11,0,9,14.361,7950.99
638,11,0,9,14.3543,7916.96
636,11,0,9,14.3503,7896.26
64,11,0,10,14.6623,9643.96,0,0,0
195,11,0,10,14.6407,9527.7
196,11,0,10,14.638,9508.12
205,11,0,10,14.6238,9422.04
215,11,0,10,14.5993,9267.06
225,11,0,10,14.5745,9063.23
715,11,0,10,14.5395,8872.69
714,11,0,10,14.5358,8848.84
726,11,0,10,14.5356,8846.99
529,11,0,10,14.5215,8747.38
605,11,0,10,14.5062,8650.12
603,11,0,10,14.5004,8619.14
220,12,0,0,12.8302,511.167,0.0923333,402.73,0.08,1
2130,12,0,0,12.8124,417.757
215,12,0,0,12.8069,383.417
205,12,0,0,12.7789,223.068
196,12,0,0,12.765,137.521
195,12,0,0,12.7619,117.624
64,12,0,0,12.74,0
710,12,0,1,12.987,1250.5,0.0983333,428.9,0.42,2
223,12,0,1,12.9704,1161.15
224,12,0,1,12.9485,1054.49
222,12,0,1,12.9326,968.676
220,12,0,1,12.9226,913.897
455,12,0,2,13.146,2068.33,0.0423333,184.645,0.11,3
454,12,0,2,13.1428,2050.95
457,12,0,2,13.1362,1996.88
456,12,0,2,13.1313,1967.85
458,12,0,2,13.1221,1906.93
459,12,0,2,13.1154,1861.58
1543,12,0,2,13.1069,1799.77
710,12,0,2,13.0854,1679.4
1108,12,0,3,13.452,3715.07,0.0723333,315.496,0.16,4
1109,12,0,3,13.4479,3693.69
1113,12,0,3,13.4415,3661.44
1847,12,0,3,13.4297,3600.81
1086,12,0,3,13.4261,3580.62
1087,12,0,3,13.4126,3512.06
1090,12,0,3,13.404,3467.3
1076,12,0,3,13.386,3373.97
1074,12,0,3,13.3819,3353.31
1077,12,0,3,13.3685,3286.34
1080,12,0,3,13.3536,3212.99
1079,12,0,3,13.3465,3176.51
1061,12,0,3,13.3422,3155.22
1063,12,0,3,13.339,3138.38
1062,12,0,3,13.338,3131.34
2159,12,0,3,13.3378,3130.36
1045,12,0,3,13.3371,3127.21
1012,12,0,3,13.3299,3086.22
2028,12,0,3,13.3218,3040.76
989,12,0,3,13.3184,3025.02
990,12,0,3,13.3083,2974.76
991,12,0,3,13.3057,2962.41
706,12,0,3,13.2987,2922.94
704,12,0,3,13.2961,2910.17
2179,12,0,3,13.2959,2909.31
662,12,0,3,13.2897,2879.66
602,12,0,3,13.2785,2811.52
599,12,0,3,13.274,2786.83
605,12,0,3,13.2688,2758.7
529,12,0,3,13.2522,2659.81
726,12,0,3,13.2361,2558.27
714,12,0,3,13.2359,2556.39
1543,12,0,3,13.2301,2523.95
459,12,0,3,13.22,2460.77
458,12,0,3,13.2133,2415.36
456,12,0,3,13.2047,2354.96
457,12,0,3,13.1987,2321.91
454,12,0,3,13.191,2267.93
455,12,0,3,13.1884,2252.97
1304,12,0,4,13.6529,4709.04,0.0735,320.585,0.21,5
952,12,0,4,13.6289,4577.72
953,12,0,4,13.6166,4516.67
2023,12,0,4,13.6158,4512.57
2108,12,0,4,13.6016,4436.91
1794,12,0,4,13.5953,4404.56
2106,12,0,4,13.5814,4330.81
2039,12,0,4,13.5628,4233.29
1106,12,0,4,13.5526,4178.89
2035,12,0,4,13.5406,4114.3
1108,12,0,4,13.5243,4030.57
1302,12,0,5,13.7735,5268.62,0.035,152.659,0.22,6
1303,12,0,5,13.7531,5164.93
1305,12,0,5,13.7379,5088.91
1304,12,0,5,13.7264,5029.63
895,12,0,6,13.9574,6199.05,0.0823333,359.113,0.02,7
896,12,0,6,13.9537,6180.81
892,12,0,6,13.95,6162.06
906,12,0,6,13.9374,6093.2
1555,12,0,6,13.9092,5938.6
2157,12,0,6,13.8982,5884.85
2019,12,0,6,13.8714,5758.59
929,12,0,6,13.871,5756.61
938,12,0,6,13.859,5690.76
950,12,0,6,13.8455,5620.2
951,12,0,6,13.8385,5584.48
949,12,0,6,13.8275,5528
1302,12,0,6,13.8085,5421.28
978,12,0,7,14.2057,7397.53,0.0373333,162.837,0.05,8
1010,12,0,7,14.1909,7320.76
1011,12,0,7,14.1767,7248.12
1009,12,0,7,14.1711,7218.69
1038,12,0,7,14.1629,7178.09
1039,12,0,7,14.1623,7175.42
1037,12,0,7,14.1525,7126.85
1034,12,0,7,14.1442,7083.01
2032,12,0,7,14.1288,7005.42
1050,12,0,7,14.1024,6871.64
1049,12,0,7,14.1024,6871.55
1025,12,0,7,14.095,6833.85
1029,12,0,7,14.082,6768.06
1027,12,0,7,14.0691,6704.68
898,12,0,7,14.0587,6652.2
895,12,0,7,14.0398,6558.17
636,12,0,8,14.3228,7950.79,0.0391667,170.833,0.15,9
631,12,0,8,14.3161,7917.99
630,12,0,8,14.3103,7889.48
637,12,0,8,14.2997,7837.4
1996,12,0,8,14.2873,7774.11
1997,12,0,8,14.2834,7754.21
2027,12,0,8,14.2562,7623.99
2026,12,0,8,14.2504,7595.51
978,12,0,8,14.2431,7560.36
603,12,0,9,14.4462,8557.35,0.0658333,287.145,0.35,10
604,12,0,9,14.4414,8531.94
596,12,0,9,14.4413,8530.97
580,12,0,9,14.427,8454.76
583,12,0,9,14.4208,8424.95
587,12,0,9,14.4186,8410.52
578,12,0,9,14.4155,8393.7
575,12,0,9,14.41,8362.6
571,12,0,9,14.4071,8346.47
570,12,0,9,14.4022,8323.2
1994,12,0,9,14.3895,8258.84
562,12,0,9,14.3761,8193.79
639,12,0,9,14.3726,8176.35
638,12,0,9,14.3659,8142.32
636,12,0,9,14.3619,8121.62
64,12,0,10,14.674,9869.31,0,0,0
195,12,0,10,14.6524,9753.06
196,12,0,10,14.6497,9733.48
205,12,0,10,14.6354,9647.4
215,12,0,10,14.611,9492.42
225,12,0,10,14.5861,9288.58
715,12,0,10,14.5512,9098.04
714,12,0,10,14.5474,9074.2
726,12,0,10,14.5473,9072.34
529,12,0,10,14.5332,8972.73
605,12,0,10,14.5178,8875.47
603,12,0,10,14.512,8844.49
220,13,0,0,12.9202,511.167,0.0923333,402.73,0.08,1
2130,13,0,0,12.9024,417.757
215,13,0,0,12.8969,383.417
205,13,0,0,12.8689,223.068
196,13,0,0,12.855,137.521
195,13,0,0,12.8519,117.624
64,13,0,0,12.83,0
455,13,0,1,13.1063,1463.97,0.0423333,184.645,0.11,2
454,13,0,1,13.1031,1446.59
457,13,0,1,13.0965,1392.52
456,13,0,1,13.0916,1363.49
458,13,0,1,13.0823,1302.57
459,13,0,1,13.0757,1257.22
450,13,0,1,13.0605,1173.3
229,13,0,1,13.0494,1113.43
222,13,0,1,13.0212,962.82
220,13,0,1,13.0126,913.897
1108,13,0,2,13.4122,3110.71,0.0723333,315.496,0.16,3
1109,13,0,2,13.4082,3089.33
1113,13,0,2,13.4018,3057.08
1847,13,0,2,13.39,2996.45
1086,13,0,2,13.3863,2976.26
1087,13,0,2,13.3729,2907.7
1090,13,0,2,13.3643,2862.94
1076,13,0,2,13.3462,2769.61
1074,13,0,2,13.3422,2748.95
1077,13,0,2,13.3288,2681.98
1080,13,0,2,13.3139,2608.63
1079,13,0,2,13.3067,2572.15
1061,13,0,2,13.3025,2550.86
1063,13,0,2,13.2993,2534.02
1062,13,0,2,13.2983,2526.98
2159,13,0,2,13.298,2526
1045,13,0,2,13.2974,2522.85
1012,13,0,2,13.2901,2481.86
2028,13,0,2,13.2821,2436.4
989,13,0,2,13.2787,2420.66
990,13,0,2,13.2686,2370.4
991,13,0,2,13.266,2358.05
706,13,0,2,13.259,2318.58
704,13,0,2,13.2564,2305.81
2179,13,0,2,13.2562,2304.95
662,13,0,2,13.25,2275.3
602,13,0,2,13.2387,2207.17
599,13,0,2,13.2342,2182.47
605,13,0,2,13.2291,2154.34
529,13,0,2,13.2125,2055.45
726,13,0,2,13.1964,1953.91
714,13,0,2,13.1962,1952.03
1543,13,0,2,13.1904,1919.6
459,13,0,2,13.1803,1856.41
458,13,0,2,13.1736,1811.01
456,13,0,2,13.165,1750.6
457,13,0,2,13.1589,1717.56
454,13,0,2,13.1513,1663.57
455,13,0,2,13.1486,1648.61
1304,13,0,3,13.6131,4104.69,0.0735,320.585,0.21,4
952,13,0,3,13.5891,3973.36
953,13,0,3,13.5769,3912.31
2023,13,0,3,13.5761,3908.21
2108,13,0,3,13.5618,3832.55
1794,13,0,3,13.5556,3800.2
2106,13,0,3,13.5417,3726.45
2039,13,0,3,13.5231,3628.93
1106,13,0,3,13.5129,3574.53
2035,13,0,3,13.5009,3509.94
1108,13,0,3,13.4846,3426.21
1302,13,0,4,13.7338,4664.26,0.035,152.659,0.22,5
1303,13,0,4,13.7134,4560.57
1305,13,0,4,13.6982,4484.55
1304,13,0,4,13.6866,4425.27
895,13,0,5,13.9177,5594.69,0.0823333,359.113,0.02,6
896,13,0,5,13.914,5576.45
892,13,0,5,13.9103,5557.7
906,13,0,5,13.8977,5488.84
1555,13,0,5,13.8694,5334.24
2157,13,0,5,13.8585,5280.49
2019,13,0,5,13.8317,5154.23
929,13,0,5,13.8312,5152.25
938,13,0,5,13.8193,5086.4
950,13,0,5,13.8058,5015.84
951,13,0,5,13.7988,4980.12
949,13,0,5,13.7878,4923.64
1302,13,0,5,13.7688,4816.92
978,13,0,6,14.166,6793.17,0.0373333,162.837,0.05,7
1010,13,0,6,14.1512,6716.4
1011,13,0,6,14.137,6643.76
1009,13,0,6,14.1313,6614.33
1038,13,0,6,14.1232,6573.73
1039,13,0,6,14.1226,6571.06
1037,13,0,6,14.1127,6522.49
1034,13,0,6,14.1045,6478.66
2032,13,0,6,14.089,6401.06
1050,13,0,6,14.0627,6267.28
1049,13,0,6,14.0627,6267.19
1025,13,0,6,14.0553,6229.49
1029,13,0,6,14.0423,6163.7
1027,13,0,6,14.0294,6100.32
898,13,0,6,14.019,6047.84
895,13,0,6,14,5953.81
636,13,0,7,14.2831,7346.43,0.0391667,170.833,0.15,8
631,13,0,7,14.2764,7313.63
630,13,0,7,14.2706,7285.12
637,13,0,7,14.26,7233.04
1996,13,0,7,14.2476,7169.75
1997,13,0,7,14.2437,7149.85
2027,13,0,7,14.2164,7019.63
2026,13,0,7,14.2106,6991.15
978,13,0,7,14.2033,6956
603,13,0,8,14.4065,7952.99,0.0658333,287.145,0.35,9
604,13,0,8,14.4017,7927.58
596,13,0,8,14.4016,7926.61
580,13,0,8,14.3873,7850.4
583,13,0,8,14.3811,7820.59
587,13,0,8,14.3788,7806.16
578,13,0,8,14.3758,7789.34
575,13,0,8,14.3702,7758.24
571,13,0,8,14.3673,7742.11
570,13,0,8,14.3625,7718.84
1994,13,0,8,14.3498,7654.49
562,13,0,8,14.3364,7589.43
639,13,0,8,14.3329,7571.99
638,13,0,8,14.3262,7537.96
636,13,0,8,14.3222,7517.26
710,13,0,9,14.5361,8653.53,0.0876667,382.376,0.44,10
1543,13,0,9,14.5162,8538.16
715,13,0,9,14.5115,8493.68
714,13,0,9,14.5077,8469.84
726,13,0,9,14.5075,8467.98
529,13,0,9,14.4935,8368.37
605,13,0,9,14.4781,8271.11
603,13,0,9,14.4723,8240.13
64,13,0,10,14.7325,9734.74,0,0,0
195,13,0,10,14.7109,9618.49
196,13,0,10,14.7082,9598.91
205,13,0,10,14.6939,9512.83
215,13,0,10,14.6695,9357.85
225,13,0,10,14.6446,9154.01
1680,13,0,10,14.6418,9135.17
710,13,0,10,14.6238,9035.9
220,14,0,0,11.0872,472.978,0.0955,416.542,0.04,1
2130,14,0,0,11.0724,392.48
215,14,0,0,11.0675,358.782
205,14,0,0,11.0436,204.484
196,14,0,0,11.0305,119.897
195,14,0,0,11.0279,100.335
64,14,0,0,11.01,0
710,14,0,1,11.2404,1198.14,0.0443333,193.369,0.36,2
223,14,0,1,11.2229,1104.91
224,14,0,1,11.2088,1031.05
222,14,0,1,11.193,945.57
220,14,0,1,11.1827,889.52
455,14,0,2,11.3438,1774.06,0.0408333,178.103,0.03,3
454,14,0,2,11.341,1758.44
457,14,0,2,11.3343,1704.48
456,14,0,2,11.3291,1675.03
458,14,0,2,11.3196,1613.89
459,14,0,2,11.3137,1568.78
1543,14,0,2,11.3044,1506.55
710,14,0,2,11.2847,1391.51
603,14,0,3,11.475,2516.24,0.109,475.425,0.32,4
604,14,0,3,11.4708,2493.1
596,14,0,3,11.4706,2492.13
595,14,0,3,11.4652,2461.72
605,14,0,3,11.464,2453.73
529,14,0,3,11.4468,2353.71
726,14,0,3,11.4309,2252.51
714,14,0,3,11.4307,2250.62
1543,14,0,3,11.4259,2220.1
459,14,0,3,11.4156,2156.7
458,14,0,3,11.4091,2111.44
456,14,0,3,11.4,2050.65
457,14,0,3,11.3946,2020.43
454,14,0,3,11.387,1966.47
455,14,0,3,11.3846,1952.16
1108,14,0,4,11.7762,3990.79,0.0935,407.819,0.09,5
1109,14,0,4,11.7718,3968.11
1113,14,0,4,11.765,3933.96
1847,14,0,4,11.7515,3866.44
1086,14,0,4,11.7479,3846.41
1087,14,0,4,11.7334,3773.22
1090,14,0,4,11.7247,3728.06
1076,14,0,4,11.6985,3601.08
1074,14,0,4,11.6944,3579.96
1077,14,0,4,11.6848,3529.14
1080,14,0,4,11.6713,3461.94
1079,14,0,4,11.6647,3427.48
1061,14,0,4,11.6605,3406.2
1063,14,0,4,11.6569,3388.03
1062,14,0,4,11.6559,3380.95
2159,14,0,4,11.6556,3379.84
1045,14,0,4,11.6549,3376.69
1012,14,0,4,11.6477,3335.7
1014,14,0,4,11.6472,3332.84
989,14,0,4,11.6361,3274.53
990,14,0,4,11.6261,3224.27
991,14,0,4,11.6235,3211.92
706,14,0,4,11.6165,3172.46
704,14,0,4,11.6138,3159.68
2179,14,0,4,11.6136,3158.82
662,14,0,4,11.6074,3129.17
602,14,0,4,11.5961,3060.9
604,14,0,4,11.5935,3044.1
596,14,0,4,11.5934,3043.13
595,14,0,4,11.5879,3012.72
603,14,0,4,11.584,2991.67
1304,14,0,5,11.9992,5081.23,0.0428333,186.826,0.12,6
952,14,0,5,11.9748,4948.24
953,14,0,5,11.9641,4893.46
2023,14,0,5,11.9632,4889.36
2108,14,0,5,11.9468,4804.15
1794,14,0,5,11.9397,4768.39
2106,14,0,5,11.9245,4689.02
2039,14,0,5,11.9068,4595.49
1106,14,0,5,11.8972,4543.54
2035,14,0,5,11.883,4469.49
1108,14,0,5,11.8697,4398.6
895,14,0,6,12.1981,6068.38,0.0435,189.734,0.02,7
907,14,0,6,12.1824,5991.05
908,14,0,6,12.1733,5945.57
2014,14,0,6,12.1727,5942.89
2017,14,0,6,12.1716,5937.2
2170,14,0,6,12.1688,5923.01
1738,14,0,6,12.1514,5836.08
1737,14,0,6,12.1447,5802.3
936,14,0,6,12.1295,5723.39
933,14,0,6,12.1289,5720.45
934,14,0,6,12.1234,5682.8
935,14,0,6,12.1229,5680.19
2020,14,0,6,12.1118,5623.21
1787,14,0,6,12.0922,5526.06
1788,14,0,6,12.0914,5522.36
1789,14,0,6,12.08,5465.37
952,14,0,6,12.0711,5420.92
1304,14,0,6,12.042,5268.05
64,14,0,7,12.6024,8376.44,0,0,0
195,14,0,7,12.5733,8228.06
196,14,0,7,12.5705,8208.47
205,14,0,7,12.556,8122.02
215,14,0,7,12.5305,7965.64
225,14,0,7,12.5045,7762.43
715,14,0,7,12.473,7586.76
714,14,0,7,12.469,7562.6
726,14,0,7,12.4688,7560.75
529,14,0,7,12.4547,7461.1
605,14,0,7,12.4398,7364.43
603,14,0,7,12.4335,7331.35
604,14,0,7,12.4296,7309.49
596,14,0,7,12.4294,7308.52
580,14,0,7,12.4178,7244
574,14,0,7,12.3964,7132.88
573,14,0,7,12.3868,7079.08
564,14,0,7,12.3793,7038.82
557,14,0,7,12.3745,7007.75
561,14,0,7,12.368,6961.31
628,14,0,7,12.3638,6936.17
609,14,0,7,12.3521,6860.87
423,14,0,7,12.3462,6804.55
419,14,0,7,12.3394,6766.98
420,14,0,7,12.3334,6730.95
421,14,0,7,12.3288,6703.46
417,14,0,7,12.3238,6676.74
1989,14,0,7,12.3054,6582.53
2011,14,0,7,12.2861,6482.82
891,14,0,7,12.2641,6368.36
893,14,0,7,12.2581,6337.49
894,14,0,7,12.2528,6312.75
895,14,0,7,12.2416,6258.12
1302,14,1,0,13.7642,2766.91,0.035,152.659,0.22,1
949,14,1,0,13.7412,2642.85
2025,14,1,0,13.7377,2625.39
1598,14,1,0,13.7344,2606.63
948,14,1,0,13.7295,2579.61
928,14,1,0,13.7191,2522.31
929,14,1,0,13.6989,2416.19
2019,14,1,0,13.6985,2414.21
2157,14,1,0,13.6724,2290.85
905,14,1,0,13.6355,2102.44
889,14,1,0,13.6262,2054.31
890,14,1,0,13.6196,2018.4
2013,14,1,0,13.6001,1915.19
1988,14,1,0,13.5825,1821.32
417,14,1,0,13.562,1716.71
418,14,1,0,13.558,1695.77
419,14,1,0,13.5425,1609.96
423,14,1,0,13.5363,1573.67
609,14,1,0,13.5304,1517.35
628,14,1,0,13.5206,1443.34
561,14,1,0,13.5167,1418.58
557,14,1,0,13.5093,1371.34
554,14,1,0,13.5071,1360.2
565,14,1,0,13.497,1306.55
573,14,1,0,13.4917,1279.96
574,14,1,0,13.4844,1230.49
580,14,1,0,13.4616,1113.57
596,14,1,0,13.4555,1053.72
595,14,1,0,13.4505,1025.37
605,14,1,0,13.4493,1017.31
529,14,1,0,13.4327,918.413
726,14,1,0,13.4166,816.876
714,14,1,0,13.4164,814.998
715,14,1,0,13.4129,791.373
225,14,1,0,13.3951,630.742
215,14,1,0,13.3679,427.668
205,14,1,0,13.3369,255.297
196,14,1,0,13.3218,168.03
195,14,1,0,13.3192,148.465
64,14,1,0,13.29,0
978,14,1,1,14.0831,4355.78,0.0373333,162.837,0.05,2
1010,14,1,1,14.0682,4278.67
1011,14,1,1,14.0541,4206.68
1009,14,1,1,14.0474,4172.76
1038,14,1,1,14.0394,4132.87
1039,14,1,1,14.0388,4130.2
1037,14,1,1,14.026,4069.25
1034,14,1,1,14.0162,4019.03
2032,14,1,1,14.0008,3941.44
1050,14,1,1,13.9718,3796.99
1804,14,1,1,13.9587,3730.98
2015,14,1,1,13.9475,3674.76
2014,14,1,1,13.9393,3633.76
2017,14,1,1,13.9382,3628.07
2170,14,1,1,13.9353,3613.42
917,14,1,1,13.9291,3582.43
2016,14,1,1,13.9283,3578.62
915,14,1,1,13.9073,3473.67
1555,14,1,1,13.8999,3436.9
2157,14,1,1,13.889,3383.15
2019,14,1,1,13.8621,3256.89
929,14,1,1,13.8617,3254.9
938,14,1,1,13.8498,3189.05
950,14,1,1,13.8363,3118.49
951,14,1,1,13.8293,3082.77
949,14,1,1,13.8183,3026.3
1302,14,1,1,13.7992,2919.57
636,14,1,2,14.2001,4909.04,0.0391667,170.833,0.15,3
631,14,1,2,14.1934,4876.25
630,14,1,2,14.1876,4847.73
637,14,1,2,14.1771,4795.65
1996,14,1,2,14.1646,4732.36
1997,14,1,2,14.1607,4712.46
2027,14,1,2,14.1335,4582.24
2026,14,1,2,14.1277,4553.76
978,14,1,2,14.1204,4518.61
64,14,1,3,14.4855,6540.42,0,0,0
195,14,1,3,14.4639,6424.16
196,14,1,3,14.4612,6404.58
205,14,1,3,14.4469,6318.5
215,14,1,3,14.4225,6163.52
225,14,1,3,14.3976,5959.69
715,14,1,3,14.3627,5769.15
714,14,1,3,14.359,5745.31
726,14,1,3,14.3588,5743.45
529,14,1,3,14.3447,5643.84
605,14,1,3,14.3294,5546.58
603,14,1,3,14.3236,5515.6
604,14,1,3,14.3188,5490.19
596,14,1,3,14.3186,5489.22
580,14,1,3,14.3043,5413.01
583,14,1,3,14.2981,5383.2
587,14,1,3,14.2959,5368.77
578,14,1,3,14.2928,5351.95
575,14,1,3,14.2873,5320.85
571,14,1,3,14.2844,5304.73
570,14,1,3,14.2796,5281.45
1994,14,1,3,14.2668,5217.1
562,14,1,3,14.2535,5152.04
639,14,1,3,14.25,5134.6
638,14,1,3,14.2433,5100.57
636,14,1,3,14.2393,5079.87
220,15,0,0,13.0702,511.167,0.072,314.042,0.12,1
2130,15,0,0,13.0524,417.757
215,15,0,0,13.0469,383.417
205,15,0,0,13.0189,223.068
196,15,0,0,13.005,137.521
195,15,0,0,13.0019,117.624
64,15,0,0,12.98,0
455,15,0,1,13.236,1375.28,0.0423333,184.645,0.11,2
454,15,0,1,13.2327,1357.9
457,15,0,1,13.2262,1303.83
456,15,0,1,13.2212,1274.8
458,15,0,1,13.212,1213.88
459,15,0,1,13.2054,1168.53
450,15,0,1,13.1902,1084.61
229,15,0,1,13.1791,1024.74
222,15,0,1,13.1509,874.132
220,15,0,1,13.1422,825.209
710,15,0,2,13.3434,1959.13,0.0466667,203.546,0.45,3
1543,15,0,2,13.3201,1830.91
459,15,0,2,13.3099,1767.72
458,15,0,2,13.3032,1722.32
456,15,0,2,13.2946,1661.92
457,15,0,2,13.2886,1628.87
454,15,0,2,13.281,1574.89
455,15,0,2,13.2783,1559.93
1108,15,0,3,13.6334,3474.52,0.0723333,315.496,0.16,4
1109,15,0,3,13.6284,3449.09
1113,15,0,3,13.6228,3419.86
1847,15,0,3,13.6111,3359.89
1086,15,0,3,13.6075,3339.71
1087,15,0,3,13.594,3271.15
1090,15,0,3,13.5854,3226.39
1076,15,0,3,13.5674,3133.06
1074,15,0,3,13.5634,3112.4
1077,15,0,3,13.5499,3045.43
1080,15,0,3,13.535,2972.08
1079,15,0,3,13.5279,2935.6
1061,15,0,3,13.5236,2914.31
1063,15,0,3,13.5204,2897.47
1062,15,0,3,13.5194,2890.43
2159,15,0,3,13.5192,2889.45
1045,15,0,3,13.5185,2886.3
1012,15,0,3,13.5113,2845.31
2028,15,0,3,13.5032,2799.85
989,15,0,3,13.4998,2784.11
990,15,0,3,13.4898,2733.85
991,15,0,3,13.4872,2721.5
706,15,0,3,13.4802,2682.03
704,15,0,3,13.4775,2669.26
2179,15,0,3,13.4773,2668.4
662,15,0,3,13.4711,2638.75
602,15,0,3,13.4599,2570.61
599,15,0,3,13.4554,2545.91
605,15,0,3,13.4502,2517.79
529,15,0,3,13.4337,2418.9
726,15,0,3,13.4175,2317.36
714,15,0,3,13.4173,2315.48
1543,15,0,3,13.4115,2283.04
710,15,0,3,13.39,2162.68
1304,15,0,4,13.8344,4468.49,0.0735,320.585,0.21,5
952,15,0,4,13.8104,4337.17
953,15,0,4,13.7981,4276.12
2023,15,0,4,13.7973,4272.02
2108,15,0,4,13.7831,4196.36
1794,15,0,4,13.7768,4164.01
2106,15,0,4,13.7629,4090.26
2039,15,0,4,13.7443,3992.74
1106,15,0,4,13.7341,3938.34
2035,15,0,4,13.7221,3873.75
1108,15,0,4,13.7058,3790.02
1302,15,0,5,13.955,5028.07,0.035,152.659,0.22,6
1303,15,0,5,13.9346,4924.38
1305,15,0,5,13.9194,4848.36
1304,15,0,5,13.9079,4789.08
895,15,0,6,14.1389,5958.5,0.081,353.298,0.02,7
896,15,0,6,14.1352,5940.26
892,15,0,6,14.1315,5921.51
906,15,0,6,14.1189,5852.65
1555,15,0,6,14.0907,5698.05
2157,15,0,6,14.0797,5644.3
2019,15,0,6,14.0529,5518.04
929,15,0,6,14.0525,5516.06
938,15,0,6,14.0405,5450.21
950,15,0,6,14.027,5379.65
951,15,0,6,14.02,5343.93
949,15,0,6,14.009,5287.45
1302,15,0,6,13.99,5180.73
978,15,0,7,14.3859,7151.16,0.0373333,162.837,0.05,8
1010,15,0,7,14.3711,7074.39
1011,15,0,7,14.3568,7001.75
1009,15,0,7,14.3512,6972.32
1038,15,0,7,14.3431,6931.72
1039,15,0,7,14.3425,6929.05
1037,15,0,7,14.3326,6880.49
1034,15,0,7,14.3244,6836.65
2032,15,0,7,14.3089,6759.05
1050,15,0,7,14.2826,6625.27
1049,15,0,7,14.2825,6625.18
1025,15,0,7,14.2752,6587.48
1029,15,0,7,14.2622,6521.69
1027,15,0,7,14.2493,6458.32
898,15,0,7,14.2389,6405.83
895,15,0,7,14.2199,6311.8
636,15,0,8,14.5029,7704.42,0.0391667,170.833,0.15,9
631,15,0,8,14.4962,7671.63
630,15,0,8,14.4905,7643.11
637,15,0,8,14.4799,7591.03
1996,15,0,8,14.4674,7527.74
1997,15,0,8,14.4636,7507.84
2027,15,0,8,14.4363,7377.62
2026,15,0,8,14.4305,7349.14
978,15,0,8,14.4232,7314
603,15,0,9,14.6264,8310.98,0.0658333,287.145,0.35,10
604,15,0,9,14.6216,8285.57
596,15,0,9,14.6214,8284.6
580,15,0,9,14.6072,8208.39
583,15,0,9,14.6009,8178.58
587,15,0,9,14.5987,8164.15
578,15,0,9,14.5957,8147.34
575,15,0,9,14.5901,8116.23
571,15,0,9,14.5872,8100.11
570,15,0,9,14.5824,8076.83
1994,15,0,9,14.5697,8012.48
562,15,0,9,14.5563,7947.42
639,15,0,9,14.5528,7929.98
638,15,0,9,14.5461,7895.95
636,15,0,9,14.5421,7875.25
64,15,0,10,14.8542,9622.94,0,0,0
195,15,0,10,14.8326,9506.69
196,15,0,10,14.8299,9487.11
205,15,0,10,14.8156,9401.03
215,15,0,10,14.7912,9246.05
225,15,0,10,14.7663,9042.22
715,15,0,10,14.7314,8851.67
714,15,0,10,14.7276,8827.83
726,15,0,10,14.7274,8825.97
529,15,0,10,14.7134,8726.36
605,15,0,10,14.698,8629.11
603,15,0,10,14.6922,8598.13
