Nodo,Individuo,Ruta,Segmento,Tiempo viaje,Costo viaje,Tiempo atencion,Costo atencion,Tasa fallo,Demanda
220,0,0,0,13.0402,511.167,0.072,314.042,0.12,1
2130,0,0,0,13.0224,417.757
215,0,0,0,13.0169,383.417
205,0,0,0,12.9889,223.068
196,0,0,0,12.975,137.521
195,0,0,0,12.9719,117.624
64,0,0,0,12.95,0
710,0,0,1,13.179,1171.13,0.0466667,203.546,0.45,2
223,0,0,1,13.1599,1071.11
224,0,0,1,13.1366,958.91
222,0,0,1,13.1209,874.132
220,0,0,1,13.1122,825.209
455,0,0,2,13.2863,1763.6,0.0423333,184.645,0.11,3
454,0,0,2,13.2831,1746.22
457,0,0,2,13.2765,1692.15
456,0,0,2,13.2716,1663.11
458,0,0,2,13.2623,1602.2
459,0,0,2,13.2557,1556.85
1543,0,0,2,13.2471,1495.04
710,0,0,2,13.2256,1374.67
1108,0,0,3,13.5922,3410.34,0.0723333,315.496,0.16,4
1109,0,0,3,13.5882,3388.96
1113,0,0,3,13.5818,3356.71
1847,0,0,3,13.57,3296.07
1086,0,0,3,13.5663,3275.89
1087,0,0,3,13.5529,3207.33
1090,0,0,3,13.5443,3162.57
1076,0,0,3,13.5262,3069.24
1074,0,0,3,13.5222,3048.58
1077,0,0,3,13.5088,2981.61
1080,0,0,3,13.4939,2908.26
1079,0,0,3,13.4867,2871.78
1061,0,0,3,13.4825,2850.49
1063,0,0,3,13.4793,2833.65
1062,0,0,3,13.4783,2826.61
2159,0,0,3,13.4781,2825.63
1045,0,0,3,13.4774,2822.48
1012,0,0,3,13.4702,2781.49
2028,0,0,3,13.4621,2736.03
989,0,0,3,13.4587,2720.29
990,0,0,3,13.4486,2670.03
991,0,0,3,13.446,2657.68
706,0,0,3,13.439,2618.21
704,0,0,3,13.4364,2605.44
2179,0,0,3,13.4362,2604.58
662,0,0,3,13.43,2574.93
602,0,0,3,13.4187,2506.79
599,0,0,3,13.4142,2482.09
605,0,0,3,13.4091,2453.97
529,0,0,3,13.3925,2355.08
726,0,0,3,13.3764,2253.54
714,0,0,3,13.3762,2251.66
1543,0,0,3,13.3704,2219.22
459,0,0,3,13.3603,2156.04
458,0,0,3,13.3536,2110.63
456,0,0,3,13.345,2050.23
457,0,0,3,13.339,2017.18
454,0,0,3,13.3313,1963.2
455,0,0,3,13.3286,1948.24
1304,0,0,4,13.7932,4404.31,0.0735,320.585,0.21,5
952,0,0,4,13.7691,4272.99
953,0,0,4,13.7569,4211.94
2023,0,0,4,13.7561,4207.84
2108,0,0,4,13.7419,4132.18
1794,0,0,4,13.7356,4099.83
2106,0,0,4,13.7217,4026.08
2039,0,0,4,13.7031,3928.56
1106,0,0,4,13.6929,3874.16
2035,0,0,4,13.6809,3809.57
1108,0,0,4,13.6646,3725.83
1302,0,0,5,13.9138,4963.89,0.035,152.659,0.22,6
1303,0,0,5,13.8934,4860.2
1305,0,0,5,13.8782,4784.18
1304,0,0,5,13.8667,4724.9
895,0,0,6,14.0977,5894.32,0.081,353.298,0.02,7
896,0,0,6,14.094,5876.08
892,0,0,6,14.0903,5857.33
906,0,0,6,14.0777,5788.47
1555,0,0,6,14.0494,5633.87
2157,0,0,6,14.0385,5580.12
2019,0,0,6,14.0117,5453.86
929,0,0,6,14.0113,5451.88
938,0,0,6,13.9993,5386.03
950,0,0,6,13.9858,5315.47
951,0,0,6,13.9788,5279.75
949,0,0,6,13.9678,5223.27
1302,0,0,6,13.9488,5116.55
978,0,0,7,14.3447,7086.98,0.0373333,162.837,0.05,8
1010,0,0,7,14.3299,7010.21
1011,0,0,7,14.3156,6937.58
1009,0,0,7,14.31,6908.14
1038,0,0,7,14.3018,6867.54
1039,0,0,7,14.3013,6864.87
1037,0,0,7,14.2914,6816.31
1034,0,0,7,14.2832,6772.47
2032,0,0,7,14.2677,6694.87
1050,0,0,7,14.2414,6561.09
1049,0,0,7,14.2413,6561
1025,0,0,7,14.234,6523.3
1029,0,0,7,14.2209,6457.51
1027,0,0,7,14.2081,6394.14
898,0,0,7,14.1977,6341.65
895,0,0,7,14.1787,6247.62
636,0,0,8,14.4617,7640.24,0.0391667,170.833,0.15,9
631,0,0,8,14.455,7607.45
630,0,0,8,14.4492,7578.93
637,0,0,8,14.4387,7526.85
1996,0,0,8,14.4262,7463.56
1997,0,0,8,14.4223,7443.66
2027,0,0,8,14.3951,7313.44
2026,0,0,8,14.3893,7284.96
978,0,0,8,14.382,7249.82
603,0,0,9,14.5852,8246.8,0.0658333,287.145,0.35,10
604,0,0,9,14.5804,8221.39
596,0,0,9,14.5802,8220.42
580,0,0,9,14.566,8144.21
583,0,0,9,14.5597,8114.4
587,0,0,9,14.5575,8099.97
578,0,0,9,14.5544,8083.16
575,0,0,9,14.5489,8052.05
571,0,0,9,14.546,8035.93
570,0,0,9,14.5412,8012.65
1994,0,0,9,14.5284,7948.3
562,0,0,9,14.5151,7883.24
639,0,0,9,14.5116,7865.8
638,0,0,9,14.5049,7831.77
636,0,0,9,14.5009,7811.07
64,0,0,10,14.8129,9558.76,0,0,0
195,0,0,10,14.7914,9442.51
196,0,0,10,14.7886,9422.93
205,0,0,10,14.7744,9336.85
215,0,0,10,14.75,9181.87
225,0,0,10,14.7251,8978.04
715,0,0,10,14.6901,8787.49
714,0,0,10,14.6864,8763.65
726,0,0,10,14.6862,8761.79
529,0,0,10,14.6722,8662.18
605,0,0,10,14.6568,8564.93
603,0,0,10,14.651,8533.95
603,1,0,0,11.1484,1012.31,0.109,475.425,0.32,1
604,1,0,0,11.1441,989.164
596,1,0,0,11.144,988.193
595,1,0,0,11.1385,957.784
605,1,0,0,11.1374,949.793
529,1,0,0,11.1202,849.768
726,1,0,0,11.1043,748.573
714,1,0,0,11.1041,746.688
715,1,0,0,11.1007,723.201
225,1,0,0,11.0832,562.11
215,1,0,0,11.0575,358.782
205,1,0,0,11.0336,204.484
196,1,0,0,11.0205,119.897
195,1,0,0,11.0179,100.335
64,1,0,0,11,0
1108,1,0,1,11.4495,2486.85,0.0935,407.819,0.09,2
1109,1,0,1,11.4452,2464.18
1113,1,0,1,11.4383,2430.03
1847,1,0,1,11.4249,2362.5
1086,1,0,1,11.4213,2342.47
1087,1,0,1,11.4067,2269.28
1090,1,0,1,11.398,2224.12
1076,1,0,1,11.3719,2097.14
1074,1,0,1,11.3678,2076.03
1077,1,0,1,11.3582,2025.21
1080,1,0,1,11.3447,1958
1079,1,0,1,11.3381,1923.55
1061,1,0,1,11.3338,1902.26
1063,1,0,1,11.3303,1884.1
1062,1,0,1,11.3292,1877.02
2159,1,0,1,11.329,1875.9
1045,1,0,1,11.3283,1872.75
1012,1,0,1,11.3211,1831.77
1014,1,0,1,11.3205,1828.9
989,1,0,1,11.3095,1770.6
990,1,0,1,11.2994,1720.33
991,1,0,1,11.2968,1707.98
706,1,0,1,11.2898,1668.52
704,1,0,1,11.2872,1655.75
2179,1,0,1,11.287,1654.88
662,1,0,1,11.2808,1625.24
602,1,0,1,11.2694,1556.96
604,1,0,1,11.2669,1540.16
596,1,0,1,11.2667,1539.19
595,1,0,1,11.2613,1508.78
603,1,0,1,11.2574,1487.73
1304,1,0,2,11.6726,3577.29,0.0428333,186.826,0.12,3
952,1,0,2,11.6482,3444.3
953,1,0,2,11.6374,3389.53
2023,1,0,2,11.6366,3385.43
2108,1,0,2,11.6201,3300.22
1794,1,0,2,11.6131,3264.46
2106,1,0,2,11.5978,3185.09
2039,1,0,2,11.5802,3091.56
1106,1,0,2,11.5706,3039.61
2035,1,0,2,11.5563,2965.56
1108,1,0,2,11.543,2894.67
895,1,0,3,11.8742,4576.55,0.103333,450.709,0.01,4
907,1,0,3,11.8586,4499.65
908,1,0,3,11.8493,4453.6
2014,1,0,3,11.8487,4450.92
2017,1,0,3,11.8476,4445.23
2170,1,0,3,11.8446,4430.37
1738,1,0,3,11.8301,4355.29
1737,1,0,3,11.8247,4327.23
936,1,0,3,11.8096,4248.61
933,1,0,3,11.809,4245.67
934,1,0,3,11.8035,4208.03
943,1,0,3,11.7869,4127.49
2020,1,0,3,11.7861,4123.55
1787,1,0,3,11.7687,4035.69
1788,1,0,3,11.768,4031.98
1789,1,0,3,11.7579,3980.67
952,1,0,3,11.7499,3940.16
1304,1,0,3,11.7154,3764.11
64,1,0,4,12.3142,7034.23,0,0,0
195,1,0,4,12.2921,6916
196,1,0,4,12.2892,6896.27
205,1,0,4,12.2753,6810.71
215,1,0,4,12.2497,6654.27
225,1,0,4,12.2244,6450.75
715,1,0,4,12.1963,6285.72
714,1,0,4,12.1924,6261.72
726,1,0,4,12.1922,6259.84
529,1,0,4,12.1785,6160.34
605,1,0,4,12.1637,6063.73
603,1,0,4,12.1586,6035.75
604,1,0,4,12.1543,6012.61
596,1,0,4,12.1542,6011.64
580,1,0,4,12.1458,5953.37
574,1,0,4,12.1285,5860.12
573,1,0,4,12.1184,5804.22
564,1,0,4,12.1108,5763.07
557,1,0,4,12.1047,5729.08
561,1,0,4,12.098,5682.56
628,1,0,4,12.0935,5656.91
609,1,0,4,12.0807,5580.26
423,1,0,4,12.0748,5523.94
419,1,0,4,12.0702,5489.49
420,1,0,4,12.0642,5453.55
431,1,0,4,12.0444,5356.51
434,1,0,4,12.0379,5325.9
873,1,0,4,12.0336,5302.89
874,1,0,4,12.0205,5239.64
870,1,0,4,12.0146,5209.76
894,1,0,4,11.9876,5077.24
895,1,0,4,11.9775,5027.26
1302,1,1,0,13.8442,2766.91,0.035,152.659,0.22,1
949,1,1,0,13.8212,2642.85
2025,1,1,0,13.8177,2625.39
1598,1,1,0,13.8144,2606.63
948,1,1,0,13.8095,2579.61
928,1,1,0,13.7991,2522.31
929,1,1,0,13.7789,2416.19
2019,1,1,0,13.7785,2414.21
2157,1,1,0,13.7524,2290.85
905,1,1,0,13.7155,2102.44
889,1,1,0,13.7062,2054.31
890,1,1,0,13.6996,2018.4
2013,1,1,0,13.6801,1915.19
1988,1,1,0,13.6625,1821.32
417,1,1,0,13.642,1716.71
418,1,1,0,13.638,1695.77
419,1,1,0,13.6225,1609.96
423,1,1,0,13.6163,1573.67
609,1,1,0,13.6104,1517.35
628,1,1,0,13.6006,1443.34
561,1,1,0,13.5967,1418.58
557,1,1,0,13.5893,1371.34
554,1,1,0,13.5871,1360.2
565,1,1,0,13.577,1306.55
573,1,1,0,13.5717,1279.96
574,1,1,0,13.5644,1230.49
580,1,1,0,13.5416,1113.57
596,1,1,0,13.5355,1053.72
595,1,1,0,13.5305,1025.37
605,1,1,0,13.5293,1017.31
529,1,1,0,13.5127,918.413
726,1,1,0,13.4966,816.876
714,1,1,0,13.4964,814.998
715,1,1,0,13.4929,791.373
225,1,1,0,13.4751,630.742
215,1,1,0,13.4479,427.668
205,1,1,0,13.4169,255.297
196,1,1,0,13.4018,168.03
195,1,1,0,13.3992,148.465
64,1,1,0,13.37,0
978,1,1,1,14.1631,4355.78,0.0373333,162.837,0.05,2
1010,1,1,1,14.1482,4278.67
1011,1,1,1,14.1341,4206.68
1009,1,1,1,14.1274,4172.76
1038,1,1,1,14.1194,4132.87
1039,1,1,1,14.1188,4130.2
1037,1,1,1,14.106,4069.25
1034,1,1,1,14.0962,4019.03
2032,1,1,1,14.0808,3941.44
1050,1,1,1,14.0518,3796.99
1804,1,1,1,14.0387,3730.98
2015,1,1,1,14.0275,3674.76
2014,1,1,1,14.0193,3633.76
2017,1,1,1,14.0182,3628.07
2170,1,1,1,14.0153,3613.42
917,1,1,1,14.0091,3582.43
2016,1,1,1,14.0083,3578.62
915,1,1,1,13.9873,3473.67
1555,1,1,1,13.9799,3436.9
2157,1,1,1,13.969,3383.15
2019,1,1,1,13.9421,3256.89
929,1,1,1,13.9417,3254.9
938,1,1,1,13.9298,3189.05
950,1,1,1,13.9163,3118.49
951,1,1,1,13.9093,3082.77
949,1,1,1,13.8983,3026.3
1302,1,1,1,13.8792,2919.57
636,1,1,2,14.2801,4909.04,0.0391667,170.833,0.15,3
631,1,1,2,14.2734,4876.25
630,1,1,2,14.2676,4847.73
637,1,1,2,14.2571,4795.65
1996,1,1,2,14.2446,4732.36
1997,1,1,2,14.2407,4712.46
2027,1,1,2,14.2135,4582.24
2026,1,1,2,14.2077,4553.76
978,1,1,2,14.2004,4518.61
64,1,1,3,14.5655,6540.42,0,0,0
195,1,1,3,14.5439,6424.16
196,1,1,3,14.5412,6404.58
205,1,1,3,14.5269,6318.5
215,1,1,3,14.5025,6163.52
225,1,1,3,14.4776,5959.69
715,1,1,3,14.4427,5769.15
714,1,1,3,14.439,5745.31
726,1,1,3,14.4388,5743.45
529,1,1,3,14.4247,5643.84
605,1,1,3,14.4094,5546.58
603,1,1,3,14.4036,5515.6
604,1,1,3,14.3988,5490.19
596,1,1,3,14.3986,5489.22
580,1,1,3,14.3843,5413.01
583,1,1,3,14.3781,5383.2
587,1,1,3,14.3759,5368.77
578,1,1,3,14.3728,5351.95
575,1,1,3,14.3673,5320.85
571,1,1,3,14.3644,5304.73
570,1,1,3,14.3596,5281.45
1994,1,1,3,14.3468,5217.1
562,1,1,3,14.3335,5152.04
639,1,1,3,14.33,5134.6
638,1,1,3,14.3233,5100.57
636,1,1,3,14.3193,5079.87
220,1,2,0,11.5872,472.978,0.0955,416.542,0.04,1
2130,1,2,0,11.5724,392.48
215,1,2,0,11.5675,358.782
205,1,2,0,11.5436,204.484
196,1,2,0,11.5305,119.897
195,1,2,0,11.5279,100.335
64,1,2,0,11.51,0
455,1,2,1,11.7721,1421.69,0.0408333,178.103,0.03,2
454,1,2,1,11.7693,1406.07
457,1,2,1,11.7625,1352.11
456,1,2,1,11.7574,1322.67
458,1,2,1,11.7479,1261.52
459,1,2,1,11.742,1216.42
450,1,2,1,11.7268,1132.53
229,1,2,1,11.7173,1079.68
222,1,2,1,11.693,945.57
220,1,2,1,11.6827,889.52
710,1,2,2,11.8756,1988,0.0443333,193.369,0.36,3
1543,1,2,2,11.8542,1867.73
459,1,2,2,11.8439,1804.33
458,1,2,2,11.8374,1759.07
456,1,2,2,11.8283,1698.29
457,1,2,2,11.8229,1668.07
454,1,2,2,11.8153,1614.11
455,1,2,2,11.8129,1599.79
64,1,2,3,12.0205,2864.25,0,0,0
195,1,2,3,11.9993,2749.57
196,1,2,3,11.9965,2729.96
205,1,2,3,11.984,2646.06
215,1,2,3,11.9641,2493.96
225,1,2,3,11.9389,2290.4
1680,1,2,3,11.9359,2271.38
710,1,2,3,11.92,2181.37
710,2,0,0,11.123,739.387,0.0443333,193.369,0.36,1
223,2,0,0,11.1055,646.157
1680,2,0,0,11.096,581.03
225,2,0,0,11.0932,562.11
215,2,0,0,11.0675,358.782
205,2,0,0,11.0436,204.484
196,2,0,0,11.0305,119.897
195,2,0,0,11.0279,100.335
64,2,0,0,11.01,0
603,2,0,1,11.2362,1343.94,0.109,475.425,0.32,2
604,2,0,1,11.2319,1320.8
596,2,0,1,11.2318,1319.83
595,2,0,1,11.2263,1289.42
605,2,0,1,11.2252,1281.43
529,2,0,1,11.2079,1181.4
726,2,0,1,11.192,1080.21
714,2,0,1,11.1919,1078.32
1543,2,0,1,11.187,1047.8
710,2,0,1,11.1673,932.755
455,2,0,2,11.4271,2381.1,0.0408333,178.103,0.03,3
454,2,0,2,11.4243,2365.49
457,2,0,2,11.4176,2311.52
456,2,0,2,11.4124,2282.08
458,2,0,2,11.4029,2220.94
459,2,0,2,11.397,2175.83
1543,2,0,2,11.3877,2113.6
715,2,0,2,11.3829,2069.34
714,2,0,2,11.379,2045.33
726,2,0,2,11.3788,2043.45
529,2,0,2,11.3651,1943.96
605,2,0,2,11.3503,1847.35
603,2,0,2,11.3452,1819.37
1108,2,0,3,11.7352,4036.01,0.0935,407.819,0.09,4
1109,2,0,3,11.73,4009.82
1113,2,0,3,11.7239,3978.77
1847,2,0,3,11.711,3913.57
1086,2,0,3,11.7074,3893.53
1087,2,0,3,11.6928,3820.34
1090,2,0,3,11.6841,3775.18
1076,2,0,3,11.658,3648.2
1074,2,0,3,11.6538,3627.09
1077,2,0,3,11.6443,3576.27
1080,2,0,3,11.6308,3509.06
1079,2,0,3,11.6242,3474.61
1061,2,0,3,11.6199,3453.33
1063,2,0,3,11.6164,3435.16
1062,2,0,3,11.6153,3428.08
2159,2,0,3,11.6151,3426.97
1045,2,0,3,11.6144,3423.81
1012,2,0,3,11.6072,3382.83
1014,2,0,3,11.6066,3379.96
989,2,0,3,11.5956,3321.66
990,2,0,3,11.5855,3271.4
991,2,0,3,11.5829,3259.05
706,2,0,3,11.5759,3219.58
704,2,0,3,11.5733,3206.81
2179,2,0,3,11.5731,3205.95
662,2,0,3,11.5669,3176.3
602,2,0,3,11.5555,3108.03
599,2,0,3,11.5514,3084.77
605,2,0,3,11.5473,3060.78
529,2,0,3,11.5301,2960.75
726,2,0,3,11.5142,2859.56
714,2,0,3,11.514,2857.67
1543,2,0,3,11.5092,2827.15
459,2,0,3,11.4989,2763.75
458,2,0,3,11.4924,2718.49
456,2,0,3,11.4833,2657.7
457,2,0,3,11.4779,2627.48
454,2,0,3,11.4703,2573.52
455,2,0,3,11.4679,2559.21
1304,2,0,4,11.9582,5126.45,0.0428333,186.826,0.12,5
952,2,0,4,11.9338,4993.46
953,2,0,4,11.9231,4938.69
2023,2,0,4,11.9223,4934.59
2108,2,0,4,11.9058,4849.38
1794,2,0,4,11.8987,4813.62
2106,2,0,4,11.8835,4734.25
2039,2,0,4,11.8658,4640.72
1106,2,0,4,11.8562,4588.77
2035,2,0,4,11.842,4514.72
1108,2,0,4,11.8287,4443.83
1302,2,0,5,12.047,5547.28,0.106833,465.975,0.24,6
1303,2,0,5,12.0266,5443.75
1305,2,0,5,12.0131,5374.84
1304,2,0,5,12.001,5313.28
895,2,0,6,12.3196,6862,0.0435,189.734,0.02,7
896,2,0,6,12.3159,6843.75
892,2,0,6,12.3124,6825.97
906,2,0,6,12.2942,6733.17
1555,2,0,6,12.2687,6590.42
2157,2,0,6,12.2561,6529.78
2019,2,0,6,12.227,6394.61
929,2,0,6,12.2266,6392.62
938,2,0,6,12.2145,6326.49
950,2,0,6,12.1986,6245.47
951,2,0,6,12.1921,6212.21
949,2,0,6,12.1805,6152.93
1302,2,0,6,12.1538,6013.26
636,2,0,7,12.5182,7920.24,0.091,396.915,0.15,8
633,2,0,7,12.5115,7886.64
563,2,0,7,12.5062,7861.64
564,2,0,7,12.5008,7832.43
557,2,0,7,12.4959,7801.36
561,2,0,7,12.4894,7754.92
628,2,0,7,12.4853,7729.78
609,2,0,7,12.4735,7654.49
423,2,0,7,12.4676,7598.17
419,2,0,7,12.4609,7560.59
420,2,0,7,12.4548,7524.56
421,2,0,7,12.4503,7497.07
417,2,0,7,12.4453,7470.35
1989,2,0,7,12.4268,7376.14
2011,2,0,7,12.4075,7276.43
891,2,0,7,12.3856,7161.98
893,2,0,7,12.3795,7131.11
894,2,0,7,12.3743,7106.36
895,2,0,7,12.3631,7051.73
64,2,0,8,12.8562,9761.48,0,0,0
195,2,0,8,12.8295,9623.28
196,2,0,8,12.8263,9603.33
205,2,0,8,12.811,9515.59
215,2,0,8,12.7854,9359.03
225,2,0,8,12.7585,9155.96
715,2,0,8,12.7283,8986.39
714,2,0,8,12.7244,8962.24
726,2,0,8,12.7242,8960.38
529,2,0,8,12.71,8860.73
605,2,0,8,12.6952,8764.06
603,2,0,8,12.6889,8730.99
604,2,0,8,12.6849,8709.12
596,2,0,8,12.6848,8708.15
580,2,0,8,12.6732,8643.63
583,2,0,8,12.667,8613.81
587,2,0,8,12.665,8599.54
578,2,0,8,12.6621,8583.48
579,2,0,8,12.6548,8544.68
570,2,0,8,12.6478,8511.52
1994,2,0,8,12.6348,8446.45
562,2,0,8,12.6219,8383.07
639,2,0,8,12.6184,8365.63
638,2,0,8,12.6131,8337.39
636,2,0,8,12.6092,8317.16
978,2,1,0,14.6246,1541.01,0.0373333,162.837,0.05,1
1010,2,1,0,14.6101,1465.78
1016,2,1,0,14.5904,1374.31
1548,2,1,0,14.5834,1338.05
1012,2,1,0,14.5784,1312.65
2028,2,1,0,14.5703,1267.19
989,2,1,0,14.5669,1251.45
990,2,1,0,14.5569,1201.19
991,2,1,0,14.5543,1188.84
706,2,1,0,14.5473,1149.38
704,2,1,0,14.5446,1136.6
2179,2,1,0,14.5444,1135.74
662,2,1,0,14.5382,1106.09
602,2,1,0,14.527,1038.03
599,2,1,0,14.523,1015.4
605,2,1,0,14.5193,991.921
529,2,1,0,14.5022,892.037
726,2,1,0,14.4876,792.08
714,2,1,0,14.4874,790.213
715,2,1,0,14.4838,766.53
225,2,1,0,14.4663,605.342
215,2,1,0,14.4404,402.069
205,2,1,0,14.4137,243.798
196,2,1,0,14.3995,157.808
195,2,1,0,14.3968,138.229
64,2,1,0,14.37,0
64,2,1,1,14.9243,3241.41,0,0,0
195,2,1,1,14.903,3126.4
196,2,1,1,14.9003,3106.82
205,2,1,1,14.8861,3020.74
215,2,1,1,14.8616,2865.76
225,2,1,1,14.8368,2661.93
715,2,1,1,14.8018,2471.38
714,2,1,1,14.7981,2447.54
726,2,1,1,14.7979,2445.68
529,2,1,1,14.7838,2346.07
605,2,1,1,14.7685,2248.82
603,2,1,1,14.7627,2217.84
2202,2,1,1,14.7594,2197.3
602,2,1,1,14.7556,2172.71
1851,2,1,1,14.7453,2102.67
1852,2,1,1,14.7375,2066.84
706,2,1,1,14.7246,2003.69
703,2,1,1,14.7184,1973.27
1542,2,1,1,14.7087,1926.61
698,2,1,1,14.7013,1892.09
700,2,1,1,14.6945,1859.46
690,2,1,1,14.6795,1788.46
979,2,1,1,14.6713,1750.44
980,2,1,1,14.6655,1722.03
978,2,1,1,14.6619,1703.84
220,2,2,0,11.5372,472.978,0.0955,416.542,0.04,1
2130,2,2,0,11.5224,392.48
215,2,2,0,11.5175,358.782
205,2,2,0,11.4936,204.484
196,2,2,0,11.4805,119.897
195,2,2,0,11.4779,100.335
64,2,2,0,11.46,0
64,2,2,1,11.7101,1382.49,0,0,0
195,2,2,1,11.6889,1267.81
196,2,2,1,11.6862,1248.2
205,2,2,1,11.6737,1164.3
215,2,2,1,11.6538,1012.2
2130,2,2,1,11.6494,978.675
220,2,2,1,11.6327,889.52
220,3,0,0,11.6872,472.978,0.0955,416.542,0.04,1
2130,3,0,0,11.6724,392.48
215,3,0,0,11.6675,358.782
205,3,0,0,11.6436,204.484
196,3,0,0,11.6305,119.897
195,3,0,0,11.6279,100.335
64,3,0,0,11.61,0
710,3,0,1,11.8404,1198.14,0.0443333,193.369,0.36,2
223,3,0,1,11.8229,1104.91
224,3,0,1,11.8088,1031.05
222,3,0,1,11.793,945.57
220,3,0,1,11.7827,889.52
455,3,0,2,11.9438,1774.06,0.0408333,178.103,0.03,3
454,3,0,2,11.941,1758.44
457,3,0,2,11.9343,1704.48
456,3,0,2,11.9291,1675.03
458,3,0,2,11.9196,1613.89
459,3,0,2,11.9137,1568.78
1543,3,0,2,11.9044,1506.55
710,3,0,2,11.8847,1391.51
603,3,0,3,12.075,2516.24,0.0631667,275.514,0.35,4
604,3,0,3,12.0708,2493.1
596,3,0,3,12.0706,2492.13
595,3,0,3,12.0652,2461.72
605,3,0,3,12.064,2453.73
529,3,0,3,12.0468,2353.71
726,3,0,3,12.0309,2252.51
714,3,0,3,12.0307,2250.62
1543,3,0,3,12.0259,2220.1
459,3,0,3,12.0156,2156.7
458,3,0,3,12.0091,2111.44
456,3,0,3,12,2050.65
457,3,0,3,11.9946,2020.43
454,3,0,3,11.987,1966.47
455,3,0,3,11.9846,1952.16
1108,3,0,4,12.3266,3774.32,0.0588333,256.613,0.13,5
1109,3,0,4,12.3226,3752.79
1113,3,0,4,12.3153,3716.85
1847,3,0,4,12.3023,3651
1086,3,0,4,12.2986,3630.77
1087,3,0,4,12.2849,3560.98
1090,3,0,4,12.2757,3513.73
1076,3,0,4,12.2526,3399.54
1074,3,0,4,12.2486,3379.15
1077,3,0,4,12.2383,3325.1
1080,3,0,4,12.225,3258.65
1079,3,0,4,12.2174,3219.96
1061,3,0,4,12.2131,3198.68
1063,3,0,4,12.2097,3180.87
1062,3,0,4,12.2086,3173.8
2159,3,0,4,12.2085,3172.9
1045,3,0,4,12.2078,3169.75
1012,3,0,4,12.2005,3128.76
1014,3,0,4,12.2001,3126.56
989,3,0,4,12.1896,3070.7
990,3,0,4,12.1796,3020.44
704,3,0,4,12.1683,2962.7
2179,3,0,4,12.1681,2961.83
662,3,0,4,12.1619,2932.19
602,3,0,4,12.1509,2864.49
604,3,0,4,12.1485,2847.81
596,3,0,4,12.1484,2846.84
595,3,0,4,12.1424,2814.1
603,3,0,4,12.1382,2791.76
1304,3,0,5,12.5184,4725.58,0.0815,355.478,0.17,6
2163,3,0,5,12.4974,4615.84
2051,3,0,5,12.4638,4437.75
2050,3,0,5,12.4526,4378.74
2106,3,0,5,12.4457,4344.01
2039,3,0,5,12.428,4250.04
1106,3,0,5,12.4181,4197.09
2035,3,0,5,12.4055,4130.27
1108,3,0,5,12.3855,4030.94
1302,3,0,6,12.6458,5315.06,0.106833,465.975,0.24,7
1303,3,0,6,12.6255,5211.53
1305,3,0,6,12.612,5142.62
1304,3,0,6,12.5999,5081.06
895,3,0,7,12.9185,6629.77,0.0435,189.734,0.02,8
896,3,0,7,12.9148,6611.53
892,3,0,7,12.9113,6593.75
906,3,0,7,12.893,6500.95
1555,3,0,7,12.8675,6358.2
2157,3,0,7,12.8549,6297.56
2019,3,0,7,12.8258,6162.39
929,3,0,7,12.8254,6160.4
938,3,0,7,12.8134,6094.27
950,3,0,7,12.7974,6013.25
951,3,0,7,12.791,5979.99
949,3,0,7,12.7793,5920.71
1302,3,0,7,12.7527,5781.04
978,3,0,8,13.1299,7668.46,0.0648333,282.783,0.06,9
1010,3,0,8,13.1143,7588.31
1011,3,0,8,13.1008,7518.91
1009,3,0,8,13.0957,7491.28
1041,3,0,8,13.0955,7490.59
1039,3,0,8,13.0877,7450.11
1037,3,0,8,13.0781,7402.63
1034,3,0,8,13.0695,7356.94
2032,3,0,8,13.054,7279.35
1050,3,0,8,13.0228,7125.25
1049,3,0,8,13.0228,7125.16
1025,3,0,8,13.0139,7081.5
1029,3,0,8,13.0007,7014.67
1027,3,0,8,12.9889,6955.71
898,3,0,8,12.9806,6912.18
895,3,0,8,12.962,6819.51
636,3,0,9,13.2721,8332.67,0.0665,290.053,0.15,10
633,3,0,9,13.2664,8303.14
639,3,0,9,13.2629,8285
1993,3,0,9,13.2513,8226.71
1995,3,0,9,13.2445,8192.35
1996,3,0,9,13.2383,8162.4
1997,3,0,9,13.2345,8142.5
2027,3,0,9,13.2096,8021.73
2026,3,0,9,13.2038,7993.25
978,3,0,9,13.1948,7951.24
64,3,0,10,13.586,10076.7,0,0,0
195,3,0,10,13.5617,9949.05
196,3,0,10,13.5589,9929.46
205,3,0,10,13.544,9842.34
215,3,0,10,13.5125,9668.03
225,3,0,10,13.4865,9464.79
715,3,0,10,13.4585,9299.91
714,3,0,10,13.4547,9276
726,3,0,10,13.4545,9274.15
529,3,0,10,13.4406,9174.62
605,3,0,10,13.426,9078.13
603,3,0,10,13.4174,9035.49
604,3,0,10,13.4124,9009.09
596,3,0,10,13.4122,9008.12
580,3,0,10,13.4007,8943.8
583,3,0,10,13.3945,8913.98
587,3,0,10,13.3923,8899.6
578,3,0,10,13.3894,8883.5
575,3,0,10,13.3836,8851.06
571,3,0,10,13.381,8835.95
570,3,0,10,13.3771,8816.9
1994,3,0,10,13.3609,8737.92
562,3,0,10,13.3513,8688.87
639,3,0,10,13.3479,8671.43
638,3,0,10,13.3426,8643.64
636,3,0,10,13.3386,8622.72
220,4,0,0,11.7772,472.978,0.0955,416.542,0.04,1
2130,4,0,0,11.7624,392.48
215,4,0,0,11.7575,358.782
205,4,0,0,11.7336,204.484
196,4,0,0,11.7205,119.897
195,4,0,0,11.7179,100.335
64,4,0,0,11.7,0
710,4,0,1,11.9304,1198.14,0.0443333,193.369,0.36,2
223,4,0,1,11.9129,1104.91
224,4,0,1,11.8988,1031.05
222,4,0,1,11.883,945.57
220,4,0,1,11.8727,889.52
603,4,0,2,12.0436,1802.69,0.0631667,275.514,0.35,3
604,4,0,2,12.0393,1779.55
596,4,0,2,12.0392,1778.58
595,4,0,2,12.0337,1748.17
605,4,0,2,12.0326,1740.18
529,4,0,2,12.0153,1640.15
726,4,0,2,11.9995,1538.96
714,4,0,2,11.9993,1537.07
1543,4,0,2,11.9944,1506.55
710,4,0,2,11.9747,1391.51
1108,4,0,3,12.2952,3060.77,0.0588333,256.613,0.13,4
1109,4,0,3,12.2911,3039.24
1113,4,0,3,12.2838,3003.3
1847,4,0,3,12.2708,2937.45
1086,4,0,3,12.2671,2917.22
1087,4,0,3,12.2534,2847.43
1090,4,0,3,12.2442,2800.18
1076,4,0,3,12.2211,2685.99
1074,4,0,3,12.2172,2665.6
1077,4,0,3,12.2068,2611.54
1080,4,0,3,12.1936,2545.1
1079,4,0,3,12.1859,2506.41
1061,4,0,3,12.1817,2485.13
1063,4,0,3,12.1782,2467.32
1062,4,0,3,12.1772,2460.25
2159,4,0,3,12.177,2459.35
1045,4,0,3,12.1763,2456.2
1012,4,0,3,12.1691,2415.21
1014,4,0,3,12.1687,2413.01
989,4,0,3,12.1582,2357.15
990,4,0,3,12.1481,2306.89
704,4,0,3,12.1368,2249.15
2179,4,0,3,12.1366,2248.28
662,4,0,3,12.1304,2218.64
602,4,0,3,12.1195,2150.94
604,4,0,3,12.117,2134.26
596,4,0,3,12.1169,2133.29
595,4,0,3,12.1109,2100.55
603,4,0,3,12.1067,2078.21
1304,4,0,4,12.4869,4012.03,0.0815,355.478,0.17,5
2163,4,0,4,12.4659,3902.29
2051,4,0,4,12.4323,3724.2
2050,4,0,4,12.4212,3665.19
2106,4,0,4,12.4142,3630.46
2039,4,0,4,12.3965,3536.49
1106,4,0,4,12.3866,3483.54
2035,4,0,4,12.3741,3416.72
1108,4,0,4,12.354,3317.39
1302,4,0,5,12.6144,4601.51,0.106833,465.975,0.24,6
1303,4,0,5,12.594,4497.98
1305,4,0,5,12.5805,4429.06
1304,4,0,5,12.5684,4367.51
895,4,0,6,12.887,5916.22,0.0435,189.734,0.02,7
896,4,0,6,12.8833,5897.98
892,4,0,6,12.8798,5880.2
906,4,0,6,12.8616,5787.4
1555,4,0,6,12.8361,5644.65
2157,4,0,6,12.8235,5584.01
2019,4,0,6,12.7944,5448.84
929,4,0,6,12.794,5446.85
938,4,0,6,12.7819,5380.72
950,4,0,6,12.766,5299.7
951,4,0,6,12.7595,5266.44
949,4,0,6,12.7479,5207.16
1302,4,0,6,12.7212,5067.49
978,4,0,7,13.0985,6954.91,0.0648333,282.783,0.06,8
1010,4,0,7,13.0828,6874.76
1011,4,0,7,13.0694,6805.35
1009,4,0,7,13.0642,6777.73
1041,4,0,7,13.0641,6777.04
1039,4,0,7,13.0563,6736.56
1037,4,0,7,13.0467,6689.08
1034,4,0,7,13.038,6643.39
2032,4,0,7,13.0226,6565.8
1050,4,0,7,12.9913,6411.7
1049,4,0,7,12.9913,6411.61
1025,4,0,7,12.9825,6367.95
1029,4,0,7,12.9692,6301.12
1027,4,0,7,12.9574,6242.16
898,4,0,7,12.9492,6198.63
895,4,0,7,12.9305,6105.96
636,4,0,8,13.2406,7619.12,0.0665,290.053,0.15,9
633,4,0,8,13.2349,7589.59
639,4,0,8,13.2315,7571.45
1993,4,0,8,13.2199,7513.16
1995,4,0,8,13.213,7478.8
1996,4,0,8,13.2069,7448.85
1997,4,0,8,13.203,7428.95
2027,4,0,8,13.1781,7308.18
2026,4,0,8,13.1723,7279.69
978,4,0,8,13.1633,7237.69
455,4,0,9,13.4697,8778.28,0.0423333,184.645,0.11,10
453,4,0,9,13.4611,8712.82
452,4,0,9,13.4488,8625.5
1678,4,0,9,13.4331,8541.11
474,4,0,9,13.4131,8441.6
2140,4,0,9,13.4049,8403.76
475,4,0,9,13.3982,8372.49
499,4,0,9,13.3905,8332.9
500,4,0,9,13.3859,8309.5
518,4,0,9,13.3803,8281.31
1754,4,0,9,13.3671,8219.45
540,4,0,9,13.3586,8175.55
541,4,0,9,13.3478,8120.4
572,4,0,9,13.3391,8074.65
1994,4,0,9,13.3294,8024.37
562,4,0,9,13.3199,7975.32
639,4,0,9,13.3164,7957.88
638,4,0,9,13.3112,7930.09
636,4,0,9,13.3071,7909.17
64,4,0,10,13.6905,9954.86,0,0,0
63,4,0,10,13.685,9924.51
199,4,0,10,13.6466,9728.31
202,4,0,10,13.6251,9612.27
208,4,0,10,13.6133,9540.49
170,4,0,10,13.5897,9416.25
176,4,0,10,13.5896,9415.93
183,4,0,10,13.5723,9319.66
192,4,0,10,13.5677,9288.55
458,4,0,10,13.537,9125.31
456,4,0,10,13.5284,9064.91
457,4,0,10,13.5224,9031.86
454,4,0,10,13.5147,8977.88
455,4,0,10,13.5121,8962.92
710,5,0,0,11.913,739.387,0.0443333,193.369,0.36,1
223,5,0,0,11.8955,646.157
1680,5,0,0,11.886,581.03
225,5,0,0,11.8832,562.11
215,5,0,0,11.8575,358.782
205,5,0,0,11.8336,204.484
196,5,0,0,11.8205,119.897
195,5,0,0,11.8179,100.335
64,5,0,0,11.8,0
603,5,0,1,12.0262,1343.94,0.0631667,275.514,0.35,2
604,5,0,1,12.0219,1320.8
596,5,0,1,12.0218,1319.83
595,5,0,1,12.0163,1289.42
605,5,0,1,12.0152,1281.43
529,5,0,1,11.9979,1181.4
726,5,0,1,11.982,1080.21
714,5,0,1,11.9819,1078.32
1543,5,0,1,11.977,1047.8
710,5,0,1,11.9573,932.755
1108,5,0,2,12.2778,2602.02,0.0588333,256.613,0.13,3
1109,5,0,2,12.2737,2580.49
1113,5,0,2,12.2664,2544.55
1847,5,0,2,12.2534,2478.7
1086,5,0,2,12.2497,2458.47
1087,5,0,2,12.236,2388.68
1090,5,0,2,12.2268,2341.42
1076,5,0,2,12.2037,2227.24
1074,5,0,2,12.1998,2206.85
1077,5,0,2,12.1894,2152.79
1080,5,0,2,12.1762,2086.35
1079,5,0,2,12.1685,2047.66
1061,5,0,2,12.1643,2026.38
1063,5,0,2,12.1608,2008.57
1062,5,0,2,12.1598,2001.5
2159,5,0,2,12.1596,2000.59
1045,5,0,2,12.1589,1997.44
1012,5,0,2,12.1517,1956.46
1014,5,0,2,12.1513,1954.26
989,5,0,2,12.1408,1898.4
990,5,0,2,12.1307,1848.13
704,5,0,2,12.1194,1790.4
2179,5,0,2,12.1192,1789.53
662,5,0,2,12.113,1759.89
602,5,0,2,12.1021,1692.19
604,5,0,2,12.0996,1675.51
596,5,0,2,12.0995,1674.54
595,5,0,2,12.0935,1641.8
603,5,0,2,12.0893,1619.46
1304,5,0,3,12.4695,3553.28,0.0815,355.478,0.17,4
2163,5,0,3,12.4485,3443.54
2051,5,0,3,12.4149,3265.45
2050,5,0,3,12.4037,3206.44
2106,5,0,3,12.3968,3171.71
2039,5,0,3,12.3791,3077.74
1106,5,0,3,12.3692,3024.79
2035,5,0,3,12.3567,2957.97
1108,5,0,3,12.3366,2858.64
1302,5,0,4,12.597,4142.76,0.106833,465.975,0.24,5
1303,5,0,4,12.5766,4039.23
1305,5,0,4,12.5631,3970.31
1304,5,0,4,12.551,3908.76
895,5,0,5,12.8696,5457.47,0.0435,189.734,0.02,6
896,5,0,5,12.8659,5439.23
892,5,0,5,12.8624,5421.45
906,5,0,5,12.8441,5328.65
1555,5,0,5,12.8187,5185.9
2157,5,0,5,12.806,5125.26
2019,5,0,5,12.777,4990.09
929,5,0,5,12.7766,4988.1
938,5,0,5,12.7645,4921.97
950,5,0,5,12.7486,4840.95
951,5,0,5,12.7421,4807.69
949,5,0,5,12.7305,4748.41
1302,5,0,5,12.7038,4608.74
978,5,0,6,13.0811,6496.16,0.0648333,282.783,0.06,7
1010,5,0,6,13.0654,6416.01
1011,5,0,6,13.052,6346.6
1009,5,0,6,13.0468,6318.98
1041,5,0,6,13.0466,6318.29
1039,5,0,6,13.0389,6277.81
1037,5,0,6,13.0293,6230.33
1034,5,0,6,13.0206,6184.64
2032,5,0,6,13.0052,6107.05
1050,5,0,6,12.9739,5952.95
1049,5,0,6,12.9739,5952.86
1025,5,0,6,12.9651,5909.2
1029,5,0,6,12.9518,5842.37
1027,5,0,6,12.94,5783.41
898,5,0,6,12.9317,5739.88
895,5,0,6,12.9131,5647.21
636,5,0,7,13.2232,7160.37,0.0665,290.053,0.15,8
633,5,0,7,13.2175,7130.84
639,5,0,7,13.214,7112.7
1993,5,0,7,13.2025,7054.41
1995,5,0,7,13.1956,7020.05
1996,5,0,7,13.1895,6990.1
1997,5,0,7,13.1856,6970.2
2027,5,0,7,13.1607,6849.43
2026,5,0,7,13.1549,6820.94
978,5,0,7,13.1459,6778.94
455,5,0,8,13.4523,8319.53,0.0423333,184.645,0.11,9
453,5,0,8,13.4437,8254.07
452,5,0,8,13.4314,8166.75
1678,5,0,8,13.4157,8082.36
474,5,0,8,13.3957,7982.85
2140,5,0,8,13.3875,7945.01
475,5,0,8,13.3808,7913.74
499,5,0,8,13.3731,7874.15
500,5,0,8,13.3685,7850.75
518,5,0,8,13.3629,7822.56
1754,5,0,8,13.3497,7760.7
540,5,0,8,13.3412,7716.8
541,5,0,8,13.3304,7661.65
572,5,0,8,13.3217,7615.9
1994,5,0,8,13.312,7565.62
562,5,0,8,13.3025,7516.57
639,5,0,8,13.299,7499.13
638,5,0,8,13.2938,7471.34
636,5,0,8,13.2897,7450.42
220,5,0,9,13.5861,9042.6,0.072,314.042,0.12,10
222,5,0,9,13.5781,8994.87
229,5,0,9,13.5527,8856.22
450,5,0,9,13.5423,8799.33
459,5,0,9,13.5263,8711.97
458,5,0,9,13.5196,8666.56
456,5,0,9,13.511,8606.16
457,5,0,9,13.505,8573.11
454,5,0,9,13.4973,8519.13
455,5,0,9,13.4947,8504.17
64,5,0,10,13.7537,9893.44,0,0,0
195,5,0,10,13.7294,9765.78
196,5,0,10,13.7267,9746.18
205,5,0,10,13.7117,9659.06
215,5,0,10,13.6802,9484.75
2130,5,0,10,13.6761,9451.1
220,5,0,10,13.6581,9356.64
220,6,0,0,11.0872,472.978,0.0955,416.542,0.04,1
2130,6,0,0,11.0724,392.48
215,6,0,0,11.0675,358.782
205,6,0,0,11.0436,204.484
196,6,0,0,11.0305,119.897
195,6,0,0,11.0279,100.335
64,6,0,0,11.01,0
710,6,0,1,11.2404,1198.14,0.0443333,193.369,0.36,2
223,6,0,1,11.2229,1104.91
224,6,0,1,11.2088,1031.05
222,6,0,1,11.193,945.57
220,6,0,1,11.1827,889.52
455,6,0,2,11.3438,1774.06,0.0408333,178.103,0.03,3
454,6,0,2,11.341,1758.44
457,6,0,2,11.3343,1704.48
456,6,0,2,11.3291,1675.03
458,6,0,2,11.3196,1613.89
459,6,0,2,11.3137,1568.78
1543,6,0,2,11.3044,1506.55
710,6,0,2,11.2847,1391.51
603,6,0,3,11.475,2516.24,0.109,475.425,0.32,4
604,6,0,3,11.4708,2493.1
596,6,0,3,11.4706,2492.13
595,6,0,3,11.4652,2461.72
605,6,0,3,11.464,2453.73
529,6,0,3,11.4468,2353.71
726,6,0,3,11.4309,2252.51
714,6,0,3,11.4307,2250.62
1543,6,0,3,11.4259,2220.1
459,6,0,3,11.4156,2156.7
458,6,0,3,11.4091,2111.44
456,6,0,3,11.4,2050.65
457,6,0,3,11.3946,2020.43
454,6,0,3,11.387,1966.47
455,6,0,3,11.3846,1952.16
1108,6,0,4,11.7762,3990.79,0.0935,407.819,0.09,5
1109,6,0,4,11.7718,3968.11
1113,6,0,4,11.765,3933.96
1847,6,0,4,11.7515,3866.44
1086,6,0,4,11.7479,3846.41
1087,6,0,4,11.7334,3773.22
1090,6,0,4,11.7247,3728.06
1076,6,0,4,11.6985,3601.08
1074,6,0,4,11.6944,3579.96
1077,6,0,4,11.6848,3529.14
1080,6,0,4,11.6713,3461.94
1079,6,0,4,11.6647,3427.48
1061,6,0,4,11.6605,3406.2
1063,6,0,4,11.6569,3388.03
1062,6,0,4,11.6559,3380.95
2159,6,0,4,11.6556,3379.84
1045,6,0,4,11.6549,3376.69
1012,6,0,4,11.6477,3335.7
1014,6,0,4,11.6472,3332.84
989,6,0,4,11.6361,3274.53
990,6,0,4,11.6261,3224.27
991,6,0,4,11.6235,3211.92
706,6,0,4,11.6165,3172.46
704,6,0,4,11.6138,3159.68
2179,6,0,4,11.6136,3158.82
662,6,0,4,11.6074,3129.17
602,6,0,4,11.5961,3060.9
604,6,0,4,11.5935,3044.1
596,6,0,4,11.5934,3043.13
595,6,0,4,11.5879,3012.72
603,6,0,4,11.584,2991.67
1304,6,0,5,11.9992,5081.23,0.0428333,186.826,0.12,6
952,6,0,5,11.9748,4948.24
953,6,0,5,11.9641,4893.46
2023,6,0,5,11.9632,4889.36
2108,6,0,5,11.9468,4804.15
1794,6,0,5,11.9397,4768.39
2106,6,0,5,11.9245,4689.02
2039,6,0,5,11.9068,4595.49
1106,6,0,5,11.8972,4543.54
2035,6,0,5,11.883,4469.49
1108,6,0,5,11.8697,4398.6
1302,6,0,6,12.088,5502.06,0.106833,465.975,0.24,7
1303,6,0,6,12.0676,5398.52
1305,6,0,6,12.0541,5329.61
1304,6,0,6,12.042,5268.05
895,6,0,7,12.3606,6816.77,0.0435,189.734,0.02,8
896,6,0,7,12.3569,6798.53
892,6,0,7,12.3534,6780.74
906,6,0,7,12.3351,6687.94
1555,6,0,7,12.3097,6545.19
2157,6,0,7,12.2971,6484.56
2019,6,0,7,12.268,6349.38
929,6,0,7,12.2676,6347.4
938,6,0,7,12.2555,6281.27
950,6,0,7,12.2396,6200.24
951,6,0,7,12.2331,6166.99
949,6,0,7,12.2215,6107.7
1302,6,0,7,12.1948,5968.03
978,6,0,8,12.5721,7855.45,0.107833,470.336,0.07,9
1010,6,0,8,12.5564,7775.3
1011,6,0,8,12.543,7705.9
1009,6,0,8,12.5378,7678.27
1041,6,0,8,12.5376,7677.58
1039,6,0,8,12.5299,7637.11
1037,6,0,8,12.5203,7589.62
1034,6,0,8,12.5116,7543.93
2032,6,0,8,12.4962,7466.34
1050,6,0,8,12.4649,7312.25
1049,6,0,8,12.4649,7312.15
1025,6,0,8,12.4561,7268.49
1029,6,0,8,12.4428,7201.66
1027,6,0,8,12.431,7142.71
898,6,0,8,12.4227,7099.17
895,6,0,8,12.4041,7006.5
636,6,0,9,12.7654,8740.28,0.091,396.915,0.15,10
633,6,0,9,12.7588,8706.67
639,6,0,9,12.7554,8689.13
1993,6,0,9,12.7457,8638.52
1995,6,0,9,12.7361,8593.22
1996,6,0,9,12.7246,8541.49
1997,6,0,9,12.7207,8521.58
2027,6,0,9,12.6925,8387.24
2026,6,0,9,12.6867,8358.94
978,6,0,9,12.6799,8325.79
64,6,0,10,13.1035,10581.5,0,0,0
195,6,0,10,13.0767,10443.3
196,6,0,10,13.0736,10423.4
205,6,0,10,13.0583,10335.6
215,6,0,10,13.0327,10179.1
225,6,0,10,13.0057,9975.99
715,6,0,10,12.9756,9806.43
714,6,0,10,12.9716,9782.27
726,6,0,10,12.9714,9780.42
529,6,0,10,12.9573,9680.77
605,6,0,10,12.9424,9584.1
603,6,0,10,12.9361,9551.02
604,6,0,10,12.9322,9529.16
596,6,0,10,12.932,9528.19
580,6,0,10,12.9205,9463.67
583,6,0,10,12.9143,9433.85
587,6,0,10,12.9122,9419.58
578,6,0,10,12.9093,9403.52
579,6,0,10,12.902,9364.72
570,6,0,10,12.895,9331.56
1994,6,0,10,12.8821,9266.48
562,6,0,10,12.8691,9203.11
639,6,0,10,12.8656,9185.67
638,6,0,10,12.8603,9157.42
636,6,0,10,12.8564,9137.2
220,7,0,0,11.0772,472.978,0.0955,416.542,0.04,1
2130,7,0,0,11.0624,392.48
215,7,0,0,11.0575,358.782
205,7,0,0,11.0336,204.484
196,7,0,0,11.0205,119.897
195,7,0,0,11.0179,100.335
64,7,0,0,11,0
710,7,0,1,11.2304,1198.14,0.0443333,193.369,0.36,2
223,7,0,1,11.2129,1104.91
224,7,0,1,11.1988,1031.05
222,7,0,1,11.183,945.57
220,7,0,1,11.1727,889.52
455,7,0,2,11.3338,1774.06,0.0408333,178.103,0.03,3
454,7,0,2,11.331,1758.44
457,7,0,2,11.3243,1704.48
456,7,0,2,11.3191,1675.03
458,7,0,2,11.3096,1613.89
459,7,0,2,11.3037,1568.78
1543,7,0,2,11.2944,1506.55
710,7,0,2,11.2747,1391.51
603,7,0,3,11.465,2516.24,0.109,475.425,0.32,4
604,7,0,3,11.4608,2493.1
596,7,0,3,11.4606,2492.13
595,7,0,3,11.4552,2461.72
605,7,0,3,11.454,2453.73
529,7,0,3,11.4368,2353.71
726,7,0,3,11.4209,2252.51
714,7,0,3,11.4207,2250.62
1543,7,0,3,11.4159,2220.1
459,7,0,3,11.4056,2156.7
458,7,0,3,11.3991,2111.44
456,7,0,3,11.39,2050.65
457,7,0,3,11.3846,2020.43
454,7,0,3,11.377,1966.47
455,7,0,3,11.3746,1952.16
1108,7,0,4,11.7662,3990.79,0.0935,407.819,0.09,5
1109,7,0,4,11.7618,3968.11
1113,7,0,4,11.755,3933.96
1847,7,0,4,11.7415,3866.44
1086,7,0,4,11.7379,3846.41
1087,7,0,4,11.7234,3773.22
1090,7,0,4,11.7147,3728.06
1076,7,0,4,11.6885,3601.08
1074,7,0,4,11.6844,3579.96
1077,7,0,4,11.6748,3529.14
1080,7,0,4,11.6613,3461.94
1079,7,0,4,11.6547,3427.48
1061,7,0,4,11.6505,3406.2
1063,7,0,4,11.6469,3388.03
1062,7,0,4,11.6459,3380.95
2159,7,0,4,11.6456,3379.84
1045,7,0,4,11.6449,3376.69
1012,7,0,4,11.6377,3335.7
1014,7,0,4,11.6372,3332.84
989,7,0,4,11.6261,3274.53
990,7,0,4,11.6161,3224.27
991,7,0,4,11.6135,3211.92
706,7,0,4,11.6065,3172.46
704,7,0,4,11.6038,3159.68
2179,7,0,4,11.6036,3158.82
662,7,0,4,11.5974,3129.17
602,7,0,4,11.5861,3060.9
604,7,0,4,11.5835,3044.1
596,7,0,4,11.5834,3043.13
595,7,0,4,11.5779,3012.72
603,7,0,4,11.574,2991.67
1304,7,0,5,11.9892,5081.23,0.0428333,186.826,0.12,6
952,7,0,5,11.9648,4948.24
953,7,0,5,11.9541,4893.46
2023,7,0,5,11.9532,4889.36
2108,7,0,5,11.9368,4804.15
1794,7,0,5,11.9297,4768.39
2106,7,0,5,11.9145,4689.02
2039,7,0,5,11.8968,4595.49
1106,7,0,5,11.8872,4543.54
2035,7,0,5,11.873,4469.49
1108,7,0,5,11.8597,4398.6
895,7,0,6,12.1881,6068.38,0.0435,189.734,0.02,7
907,7,0,6,12.1724,5991.05
908,7,0,6,12.1633,5945.57
2014,7,0,6,12.1627,5942.89
2017,7,0,6,12.1616,5937.2
2170,7,0,6,12.1588,5923.01
1738,7,0,6,12.1414,5836.08
1737,7,0,6,12.1347,5802.3
936,7,0,6,12.1195,5723.39
933,7,0,6,12.1189,5720.45
934,7,0,6,12.1134,5682.8
935,7,0,6,12.1129,5680.19
2020,7,0,6,12.1018,5623.21
1787,7,0,6,12.0822,5526.06
1788,7,0,6,12.0814,5522.36
1789,7,0,6,12.07,5465.37
952,7,0,6,12.0611,5420.92
1304,7,0,6,12.032,5268.05
64,7,0,7,12.5924,8376.44,0,0,0
195,7,0,7,12.5633,8228.06
196,7,0,7,12.5605,8208.47
205,7,0,7,12.546,8122.02
215,7,0,7,12.5205,7965.64
225,7,0,7,12.4945,7762.43
715,7,0,7,12.463,7586.76
714,7,0,7,12.459,7562.6
726,7,0,7,12.4588,7560.75
529,7,0,7,12.4447,7461.1
605,7,0,7,12.4298,7364.43
603,7,0,7,12.4235,7331.35
604,7,0,7,12.4196,7309.49
596,7,0,7,12.4194,7308.52
580,7,0,7,12.4078,7244
574,7,0,7,12.3864,7132.88
573,7,0,7,12.3768,7079.08
564,7,0,7,12.3693,7038.82
557,7,0,7,12.3645,7007.75
561,7,0,7,12.358,6961.31
628,7,0,7,12.3538,6936.17
609,7,0,7,12.3421,6860.87
423,7,0,7,12.3362,6804.55
419,7,0,7,12.3294,6766.98
420,7,0,7,12.3234,6730.95
421,7,0,7,12.3188,6703.46
417,7,0,7,12.3138,6676.74
1989,7,0,7,12.2954,6582.53
2011,7,0,7,12.2761,6482.82
891,7,0,7,12.2541,6368.36
893,7,0,7,12.2481,6337.49
894,7,0,7,12.2428,6312.75
895,7,0,7,12.2316,6258.12
1302,7,1,0,13.8242,2766.91,0.035,152.659,0.22,1
949,7,1,0,13.8012,2642.85
2025,7,1,0,13.7977,2625.39
1598,7,1,0,13.7944,2606.63
948,7,1,0,13.7895,2579.61
928,7,1,0,13.7791,2522.31
929,7,1,0,13.7589,2416.19
2019,7,1,0,13.7585,2414.21
2157,7,1,0,13.7324,2290.85
905,7,1,0,13.6955,2102.44
889,7,1,0,13.6862,2054.31
890,7,1,0,13.6796,2018.4
2013,7,1,0,13.6601,1915.19
1988,7,1,0,13.6425,1821.32
417,7,1,0,13.622,1716.71
418,7,1,0,13.618,1695.77
419,7,1,0,13.6025,1609.96
423,7,1,0,13.5963,1573.67
609,7,1,0,13.5904,1517.35
628,7,1,0,13.5806,1443.34
561,7,1,0,13.5767,1418.58
557,7,1,0,13.5693,1371.34
554,7,1,0,13.5671,1360.2
565,7,1,0,13.557,1306.55
573,7,1,0,13.5517,1279.96
574,7,1,0,13.5444,1230.49
580,7,1,0,13.5216,1113.57
596,7,1,0,13.5155,1053.72
595,7,1,0,13.5105,1025.37
605,7,1,0,13.5093,1017.31
529,7,1,0,13.4927,918.413
726,7,1,0,13.4766,816.876
714,7,1,0,13.4764,814.998
715,7,1,0,13.4729,791.373
225,7,1,0,13.4551,630.742
215,7,1,0,13.4279,427.668
205,7,1,0,13.3969,255.297
196,7,1,0,13.3818,168.03
195,7,1,0,13.3792,148.465
64,7,1,0,13.35,0
978,7,1,1,14.1431,4355.78,0.0373333,162.837,0.05,2
1010,7,1,1,14.1282,4278.67
1011,7,1,1,14.1141,4206.68
1009,7,1,1,14.1074,4172.76
1038,7,1,1,14.0994,4132.87
1039,7,1,1,14.0988,4130.2
1037,7,1,1,14.086,4069.25
1034,7,1,1,14.0762,4019.03
2032,7,1,1,14.0608,3941.44
1050,7,1,1,14.0318,3796.99
1804,7,1,1,14.0187,3730.98
2015,7,1,1,14.0075,3674.76
2014,7,1,1,13.9993,3633.76
2017,7,1,1,13.9982,3628.07
2170,7,1,1,13.9953,3613.42
917,7,1,1,13.9891,3582.43
2016,7,1,1,13.9883,3578.62
915,7,1,1,13.9673,3473.67
1555,7,1,1,13.9599,3436.9
2157,7,1,1,13.949,3383.15
2019,7,1,1,13.9221,3256.89
929,7,1,1,13.9217,3254.9
938,7,1,1,13.9098,3189.05
950,7,1,1,13.8963,3118.49
951,7,1,1,13.8893,3082.77
949,7,1,1,13.8783,3026.3
1302,7,1,1,13.8592,2919.57
636,7,1,2,14.2601,4909.04,0.0391667,170.833,0.15,3
631,7,1,2,14.2534,4876.25
630,7,1,2,14.2476,4847.73
637,7,1,2,14.2371,4795.65
1996,7,1,2,14.2246,4732.36
1997,7,1,2,14.2207,4712.46
2027,7,1,2,14.1935,4582.24
2026,7,1,2,14.1877,4553.76
978,7,1,2,14.1804,4518.61
64,7,1,3,14.5455,6540.42,0,0,0
195,7,1,3,14.5239,6424.16
196,7,1,3,14.5212,6404.58
205,7,1,3,14.5069,6318.5
215,7,1,3,14.4825,6163.52
225,7,1,3,14.4576,5959.69
715,7,1,3,14.4227,5769.15
714,7,1,3,14.419,5745.31
726,7,1,3,14.4188,5743.45
529,7,1,3,14.4047,5643.84
605,7,1,3,14.3894,5546.58
603,7,1,3,14.3836,5515.6
604,7,1,3,14.3788,5490.19
596,7,1,3,14.3786,5489.22
580,7,1,3,14.3643,5413.01
583,7,1,3,14.3581,5383.2
587,7,1,3,14.3559,5368.77
578,7,1,3,14.3528,5351.95
575,7,1,3,14.3473,5320.85
571,7,1,3,14.3444,5304.73
570,7,1,3,14.3396,5281.45
1994,7,1,3,14.3268,5217.1
562,7,1,3,14.3135,5152.04
639,7,1,3,14.31,5134.6
638,7,1,3,14.3033,5100.57
636,7,1,3,14.2993,5079.87
220,8,0,0,11.1172,472.978,0.0955,416.542,0.04,1
2130,8,0,0,11.1024,392.48
215,8,0,0,11.0975,358.782
205,8,0,0,11.0736,204.484
196,8,0,0,11.0605,119.897
195,8,0,0,11.0579,100.335
64,8,0,0,11.04,0
710,8,0,1,11.2704,1198.14,0.0443333,193.369,0.36,2
223,8,0,1,11.2529,1104.91
224,8,0,1,11.2388,1031.05
222,8,0,1,11.223,945.57
220,8,0,1,11.2127,889.52
455,8,0,2,11.3738,1774.06,0.0408333,178.103,0.03,3
454,8,0,2,11.371,1758.44
457,8,0,2,11.3643,1704.48
456,8,0,2,11.3591,1675.03
458,8,0,2,11.3496,1613.89
459,8,0,2,11.3437,1568.78
1543,8,0,2,11.3344,1506.55
710,8,0,2,11.3147,1391.51
1108,8,0,3,11.6819,3428.96,0.0935,407.819,0.09,4
1109,8,0,3,11.6767,3402.77
1113,8,0,3,11.6706,3371.72
1847,8,0,3,11.6577,3306.52
1086,8,0,3,11.6541,3286.49
1087,8,0,3,11.6395,3213.3
1090,8,0,3,11.6308,3168.13
1076,8,0,3,11.6047,3041.16
1074,8,0,3,11.6005,3020.04
1077,8,0,3,11.591,2969.22
1080,8,0,3,11.5775,2902.01
1079,8,0,3,11.5709,2867.56
1061,8,0,3,11.5666,2846.28
1063,8,0,3,11.5631,2828.11
1062,8,0,3,11.562,2821.03
2159,8,0,3,11.5618,2819.92
1045,8,0,3,11.5611,2816.77
1012,8,0,3,11.5539,2775.78
1014,8,0,3,11.5533,2772.91
989,8,0,3,11.5423,2714.61
990,8,0,3,11.5322,2664.35
991,8,0,3,11.5296,2652
706,8,0,3,11.5226,2612.53
704,8,0,3,11.52,2599.76
2179,8,0,3,11.5198,2598.9
662,8,0,3,11.5136,2569.25
602,8,0,3,11.5022,2500.98
599,8,0,3,11.4981,2477.72
605,8,0,3,11.494,2453.73
529,8,0,3,11.4768,2353.71
726,8,0,3,11.4609,2252.51
714,8,0,3,11.4607,2250.62
1543,8,0,3,11.4559,2220.1
459,8,0,3,11.4456,2156.7
458,8,0,3,11.4391,2111.44
456,8,0,3,11.43,2050.65
457,8,0,3,11.4246,2020.43
454,8,0,3,11.417,1966.47
455,8,0,3,11.4146,1952.16
1304,8,0,4,11.9049,4519.4,0.0428333,186.826,0.12,5
952,8,0,4,11.8805,4386.42
953,8,0,4,11.8698,4331.64
2023,8,0,4,11.869,4327.54
2108,8,0,4,11.8525,4242.33
1794,8,0,4,11.8454,4206.57
2106,8,0,4,11.8302,4127.2
2039,8,0,4,11.8125,4033.67
1106,8,0,4,11.8029,3981.72
2035,8,0,4,11.7887,3907.67
1108,8,0,4,11.7754,3836.78
1302,8,0,5,11.9979,4957.93,0.068,296.595,0.26,6
1303,8,0,5,11.9773,4853.42
1305,8,0,5,11.9627,4779.54
1304,8,0,5,11.9477,4706.23
895,8,0,6,12.2317,6103.27,0.0435,189.734,0.02,7
896,8,0,6,12.228,6085.03
892,8,0,6,12.2245,6067.24
906,8,0,6,12.2063,5974.44
1555,8,0,6,12.1808,5831.69
2157,8,0,6,12.1682,5771.05
2019,8,0,6,12.1391,5635.88
929,8,0,6,12.1387,5633.9
938,8,0,6,12.1266,5567.77
950,8,0,6,12.1107,5486.74
951,8,0,6,12.1042,5453.48
949,8,0,6,12.0926,5394.2
1302,8,0,6,12.0659,5254.53
978,8,0,7,12.4432,7141.95,0.107833,470.336,0.07,8
1010,8,0,7,12.4276,7061.8
1011,8,0,7,12.4141,6992.4
1009,8,0,7,12.4089,6964.77
1041,8,0,7,12.4088,6964.08
1039,8,0,7,12.401,6923.61
1037,8,0,7,12.3914,6876.12
1034,8,0,7,12.3827,6830.43
2032,8,0,7,12.3673,6752.84
1050,8,0,7,12.336,6598.74
1049,8,0,7,12.336,6598.65
1025,8,0,7,12.3272,6554.99
1029,8,0,7,12.3139,6488.16
1027,8,0,7,12.3021,6429.2
898,8,0,7,12.2939,6385.67
895,8,0,7,12.2752,6293
636,8,0,8,12.6366,8026.78,0.091,396.915,0.15,9
633,8,0,8,12.6299,7993.17
639,8,0,8,12.6265,7975.63
1993,8,0,8,12.6168,7925.01
1995,8,0,8,12.6072,7879.72
1996,8,0,8,12.5957,7827.98
1997,8,0,8,12.5918,7808.08
2027,8,0,8,12.5636,7673.74
2026,8,0,8,12.5578,7645.43
978,8,0,8,12.551,7612.29
603,8,0,9,12.8073,8837.52,0.0631667,275.514,0.35,10
604,8,0,9,12.8033,8815.66
596,8,0,9,12.8032,8814.69
580,8,0,9,12.7916,8750.16
583,8,0,9,12.7854,8720.35
587,8,0,9,12.7834,8706.08
578,8,0,9,12.7805,8690.02
579,8,0,9,12.7731,8651.22
570,8,0,9,12.7661,8618.06
1994,8,0,9,12.7532,8552.98
562,8,0,9,12.7402,8489.6
639,8,0,9,12.7368,8472.16
638,8,0,9,12.7314,8443.92
636,8,0,9,12.7276,8423.69
64,8,0,10,13.0377,10143.5,0,0,0
195,8,0,10,13.011,10005.3
196,8,0,10,13.0079,9985.38
205,8,0,10,12.9926,9897.63
215,8,0,10,12.9669,9741.07
225,8,0,10,12.94,9538
715,8,0,10,12.9099,9368.44
714,8,0,10,12.9059,9344.28
726,8,0,10,12.9057,9342.43
529,8,0,10,12.8916,9242.78
605,8,0,10,12.8767,9146.11
603,8,0,10,12.8704,9113.03
220,9,0,0,11.1972,472.978,0.0955,416.542,0.04,1
2130,9,0,0,11.1824,392.48
215,9,0,0,11.1775,358.782
205,9,0,0,11.1536,204.484
196,9,0,0,11.1405,119.897
195,9,0,0,11.1379,100.335
64,9,0,0,11.12,0
710,9,0,1,11.3504,1198.14,0.0443333,193.369,0.36,2
223,9,0,1,11.3329,1104.91
224,9,0,1,11.3188,1031.05
222,9,0,1,11.303,945.57
220,9,0,1,11.2927,889.52
455,9,0,2,11.4538,1774.06,0.0408333,178.103,0.03,3
454,9,0,2,11.451,1758.44
457,9,0,2,11.4443,1704.48
456,9,0,2,11.4391,1675.03
458,9,0,2,11.4296,1613.89
459,9,0,2,11.4237,1568.78
1543,9,0,2,11.4144,1506.55
710,9,0,2,11.3947,1391.51
1108,9,0,3,11.7619,3428.96,0.0935,407.819,0.09,4
1109,9,0,3,11.7567,3402.77
1113,9,0,3,11.7506,3371.72
1847,9,0,3,11.7377,3306.52
1086,9,0,3,11.7341,3286.49
1087,9,0,3,11.7195,3213.3
1090,9,0,3,11.7108,3168.13
1076,9,0,3,11.6847,3041.16
1074,9,0,3,11.6805,3020.04
1077,9,0,3,11.671,2969.22
1080,9,0,3,11.6575,2902.01
1079,9,0,3,11.6509,2867.56
1061,9,0,3,11.6466,2846.28
1063,9,0,3,11.6431,2828.11
1062,9,0,3,11.642,2821.03
2159,9,0,3,11.6418,2819.92
1045,9,0,3,11.6411,2816.77
1012,9,0,3,11.6339,2775.78
1014,9,0,3,11.6333,2772.91
989,9,0,3,11.6223,2714.61
990,9,0,3,11.6122,2664.35
991,9,0,3,11.6096,2652
706,9,0,3,11.6026,2612.53
704,9,0,3,11.6,2599.76
2179,9,0,3,11.5998,2598.9
662,9,0,3,11.5936,2569.25
602,9,0,3,11.5822,2500.98
599,9,0,3,11.5781,2477.72
605,9,0,3,11.574,2453.73
529,9,0,3,11.5568,2353.71
726,9,0,3,11.5409,2252.51
714,9,0,3,11.5407,2250.62
1543,9,0,3,11.5359,2220.1
459,9,0,3,11.5256,2156.7
458,9,0,3,11.5191,2111.44
456,9,0,3,11.51,2050.65
457,9,0,3,11.5046,2020.43
454,9,0,3,11.497,1966.47
455,9,0,3,11.4946,1952.16
1304,9,0,4,11.9849,4519.4,0.0428333,186.826,0.12,5
952,9,0,4,11.9605,4386.42
953,9,0,4,11.9498,4331.64
2023,9,0,4,11.949,4327.54
2108,9,0,4,11.9325,4242.33
1794,9,0,4,11.9254,4206.57
2106,9,0,4,11.9102,4127.2
2039,9,0,4,11.8925,4033.67
1106,9,0,4,11.8829,3981.72
2035,9,0,4,11.8687,3907.67
1108,9,0,4,11.8554,3836.78
1302,9,0,5,12.0737,4940.23,0.106833,465.975,0.24,6
1303,9,0,5,12.0533,4836.7
1305,9,0,5,12.0398,4767.79
1304,9,0,5,12.0277,4706.23
895,9,0,6,12.3463,6254.95,0.0435,189.734,0.02,7
896,9,0,6,12.3426,6236.71
892,9,0,6,12.3391,6218.92
906,9,0,6,12.3209,6126.12
1555,9,0,6,12.2954,5983.37
2157,9,0,6,12.2828,5922.73
2019,9,0,6,12.2537,5787.56
929,9,0,6,12.2533,5785.58
938,9,0,6,12.2412,5719.45
950,9,0,6,12.2253,5638.42
951,9,0,6,12.2188,5605.16
949,9,0,6,12.2072,5545.88
1302,9,0,6,12.1805,5406.21
978,9,0,7,12.5578,7293.63,0.107833,470.336,0.07,8
1010,9,0,7,12.5421,7213.48
1011,9,0,7,12.5287,7144.08
1009,9,0,7,12.5235,7116.45
1041,9,0,7,12.5234,7115.76
1039,9,0,7,12.5156,7075.29
1037,9,0,7,12.506,7027.8
1034,9,0,7,12.4973,6982.11
2032,9,0,7,12.4819,6904.52
1050,9,0,7,12.4506,6750.42
1049,9,0,7,12.4506,6750.33
1025,9,0,7,12.4418,6706.67
1029,9,0,7,12.4285,6639.84
1027,9,0,7,12.4167,6580.88
898,9,0,7,12.4084,6537.35
895,9,0,7,12.3898,6444.68
636,9,0,8,12.7511,8178.46,0.091,396.915,0.15,9
633,9,0,8,12.7445,8144.85
639,9,0,8,12.7411,8127.31
1993,9,0,8,12.7314,8076.69
1995,9,0,8,12.7218,8031.4
1996,9,0,8,12.7103,7979.66
1997,9,0,8,12.7064,7959.76
2027,9,0,8,12.6782,7825.42
2026,9,0,8,12.6724,7797.11
978,9,0,8,12.6656,7763.97
603,9,0,9,12.9219,8989.2,0.0631667,275.514,0.35,10
604,9,0,9,12.9179,8967.34
596,9,0,9,12.9177,8966.37
580,9,0,9,12.9062,8901.84
583,9,0,9,12.9,8872.03
587,9,0,9,12.8979,8857.76
578,9,0,9,12.895,8841.7
579,9,0,9,12.8877,8802.9
570,9,0,9,12.8807,8769.74
1994,9,0,9,12.8678,8704.66
562,9,0,9,12.8548,8641.29
639,9,0,9,12.8514,8623.84
638,9,0,9,12.846,8595.6
636,9,0,9,12.8421,8575.37
64,9,0,10,13.1523,10295.2,0,0,0
195,9,0,10,13.1256,10157
196,9,0,10,13.1224,10137.1
205,9,0,10,13.1071,10049.3
215,9,0,10,13.0815,9892.75
225,9,0,10,13.0546,9689.68
715,9,0,10,13.0245,9520.12
714,9,0,10,13.0205,9495.96
726,9,0,10,13.0203,9494.11
529,9,0,10,13.0062,9394.46
605,9,0,10,12.9913,9297.79
603,9,0,10,12.985,9264.71
220,10,0,0,11.2672,472.978,0.0955,416.542,0.04,1
2130,10,0,0,11.2524,392.48
215,10,0,0,11.2475,358.782
205,10,0,0,11.2236,204.484
196,10,0,0,11.2105,119.897
195,10,0,0,11.2079,100.335
64,10,0,0,11.19,0
455,10,0,1,11.4521,1421.69,0.0408333,178.103,0.03,2
454,10,0,1,11.4493,1406.07
457,10,0,1,11.4425,1352.11
456,10,0,1,11.4374,1322.67
458,10,0,1,11.4279,1261.52
459,10,0,1,11.422,1216.42
450,10,0,1,11.4068,1132.53
229,10,0,1,11.3973,1079.68
222,10,0,1,11.373,945.57
220,10,0,1,11.3627,889.52
1108,10,0,2,11.7602,3076.6,0.0935,407.819,0.09,3
1109,10,0,2,11.755,3050.4
1113,10,0,2,11.7489,3019.35
1847,10,0,2,11.736,2954.15
1086,10,0,2,11.7324,2934.12
1087,10,0,2,11.7178,2860.93
1090,10,0,2,11.7091,2815.77
1076,10,0,2,11.683,2688.79
1074,10,0,2,11.6788,2667.67
1077,10,0,2,11.6692,2616.85
1080,10,0,2,11.6558,2549.65
1079,10,0,2,11.6492,2515.2
1061,10,0,2,11.6449,2493.91
1063,10,0,2,11.6414,2475.75
1062,10,0,2,11.6403,2468.67
2159,10,0,2,11.6401,2467.55
1045,10,0,2,11.6394,2464.4
1012,10,0,2,11.6322,2423.42
1014,10,0,2,11.6316,2420.55
989,10,0,2,11.6205,2362.25
990,10,0,2,11.6105,2311.98
991,10,0,2,11.6079,2299.63
706,10,0,2,11.6009,2260.17
704,10,0,2,11.5983,2247.4
2179,10,0,2,11.5981,2246.53
662,10,0,2,11.5919,2216.89
602,10,0,2,11.5805,2148.61
599,10,0,2,11.5764,2125.35
605,10,0,2,11.5723,2101.36
529,10,0,2,11.5551,2001.34
726,10,0,2,11.5392,1900.14
714,10,0,2,11.539,1898.26
1543,10,0,2,11.5342,1867.73
459,10,0,2,11.5239,1804.33
458,10,0,2,11.5174,1759.07
456,10,0,2,11.5083,1698.29
457,10,0,2,11.5029,1668.07
454,10,0,2,11.4953,1614.11
455,10,0,2,11.4929,1599.79
1304,10,0,3,11.9832,4167.04,0.0428333,186.826,0.12,4
952,10,0,3,11.9588,4034.05
953,10,0,3,11.9481,3979.28
2023,10,0,3,11.9472,3975.18
2108,10,0,3,11.9308,3889.97
1794,10,0,3,11.9237,3854.21
2106,10,0,3,11.9084,3774.84
2039,10,0,3,11.8908,3681.31
1106,10,0,3,11.8812,3629.36
2035,10,0,3,11.8669,3555.31
1108,10,0,3,11.8537,3484.42
1302,10,0,4,12.0719,4587.87,0.106833,465.975,0.24,5
1303,10,0,4,12.0516,4484.33
1305,10,0,4,12.0381,4415.42
1304,10,0,4,12.026,4353.86
895,10,0,5,12.3446,5902.58,0.0435,189.734,0.02,6
896,10,0,5,12.3409,5884.34
892,10,0,5,12.3374,5866.55
906,10,0,5,12.3191,5773.75
1555,10,0,5,12.2936,5631.01
2157,10,0,5,12.281,5570.37
2019,10,0,5,12.252,5435.19
929,10,0,5,12.2516,5433.21
938,10,0,5,12.2395,5367.08
950,10,0,5,12.2235,5286.05
951,10,0,5,12.2171,5252.8
949,10,0,5,12.2055,5193.51
1302,10,0,5,12.1788,5053.84
978,10,0,6,12.556,6941.26,0.107833,470.336,0.07,7
1010,10,0,6,12.5404,6861.11
1011,10,0,6,12.527,6791.71
1009,10,0,6,12.5218,6764.09
1041,10,0,6,12.5216,6763.4
1039,10,0,6,12.5138,6722.92
1037,10,0,6,12.5043,6675.43
1034,10,0,6,12.4956,6629.75
2032,10,0,6,12.4801,6552.15
1050,10,0,6,12.4489,6398.06
1049,10,0,6,12.4489,6397.97
1025,10,0,6,12.4401,6354.31
1029,10,0,6,12.4268,6287.47
1027,10,0,6,12.415,6228.52
898,10,0,6,12.4067,6184.99
895,10,0,6,12.3881,6092.31
636,10,0,7,12.7494,7826.09,0.091,396.915,0.15,8
633,10,0,7,12.7428,7792.49
639,10,0,7,12.7394,7774.95
1993,10,0,7,12.7296,7724.33
1995,10,0,7,12.7201,7679.04
1996,10,0,7,12.7086,7627.3
1997,10,0,7,12.7047,7607.4
2027,10,0,7,12.6764,7473.05
2026,10,0,7,12.6707,7444.75
978,10,0,7,12.6639,7411.6
64,10,0,8,13.0875,9667.33,0,0,0
195,10,0,8,13.0607,9529.12
196,10,0,8,13.0576,9509.18
205,10,0,8,13.0423,9421.44
215,10,0,8,13.0166,9264.88
225,10,0,8,12.9897,9061.8
715,10,0,8,12.9596,8892.24
714,10,0,8,12.9556,8868.09
726,10,0,8,12.9554,8866.23
529,10,0,8,12.9413,8766.58
605,10,0,8,12.9264,8669.91
603,10,0,8,12.9201,8636.84
604,10,0,8,12.9162,8614.97
596,10,0,8,12.916,8614
580,10,0,8,12.9045,8549.48
583,10,0,8,12.8982,8519.66
587,10,0,8,12.8962,8505.39
578,10,0,8,12.8933,8489.33
579,10,0,8,12.886,8450.53
570,10,0,8,12.879,8417.37
1994,10,0,8,12.8661,8352.3
562,10,0,8,12.8531,8288.92
639,10,0,8,12.8496,8271.48
638,10,0,8,12.8443,8243.24
636,10,0,8,12.8404,8223.01
603,10,1,0,11.3484,1012.31,0.109,475.425,0.32,1
604,10,1,0,11.3441,989.164
596,10,1,0,11.344,988.193
595,10,1,0,11.3385,957.784
605,10,1,0,11.3374,949.793
529,10,1,0,11.3202,849.768
726,10,1,0,11.3043,748.573
714,10,1,0,11.3041,746.688
715,10,1,0,11.3007,723.201
225,10,1,0,11.2832,562.11
215,10,1,0,11.2575,358.782
205,10,1,0,11.2336,204.484
196,10,1,0,11.2205,119.897
195,10,1,0,11.2179,100.335
64,10,1,0,11.2,0
710,10,1,1,11.5214,1902.23,0.0443333,193.369,0.36,2
1543,10,1,1,11.5,1781.96
715,10,1,1,11.4951,1737.7
714,10,1,1,11.4913,1713.7
726,10,1,1,11.4911,1711.81
529,10,1,1,11.4773,1612.32
605,10,1,1,11.4625,1515.71
603,10,1,1,11.4574,1487.73
64,10,1,2,11.6663,2778.48,0,0,0
195,10,1,2,11.6451,2663.8
196,10,1,2,11.6423,2644.19
205,10,1,2,11.6298,2560.28
215,10,1,2,11.6099,2408.19
225,10,1,2,11.5847,2204.62
1680,10,1,2,11.5817,2185.61
710,10,1,2,11.5658,2095.6
220,11,0,0,12.2602,511.167,0.0923333,402.73,0.08,1
2130,11,0,0,12.2424,417.757
215,11,0,0,12.2369,383.417
205,11,0,0,12.2089,223.068
196,11,0,0,12.195,137.521
195,11,0,0,12.1919,117.624
64,11,0,0,12.17,0
603,11,0,1,12.4734,1615.67,0.0631667,275.514,0.35,2
604,11,0,1,12.4695,1593.8
596,11,0,1,12.4693,1592.83
595,11,0,1,12.4633,1560.09
605,11,0,1,12.4621,1552.08
529,11,0,1,12.4449,1452.07
726,11,0,1,12.4301,1351.99
714,11,0,1,12.4299,1350.12
1543,11,0,1,12.4257,1320.16
459,11,0,1,12.4156,1257.06
450,11,0,1,12.3993,1168.32
229,11,0,1,12.3873,1104.61
222,11,0,1,12.3626,968.676
220,11,0,1,12.3526,913.897
1108,11,0,2,12.725,2873.75,0.0588333,256.613,0.13,3
1109,11,0,2,12.7209,2852.21
1113,11,0,2,12.7137,2816.27
1847,11,0,2,12.7006,2750.43
1086,11,0,2,12.697,2730.19
1087,11,0,2,12.6832,2660.4
1090,11,0,2,12.674,2613.15
1076,11,0,2,12.651,2498.97
1074,11,0,2,12.647,2478.57
1077,11,0,2,12.6367,2424.52
1080,11,0,2,12.6234,2358.07
1079,11,0,2,12.6158,2319.39
1061,11,0,2,12.6115,2298.1
1063,11,0,2,12.6081,2280.29
1062,11,0,2,12.607,2273.22
2159,11,0,2,12.6068,2272.32
1045,11,0,2,12.6062,2269.17
1012,11,0,2,12.5989,2228.18
1014,11,0,2,12.5985,2225.98
989,11,0,2,12.588,2170.12
990,11,0,2,12.578,2119.86
704,11,0,2,12.5667,2062.12
2179,11,0,2,12.5665,2061.26
662,11,0,2,12.5603,2031.61
602,11,0,2,12.5493,1963.92
604,11,0,2,12.5469,1947.23
596,11,0,2,12.5468,1946.26
595,11,0,2,12.5407,1913.53
603,11,0,2,12.5366,1891.18
1304,11,0,3,12.9168,3825,0.0815,355.478,0.17,4
2163,11,0,3,12.8958,3715.26
2051,11,0,3,12.8622,3537.17
2050,11,0,3,12.851,3478.16
2106,11,0,3,12.8441,3443.43
2039,11,0,3,12.8263,3349.46
1106,11,0,3,12.8165,3296.52
2035,11,0,3,12.8039,3229.69
1108,11,0,3,12.7839,3130.36
1302,11,0,4,13.0442,4414.49,0.035,152.659,0.22,5
1303,11,0,4,13.0239,4310.95
1305,11,0,4,13.0104,4242.04
1304,11,0,4,12.9983,4180.48
895,11,0,5,13.2282,5344.92,0.0823333,359.113,0.02,6
896,11,0,5,13.2245,5326.68
892,11,0,5,13.2207,5307.93
906,11,0,5,13.2081,5239.07
1555,11,0,5,13.1799,5084.47
2157,11,0,5,13.169,5030.72
2019,11,0,5,13.1421,4904.46
929,11,0,5,13.1417,4902.47
938,11,0,5,13.1297,4836.62
950,11,0,5,13.1162,4766.06
951,11,0,5,13.1092,4730.35
949,11,0,5,13.0982,4673.87
1302,11,0,5,13.0792,4567.15
978,11,0,6,13.4828,6568.41,0.0648333,282.783,0.06,7
1010,11,0,6,13.4691,6496.29
1011,11,0,6,13.4543,6421.57
1009,11,0,6,13.448,6389.14
1038,11,0,6,13.44,6349.25
1039,11,0,6,13.4394,6346.57
1037,11,0,6,13.4265,6285.62
1034,11,0,6,13.4168,6235.41
2032,11,0,6,13.4013,6157.81
2031,11,0,6,13.401,6155.99
1031,11,0,6,13.3911,6108.59
1002,11,0,6,13.3769,6037.86
1024,11,0,6,13.3564,5933.74
1029,11,0,6,13.3512,5907.58
1027,11,0,6,13.3391,5847.48
898,11,0,6,13.329,5796.22
895,11,0,6,13.3105,5704.03
636,11,0,7,13.6249,7232.63,0.0665,290.053,0.15,8
633,11,0,7,13.6193,7203.09
639,11,0,7,13.6158,7184.95
1993,11,0,7,13.6042,7126.67
1995,11,0,7,13.5973,7092.3
1996,11,0,7,13.5912,7062.36
1997,11,0,7,13.5873,7042.46
2027,11,0,7,13.5624,6921.68
2026,11,0,7,13.5566,6893.2
978,11,0,7,13.5476,6851.2
455,11,0,8,13.854,8391.78,0.0423333,184.645,0.11,9
453,11,0,8,13.8454,8326.32
452,11,0,8,13.8332,8239
1678,11,0,8,13.8174,8154.62
474,11,0,8,13.7974,8055.1
2140,11,0,8,13.7893,8017.27
475,11,0,8,13.7826,7986
499,11,0,8,13.7748,7946.41
500,11,0,8,13.7702,7923
518,11,0,8,13.7646,7894.82
1754,11,0,8,13.7514,7832.96
540,11,0,8,13.7429,7789.06
541,11,0,8,13.7321,7733.91
572,11,0,8,13.7235,7688.15
1994,11,0,8,13.7137,7637.87
562,11,0,8,13.7042,7588.83
639,11,0,8,13.7007,7571.38
638,11,0,8,13.6955,7543.59
636,11,0,8,13.6914,7522.68
710,11,0,9,13.9614,8975.63,0.0466667,203.546,0.45,10
1543,11,0,9,13.9381,8847.41
459,11,0,9,13.928,8784.22
458,11,0,9,13.9213,8738.82
456,11,0,9,13.9127,8678.42
457,11,0,9,13.9067,8645.37
454,11,0,9,13.899,8591.39
455,11,0,9,13.8964,8576.43
64,11,0,10,14.1168,9878.01,0,0,0
195,11,0,10,14.0953,9761.76
196,11,0,10,14.0925,9742.18
205,11,0,10,14.0783,9656.1
215,11,0,10,14.0538,9501.12
225,11,0,10,14.029,9297.29
1680,11,0,10,14.0262,9278.45
710,11,0,10,14.0081,9179.18
220,12,0,0,12.8302,511.167,0.0923333,402.73,0.08,1
2130,12,0,0,12.8124,417.757
215,12,0,0,12.8069,383.417
205,12,0,0,12.7789,223.068
196,12,0,0,12.765,137.521
195,12,0,0,12.7619,117.624
64,12,0,0,12.74,0
710,12,0,1,12.987,1250.5,0.0983333,428.9,0.42,2
223,12,0,1,12.9704,1161.15
224,12,0,1,12.9485,1054.49
222,12,0,1,12.9326,968.676
220,12,0,1,12.9226,913.897
455,12,0,2,13.146,2068.33,0.0423333,184.645,0.11,3
454,12,0,2,13.1428,2050.95
457,12,0,2,13.1362,1996.88
456,12,0,2,13.1313,1967.85
458,12,0,2,13.1221,1906.93
459,12,0,2,13.1154,1861.58
1543,12,0,2,13.1069,1799.77
710,12,0,2,13.0854,1679.4
1108,12,0,3,13.452,3715.07,0.0723333,315.496,0.16,4
1109,12,0,3,13.4479,3693.69
1113,12,0,3,13.4415,3661.44
1847,12,0,3,13.4297,3600.81
1086,12,0,3,13.4261,3580.62
1087,12,0,3,13.4126,3512.06
1090,12,0,3,13.404,3467.3
1076,12,0,3,13.386,3373.97
1074,12,0,3,13.3819,3353.31
1077,12,0,3,13.3685,3286.34
1080,12,0,3,13.3536,3212.99
1079,12,0,3,13.3465,3176.51
1061,12,0,3,13.3422,3155.22
1063,12,0,3,13.339,3138.38
1062,12,0,3,13.338,3131.34
2159,12,0,3,13.3378,3130.36
1045,12,0,3,13.3371,3127.21
1012,12,0,3,13.3299,3086.22
2028,12,0,3,13.3218,3040.76
989,12,0,3,13.3184,3025.02
990,12,0,3,13.3083,2974.76
991,12,0,3,13.3057,2962.41
706,12,0,3,13.2987,2922.94
704,12,0,3,13.2961,2910.17
2179,12,0,3,13.2959,2909.31
662,12,0,3,13.2897,2879.66
602,12,0,3,13.2785,2811.52
599,12,0,3,13.274,2786.83
605,12,0,3,13.2688,2758.7
529,12,0,3,13.2522,2659.81
726,12,0,3,13.2361,2558.27
714,12,0,3,13.2359,2556.39
1543,12,0,3,13.2301,2523.95
459,12,0,3,13.22,2460.77
458,12,0,3,13.2133,2415.36
456,12,0,3,13.2047,2354.96
457,12,0,3,13.1987,2321.91
454,12,0,3,13.191,2267.93
455,12,0,3,13.1884,2252.97
1304,12,0,4,13.6529,4709.04,0.0735,320.585,0.21,5
952,12,0,4,13.6289,4577.72
953,12,0,4,13.6166,4516.67
2023,12,0,4,13.6158,4512.57
2108,12,0,4,13.6016,4436.91
1794,12,0,4,13.5953,4404.56
2106,12,0,4,13.5814,4330.81
2039,12,0,4,13.5628,4233.29
1106,12,0,4,13.5526,4178.89
2035,12,0,4,13.5406,4114.3
1108,12,0,4,13.5243,4030.57
1302,12,0,5,13.7735,5268.62,0.035,152.659,0.22,6
1303,12,0,5,13.7531,5164.93
1305,12,0,5,13.7379,5088.91
1304,12,0,5,13.7264,5029.63
895,12,0,6,13.9574,6199.05,0.0823333,359.113,0.02,7
896,12,0,6,13.9537,6180.81
892,12,0,6,13.95,6162.06
906,12,0,6,13.9374,6093.2
1555,12,0,6,13.9092,5938.6
2157,12,0,6,13.8982,5884.85
2019,12,0,6,13.8714,5758.59
929,12,0,6,13.871,5756.61
938,12,0,6,13.859,5690.76
950,12,0,6,13.8455,5620.2
951,12,0,6,13.8385,5584.48
949,12,0,6,13.8275,5528
1302,12,0,6,13.8085,5421.28
978,12,0,7,14.2057,7397.53,0.0373333,162.837,0.05,8
1010,12,0,7,14.1909,7320.76
1011,12,0,7,14.1767,7248.12
1009,12,0,7,14.1711,7218.69
1038,12,0,7,14.1629,7178.09
1039,12,0,7,14.1623,7175.42
1037,12,0,7,14.1525,7126.85
1034,12,0,7,14.1442,7083.01
2032,12,0,7,14.1288,7005.42
1050,12,0,7,14.1024,6871.64
1049,12,0,7,14.1024,6871.55
1025,12,0,7,14.095,6833.85
1029,12,0,7,14.082,6768.06
1027,12,0,7,14.0691,6704.68
898,12,0,7,14.0587,6652.2
895,12,0,7,14.0398,6558.17
636,12,0,8,14.3228,7950.79,0.0391667,170.833,0.15,9
631,12,0,8,14.3161,7917.99
630,12,0,8,14.3103,7889.48
637,12,0,8,14.2997,7837.4
1996,12,0,8,14.2873,7774.11
1997,12,0,8,14.2834,7754.21
2027,12,0,8,14.2562,7623.99
2026,12,0,8,14.2504,7595.51
978,12,0,8,14.2431,7560.36
603,12,0,9,14.4462,8557.35,0.0658333,287.145,0.35,10
604,12,0,9,14.4414,8531.94
596,12,0,9,14.4413,8530.97
580,12,0,9,14.427,8454.76
583,12,0,9,14.4208,8424.95
587,12,0,9,14.4186,8410.52
578,12,0,9,14.4155,8393.7
575,12,0,9,14.41,8362.6
571,12,0,9,14.4071,8346.47
570,12,0,9,14.4022,8323.2
1994,12,0,9,14.3895,8258.84
562,12,0,9,14.3761,8193.79
639,12,0,9,14.3726,8176.35
638,12,0,9,14.3659,8142.32
636,12,0,9,14.3619,8121.62
64,12,0,10,14.674,9869.31,0,0,0
195,12,0,10,14.6524,9753.06
196,12,0,10,14.6497,9733.48
205,12,0,10,14.6354,9647.4
215,12,0,10,14.611,9492.42
225,12,0,10,14.5861,9288.58
715,12,0,10,14.5512,9098.04
714,12,0,10,14.5474,9074.2
726,12,0,10,14.5473,9072.34
529,12,0,10,14.5332,8972.73
605,12,0,10,14.5178,8875.47
603,12,0,10,14.512,8844.49
220,13,0,0,12.8502,511.167,0.0923333,402.73,0.08,1
2130,13,0,0,12.8324,417.757
215,13,0,0,12.8269,383.417
205,13,0,0,12.7989,223.068
196,13,0,0,12.785,137.521
195,13,0,0,12.7819,117.624
64,13,0,0,12.76,0
710,13,0,1,13.007,1250.5,0.0466667,203.546,0.45,2
223,13,0,1,12.9904,1161.15
224,13,0,1,12.9685,1054.49
222,13,0,1,12.9526,968.676
220,13,0,1,12.9426,913.897
455,13,0,2,13.1144,1842.97,0.0423333,184.645,0.11,3
454,13,0,2,13.1111,1825.59
457,13,0,2,13.1046,1771.53
456,13,0,2,13.0996,1742.49
458,13,0,2,13.0904,1681.58
459,13,0,2,13.0838,1636.23
1543,13,0,2,13.0752,1574.42
710,13,0,2,13.0537,1454.05
1108,13,0,3,13.4203,3489.72,0.0723333,315.496,0.16,4
1109,13,0,3,13.4162,3468.33
1113,13,0,3,13.4098,3436.08
1847,13,0,3,13.3981,3375.45
1086,13,0,3,13.3944,3355.26
1087,13,0,3,13.381,3286.71
1090,13,0,3,13.3724,3241.94
1076,13,0,3,13.3543,3148.62
1074,13,0,3,13.3503,3127.95
1077,13,0,3,13.3368,3060.98
1080,13,0,3,13.3219,2987.63
1079,13,0,3,13.3148,2951.15
1061,13,0,3,13.3105,2929.87
1063,13,0,3,13.3073,2913.03
1062,13,0,3,13.3063,2905.99
2159,13,0,3,13.3061,2905
1045,13,0,3,13.3054,2901.85
1012,13,0,3,13.2982,2860.87
2028,13,0,3,13.2901,2815.4
989,13,0,3,13.2867,2799.67
990,13,0,3,13.2767,2749.41
991,13,0,3,13.2741,2737.05
706,13,0,3,13.2671,2697.59
704,13,0,3,13.2644,2684.82
2179,13,0,3,13.2642,2683.96
662,13,0,3,13.258,2654.31
602,13,0,3,13.2468,2586.17
599,13,0,3,13.2423,2561.47
605,13,0,3,13.2371,2533.35
529,13,0,3,13.2206,2434.45
726,13,0,3,13.2044,2332.92
714,13,0,3,13.2042,2331.04
1543,13,0,3,13.1985,2298.6
459,13,0,3,13.1883,2235.42
458,13,0,3,13.1816,2190.01
456,13,0,3,13.173,2129.61
457,13,0,3,13.167,2096.56
454,13,0,3,13.1594,2042.58
455,13,0,3,13.1567,2027.62
1304,13,0,4,13.6212,4483.69,0.0735,320.585,0.21,5
952,13,0,4,13.5972,4352.37
953,13,0,4,13.5849,4291.32
2023,13,0,4,13.5841,4287.22
2108,13,0,4,13.5699,4211.55
1794,13,0,4,13.5636,4179.21
2106,13,0,4,13.5497,4105.45
2039,13,0,4,13.5312,4007.94
1106,13,0,4,13.5209,3953.53
2035,13,0,4,13.5089,3888.95
1108,13,0,4,13.4926,3805.21
1302,13,0,5,13.7418,5043.27,0.035,152.659,0.22,6
1303,13,0,5,13.7215,4939.58
1305,13,0,5,13.7062,4863.56
1304,13,0,5,13.6947,4804.28
895,13,0,6,13.9258,5973.7,0.0823333,359.113,0.02,7
896,13,0,6,13.9221,5955.46
892,13,0,6,13.9183,5936.71
906,13,0,6,13.9057,5867.85
1555,13,0,6,13.8775,5713.25
2157,13,0,6,13.8666,5659.5
2019,13,0,6,13.8397,5533.24
929,13,0,6,13.8393,5531.26
938,13,0,6,13.8273,5465.41
950,13,0,6,13.8138,5394.84
951,13,0,6,13.8068,5359.13
949,13,0,6,13.7959,5302.65
1302,13,0,6,13.7768,5195.93
978,13,0,7,14.1741,7172.17,0.0373333,162.837,0.05,8
1010,13,0,7,14.1592,7095.41
1011,13,0,7,14.145,7022.77
1009,13,0,7,14.1394,6993.33
1038,13,0,7,14.1312,6952.74
1039,13,0,7,14.1306,6950.06
1037,13,0,7,14.1208,6901.5
1034,13,0,7,14.1126,6857.66
2032,13,0,7,14.0971,6780.07
1050,13,0,7,14.0707,6646.28
1049,13,0,7,14.0707,6646.19
1025,13,0,7,14.0633,6608.49
1029,13,0,7,14.0503,6542.71
1027,13,0,7,14.0375,6479.33
898,13,0,7,14.0271,6426.85
895,13,0,7,14.0081,6332.81
636,13,0,8,14.2911,7725.43,0.0391667,170.833,0.15,9
631,13,0,8,14.2844,7692.64
630,13,0,8,14.2786,7664.12
637,13,0,8,14.268,7612.04
1996,13,0,8,14.2556,7548.76
1997,13,0,8,14.2517,7528.85
2027,13,0,8,14.2245,7398.64
2026,13,0,8,14.2187,7370.15
978,13,0,8,14.2114,7335.01
603,13,0,9,14.4145,8331.99,0.0658333,287.145,0.35,10
604,13,0,9,14.4097,8306.58
596,13,0,9,14.4096,8305.61
580,13,0,9,14.3953,8229.41
583,13,0,9,14.3891,8199.59
587,13,0,9,14.3869,8185.16
578,13,0,9,14.3838,8168.35
575,13,0,9,14.3783,8137.24
571,13,0,9,14.3754,8121.12
570,13,0,9,14.3706,8097.85
1994,13,0,9,14.3578,8033.49
562,13,0,9,14.3444,7968.44
639,13,0,9,14.341,7950.99
638,13,0,9,14.3343,7916.96
636,13,0,9,14.3303,7896.26
64,13,0,10,14.6423,9643.96,0,0,0
195,13,0,10,14.6207,9527.7
196,13,0,10,14.618,9508.12
205,13,0,10,14.6038,9422.04
215,13,0,10,14.5793,9267.06
225,13,0,10,14.5545,9063.23
715,13,0,10,14.5195,8872.69
714,13,0,10,14.5158,8848.84
726,13,0,10,14.5156,8846.99
529,13,0,10,14.5015,8747.38
605,13,0,10,14.4862,8650.12
603,13,0,10,14.4804,8619.14
603,14,0,0,12.3599,1036.37,0.0631667,275.514,0.35,1
604,14,0,0,12.3559,1014.51
596,14,0,0,12.3558,1013.54
595,14,0,0,12.3497,980.797
605,14,0,0,12.3486,972.784
529,14,0,0,12.3313,872.775
726,14,0,0,12.3166,772.69
714,14,0,0,12.3164,770.827
715,14,0,0,12.3128,747.175
225,14,0,0,12.2949,586.655
215,14,0,0,12.2669,383.417
205,14,0,0,12.2389,223.068
196,14,0,0,12.225,137.521
195,14,0,0,12.2219,117.624
64,14,0,0,12.2,0
978,14,0,1,12.5347,1890,0.107833,470.336,0.07,2
1010,14,0,1,12.5191,1809.85
1016,14,0,1,12.4966,1707.34
1548,14,0,1,12.4896,1671.31
1012,14,0,1,12.4854,1648.89
1014,14,0,1,12.485,1646.68
989,14,0,1,12.4745,1590.82
990,14,0,1,12.4644,1540.56
704,14,0,1,12.4531,1482.82
2179,14,0,1,12.4529,1481.96
662,14,0,1,12.4467,1452.31
602,14,0,1,12.4358,1384.62
604,14,0,1,12.4333,1367.94
596,14,0,1,12.4332,1366.97
595,14,0,1,12.4272,1334.23
603,14,0,1,12.423,1311.88
1108,14,0,2,12.7823,3062.26,0.0588333,256.613,0.13,3
1109,14,0,2,12.7782,3040.72
1848,14,0,2,12.758,2946.21
1069,14,0,2,12.7503,2904.46
1784,14,0,2,12.7341,2818.91
1053,14,0,2,12.7306,2801.06
2033,14,0,2,12.7111,2709.47
1054,14,0,2,12.7035,2668.56
1037,14,0,2,12.6987,2642.84
1039,14,0,2,12.6912,2604.23
1041,14,0,2,12.6817,2556.4
2030,14,0,2,12.6755,2525.47
1011,14,0,2,12.6753,2524.62
1547,14,0,2,12.661,2454.5
1546,14,0,2,12.656,2428.81
975,14,0,2,12.6528,2411.66
981,14,0,2,12.6487,2390.87
980,14,0,2,12.6462,2378.83
978,14,0,2,12.6426,2360.34
1304,14,0,3,12.974,4013.52,0.0815,355.478,0.17,4
2163,14,0,3,12.953,3903.78
2051,14,0,3,12.9194,3725.69
2050,14,0,3,12.9082,3666.68
2106,14,0,3,12.9013,3631.94
2039,14,0,3,12.8836,3537.97
1106,14,0,3,12.8737,3485.03
2035,14,0,3,12.8611,3418.2
1108,14,0,3,12.8411,3318.87
1302,14,0,4,13.1026,4607.99,0.035,152.659,0.22,5
1303,14,0,4,13.0823,4504.3
1305,14,0,4,13.0671,4428.28
1304,14,0,4,13.0555,4368.99
895,14,0,5,13.2866,5538.42,0.0823333,359.113,0.02,6
896,14,0,5,13.2829,5520.18
892,14,0,5,13.2792,5501.43
906,14,0,5,13.2665,5432.57
1555,14,0,5,13.2383,5277.97
2157,14,0,5,13.2274,5224.22
2019,14,0,5,13.2005,5097.96
929,14,0,5,13.2001,5095.97
938,14,0,5,13.1881,5030.12
950,14,0,5,13.1747,4959.56
951,14,0,5,13.1677,4923.85
949,14,0,5,13.1567,4867.37
1302,14,0,5,13.1376,4760.65
636,14,0,6,13.5105,6709.58,0.0665,290.053,0.15,7
633,14,0,6,13.5048,6680.05
563,14,0,6,13.4995,6655.05
564,14,0,6,13.4937,6624.21
557,14,0,6,13.4878,6591.12
561,14,0,6,13.4811,6544.59
628,14,0,6,13.4768,6519.22
609,14,0,6,13.4646,6443.42
423,14,0,6,13.4587,6387.1
419,14,0,6,13.4534,6352.25
420,14,0,6,13.4483,6317.31
421,14,0,6,13.4443,6290.53
417,14,0,6,13.4398,6266.05
1989,14,0,6,13.4232,6179.63
2011,14,0,6,13.4054,6086.44
891,14,0,6,13.3855,5980.55
892,14,0,6,13.375,5928.91
896,14,0,6,13.3724,5914.85
895,14,0,6,13.3689,5897.53
455,14,0,7,13.7396,7868.74,0.0423333,184.645,0.11,8
453,14,0,7,13.7309,7803.28
452,14,0,7,13.7187,7715.96
1678,14,0,7,13.703,7631.57
474,14,0,7,13.683,7532.06
2140,14,0,7,13.6748,7494.22
475,14,0,7,13.6681,7462.95
499,14,0,7,13.6603,7423.36
500,14,0,7,13.6557,7399.96
518,14,0,7,13.6502,7371.77
1754,14,0,7,13.637,7309.91
540,14,0,7,13.6284,7266.01
541,14,0,7,13.6177,7210.86
572,14,0,7,13.609,7165.11
1994,14,0,7,13.5993,7114.83
562,14,0,7,13.5897,7065.78
639,14,0,7,13.5863,7048.34
638,14,0,7,13.581,7020.55
636,14,0,7,13.577,6999.63
710,14,0,8,13.847,8452.59,0.0466667,203.546,0.45,9
1543,14,0,8,13.8237,8324.37
459,14,0,8,13.8136,8261.18
458,14,0,8,13.8069,8215.78
456,14,0,8,13.7983,8155.37
457,14,0,8,13.7922,8122.33
454,14,0,8,13.7846,8068.35
455,14,0,8,13.7819,8053.38
220,14,0,9,13.957,8990.13,0.072,314.042,0.12,10
222,14,0,9,13.949,8942.4
224,14,0,9,13.9328,8855.4
223,14,0,9,13.9167,8772.72
710,14,0,9,13.8937,8656.13
64,14,0,10,14.1126,9802.85,0,0,0
195,14,0,10,14.0911,9686.59
196,14,0,10,14.0883,9667.01
205,14,0,10,14.0741,9580.93
215,14,0,10,14.0496,9425.96
2130,14,0,10,14.0456,9392.3
220,14,0,10,14.029,9304.17
603,15,0,0,11.2384,1012.31,0.109,475.425,0.32,1
604,15,0,0,11.2341,989.164
596,15,0,0,11.234,988.193
595,15,0,0,11.2285,957.784
605,15,0,0,11.2274,949.793
529,15,0,0,11.2102,849.768
726,15,0,0,11.1943,748.573
714,15,0,0,11.1941,746.688
715,15,0,0,11.1907,723.201
225,15,0,0,11.1732,562.11
215,15,0,0,11.1475,358.782
205,15,0,0,11.1236,204.484
196,15,0,0,11.1105,119.897
195,15,0,0,11.1079,100.335
64,15,0,0,11.09,0
1108,15,0,1,11.5395,2486.85,0.0935,407.819,0.09,2
1109,15,0,1,11.5352,2464.18
1113,15,0,1,11.5283,2430.03
1847,15,0,1,11.5149,2362.5
1086,15,0,1,11.5113,2342.47
1087,15,0,1,11.4967,2269.28
1090,15,0,1,11.488,2224.12
1076,15,0,1,11.4619,2097.14
1074,15,0,1,11.4578,2076.03
1077,15,0,1,11.4482,2025.21
1080,15,0,1,11.4347,1958
1079,15,0,1,11.4281,1923.55
1061,15,0,1,11.4238,1902.26
1063,15,0,1,11.4203,1884.1
1062,15,0,1,11.4192,1877.02
2159,15,0,1,11.419,1875.9
1045,15,0,1,11.4183,1872.75
1012,15,0,1,11.4111,1831.77
1014,15,0,1,11.4105,1828.9
989,15,0,1,11.3995,1770.6
990,15,0,1,11.3894,1720.33
991,15,0,1,11.3868,1707.98
706,15,0,1,11.3798,1668.52
704,15,0,1,11.3772,1655.75
2179,15,0,1,11.377,1654.88
662,15,0,1,11.3708,1625.24
602,15,0,1,11.3594,1556.96
604,15,0,1,11.3569,1540.16
596,15,0,1,11.3567,1539.19
595,15,0,1,11.3513,1508.78
603,15,0,1,11.3474,1487.73
895,15,0,2,11.7241,3370.05,0.103333,450.709,0.01,3
907,15,0,2,11.7085,3293.15
908,15,0,2,11.6992,3247.1
2014,15,0,2,11.6986,3244.42
2017,15,0,2,11.6975,3238.73
1786,15,0,2,11.6926,3214.29
918,15,0,2,11.6889,3195.18
920,15,0,2,11.6759,3124.53
1085,15,0,2,11.6602,3037.78
2035,15,0,2,11.6463,2965.56
1108,15,0,2,11.633,2894.67
1304,15,0,3,11.9908,4665.9,0.0428333,186.826,0.12,4
952,15,0,3,11.9664,4532.91
953,15,0,3,11.9557,4478.14
2023,15,0,3,11.9549,4474.04
1787,15,0,3,11.947,4433.48
2020,15,0,3,11.9313,4352.97
935,15,0,3,11.9211,4299.65
934,15,0,3,11.9206,4297.05
933,15,0,3,11.9119,4249.96
936,15,0,3,11.9113,4247.02
1737,15,0,3,11.8978,4175.12
917,15,0,3,11.8817,4094.8
916,15,0,3,11.8815,4093.89
906,15,0,3,11.8558,3961.48
892,15,0,3,11.8356,3860.82
896,15,0,3,11.8324,3844.24
895,15,0,3,11.8274,3820.76
1302,15,0,4,12.0796,5086.73,0.106833,465.975,0.24,5
1303,15,0,4,12.0593,4983.19
1305,15,0,4,12.0458,4914.28
1304,15,0,4,12.0337,4852.73
978,15,0,5,12.4752,7050.65,0.107833,470.336,0.07,6
1010,15,0,5,12.461,6976.92
1011,15,0,5,12.4461,6901.18
1009,15,0,5,12.437,6857.24
1041,15,0,5,12.4368,6856.55
1039,15,0,5,12.429,6815.72
1037,15,0,5,12.4194,6768.23
1034,15,0,5,12.4107,6722.54
2033,15,0,5,12.4052,6693.48
1053,15,0,5,12.3927,6630.46
1784,15,0,5,12.3894,6613.39
1066,15,0,5,12.3801,6565.76
2034,15,0,5,12.3559,6446.1
1850,15,0,5,12.3476,6402.98
2035,15,0,5,12.3386,6355.75
1106,15,0,5,12.3258,6287.9
2039,15,0,5,12.3192,6246.24
2106,15,0,5,12.3022,6155.59
2050,15,0,5,12.2927,6110.34
2051,15,0,5,12.2835,6059.82
2163,15,0,5,12.2492,5878.51
1304,15,0,5,12.231,5781.11
1305,15,0,5,12.2185,5717.8
1303,15,0,5,12.2034,5641.88
1302,15,0,5,12.1864,5552.71
636,15,0,6,12.6685,7935.48,0.091,396.915,0.15,7
633,15,0,6,12.6619,7901.87
639,15,0,6,12.6585,7884.33
1993,15,0,6,12.6488,7833.72
1995,15,0,6,12.6392,7788.42
1996,15,0,6,12.6277,7736.69
1997,15,0,6,12.6238,7716.78
2027,15,0,6,12.5955,7582.44
2026,15,0,6,12.5898,7554.14
978,15,0,6,12.583,7520.99
64,15,0,7,13.0066,9776.72,0,0,0
195,15,0,7,12.9798,9638.51
196,15,0,7,12.9767,9618.57
205,15,0,7,12.9614,9530.82
215,15,0,7,12.9358,9374.26
225,15,0,7,12.9088,9171.19
715,15,0,7,12.8787,9001.63
714,15,0,7,12.8747,8977.47
726,15,0,7,12.8745,8975.62
529,15,0,7,12.8604,8875.97
605,15,0,7,12.8455,8779.3
603,15,0,7,12.8392,8746.22
604,15,0,7,12.8353,8724.36
596,15,0,7,12.8351,8723.39
580,15,0,7,12.8236,8658.86
583,15,0,7,12.8173,8629.05
587,15,0,7,12.8153,8614.78
578,15,0,7,12.8124,8598.72
579,15,0,7,12.8051,8559.92
570,15,0,7,12.7981,8526.76
1994,15,0,7,12.7852,8461.68
562,15,0,7,12.7722,8398.31
639,15,0,7,12.7687,8380.87
638,15,0,7,12.7634,8352.62
636,15,0,7,12.7595,8332.39
220,15,1,0,11.5272,472.978,0.0955,416.542,0.04,1
2130,15,1,0,11.5124,392.48
215,15,1,0,11.5075,358.782
205,15,1,0,11.4836,204.484
196,15,1,0,11.4705,119.897
195,15,1,0,11.4679,100.335
64,15,1,0,11.45,0
455,15,1,1,11.7121,1421.69,0.0408333,178.103,0.03,2
454,15,1,1,11.7093,1406.07
457,15,1,1,11.7025,1352.11
456,15,1,1,11.6974,1322.67
458,15,1,1,11.6879,1261.52
459,15,1,1,11.682,1216.42
450,15,1,1,11.6668,1132.53
229,15,1,1,11.6573,1079.68
222,15,1,1,11.633,945.57
220,15,1,1,11.6227,889.52
710,15,1,2,11.8156,1988,0.0443333,193.369,0.36,3
1543,15,1,2,11.7942,1867.73
459,15,1,2,11.7839,1804.33
458,15,1,2,11.7774,1759.07
456,15,1,2,11.7683,1698.29
457,15,1,2,11.7629,1668.07
454,15,1,2,11.7553,1614.11
455,15,1,2,11.7529,1599.79
64,15,1,3,11.9605,2864.25,0,0,0
195,15,1,3,11.9393,2749.57
196,15,1,3,11.9365,2729.96
205,15,1,3,11.924,2646.06
215,15,1,3,11.9041,2493.96
225,15,1,3,11.8789,2290.4
1680,15,1,3,11.8759,2271.38
710,15,1,3,11.86,2181.37
220,16,0,0,12.9402,511.167,0.0923333,402.73,0.08,1
2130,16,0,0,12.9224,417.757
215,16,0,0,12.9169,383.417
205,16,0,0,12.8889,223.068
196,16,0,0,12.875,137.521
195,16,0,0,12.8719,117.624
64,16,0,0,12.85,0
455,16,0,1,13.1263,1463.97,0.0423333,184.645,0.11,2
454,16,0,1,13.1231,1446.59
457,16,0,1,13.1165,1392.52
456,16,0,1,13.1116,1363.49
458,16,0,1,13.1023,1302.57
459,16,0,1,13.0957,1257.22
450,16,0,1,13.0805,1173.3
229,16,0,1,13.0694,1113.43
222,16,0,1,13.0412,962.82
220,16,0,1,13.0326,913.897
1108,16,0,2,13.4322,3110.71,0.0723333,315.496,0.16,3
1109,16,0,2,13.4282,3089.33
1113,16,0,2,13.4218,3057.08
1847,16,0,2,13.41,2996.45
1086,16,0,2,13.4063,2976.26
1087,16,0,2,13.3929,2907.7
1090,16,0,2,13.3843,2862.94
1076,16,0,2,13.3662,2769.61
1074,16,0,2,13.3622,2748.95
1077,16,0,2,13.3488,2681.98
1080,16,0,2,13.3339,2608.63
1079,16,0,2,13.3267,2572.15
1061,16,0,2,13.3225,2550.86
1063,16,0,2,13.3193,2534.02
1062,16,0,2,13.3183,2526.98
2159,16,0,2,13.318,2526
1045,16,0,2,13.3174,2522.85
1012,16,0,2,13.3101,2481.86
2028,16,0,2,13.3021,2436.4
989,16,0,2,13.2987,2420.66
990,16,0,2,13.2886,2370.4
991,16,0,2,13.286,2358.05
706,16,0,2,13.279,2318.58
704,16,0,2,13.2764,2305.81
2179,16,0,2,13.2762,2304.95
662,16,0,2,13.27,2275.3
602,16,0,2,13.2587,2207.17
599,16,0,2,13.2542,2182.47
605,16,0,2,13.2491,2154.34
529,16,0,2,13.2325,2055.45
726,16,0,2,13.2164,1953.91
714,16,0,2,13.2162,1952.03
1543,16,0,2,13.2104,1919.6
459,16,0,2,13.2003,1856.41
458,16,0,2,13.1936,1811.01
456,16,0,2,13.185,1750.6
457,16,0,2,13.1789,1717.56
454,16,0,2,13.1713,1663.57
455,16,0,2,13.1686,1648.61
1304,16,0,3,13.6331,4104.69,0.0735,320.585,0.21,4
952,16,0,3,13.6091,3973.36
953,16,0,3,13.5969,3912.31
2023,16,0,3,13.5961,3908.21
2108,16,0,3,13.5818,3832.55
1794,16,0,3,13.5756,3800.2
2106,16,0,3,13.5617,3726.45
2039,16,0,3,13.5431,3628.93
1106,16,0,3,13.5329,3574.53
2035,16,0,3,13.5209,3509.94
1108,16,0,3,13.5046,3426.21
1302,16,0,4,13.7538,4664.26,0.035,152.659,0.22,5
1303,16,0,4,13.7334,4560.57
1305,16,0,4,13.7182,4484.55
1304,16,0,4,13.7066,4425.27
895,16,0,5,13.9377,5594.69,0.0823333,359.113,0.02,6
896,16,0,5,13.934,5576.45
892,16,0,5,13.9303,5557.7
906,16,0,5,13.9177,5488.84
1555,16,0,5,13.8894,5334.24
2157,16,0,5,13.8785,5280.49
2019,16,0,5,13.8517,5154.23
929,16,0,5,13.8512,5152.25
938,16,0,5,13.8393,5086.4
950,16,0,5,13.8258,5015.84
951,16,0,5,13.8188,4980.12
949,16,0,5,13.8078,4923.64
1302,16,0,5,13.7888,4816.92
978,16,0,6,14.186,6793.17,0.0373333,162.837,0.05,7
1010,16,0,6,14.1712,6716.4
1011,16,0,6,14.157,6643.76
1009,16,0,6,14.1513,6614.33
1038,16,0,6,14.1432,6573.73
1039,16,0,6,14.1426,6571.06
1037,16,0,6,14.1327,6522.49
1034,16,0,6,14.1245,6478.66
2032,16,0,6,14.109,6401.06
1050,16,0,6,14.0827,6267.28
1049,16,0,6,14.0827,6267.19
1025,16,0,6,14.0753,6229.49
1029,16,0,6,14.0623,6163.7
1027,16,0,6,14.0494,6100.32
898,16,0,6,14.039,6047.84
895,16,0,6,14.02,5953.81
636,16,0,7,14.3031,7346.43,0.0391667,170.833,0.15,8
631,16,0,7,14.2964,7313.63
630,16,0,7,14.2906,7285.12
637,16,0,7,14.28,7233.04
1996,16,0,7,14.2676,7169.75
1997,16,0,7,14.2637,7149.85
2027,16,0,7,14.2364,7019.63
2026,16,0,7,14.2306,6991.15
978,16,0,7,14.2233,6956
603,16,0,8,14.4265,7952.99,0.0658333,287.145,0.35,9
604,16,0,8,14.4217,7927.58
596,16,0,8,14.4216,7926.61
580,16,0,8,14.4073,7850.4
583,16,0,8,14.4011,7820.59
587,16,0,8,14.3988,7806.16
578,16,0,8,14.3958,7789.34
575,16,0,8,14.3902,7758.24
571,16,0,8,14.3873,7742.11
570,16,0,8,14.3825,7718.84
1994,16,0,8,14.3698,7654.49
562,16,0,8,14.3564,7589.43
639,16,0,8,14.3529,7571.99
638,16,0,8,14.3462,7537.96
636,16,0,8,14.3422,7517.26
710,16,0,9,14.5561,8653.53,0.0876667,382.376,0.44,10
1543,16,0,9,14.5362,8538.16
715,16,0,9,14.5315,8493.68
714,16,0,9,14.5277,8469.84
726,16,0,9,14.5275,8467.98
529,16,0,9,14.5135,8368.37
605,16,0,9,14.4981,8271.11
603,16,0,9,14.4923,8240.13
64,16,0,10,14.7525,9734.74,0,0,0
195,16,0,10,14.7309,9618.49
196,16,0,10,14.7282,9598.91
205,16,0,10,14.7139,9512.83
215,16,0,10,14.6895,9357.85
225,16,0,10,14.6646,9154.01
1680,16,0,10,14.6618,9135.17
710,16,0,10,14.6438,9035.9
220,17,0,0,13.0402,511.167,0.072,314.042,0.12,1
2130,17,0,0,13.0224,417.757
215,17,0,0,13.0169,383.417
205,17,0,0,12.9889,223.068
196,17,0,0,12.975,137.521
195,17,0,0,12.9719,117.624
64,17,0,0,12.95,0
455,17,0,1,13.206,1375.28,0.0423333,184.645,0.11,2
454,17,0,1,13.2027,1357.9
457,17,0,1,13.1962,1303.83
456,17,0,1,13.1912,1274.8
458,17,0,1,13.182,1213.88
459,17,0,1,13.1754,1168.53
450,17,0,1,13.1602,1084.61
229,17,0,1,13.1491,1024.74
222,17,0,1,13.1209,874.132
220,17,0,1,13.1122,825.209
710,17,0,2,13.3134,1959.13,0.0466667,203.546,0.45,3
1543,17,0,2,13.2901,1830.91
459,17,0,2,13.2799,1767.72
458,17,0,2,13.2732,1722.32
456,17,0,2,13.2646,1661.92
457,17,0,2,13.2586,1628.87
454,17,0,2,13.251,1574.89
455,17,0,2,13.2483,1559.93
1108,17,0,3,13.6034,3474.52,0.0723333,315.496,0.16,4
1109,17,0,3,13.5984,3449.09
1113,17,0,3,13.5928,3419.86
1847,17,0,3,13.5811,3359.89
1086,17,0,3,13.5775,3339.71
1087,17,0,3,13.564,3271.15
1090,17,0,3,13.5554,3226.39
1076,17,0,3,13.5374,3133.06
1074,17,0,3,13.5334,3112.4
1077,17,0,3,13.5199,3045.43
1080,17,0,3,13.505,2972.08
1079,17,0,3,13.4979,2935.6
1061,17,0,3,13.4936,2914.31
1063,17,0,3,13.4904,2897.47
1062,17,0,3,13.4894,2890.43
2159,17,0,3,13.4892,2889.45
1045,17,0,3,13.4885,2886.3
1012,17,0,3,13.4813,2845.31
2028,17,0,3,13.4732,2799.85
989,17,0,3,13.4698,2784.11
990,17,0,3,13.4598,2733.85
991,17,0,3,13.4572,2721.5
706,17,0,3,13.4502,2682.03
704,17,0,3,13.4475,2669.26
2179,17,0,3,13.4473,2668.4
662,17,0,3,13.4411,2638.75
602,17,0,3,13.4299,2570.61
599,17,0,3,13.4254,2545.91
605,17,0,3,13.4202,2517.79
529,17,0,3,13.4037,2418.9
726,17,0,3,13.3875,2317.36
714,17,0,3,13.3873,2315.48
1543,17,0,3,13.3815,2283.04
710,17,0,3,13.36,2162.68
1304,17,0,4,13.8044,4468.49,0.0735,320.585,0.21,5
952,17,0,4,13.7804,4337.17
953,17,0,4,13.7681,4276.12
2023,17,0,4,13.7673,4272.02
2108,17,0,4,13.7531,4196.36
1794,17,0,4,13.7468,4164.01
2106,17,0,4,13.7329,4090.26
2039,17,0,4,13.7143,3992.74
1106,17,0,4,13.7041,3938.34
2035,17,0,4,13.6921,3873.75
1108,17,0,4,13.6758,3790.02
1302,17,0,5,13.925,5028.07,0.035,152.659,0.22,6
1303,17,0,5,13.9046,4924.38
1305,17,0,5,13.8894,4848.36
1304,17,0,5,13.8779,4789.08
895,17,0,6,14.1089,5958.5,0.081,353.298,0.02,7
896,17,0,6,14.1052,5940.26
892,17,0,6,14.1015,5921.51
906,17,0,6,14.0889,5852.65
1555,17,0,6,14.0607,5698.05
2157,17,0,6,14.0497,5644.3
2019,17,0,6,14.0229,5518.04
929,17,0,6,14.0225,5516.06
938,17,0,6,14.0105,5450.21
950,17,0,6,13.997,5379.65
951,17,0,6,13.99,5343.93
949,17,0,6,13.979,5287.45
1302,17,0,6,13.96,5180.73
978,17,0,7,14.3559,7151.16,0.0373333,162.837,0.05,8
1010,17,0,7,14.3411,7074.39
1011,17,0,7,14.3268,7001.75
1009,17,0,7,14.3212,6972.32
1038,17,0,7,14.3131,6931.72
1039,17,0,7,14.3125,6929.05
1037,17,0,7,14.3026,6880.49
1034,17,0,7,14.2944,6836.65
2032,17,0,7,14.2789,6759.05
1050,17,0,7,14.2526,6625.27
1049,17,0,7,14.2526,6625.18
1025,17,0,7,14.2452,6587.48
1029,17,0,7,14.2322,6521.69
1027,17,0,7,14.2193,6458.32
898,17,0,7,14.2089,6405.83
895,17,0,7,14.1899,6311.8
636,17,0,8,14.4729,7704.42,0.0391667,170.833,0.15,9
631,17,0,8,14.4662,7671.63
630,17,0,8,14.4605,7643.11
637,17,0,8,14.4499,7591.03
1996,17,0,8,14.4374,7527.74
1997,17,0,8,14.4336,7507.84
2027,17,0,8,14.4063,7377.62
2026,17,0,8,14.4005,7349.14
978,17,0,8,14.3932,7314
603,17,0,9,14.5964,8310.98,0.0658333,287.145,0.35,10
604,17,0,9,14.5916,8285.57
596,17,0,9,14.5914,8284.6
580,17,0,9,14.5772,8208.39
583,17,0,9,14.5709,8178.58
587,17,0,9,14.5687,8164.15
578,17,0,9,14.5657,8147.34
575,17,0,9,14.5601,8116.23
571,17,0,9,14.5572,8100.11
570,17,0,9,14.5524,8076.83
1994,17,0,9,14.5397,8012.48
562,17,0,9,14.5263,7947.42
639,17,0,9,14.5228,7929.98
638,17,0,9,14.5161,7895.95
636,17,0,9,14.5121,7875.25
64,17,0,10,14.8242,9622.94,0,0,0
195,17,0,10,14.8026,9506.69
196,17,0,10,14.7999,9487.11
205,17,0,10,14.7856,9401.03
215,17,0,10,14.7612,9246.05
225,17,0,10,14.7363,9042.22
715,17,0,10,14.7014,8851.67
714,17,0,10,14.6976,8827.83
726,17,0,10,14.6974,8825.97
529,17,0,10,14.6834,8726.36
605,17,0,10,14.668,8629.11
603,17,0,10,14.6622,8598.13
220,18,0,0,11.0772,472.978,0.0955,416.542,0.04,1
2130,18,0,0,11.0624,392.48
215,18,0,0,11.0575,358.782
205,18,0,0,11.0336,204.484
196,18,0,0,11.0205,119.897
195,18,0,0,11.0179,100.335
64,18,0,0,11,0
710,18,0,1,11.2304,1198.14,0.0443333,193.369,0.36,2
223,18,0,1,11.2129,1104.91
224,18,0,1,11.1988,1031.05
222,18,0,1,11.183,945.57
220,18,0,1,11.1727,889.52
455,18,0,2,11.3338,1774.06,0.0408333,178.103,0.03,3
454,18,0,2,11.331,1758.44
457,18,0,2,11.3243,1704.48
456,18,0,2,11.3191,1675.03
458,18,0,2,11.3096,1613.89
459,18,0,2,11.3037,1568.78
1543,18,0,2,11.2944,1506.55
710,18,0,2,11.2747,1391.51
603,18,0,3,11.465,2516.24,0.109,475.425,0.32,4
604,18,0,3,11.4608,2493.1
596,18,0,3,11.4606,2492.13
595,18,0,3,11.4552,2461.72
605,18,0,3,11.454,2453.73
529,18,0,3,11.4368,2353.71
726,18,0,3,11.4209,2252.51
714,18,0,3,11.4207,2250.62
1543,18,0,3,11.4159,2220.1
459,18,0,3,11.4056,2156.7
458,18,0,3,11.3991,2111.44
456,18,0,3,11.39,2050.65
457,18,0,3,11.3846,2020.43
454,18,0,3,11.377,1966.47
455,18,0,3,11.3746,1952.16
1108,18,0,4,11.7662,3990.79,0.0935,407.819,0.09,5
1109,18,0,4,11.7618,3968.11
1113,18,0,4,11.755,3933.96
1847,18,0,4,11.7415,3866.44
1086,18,0,4,11.7379,3846.41
1087,18,0,4,11.7234,3773.22
1090,18,0,4,11.7147,3728.06
1076,18,0,4,11.6885,3601.08
1074,18,0,4,11.6844,3579.96
1077,18,0,4,11.6748,3529.14
1080,18,0,4,11.6613,3461.94
1079,18,0,4,11.6547,3427.48
1061,18,0,4,11.6505,3406.2
1063,18,0,4,11.6469,3388.03
1062,18,0,4,11.6459,3380.95
2159,18,0,4,11.6456,3379.84
1045,18,0,4,11.6449,3376.69
1012,18,0,4,11.6377,3335.7
1014,18,0,4,11.6372,3332.84
989,18,0,4,11.6261,3274.53
990,18,0,4,11.6161,3224.27
991,18,0,4,11.6135,3211.92
706,18,0,4,11.6065,3172.46
704,18,0,4,11.6038,3159.68
2179,18,0,4,11.6036,3158.82
662,18,0,4,11.5974,3129.17
602,18,0,4,11.5861,3060.9
604,18,0,4,11.5835,3044.1
596,18,0,4,11.5834,3043.13
595,18,0,4,11.5779,3012.72
603,18,0,4,11.574,2991.67
1304,18,0,5,11.9892,5081.23,0.0428333,186.826,0.12,6
952,18,0,5,11.9648,4948.24
953,18,0,5,11.9541,4893.46
2023,18,0,5,11.9532,4889.36
2108,18,0,5,11.9368,4804.15
1794,18,0,5,11.9297,4768.39
2106,18,0,5,11.9145,4689.02
2039,18,0,5,11.8968,4595.49
1106,18,0,5,11.8872,4543.54
2035,18,0,5,11.873,4469.49
1108,18,0,5,11.8597,4398.6
895,18,0,6,12.1881,6068.38,0.0435,189.734,0.02,7
907,18,0,6,12.1724,5991.05
908,18,0,6,12.1633,5945.57
2014,18,0,6,12.1627,5942.89
2017,18,0,6,12.1616,5937.2
2170,18,0,6,12.1588,5923.01
1738,18,0,6,12.1414,5836.08
1737,18,0,6,12.1347,5802.3
936,18,0,6,12.1195,5723.39
933,18,0,6,12.1189,5720.45
934,18,0,6,12.1134,5682.8
935,18,0,6,12.1129,5680.19
2020,18,0,6,12.1018,5623.21
1787,18,0,6,12.0822,5526.06
1788,18,0,6,12.0814,5522.36
1789,18,0,6,12.07,5465.37
952,18,0,6,12.0611,5420.92
1304,18,0,6,12.032,5268.05
64,18,0,7,12.5924,8376.44,0,0,0
195,18,0,7,12.5633,8228.06
196,18,0,7,12.5605,8208.47
205,18,0,7,12.546,8122.02
215,18,0,7,12.5205,7965.64
225,18,0,7,12.4945,7762.43
715,18,0,7,12.463,7586.76
714,18,0,7,12.459,7562.6
726,18,0,7,12.4588,7560.75
529,18,0,7,12.4447,7461.1
605,18,0,7,12.4298,7364.43
603,18,0,7,12.4235,7331.35
604,18,0,7,12.4196,7309.49
596,18,0,7,12.4194,7308.52
580,18,0,7,12.4078,7244
574,18,0,7,12.3864,7132.88
573,18,0,7,12.3768,7079.08
564,18,0,7,12.3693,7038.82
557,18,0,7,12.3645,7007.75
561,18,0,7,12.358,6961.31
628,18,0,7,12.3538,6936.17
609,18,0,7,12.3421,6860.87
423,18,0,7,12.3362,6804.55
419,18,0,7,12.3294,6766.98
420,18,0,7,12.3234,6730.95
421,18,0,7,12.3188,6703.46
417,18,0,7,12.3138,6676.74
1989,18,0,7,12.2954,6582.53
2011,18,0,7,12.2761,6482.82
891,18,0,7,12.2541,6368.36
893,18,0,7,12.2481,6337.49
894,18,0,7,12.2428,6312.75
895,18,0,7,12.2316,6258.12
978,18,1,0,13.617,1574.75,0.0648333,282.783,0.06,1
1010,18,1,0,13.602,1497.65
1016,18,1,0,13.582,1404.7
1548,18,1,0,13.575,1368.79
1012,18,1,0,13.5704,1344.83
2028,18,1,0,13.5623,1299.37
989,18,1,0,13.5589,1283.63
990,18,1,0,13.5488,1233.37
991,18,1,0,13.5462,1221.01
706,18,1,0,13.5392,1181.55
704,18,1,0,13.5366,1168.78
2179,18,1,0,13.5364,1167.92
662,18,1,0,13.5302,1138.27
602,18,1,0,13.519,1070.13
599,18,1,0,13.5145,1045.43
605,18,1,0,13.5093,1017.31
529,18,1,0,13.4927,918.413
726,18,1,0,13.4766,816.876
714,18,1,0,13.4764,814.998
715,18,1,0,13.4729,791.373
225,18,1,0,13.4551,630.742
215,18,1,0,13.4279,427.668
205,18,1,0,13.3969,255.297
196,18,1,0,13.3818,168.03
195,18,1,0,13.3792,148.465
64,18,1,0,13.35,0
1302,18,1,1,13.9622,3301.76,0.035,152.659,0.22,2
949,18,1,1,13.9392,3177.7
951,18,1,1,13.9286,3123.16
950,18,1,1,13.9202,3081.64
938,18,1,1,13.9085,3018.52
929,18,1,1,13.8959,2949.83
2019,18,1,1,13.8955,2947.85
2157,18,1,1,13.8763,2853.04
1555,18,1,1,13.8659,2801.24
915,18,1,1,13.8584,2764.11
2016,18,1,1,13.8369,2657.2
917,18,1,1,13.8361,2653.39
916,18,1,1,13.8359,2652.48
919,18,1,1,13.8302,2613.4
2017,18,1,1,13.8301,2613.22
1786,18,1,1,13.8255,2589.68
2018,18,1,1,13.812,2517.89
1053,18,1,1,13.7726,2309.6
2033,18,1,1,13.7531,2218.02
1054,18,1,1,13.7442,2171.81
1037,18,1,1,13.7392,2145.09
1039,18,1,1,13.7322,2108.71
1041,18,1,1,13.7234,2063.93
2030,18,1,1,13.7173,2033
1011,18,1,1,13.7169,2031.55
1547,18,1,1,13.6996,1948.9
1546,18,1,1,13.6941,1921.53
975,18,1,1,13.6907,1903.56
981,18,1,1,13.6874,1885.83
980,18,1,1,13.6849,1874.06
978,18,1,1,13.6818,1857.53
636,18,1,2,14.2489,4853.33,0.0391667,170.833,0.15,3
633,18,1,2,14.2432,4823.53
563,18,1,2,14.2378,4798.53
564,18,1,2,14.2321,4767.69
557,18,1,2,14.2262,4734.61
561,18,1,2,14.2195,4688.07
628,18,1,2,14.2152,4662.7
609,18,1,2,14.203,4586.9
423,18,1,2,14.1971,4530.58
419,18,1,2,14.1918,4495.73
420,18,1,2,14.1866,4460.79
421,18,1,2,14.1826,4434.01
417,18,1,2,14.1781,4409.53
1989,18,1,2,14.1616,4323.12
2011,18,1,2,14.1438,4229.93
2156,18,1,2,14.1385,4202.6
2013,18,1,2,14.1379,4199.45
886,18,1,2,14.126,4141.27
888,18,1,2,14.1062,4035.16
903,18,1,2,14.0924,3965.27
904,18,1,2,14.089,3946.9
925,18,1,2,14.0655,3819
2019,18,1,2,14.0601,3791.73
929,18,1,2,14.0597,3789.75
938,18,1,2,14.0477,3723.9
950,18,1,2,14.0342,3653.34
951,18,1,2,14.0272,3617.62
949,18,1,2,14.0162,3561.14
1302,18,1,2,13.9972,3454.42
64,18,1,3,14.5343,6484.71,0,0,0
195,18,1,3,14.5127,6368.46
196,18,1,3,14.51,6348.88
205,18,1,3,14.4957,6262.8
215,18,1,3,14.4713,6107.82
225,18,1,3,14.4464,5903.98
715,18,1,3,14.4115,5713.44
714,18,1,3,14.4077,5689.6
726,18,1,3,14.4076,5687.74
529,18,1,3,14.3935,5588.13
605,18,1,3,14.3781,5490.87
603,18,1,3,14.3723,5459.89
604,18,1,3,14.3675,5434.48
596,18,1,3,14.3674,5433.51
580,18,1,3,14.3531,5357.31
583,18,1,3,14.3469,5327.49
587,18,1,3,14.3447,5313.06
578,18,1,3,14.3416,5296.25
575,18,1,3,14.3361,5265.14
571,18,1,3,14.3332,5249.02
570,18,1,3,14.3284,5225.74
1994,18,1,3,14.3156,5161.39
562,18,1,3,14.3022,5096.33
639,18,1,3,14.2988,5078.89
638,18,1,3,14.2921,5044.86
636,18,1,3,14.2881,5024.16
