Nodo,Individuo,Ruta,Segmento,Tiempo viaje,Costo viaje,Tiempo atencion,Costo atencion,Tasa fallo,Demanda
220,0,0,0,13.0302,511.167,0.072,314.042,0.12,1
2130,0,0,0,13.0124,417.757
215,0,0,0,13.0069,383.417
205,0,0,0,12.9789,223.068
196,0,0,0,12.965,137.521
195,0,0,0,12.9619,117.624
64,0,0,0,12.94,0
710,0,0,1,13.169,1171.13,0.0466667,203.546,0.45,2
223,0,0,1,13.1499,1071.11
224,0,0,1,13.1266,958.91
222,0,0,1,13.1109,874.132
220,0,0,1,13.1022,825.209
455,0,0,2,13.2763,1763.6,0.0423333,184.645,0.11,3
454,0,0,2,13.2731,1746.22
457,0,0,2,13.2665,1692.15
456,0,0,2,13.2616,1663.11
458,0,0,2,13.2523,1602.2
459,0,0,2,13.2457,1556.85
1543,0,0,2,13.2371,1495.04
710,0,0,2,13.2156,1374.67
1108,0,0,3,13.5822,3410.34,0.0723333,315.496,0.16,4
1109,0,0,3,13.5782,3388.96
1113,0,0,3,13.5718,3356.71
1847,0,0,3,13.56,3296.07
1086,0,0,3,13.5563,3275.89
1087,0,0,3,13.5429,3207.33
1090,0,0,3,13.5343,3162.57
1076,0,0,3,13.5162,3069.24
1074,0,0,3,13.5122,3048.58
1077,0,0,3,13.4988,2981.61
1080,0,0,3,13.4839,2908.26
1079,0,0,3,13.4767,2871.78
1061,0,0,3,13.4725,2850.49
1063,0,0,3,13.4693,2833.65
1062,0,0,3,13.4683,2826.61
2159,0,0,3,13.4681,2825.63
1045,0,0,3,13.4674,2822.48
1012,0,0,3,13.4602,2781.49
2028,0,0,3,13.4521,2736.03
989,0,0,3,13.4487,2720.29
990,0,0,3,13.4386,2670.03
991,0,0,3,13.436,2657.68
706,0,0,3,13.429,2618.21
704,0,0,3,13.4264,2605.44
2179,0,0,3,13.4262,2604.58
662,0,0,3,13.42,2574.93
602,0,0,3,13.4087,2506.79
599,0,0,3,13.4042,2482.09
605,0,0,3,13.3991,2453.97
529,0,0,3,13.3825,2355.08
726,0,0,3,13.3664,2253.54
714,0,0,3,13.3662,2251.66
1543,0,0,3,13.3604,2219.22
459,0,0,3,13.3503,2156.04
458,0,0,3,13.3436,2110.63
456,0,0,3,13.335,2050.23
457,0,0,3,13.329,2017.18
454,0,0,3,13.3213,1963.2
455,0,0,3,13.3186,1948.24
1304,0,0,4,13.7832,4404.31,0.0735,320.585,0.21,5
952,0,0,4,13.7591,4272.99
953,0,0,4,13.7469,4211.94
2023,0,0,4,13.7461,4207.84
2108,0,0,4,13.7319,4132.18
1794,0,0,4,13.7256,4099.83
2106,0,0,4,13.7117,4026.08
2039,0,0,4,13.6931,3928.56
1106,0,0,4,13.6829,3874.16
2035,0,0,4,13.6709,3809.57
1108,0,0,4,13.6546,3725.83
1302,0,0,5,13.9038,4963.89,0.035,152.659,0.22,6
1303,0,0,5,13.8834,4860.2
1305,0,0,5,13.8682,4784.18
1304,0,0,5,13.8567,4724.9
895,0,0,6,14.0877,5894.32,0.081,353.298,0.02,7
896,0,0,6,14.084,5876.08
892,0,0,6,14.0803,5857.33
906,0,0,6,14.0677,5788.47
1555,0,0,6,14.0394,5633.87
2157,0,0,6,14.0285,5580.12
2019,0,0,6,14.0017,5453.86
929,0,0,6,14.0013,5451.88
938,0,0,6,13.9893,5386.03
950,0,0,6,13.9758,5315.47
951,0,0,6,13.9688,5279.75
949,0,0,6,13.9578,5223.27
1302,0,0,6,13.9388,5116.55
978,0,0,7,14.3347,7086.98,0.0373333,162.837,0.05,8
1010,0,0,7,14.3199,7010.21
1011,0,0,7,14.3056,6937.58
1009,0,0,7,14.3,6908.14
1038,0,0,7,14.2918,6867.54
1039,0,0,7,14.2913,6864.87
1037,0,0,7,14.2814,6816.31
1034,0,0,7,14.2732,6772.47
2032,0,0,7,14.2577,6694.87
1050,0,0,7,14.2314,6561.09
1049,0,0,7,14.2313,6561
1025,0,0,7,14.224,6523.3
1029,0,0,7,14.2109,6457.51
1027,0,0,7,14.1981,6394.14
898,0,0,7,14.1877,6341.65
895,0,0,7,14.1687,6247.62
636,0,0,8,14.4517,7640.24,0.0391667,170.833,0.15,9
631,0,0,8,14.445,7607.45
630,0,0,8,14.4392,7578.93
637,0,0,8,14.4287,7526.85
1996,0,0,8,14.4162,7463.56
1997,0,0,8,14.4123,7443.66
2027,0,0,8,14.3851,7313.44
2026,0,0,8,14.3793,7284.96
978,0,0,8,14.372,7249.82
603,0,0,9,14.5752,8246.8,0.0658333,287.145,0.35,10
604,0,0,9,14.5704,8221.39
596,0,0,9,14.5702,8220.42
580,0,0,9,14.556,8144.21
583,0,0,9,14.5497,8114.4
587,0,0,9,14.5475,8099.97
578,0,0,9,14.5444,8083.16
575,0,0,9,14.5389,8052.05
571,0,0,9,14.536,8035.93
570,0,0,9,14.5312,8012.65
1994,0,0,9,14.5184,7948.3
562,0,0,9,14.5051,7883.24
639,0,0,9,14.5016,7865.8
638,0,0,9,14.4949,7831.77
636,0,0,9,14.4909,7811.07
64,0,0,10,14.8029,9558.76,0,0,0
195,0,0,10,14.7814,9442.51
196,0,0,10,14.7786,9422.93
205,0,0,10,14.7644,9336.85
215,0,0,10,14.74,9181.87
225,0,0,10,14.7151,8978.04
715,0,0,10,14.6801,8787.49
714,0,0,10,14.6764,8763.65
726,0,0,10,14.6762,8761.79
529,0,0,10,14.6622,8662.18
605,0,0,10,14.6468,8564.93
603,0,0,10,14.641,8533.95
603,1,0,0,11.1584,1012.31,0.109,475.425,0.32,1
604,1,0,0,11.1541,989.164
596,1,0,0,11.154,988.193
595,1,0,0,11.1485,957.784
605,1,0,0,11.1474,949.793
529,1,0,0,11.1302,849.768
726,1,0,0,11.1143,748.573
714,1,0,0,11.1141,746.688
715,1,0,0,11.1107,723.201
225,1,0,0,11.0932,562.11
215,1,0,0,11.0675,358.782
205,1,0,0,11.0436,204.484
196,1,0,0,11.0305,119.897
195,1,0,0,11.0279,100.335
64,1,0,0,11.01,0
1108,1,0,1,11.4595,2486.85,0.0935,407.819,0.09,2
1109,1,0,1,11.4552,2464.18
1113,1,0,1,11.4483,2430.03
1847,1,0,1,11.4349,2362.5
1086,1,0,1,11.4313,2342.47
1087,1,0,1,11.4167,2269.28
1090,1,0,1,11.408,2224.12
1076,1,0,1,11.3819,2097.14
1074,1,0,1,11.3778,2076.03
1077,1,0,1,11.3682,2025.21
1080,1,0,1,11.3547,1958
1079,1,0,1,11.3481,1923.55
1061,1,0,1,11.3438,1902.26
1063,1,0,1,11.3403,1884.1
1062,1,0,1,11.3392,1877.02
2159,1,0,1,11.339,1875.9
1045,1,0,1,11.3383,1872.75
1012,1,0,1,11.3311,1831.77
1014,1,0,1,11.3305,1828.9
989,1,0,1,11.3195,1770.6
990,1,0,1,11.3094,1720.33
991,1,0,1,11.3068,1707.98
706,1,0,1,11.2998,1668.52
704,1,0,1,11.2972,1655.75
2179,1,0,1,11.297,1654.88
662,1,0,1,11.2908,1625.24
602,1,0,1,11.2794,1556.96
604,1,0,1,11.2769,1540.16
596,1,0,1,11.2767,1539.19
595,1,0,1,11.2713,1508.78
603,1,0,1,11.2674,1487.73
1304,1,0,2,11.6826,3577.29,0.0428333,186.826,0.12,3
952,1,0,2,11.6582,3444.3
953,1,0,2,11.6474,3389.53
2023,1,0,2,11.6466,3385.43
2108,1,0,2,11.6301,3300.22
1794,1,0,2,11.6231,3264.46
2106,1,0,2,11.6078,3185.09
2039,1,0,2,11.5902,3091.56
1106,1,0,2,11.5806,3039.61
2035,1,0,2,11.5663,2965.56
1108,1,0,2,11.553,2894.67
895,1,0,3,11.8842,4576.55,0.103333,450.709,0.01,4
907,1,0,3,11.8686,4499.65
908,1,0,3,11.8593,4453.6
2014,1,0,3,11.8587,4450.92
2017,1,0,3,11.8576,4445.23
2170,1,0,3,11.8546,4430.37
1738,1,0,3,11.8401,4355.29
1737,1,0,3,11.8347,4327.23
936,1,0,3,11.8196,4248.61
933,1,0,3,11.819,4245.67
934,1,0,3,11.8135,4208.03
943,1,0,3,11.7969,4127.49
2020,1,0,3,11.7961,4123.55
1787,1,0,3,11.7787,4035.69
1788,1,0,3,11.778,4031.98
1789,1,0,3,11.7679,3980.67
952,1,0,3,11.7599,3940.16
1304,1,0,3,11.7254,3764.11
64,1,0,4,12.3242,7034.23,0,0,0
195,1,0,4,12.3021,6916
196,1,0,4,12.2992,6896.27
205,1,0,4,12.2853,6810.71
215,1,0,4,12.2597,6654.27
225,1,0,4,12.2344,6450.75
715,1,0,4,12.2063,6285.72
714,1,0,4,12.2024,6261.72
726,1,0,4,12.2022,6259.84
529,1,0,4,12.1885,6160.34
605,1,0,4,12.1737,6063.73
603,1,0,4,12.1686,6035.75
604,1,0,4,12.1643,6012.61
596,1,0,4,12.1642,6011.64
580,1,0,4,12.1558,5953.37
574,1,0,4,12.1385,5860.12
573,1,0,4,12.1284,5804.22
564,1,0,4,12.1208,5763.07
557,1,0,4,12.1147,5729.08
561,1,0,4,12.108,5682.56
628,1,0,4,12.1035,5656.91
609,1,0,4,12.0907,5580.26
423,1,0,4,12.0848,5523.94
419,1,0,4,12.0802,5489.49
420,1,0,4,12.0742,5453.55
431,1,0,4,12.0544,5356.51
434,1,0,4,12.0479,5325.9
873,1,0,4,12.0436,5302.89
874,1,0,4,12.0305,5239.64
870,1,0,4,12.0246,5209.76
894,1,0,4,11.9976,5077.24
895,1,0,4,11.9875,5027.26
220,1,1,0,11.6272,472.978,0.0955,416.542,0.04,1
2130,1,1,0,11.6124,392.48
215,1,1,0,11.6075,358.782
205,1,1,0,11.5836,204.484
196,1,1,0,11.5705,119.897
195,1,1,0,11.5679,100.335
64,1,1,0,11.55,0
455,1,1,1,11.8121,1421.69,0.0408333,178.103,0.03,2
454,1,1,1,11.8093,1406.07
457,1,1,1,11.8025,1352.11
456,1,1,1,11.7974,1322.67
458,1,1,1,11.7879,1261.52
459,1,1,1,11.782,1216.42
450,1,1,1,11.7668,1132.53
229,1,1,1,11.7573,1079.68
222,1,1,1,11.733,945.57
220,1,1,1,11.7227,889.52
710,1,1,2,11.9156,1988,0.0443333,193.369,0.36,3
1543,1,1,2,11.8942,1867.73
459,1,1,2,11.8839,1804.33
458,1,1,2,11.8774,1759.07
456,1,1,2,11.8683,1698.29
457,1,1,2,11.8629,1668.07
454,1,1,2,11.8553,1614.11
455,1,1,2,11.8529,1599.79
64,1,1,3,12.0605,2864.25,0,0,0
195,1,1,3,12.0393,2749.57
196,1,1,3,12.0365,2729.96
205,1,1,3,12.024,2646.06
215,1,1,3,12.0041,2493.96
225,1,1,3,11.9789,2290.4
1680,1,1,3,11.9759,2271.38
710,1,1,3,11.96,2181.37
1302,1,2,0,13.7142,2766.91,0.035,152.659,0.22,1
949,1,2,0,13.6912,2642.85
2025,1,2,0,13.6877,2625.39
1598,1,2,0,13.6844,2606.63
948,1,2,0,13.6795,2579.61
928,1,2,0,13.6691,2522.31
929,1,2,0,13.6489,2416.19
2019,1,2,0,13.6485,2414.21
2157,1,2,0,13.6224,2290.85
905,1,2,0,13.5855,2102.44
889,1,2,0,13.5762,2054.31
890,1,2,0,13.5696,2018.4
2013,1,2,0,13.5501,1915.19
1988,1,2,0,13.5325,1821.32
417,1,2,0,13.512,1716.71
418,1,2,0,13.508,1695.77
419,1,2,0,13.4925,1609.96
423,1,2,0,13.4863,1573.67
609,1,2,0,13.4804,1517.35
628,1,2,0,13.4706,1443.34
561,1,2,0,13.4667,1418.58
557,1,2,0,13.4593,1371.34
554,1,2,0,13.4571,1360.2
565,1,2,0,13.447,1306.55
573,1,2,0,13.4417,1279.96
574,1,2,0,13.4344,1230.49
580,1,2,0,13.4116,1113.57
596,1,2,0,13.4055,1053.72
595,1,2,0,13.4005,1025.37
605,1,2,0,13.3993,1017.31
529,1,2,0,13.3827,918.413
726,1,2,0,13.3666,816.876
714,1,2,0,13.3664,814.998
715,1,2,0,13.3629,791.373
225,1,2,0,13.3451,630.742
215,1,2,0,13.3179,427.668
205,1,2,0,13.2869,255.297
196,1,2,0,13.2718,168.03
195,1,2,0,13.2692,148.465
64,1,2,0,13.24,0
978,1,2,1,14.0331,4355.78,0.0373333,162.837,0.05,2
1010,1,2,1,14.0182,4278.67
1011,1,2,1,14.0041,4206.68
1009,1,2,1,13.9974,4172.76
1038,1,2,1,13.9894,4132.87
1039,1,2,1,13.9888,4130.2
1037,1,2,1,13.976,4069.25
1034,1,2,1,13.9662,4019.03
2032,1,2,1,13.9508,3941.44
1050,1,2,1,13.9218,3796.99
1804,1,2,1,13.9087,3730.98
2015,1,2,1,13.8975,3674.76
2014,1,2,1,13.8893,3633.76
2017,1,2,1,13.8882,3628.07
2170,1,2,1,13.8853,3613.42
917,1,2,1,13.8791,3582.43
2016,1,2,1,13.8783,3578.62
915,1,2,1,13.8573,3473.67
1555,1,2,1,13.8499,3436.9
2157,1,2,1,13.839,3383.15
2019,1,2,1,13.8121,3256.89
929,1,2,1,13.8117,3254.9
938,1,2,1,13.7998,3189.05
950,1,2,1,13.7863,3118.49
951,1,2,1,13.7793,3082.77
949,1,2,1,13.7683,3026.3
1302,1,2,1,13.7492,2919.57
636,1,2,2,14.1501,4909.04,0.0391667,170.833,0.15,3
631,1,2,2,14.1434,4876.25
630,1,2,2,14.1376,4847.73
637,1,2,2,14.1271,4795.65
1996,1,2,2,14.1146,4732.36
1997,1,2,2,14.1107,4712.46
2027,1,2,2,14.0835,4582.24
2026,1,2,2,14.0777,4553.76
978,1,2,2,14.0704,4518.61
64,1,2,3,14.4355,6540.42,0,0,0
195,1,2,3,14.4139,6424.16
196,1,2,3,14.4112,6404.58
205,1,2,3,14.3969,6318.5
215,1,2,3,14.3725,6163.52
225,1,2,3,14.3476,5959.69
715,1,2,3,14.3127,5769.15
714,1,2,3,14.309,5745.31
726,1,2,3,14.3088,5743.45
529,1,2,3,14.2947,5643.84
605,1,2,3,14.2794,5546.58
603,1,2,3,14.2736,5515.6
604,1,2,3,14.2688,5490.19
596,1,2,3,14.2686,5489.22
580,1,2,3,14.2543,5413.01
583,1,2,3,14.2481,5383.2
587,1,2,3,14.2459,5368.77
578,1,2,3,14.2428,5351.95
575,1,2,3,14.2373,5320.85
571,1,2,3,14.2344,5304.73
570,1,2,3,14.2296,5281.45
1994,1,2,3,14.2168,5217.1
562,1,2,3,14.2035,5152.04
639,1,2,3,14.2,5134.6
638,1,2,3,14.1933,5100.57
636,1,2,3,14.1893,5079.87
220,2,0,0,11.2672,472.978,0.0955,416.542,0.04,1
2130,2,0,0,11.2524,392.48
215,2,0,0,11.2475,358.782
205,2,0,0,11.2236,204.484
196,2,0,0,11.2105,119.897
195,2,0,0,11.2079,100.335
64,2,0,0,11.19,0
455,2,0,1,11.4521,1421.69,0.0408333,178.103,0.03,2
454,2,0,1,11.4493,1406.07
457,2,0,1,11.4425,1352.11
456,2,0,1,11.4374,1322.67
458,2,0,1,11.4279,1261.52
459,2,0,1,11.422,1216.42
450,2,0,1,11.4068,1132.53
229,2,0,1,11.3973,1079.68
222,2,0,1,11.373,945.57
220,2,0,1,11.3627,889.52
1108,2,0,2,11.7602,3076.6,0.0935,407.819,0.09,3
1109,2,0,2,11.755,3050.4
1113,2,0,2,11.7489,3019.35
1847,2,0,2,11.736,2954.15
1086,2,0,2,11.7324,2934.12
1087,2,0,2,11.7178,2860.93
1090,2,0,2,11.7091,2815.77
1076,2,0,2,11.683,2688.79
1074,2,0,2,11.6788,2667.67
1077,2,0,2,11.6692,2616.85
1080,2,0,2,11.6558,2549.65
1079,2,0,2,11.6492,2515.2
1061,2,0,2,11.6449,2493.91
1063,2,0,2,11.6414,2475.75
1062,2,0,2,11.6403,2468.67
2159,2,0,2,11.6401,2467.55
1045,2,0,2,11.6394,2464.4
1012,2,0,2,11.6322,2423.42
1014,2,0,2,11.6316,2420.55
989,2,0,2,11.6205,2362.25
990,2,0,2,11.6105,2311.98
991,2,0,2,11.6079,2299.63
706,2,0,2,11.6009,2260.17
704,2,0,2,11.5983,2247.4
2179,2,0,2,11.5981,2246.53
662,2,0,2,11.5919,2216.89
602,2,0,2,11.5805,2148.61
599,2,0,2,11.5764,2125.35
605,2,0,2,11.5723,2101.36
529,2,0,2,11.5551,2001.34
726,2,0,2,11.5392,1900.14
714,2,0,2,11.539,1898.26
1543,2,0,2,11.5342,1867.73
459,2,0,2,11.5239,1804.33
458,2,0,2,11.5174,1759.07
456,2,0,2,11.5083,1698.29
457,2,0,2,11.5029,1668.07
454,2,0,2,11.4953,1614.11
455,2,0,2,11.4929,1599.79
1304,2,0,3,11.9832,4167.04,0.0428333,186.826,0.12,4
952,2,0,3,11.9588,4034.05
953,2,0,3,11.9481,3979.28
2023,2,0,3,11.9472,3975.18
2108,2,0,3,11.9308,3889.97
1794,2,0,3,11.9237,3854.21
2106,2,0,3,11.9084,3774.84
2039,2,0,3,11.8908,3681.31
1106,2,0,3,11.8812,3629.36
2035,2,0,3,11.8669,3555.31
1108,2,0,3,11.8537,3484.42
1302,2,0,4,12.0719,4587.87,0.106833,465.975,0.24,5
1303,2,0,4,12.0516,4484.33
1305,2,0,4,12.0381,4415.42
1304,2,0,4,12.026,4353.86
895,2,0,5,12.3446,5902.58,0.0435,189.734,0.02,6
896,2,0,5,12.3409,5884.34
892,2,0,5,12.3374,5866.55
906,2,0,5,12.3191,5773.75
1555,2,0,5,12.2936,5631.01
2157,2,0,5,12.281,5570.37
2019,2,0,5,12.252,5435.19
929,2,0,5,12.2516,5433.21
938,2,0,5,12.2395,5367.08
950,2,0,5,12.2235,5286.05
951,2,0,5,12.2171,5252.8
949,2,0,5,12.2055,5193.51
1302,2,0,5,12.1788,5053.84
636,2,0,6,12.5432,6960.83,0.091,396.915,0.15,7
633,2,0,6,12.5365,6927.22
563,2,0,6,12.5312,6902.22
564,2,0,6,12.5258,6873.01
557,2,0,6,12.5209,6841.95
561,2,0,6,12.5144,6795.51
628,2,0,6,12.5103,6770.37
609,2,0,6,12.4985,6695.07
423,2,0,6,12.4926,6638.75
419,2,0,6,12.4859,6601.18
420,2,0,6,12.4798,6565.14
421,2,0,6,12.4753,6537.65
417,2,0,6,12.4703,6510.94
1989,2,0,6,12.4518,6416.73
2011,2,0,6,12.4325,6317.02
891,2,0,6,12.4106,6202.56
893,2,0,6,12.4045,6171.69
894,2,0,6,12.3993,6146.94
895,2,0,6,12.3881,6092.31
64,2,0,7,12.8812,8802.07,0,0,0
195,2,0,7,12.8545,8663.86
196,2,0,7,12.8513,8643.92
205,2,0,7,12.836,8556.17
215,2,0,7,12.8104,8399.61
225,2,0,7,12.7834,8196.54
715,2,0,7,12.7533,8026.98
714,2,0,7,12.7493,8002.82
726,2,0,7,12.7492,8000.97
529,2,0,7,12.735,7901.31
605,2,0,7,12.7202,7804.65
603,2,0,7,12.7139,7771.57
604,2,0,7,12.7099,7749.71
596,2,0,7,12.7098,7748.74
580,2,0,7,12.6982,7684.21
583,2,0,7,12.692,7654.4
587,2,0,7,12.69,7640.13
578,2,0,7,12.6871,7624.07
579,2,0,7,12.6797,7585.27
570,2,0,7,12.6727,7552.11
1994,2,0,7,12.6598,7487.03
562,2,0,7,12.6469,7423.66
639,2,0,7,12.6434,7406.22
638,2,0,7,12.638,7377.97
636,2,0,7,12.6342,7357.74
603,2,1,0,11.4884,1012.31,0.109,475.425,0.32,1
604,2,1,0,11.4841,989.164
596,2,1,0,11.484,988.193
595,2,1,0,11.4785,957.784
605,2,1,0,11.4774,949.793
529,2,1,0,11.4602,849.768
726,2,1,0,11.4443,748.573
714,2,1,0,11.4441,746.688
715,2,1,0,11.4407,723.201
225,2,1,0,11.4232,562.11
215,2,1,0,11.3975,358.782
205,2,1,0,11.3736,204.484
196,2,1,0,11.3605,119.897
195,2,1,0,11.3579,100.335
64,2,1,0,11.34,0
710,2,1,1,11.6614,1902.23,0.0443333,193.369,0.36,2
1543,2,1,1,11.64,1781.96
715,2,1,1,11.6351,1737.7
714,2,1,1,11.6313,1713.7
726,2,1,1,11.6311,1711.81
529,2,1,1,11.6173,1612.32
605,2,1,1,11.6025,1515.71
603,2,1,1,11.5974,1487.73
64,2,1,2,11.8063,2778.48,0,0,0
195,2,1,2,11.7851,2663.8
196,2,1,2,11.7823,2644.19
205,2,1,2,11.7698,2560.28
215,2,1,2,11.7499,2408.19
225,2,1,2,11.7247,2204.62
1680,2,1,2,11.7217,2185.61
710,2,1,2,11.7058,2095.6
978,2,2,0,14.6546,1541.01,0.0373333,162.837,0.05,1
1010,2,2,0,14.6401,1465.78
1016,2,2,0,14.6204,1374.31
1548,2,2,0,14.6134,1338.05
1012,2,2,0,14.6084,1312.65
2028,2,2,0,14.6003,1267.19
989,2,2,0,14.5969,1251.45
990,2,2,0,14.5869,1201.19
991,2,2,0,14.5843,1188.84
706,2,2,0,14.5773,1149.38
704,2,2,0,14.5746,1136.6
2179,2,2,0,14.5744,1135.74
662,2,2,0,14.5682,1106.09
602,2,2,0,14.557,1038.03
599,2,2,0,14.553,1015.4
605,2,2,0,14.5493,991.921
529,2,2,0,14.5322,892.037
726,2,2,0,14.5176,792.08
714,2,2,0,14.5174,790.213
715,2,2,0,14.5138,766.53
225,2,2,0,14.4963,605.342
215,2,2,0,14.4704,402.069
205,2,2,0,14.4437,243.798
196,2,2,0,14.4295,157.808
195,2,2,0,14.4268,138.229
64,2,2,0,14.4,0
64,2,2,1,14.9543,3241.41,0,0,0
195,2,2,1,14.933,3126.4
196,2,2,1,14.9303,3106.82
205,2,2,1,14.9161,3020.74
215,2,2,1,14.8916,2865.76
225,2,2,1,14.8668,2661.93
715,2,2,1,14.8318,2471.38
714,2,2,1,14.8281,2447.54
726,2,2,1,14.8279,2445.68
529,2,2,1,14.8138,2346.07
605,2,2,1,14.7985,2248.82
603,2,2,1,14.7927,2217.84
2202,2,2,1,14.7894,2197.3
602,2,2,1,14.7856,2172.71
1851,2,2,1,14.7753,2102.67
1852,2,2,1,14.7675,2066.84
706,2,2,1,14.7546,2003.69
703,2,2,1,14.7484,1973.27
1542,2,2,1,14.7387,1926.61
698,2,2,1,14.7313,1892.09
700,2,2,1,14.7245,1859.46
690,2,2,1,14.7095,1788.46
979,2,2,1,14.7013,1750.44
980,2,2,1,14.6955,1722.03
978,2,2,1,14.6919,1703.84
220,3,0,0,11.7672,472.978,0.0955,416.542,0.04,1
2130,3,0,0,11.7524,392.48
215,3,0,0,11.7475,358.782
205,3,0,0,11.7236,204.484
196,3,0,0,11.7105,119.897
195,3,0,0,11.7079,100.335
64,3,0,0,11.69,0
710,3,0,1,11.9204,1198.14,0.0443333,193.369,0.36,2
223,3,0,1,11.9029,1104.91
224,3,0,1,11.8888,1031.05
222,3,0,1,11.873,945.57
220,3,0,1,11.8627,889.52
603,3,0,2,12.0336,1802.69,0.0631667,275.514,0.35,3
604,3,0,2,12.0293,1779.55
596,3,0,2,12.0292,1778.58
595,3,0,2,12.0237,1748.17
605,3,0,2,12.0226,1740.18
529,3,0,2,12.0053,1640.15
726,3,0,2,11.9895,1538.96
714,3,0,2,11.9893,1537.07
1543,3,0,2,11.9844,1506.55
710,3,0,2,11.9647,1391.51
1108,3,0,3,12.2852,3060.77,0.0588333,256.613,0.13,4
1109,3,0,3,12.2811,3039.24
1113,3,0,3,12.2738,3003.3
1847,3,0,3,12.2608,2937.45
1086,3,0,3,12.2571,2917.22
1087,3,0,3,12.2434,2847.43
1090,3,0,3,12.2342,2800.18
1076,3,0,3,12.2111,2685.99
1074,3,0,3,12.2072,2665.6
1077,3,0,3,12.1968,2611.54
1080,3,0,3,12.1836,2545.1
1079,3,0,3,12.1759,2506.41
1061,3,0,3,12.1717,2485.13
1063,3,0,3,12.1682,2467.32
1062,3,0,3,12.1672,2460.25
2159,3,0,3,12.167,2459.35
1045,3,0,3,12.1663,2456.2
1012,3,0,3,12.1591,2415.21
1014,3,0,3,12.1587,2413.01
989,3,0,3,12.1482,2357.15
990,3,0,3,12.1381,2306.89
704,3,0,3,12.1268,2249.15
2179,3,0,3,12.1266,2248.28
662,3,0,3,12.1204,2218.64
602,3,0,3,12.1095,2150.94
604,3,0,3,12.107,2134.26
596,3,0,3,12.1069,2133.29
595,3,0,3,12.1009,2100.55
603,3,0,3,12.0967,2078.21
1304,3,0,4,12.4769,4012.03,0.0815,355.478,0.17,5
2163,3,0,4,12.4559,3902.29
2051,3,0,4,12.4223,3724.2
2050,3,0,4,12.4111,3665.19
2106,3,0,4,12.4042,3630.46
2039,3,0,4,12.3865,3536.49
1106,3,0,4,12.3766,3483.54
2035,3,0,4,12.3641,3416.72
1108,3,0,4,12.344,3317.39
1302,3,0,5,12.6044,4601.51,0.106833,465.975,0.24,6
1303,3,0,5,12.584,4497.98
1305,3,0,5,12.5705,4429.06
1304,3,0,5,12.5584,4367.51
895,3,0,6,12.877,5916.22,0.0435,189.734,0.02,7
896,3,0,6,12.8733,5897.98
892,3,0,6,12.8698,5880.2
906,3,0,6,12.8516,5787.4
1555,3,0,6,12.8261,5644.65
2157,3,0,6,12.8135,5584.01
2019,3,0,6,12.7844,5448.84
929,3,0,6,12.784,5446.85
938,3,0,6,12.7719,5380.72
950,3,0,6,12.756,5299.7
951,3,0,6,12.7495,5266.44
949,3,0,6,12.7379,5207.16
1302,3,0,6,12.7112,5067.49
978,3,0,7,13.0885,6954.91,0.0648333,282.783,0.06,8
1010,3,0,7,13.0728,6874.76
1011,3,0,7,13.0594,6805.35
1009,3,0,7,13.0542,6777.73
1041,3,0,7,13.0541,6777.04
1039,3,0,7,13.0463,6736.56
1037,3,0,7,13.0367,6689.08
1034,3,0,7,13.028,6643.39
2032,3,0,7,13.0126,6565.8
1050,3,0,7,12.9813,6411.7
1049,3,0,7,12.9813,6411.61
1025,3,0,7,12.9725,6367.95
1029,3,0,7,12.9592,6301.12
1027,3,0,7,12.9474,6242.16
898,3,0,7,12.9391,6198.63
895,3,0,7,12.9205,6105.96
636,3,0,8,13.2306,7619.12,0.0665,290.053,0.15,9
633,3,0,8,13.2249,7589.59
639,3,0,8,13.2214,7571.45
1993,3,0,8,13.2099,7513.16
1995,3,0,8,13.203,7478.8
1996,3,0,8,13.1969,7448.85
1997,3,0,8,13.193,7428.95
2027,3,0,8,13.1681,7308.18
2026,3,0,8,13.1623,7279.69
978,3,0,8,13.1533,7237.69
455,3,0,9,13.4597,8778.28,0.0423333,184.645,0.11,10
453,3,0,9,13.4511,8712.82
452,3,0,9,13.4388,8625.5
1678,3,0,9,13.4231,8541.11
474,3,0,9,13.4031,8441.6
2140,3,0,9,13.3949,8403.76
475,3,0,9,13.3882,8372.49
499,3,0,9,13.3805,8332.9
500,3,0,9,13.3759,8309.5
518,3,0,9,13.3703,8281.31
1754,3,0,9,13.3571,8219.45
540,3,0,9,13.3486,8175.55
541,3,0,9,13.3378,8120.4
572,3,0,9,13.3291,8074.65
1994,3,0,9,13.3194,8024.37
562,3,0,9,13.3099,7975.32
639,3,0,9,13.3064,7957.88
638,3,0,9,13.3012,7930.09
636,3,0,9,13.2971,7909.17
64,3,0,10,13.6805,9954.86,0,0,0
63,3,0,10,13.675,9924.51
199,3,0,10,13.6366,9728.31
202,3,0,10,13.6151,9612.27
208,3,0,10,13.6033,9540.49
170,3,0,10,13.5797,9416.25
176,3,0,10,13.5796,9415.93
183,3,0,10,13.5623,9319.66
192,3,0,10,13.5577,9288.55
458,3,0,10,13.527,9125.31
456,3,0,10,13.5184,9064.91
457,3,0,10,13.5124,9031.86
454,3,0,10,13.5047,8977.88
455,3,0,10,13.5021,8962.92
220,4,0,0,11.6872,472.978,0.0955,416.542,0.04,1
2130,4,0,0,11.6724,392.48
215,4,0,0,11.6675,358.782
205,4,0,0,11.6436,204.484
196,4,0,0,11.6305,119.897
195,4,0,0,11.6279,100.335
64,4,0,0,11.61,0
710,4,0,1,11.8404,1198.14,0.0443333,193.369,0.36,2
223,4,0,1,11.8229,1104.91
224,4,0,1,11.8088,1031.05
222,4,0,1,11.793,945.57
220,4,0,1,11.7827,889.52
455,4,0,2,11.9438,1774.06,0.0408333,178.103,0.03,3
454,4,0,2,11.941,1758.44
457,4,0,2,11.9343,1704.48
456,4,0,2,11.9291,1675.03
458,4,0,2,11.9196,1613.89
459,4,0,2,11.9137,1568.78
1543,4,0,2,11.9044,1506.55
710,4,0,2,11.8847,1391.51
603,4,0,3,12.075,2516.24,0.0631667,275.514,0.35,4
604,4,0,3,12.0708,2493.1
596,4,0,3,12.0706,2492.13
595,4,0,3,12.0652,2461.72
605,4,0,3,12.064,2453.73
529,4,0,3,12.0468,2353.71
726,4,0,3,12.0309,2252.51
714,4,0,3,12.0307,2250.62
1543,4,0,3,12.0259,2220.1
459,4,0,3,12.0156,2156.7
458,4,0,3,12.0091,2111.44
456,4,0,3,12,2050.65
457,4,0,3,11.9946,2020.43
454,4,0,3,11.987,1966.47
455,4,0,3,11.9846,1952.16
1108,4,0,4,12.3266,3774.32,0.0588333,256.613,0.13,5
1109,4,0,4,12.3226,3752.79
1113,4,0,4,12.3153,3716.85
1847,4,0,4,12.3023,3651
1086,4,0,4,12.2986,3630.77
1087,4,0,4,12.2849,3560.98
1090,4,0,4,12.2757,3513.73
1076,4,0,4,12.2526,3399.54
1074,4,0,4,12.2486,3379.15
1077,4,0,4,12.2383,3325.1
1080,4,0,4,12.225,3258.65
1079,4,0,4,12.2174,3219.96
1061,4,0,4,12.2131,3198.68
1063,4,0,4,12.2097,3180.87
1062,4,0,4,12.2086,3173.8
2159,4,0,4,12.2085,3172.9
1045,4,0,4,12.2078,3169.75
1012,4,0,4,12.2005,3128.76
1014,4,0,4,12.2001,3126.56
989,4,0,4,12.1896,3070.7
990,4,0,4,12.1796,3020.44
704,4,0,4,12.1683,2962.7
2179,4,0,4,12.1681,2961.83
662,4,0,4,12.1619,2932.19
602,4,0,4,12.1509,2864.49
604,4,0,4,12.1485,2847.81
596,4,0,4,12.1484,2846.84
595,4,0,4,12.1424,2814.1
603,4,0,4,12.1382,2791.76
1304,4,0,5,12.5184,4725.58,0.0815,355.478,0.17,6
2163,4,0,5,12.4974,4615.84
2051,4,0,5,12.4638,4437.75
2050,4,0,5,12.4526,4378.74
2106,4,0,5,12.4457,4344.01
2039,4,0,5,12.428,4250.04
1106,4,0,5,12.4181,4197.09
2035,4,0,5,12.4055,4130.27
1108,4,0,5,12.3855,4030.94
1302,4,0,6,12.6458,5315.06,0.106833,465.975,0.24,7
1303,4,0,6,12.6255,5211.53
1305,4,0,6,12.612,5142.62
1304,4,0,6,12.5999,5081.06
895,4,0,7,12.9185,6629.77,0.0435,189.734,0.02,8
896,4,0,7,12.9148,6611.53
892,4,0,7,12.9113,6593.75
906,4,0,7,12.893,6500.95
1555,4,0,7,12.8675,6358.2
2157,4,0,7,12.8549,6297.56
2019,4,0,7,12.8258,6162.39
929,4,0,7,12.8254,6160.4
938,4,0,7,12.8134,6094.27
950,4,0,7,12.7974,6013.25
951,4,0,7,12.791,5979.99
949,4,0,7,12.7793,5920.71
1302,4,0,7,12.7527,5781.04
978,4,0,8,13.1299,7668.46,0.0648333,282.783,0.06,9
1010,4,0,8,13.1143,7588.31
1011,4,0,8,13.1008,7518.91
1009,4,0,8,13.0957,7491.28
1041,4,0,8,13.0955,7490.59
1039,4,0,8,13.0877,7450.11
1037,4,0,8,13.0781,7402.63
1034,4,0,8,13.0695,7356.94
2032,4,0,8,13.054,7279.35
1050,4,0,8,13.0228,7125.25
1049,4,0,8,13.0228,7125.16
1025,4,0,8,13.0139,7081.5
1029,4,0,8,13.0007,7014.67
1027,4,0,8,12.9889,6955.71
898,4,0,8,12.9806,6912.18
895,4,0,8,12.962,6819.51
636,4,0,9,13.2721,8332.67,0.0665,290.053,0.15,10
633,4,0,9,13.2664,8303.14
639,4,0,9,13.2629,8285
1993,4,0,9,13.2513,8226.71
1995,4,0,9,13.2445,8192.35
1996,4,0,9,13.2383,8162.4
1997,4,0,9,13.2345,8142.5
2027,4,0,9,13.2096,8021.73
2026,4,0,9,13.2038,7993.25
978,4,0,9,13.1948,7951.24
64,4,0,10,13.586,10076.7,0,0,0
195,4,0,10,13.5617,9949.05
196,4,0,10,13.5589,9929.46
205,4,0,10,13.544,9842.34
215,4,0,10,13.5125,9668.03
225,4,0,10,13.4865,9464.79
715,4,0,10,13.4585,9299.91
714,4,0,10,13.4547,9276
726,4,0,10,13.4545,9274.15
529,4,0,10,13.4406,9174.62
605,4,0,10,13.426,9078.13
603,4,0,10,13.4174,9035.49
604,4,0,10,13.4124,9009.09
596,4,0,10,13.4122,9008.12
580,4,0,10,13.4007,8943.8
583,4,0,10,13.3945,8913.98
587,4,0,10,13.3923,8899.6
578,4,0,10,13.3894,8883.5
575,4,0,10,13.3836,8851.06
571,4,0,10,13.381,8835.95
570,4,0,10,13.3771,8816.9
1994,4,0,10,13.3609,8737.92
562,4,0,10,13.3513,8688.87
639,4,0,10,13.3479,8671.43
638,4,0,10,13.3426,8643.64
636,4,0,10,13.3386,8622.72
710,5,0,0,11.953,739.387,0.0443333,193.369,0.36,1
223,5,0,0,11.9355,646.157
1680,5,0,0,11.926,581.03
225,5,0,0,11.9232,562.11
215,5,0,0,11.8975,358.782
205,5,0,0,11.8736,204.484
196,5,0,0,11.8605,119.897
195,5,0,0,11.8579,100.335
64,5,0,0,11.84,0
603,5,0,1,12.0662,1343.94,0.0631667,275.514,0.35,2
604,5,0,1,12.0619,1320.8
596,5,0,1,12.0618,1319.83
595,5,0,1,12.0563,1289.42
605,5,0,1,12.0552,1281.43
529,5,0,1,12.0379,1181.4
726,5,0,1,12.022,1080.21
714,5,0,1,12.0219,1078.32
1543,5,0,1,12.017,1047.8
710,5,0,1,11.9973,932.755
1108,5,0,2,12.3178,2602.02,0.0588333,256.613,0.13,3
1109,5,0,2,12.3137,2580.49
1113,5,0,2,12.3064,2544.55
1847,5,0,2,12.2934,2478.7
1086,5,0,2,12.2897,2458.47
1087,5,0,2,12.276,2388.68
1090,5,0,2,12.2668,2341.42
1076,5,0,2,12.2437,2227.24
1074,5,0,2,12.2398,2206.85
1077,5,0,2,12.2294,2152.79
1080,5,0,2,12.2162,2086.35
1079,5,0,2,12.2085,2047.66
1061,5,0,2,12.2043,2026.38
1063,5,0,2,12.2008,2008.57
1062,5,0,2,12.1998,2001.5
2159,5,0,2,12.1996,2000.59
1045,5,0,2,12.1989,1997.44
1012,5,0,2,12.1917,1956.46
1014,5,0,2,12.1913,1954.26
989,5,0,2,12.1808,1898.4
990,5,0,2,12.1707,1848.13
704,5,0,2,12.1594,1790.4
2179,5,0,2,12.1592,1789.53
662,5,0,2,12.153,1759.89
602,5,0,2,12.1421,1692.19
604,5,0,2,12.1396,1675.51
596,5,0,2,12.1395,1674.54
595,5,0,2,12.1335,1641.8
603,5,0,2,12.1293,1619.46
1304,5,0,3,12.5095,3553.28,0.0815,355.478,0.17,4
2163,5,0,3,12.4885,3443.54
2051,5,0,3,12.4549,3265.45
2050,5,0,3,12.4437,3206.44
2106,5,0,3,12.4368,3171.71
2039,5,0,3,12.4191,3077.74
1106,5,0,3,12.4092,3024.79
2035,5,0,3,12.3967,2957.97
1108,5,0,3,12.3766,2858.64
1302,5,0,4,12.637,4142.76,0.106833,465.975,0.24,5
1303,5,0,4,12.6166,4039.23
1305,5,0,4,12.6031,3970.31
1304,5,0,4,12.591,3908.76
895,5,0,5,12.9096,5457.47,0.0435,189.734,0.02,6
896,5,0,5,12.9059,5439.23
892,5,0,5,12.9024,5421.45
906,5,0,5,12.8841,5328.65
1555,5,0,5,12.8587,5185.9
2157,5,0,5,12.846,5125.26
2019,5,0,5,12.817,4990.09
929,5,0,5,12.8166,4988.1
938,5,0,5,12.8045,4921.97
950,5,0,5,12.7886,4840.95
951,5,0,5,12.7821,4807.69
949,5,0,5,12.7705,4748.41
1302,5,0,5,12.7438,4608.74
978,5,0,6,13.1211,6496.16,0.0648333,282.783,0.06,7
1010,5,0,6,13.1054,6416.01
1011,5,0,6,13.092,6346.6
1009,5,0,6,13.0868,6318.98
1041,5,0,6,13.0866,6318.29
1039,5,0,6,13.0789,6277.81
1037,5,0,6,13.0693,6230.33
1034,5,0,6,13.0606,6184.64
2032,5,0,6,13.0452,6107.05
1050,5,0,6,13.0139,5952.95
1049,5,0,6,13.0139,5952.86
1025,5,0,6,13.0051,5909.2
1029,5,0,6,12.9918,5842.37
1027,5,0,6,12.98,5783.41
898,5,0,6,12.9717,5739.88
895,5,0,6,12.9531,5647.21
636,5,0,7,13.2632,7160.37,0.0665,290.053,0.15,8
633,5,0,7,13.2575,7130.84
639,5,0,7,13.254,7112.7
1993,5,0,7,13.2425,7054.41
1995,5,0,7,13.2356,7020.05
1996,5,0,7,13.2295,6990.1
1997,5,0,7,13.2256,6970.2
2027,5,0,7,13.2007,6849.43
2026,5,0,7,13.1949,6820.94
978,5,0,7,13.1859,6778.94
455,5,0,8,13.4923,8319.53,0.0423333,184.645,0.11,9
453,5,0,8,13.4837,8254.07
452,5,0,8,13.4714,8166.75
1678,5,0,8,13.4557,8082.36
474,5,0,8,13.4357,7982.85
2140,5,0,8,13.4275,7945.01
475,5,0,8,13.4208,7913.74
499,5,0,8,13.4131,7874.15
500,5,0,8,13.4085,7850.75
518,5,0,8,13.4029,7822.56
1754,5,0,8,13.3897,7760.7
540,5,0,8,13.3812,7716.8
541,5,0,8,13.3704,7661.65
572,5,0,8,13.3617,7615.9
1994,5,0,8,13.352,7565.62
562,5,0,8,13.3425,7516.57
639,5,0,8,13.339,7499.13
638,5,0,8,13.3338,7471.34
636,5,0,8,13.3297,7450.42
220,5,0,9,13.6261,9042.6,0.072,314.042,0.12,10
222,5,0,9,13.6181,8994.87
229,5,0,9,13.5927,8856.22
450,5,0,9,13.5823,8799.33
459,5,0,9,13.5663,8711.97
458,5,0,9,13.5596,8666.56
456,5,0,9,13.551,8606.16
457,5,0,9,13.545,8573.11
454,5,0,9,13.5373,8519.13
455,5,0,9,13.5347,8504.17
64,5,0,10,13.7937,9893.44,0,0,0
195,5,0,10,13.7694,9765.78
196,5,0,10,13.7667,9746.18
205,5,0,10,13.7517,9659.06
215,5,0,10,13.7202,9484.75
2130,5,0,10,13.7161,9451.1
220,5,0,10,13.6981,9356.64
220,6,0,0,11.0872,472.978,0.0955,416.542,0.04,1
2130,6,0,0,11.0724,392.48
215,6,0,0,11.0675,358.782
205,6,0,0,11.0436,204.484
196,6,0,0,11.0305,119.897
195,6,0,0,11.0279,100.335
64,6,0,0,11.01,0
710,6,0,1,11.2404,1198.14,0.0443333,193.369,0.36,2
223,6,0,1,11.2229,1104.91
224,6,0,1,11.2088,1031.05
222,6,0,1,11.193,945.57
220,6,0,1,11.1827,889.52
455,6,0,2,11.3438,1774.06,0.0408333,178.103,0.03,3
454,6,0,2,11.341,1758.44
457,6,0,2,11.3343,1704.48
456,6,0,2,11.3291,1675.03
458,6,0,2,11.3196,1613.89
459,6,0,2,11.3137,1568.78
1543,6,0,2,11.3044,1506.55
710,6,0,2,11.2847,1391.51
603,6,0,3,11.475,2516.24,0.109,475.425,0.32,4
604,6,0,3,11.4708,2493.1
596,6,0,3,11.4706,2492.13
595,6,0,3,11.4652,2461.72
605,6,0,3,11.464,2453.73
529,6,0,3,11.4468,2353.71
726,6,0,3,11.4309,2252.51
714,6,0,3,11.4307,2250.62
1543,6,0,3,11.4259,2220.1
459,6,0,3,11.4156,2156.7
458,6,0,3,11.4091,2111.44
456,6,0,3,11.4,2050.65
457,6,0,3,11.3946,2020.43
454,6,0,3,11.387,1966.47
455,6,0,3,11.3846,1952.16
1108,6,0,4,11.7762,3990.79,0.0935,407.819,0.09,5
1109,6,0,4,11.7718,3968.11
1113,6,0,4,11.765,3933.96
1847,6,0,4,11.7515,3866.44
1086,6,0,4,11.7479,3846.41
1087,6,0,4,11.7334,3773.22
1090,6,0,4,11.7247,3728.06
1076,6,0,4,11.6985,3601.08
1074,6,0,4,11.6944,3579.96
1077,6,0,4,11.6848,3529.14
1080,6,0,4,11.6713,3461.94
1079,6,0,4,11.6647,3427.48
1061,6,0,4,11.6605,3406.2
1063,6,0,4,11.6569,3388.03
1062,6,0,4,11.6559,3380.95
2159,6,0,4,11.6556,3379.84
1045,6,0,4,11.6549,3376.69
1012,6,0,4,11.6477,3335.7
1014,6,0,4,11.6472,3332.84
989,6,0,4,11.6361,3274.53
990,6,0,4,11.6261,3224.27
991,6,0,4,11.6235,3211.92
706,6,0,4,11.6165,3172.46
704,6,0,4,11.6138,3159.68
2179,6,0,4,11.6136,3158.82
662,6,0,4,11.6074,3129.17
602,6,0,4,11.5961,3060.9
604,6,0,4,11.5935,3044.1
596,6,0,4,11.5934,3043.13
595,6,0,4,11.5879,3012.72
603,6,0,4,11.584,2991.67
1304,6,0,5,11.9992,5081.23,0.0428333,186.826,0.12,6
952,6,0,5,11.9748,4948.24
953,6,0,5,11.9641,4893.46
2023,6,0,5,11.9632,4889.36
2108,6,0,5,11.9468,4804.15
1794,6,0,5,11.9397,4768.39
2106,6,0,5,11.9245,4689.02
2039,6,0,5,11.9068,4595.49
1106,6,0,5,11.8972,4543.54
2035,6,0,5,11.883,4469.49
1108,6,0,5,11.8697,4398.6
895,6,0,6,12.1981,6068.38,0.0435,189.734,0.02,7
907,6,0,6,12.1824,5991.05
908,6,0,6,12.1733,5945.57
2014,6,0,6,12.1727,5942.89
2017,6,0,6,12.1716,5937.2
2170,6,0,6,12.1688,5923.01
1738,6,0,6,12.1514,5836.08
1737,6,0,6,12.1447,5802.3
936,6,0,6,12.1295,5723.39
933,6,0,6,12.1289,5720.45
934,6,0,6,12.1234,5682.8
935,6,0,6,12.1229,5680.19
2020,6,0,6,12.1118,5623.21
1787,6,0,6,12.0922,5526.06
1788,6,0,6,12.0914,5522.36
1789,6,0,6,12.08,5465.37
952,6,0,6,12.0711,5420.92
1304,6,0,6,12.042,5268.05
64,6,0,7,12.6024,8376.44,0,0,0
195,6,0,7,12.5733,8228.06
196,6,0,7,12.5705,8208.47
205,6,0,7,12.556,8122.02
215,6,0,7,12.5305,7965.64
225,6,0,7,12.5045,7762.43
715,6,0,7,12.473,7586.76
714,6,0,7,12.469,7562.6
726,6,0,7,12.4688,7560.75
529,6,0,7,12.4547,7461.1
605,6,0,7,12.4398,7364.43
603,6,0,7,12.4335,7331.35
604,6,0,7,12.4296,7309.49
596,6,0,7,12.4294,7308.52
580,6,0,7,12.4178,7244
574,6,0,7,12.3964,7132.88
573,6,0,7,12.3868,7079.08
564,6,0,7,12.3793,7038.82
557,6,0,7,12.3745,7007.75
561,6,0,7,12.368,6961.31
628,6,0,7,12.3638,6936.17
609,6,0,7,12.3521,6860.87
423,6,0,7,12.3462,6804.55
419,6,0,7,12.3394,6766.98
420,6,0,7,12.3334,6730.95
421,6,0,7,12.3288,6703.46
417,6,0,7,12.3238,6676.74
1989,6,0,7,12.3054,6582.53
2011,6,0,7,12.2861,6482.82
891,6,0,7,12.2641,6368.36
893,6,0,7,12.2581,6337.49
894,6,0,7,12.2528,6312.75
895,6,0,7,12.2416,6258.12
1302,6,1,0,13.8042,2766.91,0.035,152.659,0.22,1
949,6,1,0,13.7812,2642.85
2025,6,1,0,13.7777,2625.39
1598,6,1,0,13.7744,2606.63
948,6,1,0,13.7695,2579.61
928,6,1,0,13.7591,2522.31
929,6,1,0,13.7389,2416.19
2019,6,1,0,13.7385,2414.21
2157,6,1,0,13.7124,2290.85
905,6,1,0,13.6755,2102.44
889,6,1,0,13.6662,2054.31
890,6,1,0,13.6596,2018.4
2013,6,1,0,13.6401,1915.19
1988,6,1,0,13.6225,1821.32
417,6,1,0,13.602,1716.71
418,6,1,0,13.598,1695.77
419,6,1,0,13.5825,1609.96
423,6,1,0,13.5763,1573.67
609,6,1,0,13.5704,1517.35
628,6,1,0,13.5606,1443.34
561,6,1,0,13.5567,1418.58
557,6,1,0,13.5493,1371.34
554,6,1,0,13.5471,1360.2
565,6,1,0,13.537,1306.55
573,6,1,0,13.5317,1279.96
574,6,1,0,13.5244,1230.49
580,6,1,0,13.5016,1113.57
596,6,1,0,13.4955,1053.72
595,6,1,0,13.4905,1025.37
605,6,1,0,13.4893,1017.31
529,6,1,0,13.4727,918.413
726,6,1,0,13.4566,816.876
714,6,1,0,13.4564,814.998
715,6,1,0,13.4529,791.373
225,6,1,0,13.4351,630.742
215,6,1,0,13.4079,427.668
205,6,1,0,13.3769,255.297
196,6,1,0,13.3618,168.03
195,6,1,0,13.3592,148.465
64,6,1,0,13.33,0
978,6,1,1,14.1231,4355.78,0.0373333,162.837,0.05,2
1010,6,1,1,14.1082,4278.67
1011,6,1,1,14.0941,4206.68
1009,6,1,1,14.0874,4172.76
1038,6,1,1,14.0794,4132.87
1039,6,1,1,14.0788,4130.2
1037,6,1,1,14.066,4069.25
1034,6,1,1,14.0562,4019.03
2032,6,1,1,14.0408,3941.44
1050,6,1,1,14.0118,3796.99
1804,6,1,1,13.9987,3730.98
2015,6,1,1,13.9875,3674.76
2014,6,1,1,13.9793,3633.76
2017,6,1,1,13.9782,3628.07
2170,6,1,1,13.9753,3613.42
917,6,1,1,13.9691,3582.43
2016,6,1,1,13.9683,3578.62
915,6,1,1,13.9473,3473.67
1555,6,1,1,13.9399,3436.9
2157,6,1,1,13.929,3383.15
2019,6,1,1,13.9021,3256.89
929,6,1,1,13.9017,3254.9
938,6,1,1,13.8898,3189.05
950,6,1,1,13.8763,3118.49
951,6,1,1,13.8693,3082.77
949,6,1,1,13.8583,3026.3
1302,6,1,1,13.8392,2919.57
636,6,1,2,14.2401,4909.04,0.0391667,170.833,0.15,3
631,6,1,2,14.2334,4876.25
630,6,1,2,14.2276,4847.73
637,6,1,2,14.2171,4795.65
1996,6,1,2,14.2046,4732.36
1997,6,1,2,14.2007,4712.46
2027,6,1,2,14.1735,4582.24
2026,6,1,2,14.1677,4553.76
978,6,1,2,14.1604,4518.61
64,6,1,3,14.5255,6540.42,0,0,0
195,6,1,3,14.5039,6424.16
196,6,1,3,14.5012,6404.58
205,6,1,3,14.4869,6318.5
215,6,1,3,14.4625,6163.52
225,6,1,3,14.4376,5959.69
715,6,1,3,14.4027,5769.15
714,6,1,3,14.399,5745.31
726,6,1,3,14.3988,5743.45
529,6,1,3,14.3847,5643.84
605,6,1,3,14.3694,5546.58
603,6,1,3,14.3636,5515.6
604,6,1,3,14.3588,5490.19
596,6,1,3,14.3586,5489.22
580,6,1,3,14.3443,5413.01
583,6,1,3,14.3381,5383.2
587,6,1,3,14.3359,5368.77
578,6,1,3,14.3328,5351.95
575,6,1,3,14.3273,5320.85
571,6,1,3,14.3244,5304.73
570,6,1,3,14.3196,5281.45
1994,6,1,3,14.3068,5217.1
562,6,1,3,14.2935,5152.04
639,6,1,3,14.29,5134.6
638,6,1,3,14.2833,5100.57
636,6,1,3,14.2793,5079.87
220,7,0,0,11.0872,472.978,0.0955,416.542,0.04,1
2130,7,0,0,11.0724,392.48
215,7,0,0,11.0675,358.782
205,7,0,0,11.0436,204.484
196,7,0,0,11.0305,119.897
195,7,0,0,11.0279,100.335
64,7,0,0,11.01,0
710,7,0,1,11.2404,1198.14,0.0443333,193.369,0.36,2
223,7,0,1,11.2229,1104.91
224,7,0,1,11.2088,1031.05
222,7,0,1,11.193,945.57
220,7,0,1,11.1827,889.52
455,7,0,2,11.3438,1774.06,0.0408333,178.103,0.03,3
454,7,0,2,11.341,1758.44
457,7,0,2,11.3343,1704.48
456,7,0,2,11.3291,1675.03
458,7,0,2,11.3196,1613.89
459,7,0,2,11.3137,1568.78
1543,7,0,2,11.3044,1506.55
710,7,0,2,11.2847,1391.51
603,7,0,3,11.475,2516.24,0.109,475.425,0.32,4
604,7,0,3,11.4708,2493.1
596,7,0,3,11.4706,2492.13
595,7,0,3,11.4652,2461.72
605,7,0,3,11.464,2453.73
529,7,0,3,11.4468,2353.71
726,7,0,3,11.4309,2252.51
714,7,0,3,11.4307,2250.62
1543,7,0,3,11.4259,2220.1
459,7,0,3,11.4156,2156.7
458,7,0,3,11.4091,2111.44
456,7,0,3,11.4,2050.65
457,7,0,3,11.3946,2020.43
454,7,0,3,11.387,1966.47
455,7,0,3,11.3846,1952.16
1108,7,0,4,11.7762,3990.79,0.0935,407.819,0.09,5
1109,7,0,4,11.7718,3968.11
1113,7,0,4,11.765,3933.96
1847,7,0,4,11.7515,3866.44
1086,7,0,4,11.7479,3846.41
1087,7,0,4,11.7334,3773.22
1090,7,0,4,11.7247,3728.06
1076,7,0,4,11.6985,3601.08
1074,7,0,4,11.6944,3579.96
1077,7,0,4,11.6848,3529.14
1080,7,0,4,11.6713,3461.94
1079,7,0,4,11.6647,3427.48
1061,7,0,4,11.6605,3406.2
1063,7,0,4,11.6569,3388.03
1062,7,0,4,11.6559,3380.95
2159,7,0,4,11.6556,3379.84
1045,7,0,4,11.6549,3376.69
1012,7,0,4,11.6477,3335.7
1014,7,0,4,11.6472,3332.84
989,7,0,4,11.6361,3274.53
990,7,0,4,11.6261,3224.27
991,7,0,4,11.6235,3211.92
706,7,0,4,11.6165,3172.46
704,7,0,4,11.6138,3159.68
2179,7,0,4,11.6136,3158.82
662,7,0,4,11.6074,3129.17
602,7,0,4,11.5961,3060.9
604,7,0,4,11.5935,3044.1
596,7,0,4,11.5934,3043.13
595,7,0,4,11.5879,3012.72
603,7,0,4,11.584,2991.67
1304,7,0,5,11.9992,5081.23,0.0428333,186.826,0.12,6
952,7,0,5,11.9748,4948.24
953,7,0,5,11.9641,4893.46
2023,7,0,5,11.9632,4889.36
2108,7,0,5,11.9468,4804.15
1794,7,0,5,11.9397,4768.39
2106,7,0,5,11.9245,4689.02
2039,7,0,5,11.9068,4595.49
1106,7,0,5,11.8972,4543.54
2035,7,0,5,11.883,4469.49
1108,7,0,5,11.8697,4398.6
1302,7,0,6,12.088,5502.06,0.106833,465.975,0.24,7
1303,7,0,6,12.0676,5398.52
1305,7,0,6,12.0541,5329.61
1304,7,0,6,12.042,5268.05
895,7,0,7,12.3606,6816.77,0.0435,189.734,0.02,8
896,7,0,7,12.3569,6798.53
892,7,0,7,12.3534,6780.74
906,7,0,7,12.3351,6687.94
1555,7,0,7,12.3097,6545.19
2157,7,0,7,12.2971,6484.56
2019,7,0,7,12.268,6349.38
929,7,0,7,12.2676,6347.4
938,7,0,7,12.2555,6281.27
950,7,0,7,12.2396,6200.24
951,7,0,7,12.2331,6166.99
949,7,0,7,12.2215,6107.7
1302,7,0,7,12.1948,5968.03
978,7,0,8,12.5721,7855.45,0.107833,470.336,0.07,9
1010,7,0,8,12.5564,7775.3
1011,7,0,8,12.543,7705.9
1009,7,0,8,12.5378,7678.27
1041,7,0,8,12.5376,7677.58
1039,7,0,8,12.5299,7637.11
1037,7,0,8,12.5203,7589.62
1034,7,0,8,12.5116,7543.93
2032,7,0,8,12.4962,7466.34
1050,7,0,8,12.4649,7312.25
1049,7,0,8,12.4649,7312.15
1025,7,0,8,12.4561,7268.49
1029,7,0,8,12.4428,7201.66
1027,7,0,8,12.431,7142.71
898,7,0,8,12.4227,7099.17
895,7,0,8,12.4041,7006.5
636,7,0,9,12.7654,8740.28,0.091,396.915,0.15,10
633,7,0,9,12.7588,8706.67
639,7,0,9,12.7554,8689.13
1993,7,0,9,12.7457,8638.52
1995,7,0,9,12.7361,8593.22
1996,7,0,9,12.7246,8541.49
1997,7,0,9,12.7207,8521.58
2027,7,0,9,12.6925,8387.24
2026,7,0,9,12.6867,8358.94
978,7,0,9,12.6799,8325.79
64,7,0,10,13.1035,10581.5,0,0,0
195,7,0,10,13.0767,10443.3
196,7,0,10,13.0736,10423.4
205,7,0,10,13.0583,10335.6
215,7,0,10,13.0327,10179.1
225,7,0,10,13.0057,9975.99
715,7,0,10,12.9756,9806.43
714,7,0,10,12.9716,9782.27
726,7,0,10,12.9714,9780.42
529,7,0,10,12.9573,9680.77
605,7,0,10,12.9424,9584.1
603,7,0,10,12.9361,9551.02
604,7,0,10,12.9322,9529.16
596,7,0,10,12.932,9528.19
580,7,0,10,12.9205,9463.67
583,7,0,10,12.9143,9433.85
587,7,0,10,12.9122,9419.58
578,7,0,10,12.9093,9403.52
579,7,0,10,12.902,9364.72
570,7,0,10,12.895,9331.56
1994,7,0,10,12.8821,9266.48
562,7,0,10,12.8691,9203.11
639,7,0,10,12.8656,9185.67
638,7,0,10,12.8603,9157.42
636,7,0,10,12.8564,9137.2
220,8,0,0,11.1172,472.978,0.0955,416.542,0.04,1
2130,8,0,0,11.1024,392.48
215,8,0,0,11.0975,358.782
205,8,0,0,11.0736,204.484
196,8,0,0,11.0605,119.897
195,8,0,0,11.0579,100.335
64,8,0,0,11.04,0
710,8,0,1,11.2704,1198.14,0.0443333,193.369,0.36,2
223,8,0,1,11.2529,1104.91
224,8,0,1,11.2388,1031.05
222,8,0,1,11.223,945.57
220,8,0,1,11.2127,889.52
455,8,0,2,11.3738,1774.06,0.0408333,178.103,0.03,3
454,8,0,2,11.371,1758.44
457,8,0,2,11.3643,1704.48
456,8,0,2,11.3591,1675.03
458,8,0,2,11.3496,1613.89
459,8,0,2,11.3437,1568.78
1543,8,0,2,11.3344,1506.55
710,8,0,2,11.3147,1391.51
1108,8,0,3,11.6819,3428.96,0.0935,407.819,0.09,4
1109,8,0,3,11.6767,3402.77
1113,8,0,3,11.6706,3371.72
1847,8,0,3,11.6577,3306.52
1086,8,0,3,11.6541,3286.49
1087,8,0,3,11.6395,3213.3
1090,8,0,3,11.6308,3168.13
1076,8,0,3,11.6047,3041.16
1074,8,0,3,11.6005,3020.04
1077,8,0,3,11.591,2969.22
1080,8,0,3,11.5775,2902.01
1079,8,0,3,11.5709,2867.56
1061,8,0,3,11.5666,2846.28
1063,8,0,3,11.5631,2828.11
1062,8,0,3,11.562,2821.03
2159,8,0,3,11.5618,2819.92
1045,8,0,3,11.5611,2816.77
1012,8,0,3,11.5539,2775.78
1014,8,0,3,11.5533,2772.91
989,8,0,3,11.5423,2714.61
990,8,0,3,11.5322,2664.35
991,8,0,3,11.5296,2652
706,8,0,3,11.5226,2612.53
704,8,0,3,11.52,2599.76
2179,8,0,3,11.5198,2598.9
662,8,0,3,11.5136,2569.25
602,8,0,3,11.5022,2500.98
599,8,0,3,11.4981,2477.72
605,8,0,3,11.494,2453.73
529,8,0,3,11.4768,2353.71
726,8,0,3,11.4609,2252.51
714,8,0,3,11.4607,2250.62
1543,8,0,3,11.4559,2220.1
459,8,0,3,11.4456,2156.7
458,8,0,3,11.4391,2111.44
456,8,0,3,11.43,2050.65
457,8,0,3,11.4246,2020.43
454,8,0,3,11.417,1966.47
455,8,0,3,11.4146,1952.16
1304,8,0,4,11.9049,4519.4,0.0428333,186.826,0.12,5
952,8,0,4,11.8805,4386.42
953,8,0,4,11.8698,4331.64
2023,8,0,4,11.869,4327.54
2108,8,0,4,11.8525,4242.33
1794,8,0,4,11.8454,4206.57
2106,8,0,4,11.8302,4127.2
2039,8,0,4,11.8125,4033.67
1106,8,0,4,11.8029,3981.72
2035,8,0,4,11.7887,3907.67
1108,8,0,4,11.7754,3836.78
1302,8,0,5,11.9979,4957.93,0.068,296.595,0.26,6
1303,8,0,5,11.9773,4853.42
1305,8,0,5,11.9627,4779.54
1304,8,0,5,11.9477,4706.23
895,8,0,6,12.2317,6103.27,0.0435,189.734,0.02,7
896,8,0,6,12.228,6085.03
892,8,0,6,12.2245,6067.24
906,8,0,6,12.2063,5974.44
1555,8,0,6,12.1808,5831.69
2157,8,0,6,12.1682,5771.05
2019,8,0,6,12.1391,5635.88
929,8,0,6,12.1387,5633.9
938,8,0,6,12.1266,5567.77
950,8,0,6,12.1107,5486.74
951,8,0,6,12.1042,5453.48
949,8,0,6,12.0926,5394.2
1302,8,0,6,12.0659,5254.53
978,8,0,7,12.4432,7141.95,0.107833,470.336,0.07,8
1010,8,0,7,12.4276,7061.8
1011,8,0,7,12.4141,6992.4
1009,8,0,7,12.4089,6964.77
1041,8,0,7,12.4088,6964.08
1039,8,0,7,12.401,6923.61
1037,8,0,7,12.3914,6876.12
1034,8,0,7,12.3827,6830.43
2032,8,0,7,12.3673,6752.84
1050,8,0,7,12.336,6598.74
1049,8,0,7,12.336,6598.65
1025,8,0,7,12.3272,6554.99
1029,8,0,7,12.3139,6488.16
1027,8,0,7,12.3021,6429.2
898,8,0,7,12.2939,6385.67
895,8,0,7,12.2752,6293
636,8,0,8,12.6366,8026.78,0.091,396.915,0.15,9
633,8,0,8,12.6299,7993.17
639,8,0,8,12.6265,7975.63
1993,8,0,8,12.6168,7925.01
1995,8,0,8,12.6072,7879.72
1996,8,0,8,12.5957,7827.98
1997,8,0,8,12.5918,7808.08
2027,8,0,8,12.5636,7673.74
2026,8,0,8,12.5578,7645.43
978,8,0,8,12.551,7612.29
603,8,0,9,12.8073,8837.52,0.0631667,275.514,0.35,10
604,8,0,9,12.8033,8815.66
596,8,0,9,12.8032,8814.69
580,8,0,9,12.7916,8750.16
583,8,0,9,12.7854,8720.35
587,8,0,9,12.7834,8706.08
578,8,0,9,12.7805,8690.02
579,8,0,9,12.7731,8651.22
570,8,0,9,12.7661,8618.06
1994,8,0,9,12.7532,8552.98
562,8,0,9,12.7402,8489.6
639,8,0,9,12.7368,8472.16
638,8,0,9,12.7314,8443.92
636,8,0,9,12.7276,8423.69
64,8,0,10,13.0377,10143.5,0,0,0
195,8,0,10,13.011,10005.3
196,8,0,10,13.0079,9985.38
205,8,0,10,12.9926,9897.63
215,8,0,10,12.9669,9741.07
225,8,0,10,12.94,9538
715,8,0,10,12.9099,9368.44
714,8,0,10,12.9059,9344.28
726,8,0,10,12.9057,9342.43
529,8,0,10,12.8916,9242.78
605,8,0,10,12.8767,9146.11
603,8,0,10,12.8704,9113.03
220,9,0,0,11.0872,472.978,0.0955,416.542,0.04,1
2130,9,0,0,11.0724,392.48
215,9,0,0,11.0675,358.782
205,9,0,0,11.0436,204.484
196,9,0,0,11.0305,119.897
195,9,0,0,11.0279,100.335
64,9,0,0,11.01,0
710,9,0,1,11.2404,1198.14,0.0443333,193.369,0.36,2
223,9,0,1,11.2229,1104.91
224,9,0,1,11.2088,1031.05
222,9,0,1,11.193,945.57
220,9,0,1,11.1827,889.52
455,9,0,2,11.3438,1774.06,0.0408333,178.103,0.03,3
454,9,0,2,11.341,1758.44
457,9,0,2,11.3343,1704.48
456,9,0,2,11.3291,1675.03
458,9,0,2,11.3196,1613.89
459,9,0,2,11.3137,1568.78
1543,9,0,2,11.3044,1506.55
710,9,0,2,11.2847,1391.51
603,9,0,3,11.475,2516.24,0.109,475.425,0.32,4
604,9,0,3,11.4708,2493.1
596,9,0,3,11.4706,2492.13
595,9,0,3,11.4652,2461.72
605,9,0,3,11.464,2453.73
529,9,0,3,11.4468,2353.71
726,9,0,3,11.4309,2252.51
714,9,0,3,11.4307,2250.62
1543,9,0,3,11.4259,2220.1
459,9,0,3,11.4156,2156.7
458,9,0,3,11.4091,2111.44
456,9,0,3,11.4,2050.65
457,9,0,3,11.3946,2020.43
454,9,0,3,11.387,1966.47
455,9,0,3,11.3846,1952.16
1108,9,0,4,11.7762,3990.79,0.0935,407.819,0.09,5
1109,9,0,4,11.7718,3968.11
1113,9,0,4,11.765,3933.96
1847,9,0,4,11.7515,3866.44
1086,9,0,4,11.7479,3846.41
1087,9,0,4,11.7334,3773.22
1090,9,0,4,11.7247,3728.06
1076,9,0,4,11.6985,3601.08
1074,9,0,4,11.6944,3579.96
1077,9,0,4,11.6848,3529.14
1080,9,0,4,11.6713,3461.94
1079,9,0,4,11.6647,3427.48
1061,9,0,4,11.6605,3406.2
1063,9,0,4,11.6569,3388.03
1062,9,0,4,11.6559,3380.95
2159,9,0,4,11.6556,3379.84
1045,9,0,4,11.6549,3376.69
1012,9,0,4,11.6477,3335.7
1014,9,0,4,11.6472,3332.84
989,9,0,4,11.6361,3274.53
990,9,0,4,11.6261,3224.27
991,9,0,4,11.6235,3211.92
706,9,0,4,11.6165,3172.46
704,9,0,4,11.6138,3159.68
2179,9,0,4,11.6136,3158.82
662,9,0,4,11.6074,3129.17
602,9,0,4,11.5961,3060.9
604,9,0,4,11.5935,3044.1
596,9,0,4,11.5934,3043.13
595,9,0,4,11.5879,3012.72
603,9,0,4,11.584,2991.67
1304,9,0,5,11.9992,5081.23,0.0428333,186.826,0.12,6
952,9,0,5,11.9748,4948.24
953,9,0,5,11.9641,4893.46
2023,9,0,5,11.9632,4889.36
2108,9,0,5,11.9468,4804.15
1794,9,0,5,11.9397,4768.39
2106,9,0,5,11.9245,4689.02
2039,9,0,5,11.9068,4595.49
1106,9,0,5,11.8972,4543.54
2035,9,0,5,11.883,4469.49
1108,9,0,5,11.8697,4398.6
895,9,0,6,12.1981,6068.38,0.0435,189.734,0.02,7
907,9,0,6,12.1824,5991.05
908,9,0,6,12.1733,5945.57
2014,9,0,6,12.1727,5942.89
2017,9,0,6,12.1716,5937.2
2170,9,0,6,12.1688,5923.01
1738,9,0,6,12.1514,5836.08
1737,9,0,6,12.1447,5802.3
936,9,0,6,12.1295,5723.39
933,9,0,6,12.1289,5720.45
934,9,0,6,12.1234,5682.8
935,9,0,6,12.1229,5680.19
2020,9,0,6,12.1118,5623.21
1787,9,0,6,12.0922,5526.06
1788,9,0,6,12.0914,5522.36
1789,9,0,6,12.08,5465.37
952,9,0,6,12.0711,5420.92
1304,9,0,6,12.042,5268.05
978,9,0,7,12.4096,7107.07,0.107833,470.336,0.07,8
1010,9,0,7,12.394,7026.92
1011,9,0,7,12.3805,6957.51
1009,9,0,7,12.3753,6929.89
1041,9,0,7,12.3752,6929.2
1039,9,0,7,12.3674,6888.72
1037,9,0,7,12.3578,6841.24
1034,9,0,7,12.3491,6795.55
2032,9,0,7,12.3337,6717.95
1050,9,0,7,12.3024,6563.86
1049,9,0,7,12.3024,6563.77
1025,9,0,7,12.2936,6520.11
1029,9,0,7,12.2803,6453.27
1027,9,0,7,12.2686,6394.32
898,9,0,7,12.2603,6350.79
895,9,0,7,12.2416,6258.12
636,9,0,8,12.603,7991.89,0.091,396.915,0.15,9
633,9,0,8,12.5963,7958.29
639,9,0,8,12.593,7940.75
1993,9,0,8,12.5832,7890.13
1995,9,0,8,12.5737,7844.84
1996,9,0,8,12.5621,7793.1
1997,9,0,8,12.5582,7773.2
2027,9,0,8,12.53,7638.85
2026,9,0,8,12.5243,7610.55
978,9,0,8,12.5174,7577.4
1302,9,0,9,13.0074,10052.1,0.035,152.659,0.22,10
949,9,0,9,12.9855,9932.67
951,9,0,9,12.9741,9874.71
950,9,0,9,12.9667,9837.04
938,9,0,9,12.9548,9773.43
929,9,0,9,12.941,9699.86
2019,9,0,9,12.9406,9697.88
2157,9,0,9,12.9134,9570.15
905,9,0,9,12.8734,9368.7
889,9,0,9,12.8629,9315.26
890,9,0,9,12.8501,9253.96
2013,9,0,9,12.8247,9125.56
1988,9,0,9,12.8034,9016.12
417,9,0,9,12.7809,8902.98
418,9,0,9,12.7768,8882
419,9,0,9,12.7599,8789.83
424,9,0,9,12.7564,8769.89
613,9,0,9,12.7533,8744.91
611,9,0,9,12.7478,8712.02
609,9,0,9,12.7459,8694.23
628,9,0,9,12.7359,8620.21
561,9,0,9,12.7321,8595.49
557,9,0,9,12.724,8547.36
554,9,0,9,12.7217,8535.56
565,9,0,9,12.7136,8490.54
562,9,0,9,12.7067,8454.72
639,9,0,9,12.7032,8437.28
638,9,0,9,12.6979,8409.04
636,9,0,9,12.694,8388.81
64,9,0,10,13.4972,12847.9,0,0,0
195,9,0,10,13.4641,12683
196,9,0,10,13.4613,12663.3
205,9,0,10,13.4461,12575.8
215,9,0,10,13.4219,12421
225,9,0,10,13.3951,12218
715,9,0,10,13.3668,12052.6
714,9,0,10,13.363,12028.7
726,9,0,10,13.3628,12026.8
529,9,0,10,13.3489,11927.3
605,9,0,10,13.3345,11831
603,9,0,10,13.3285,11799.2
604,9,0,10,13.3249,11778.9
596,9,0,10,13.3247,11777.9
580,9,0,10,13.3144,11717.3
574,9,0,10,13.2938,11609.7
573,9,0,10,13.2845,11557.3
564,9,0,10,13.2773,11518
557,9,0,10,13.2714,11484.9
561,9,0,10,13.2647,11438.4
628,9,0,10,13.2604,11413
609,9,0,10,13.2482,11337.2
423,9,0,10,13.2423,11280.9
419,9,0,10,13.237,11246.1
420,9,0,10,13.2319,11211.1
421,9,0,10,13.2279,11184.4
417,9,0,10,13.2234,11159.9
1989,9,0,10,13.2068,11073.5
2011,9,0,10,13.189,10980.3
2156,9,0,10,13.1838,10952.9
2013,9,0,10,13.1831,10949.8
886,9,0,10,13.1712,10891.6
888,9,0,10,13.1514,10785.5
903,9,0,10,13.1376,10715.6
904,9,0,10,13.1342,10697.2
925,9,0,10,13.1108,10569.3
2019,9,0,10,13.1053,10542.1
929,9,0,10,13.1049,10540.1
938,9,0,10,13.093,10474.2
950,9,0,10,13.0795,10403.7
951,9,0,10,13.0725,10368
949,9,0,10,13.0615,10311.5
1302,9,0,10,13.0424,10204.8
220,10,0,0,11.2672,472.978,0.0955,416.542,0.04,1
2130,10,0,0,11.2524,392.48
215,10,0,0,11.2475,358.782
205,10,0,0,11.2236,204.484
196,10,0,0,11.2105,119.897
195,10,0,0,11.2079,100.335
64,10,0,0,11.19,0
455,10,0,1,11.4521,1421.69,0.0408333,178.103,0.03,2
454,10,0,1,11.4493,1406.07
457,10,0,1,11.4425,1352.11
456,10,0,1,11.4374,1322.67
458,10,0,1,11.4279,1261.52
459,10,0,1,11.422,1216.42
450,10,0,1,11.4068,1132.53
229,10,0,1,11.3973,1079.68
222,10,0,1,11.373,945.57
220,10,0,1,11.3627,889.52
1108,10,0,2,11.7602,3076.6,0.0935,407.819,0.09,3
1109,10,0,2,11.755,3050.4
1113,10,0,2,11.7489,3019.35
1847,10,0,2,11.736,2954.15
1086,10,0,2,11.7324,2934.12
1087,10,0,2,11.7178,2860.93
1090,10,0,2,11.7091,2815.77
1076,10,0,2,11.683,2688.79
1074,10,0,2,11.6788,2667.67
1077,10,0,2,11.6692,2616.85
1080,10,0,2,11.6558,2549.65
1079,10,0,2,11.6492,2515.2
1061,10,0,2,11.6449,2493.91
1063,10,0,2,11.6414,2475.75
1062,10,0,2,11.6403,2468.67
2159,10,0,2,11.6401,2467.55
1045,10,0,2,11.6394,2464.4
1012,10,0,2,11.6322,2423.42
1014,10,0,2,11.6316,2420.55
989,10,0,2,11.6205,2362.25
990,10,0,2,11.6105,2311.98
991,10,0,2,11.6079,2299.63
706,10,0,2,11.6009,2260.17
704,10,0,2,11.5983,2247.4
2179,10,0,2,11.5981,2246.53
662,10,0,2,11.5919,2216.89
602,10,0,2,11.5805,2148.61
599,10,0,2,11.5764,2125.35
605,10,0,2,11.5723,2101.36
529,10,0,2,11.5551,2001.34
726,10,0,2,11.5392,1900.14
714,10,0,2,11.539,1898.26
1543,10,0,2,11.5342,1867.73
459,10,0,2,11.5239,1804.33
458,10,0,2,11.5174,1759.07
456,10,0,2,11.5083,1698.29
457,10,0,2,11.5029,1668.07
454,10,0,2,11.4953,1614.11
455,10,0,2,11.4929,1599.79
1304,10,0,3,11.9832,4167.04,0.0428333,186.826,0.12,4
952,10,0,3,11.9588,4034.05
953,10,0,3,11.9481,3979.28
2023,10,0,3,11.9472,3975.18
2108,10,0,3,11.9308,3889.97
1794,10,0,3,11.9237,3854.21
2106,10,0,3,11.9084,3774.84
2039,10,0,3,11.8908,3681.31
1106,10,0,3,11.8812,3629.36
2035,10,0,3,11.8669,3555.31
1108,10,0,3,11.8537,3484.42
1302,10,0,4,12.0719,4587.87,0.106833,465.975,0.24,5
1303,10,0,4,12.0516,4484.33
1305,10,0,4,12.0381,4415.42
1304,10,0,4,12.026,4353.86
895,10,0,5,12.3446,5902.58,0.0435,189.734,0.02,6
896,10,0,5,12.3409,5884.34
892,10,0,5,12.3374,5866.55
906,10,0,5,12.3191,5773.75
1555,10,0,5,12.2936,5631.01
2157,10,0,5,12.281,5570.37
2019,10,0,5,12.252,5435.19
929,10,0,5,12.2516,5433.21
938,10,0,5,12.2395,5367.08
950,10,0,5,12.2235,5286.05
951,10,0,5,12.2171,5252.8
949,10,0,5,12.2055,5193.51
1302,10,0,5,12.1788,5053.84
978,10,0,6,12.556,6941.26,0.107833,470.336,0.07,7
1010,10,0,6,12.5404,6861.11
1011,10,0,6,12.527,6791.71
1009,10,0,6,12.5218,6764.09
1041,10,0,6,12.5216,6763.4
1039,10,0,6,12.5138,6722.92
1037,10,0,6,12.5043,6675.43
1034,10,0,6,12.4956,6629.75
2032,10,0,6,12.4801,6552.15
1050,10,0,6,12.4489,6398.06
1049,10,0,6,12.4489,6397.97
1025,10,0,6,12.4401,6354.31
1029,10,0,6,12.4268,6287.47
1027,10,0,6,12.415,6228.52
898,10,0,6,12.4067,6184.99
895,10,0,6,12.3881,6092.31
636,10,0,7,12.7494,7826.09,0.091,396.915,0.15,8
633,10,0,7,12.7428,7792.49
639,10,0,7,12.7394,7774.95
1993,10,0,7,12.7296,7724.33
1995,10,0,7,12.7201,7679.04
1996,10,0,7,12.7086,7627.3
1997,10,0,7,12.7047,7607.4
2027,10,0,7,12.6764,7473.05
2026,10,0,7,12.6707,7444.75
978,10,0,7,12.6639,7411.6
64,10,0,8,13.0875,9667.33,0,0,0
195,10,0,8,13.0607,9529.12
196,10,0,8,13.0576,9509.18
205,10,0,8,13.0423,9421.44
215,10,0,8,13.0166,9264.88
225,10,0,8,12.9897,9061.8
715,10,0,8,12.9596,8892.24
714,10,0,8,12.9556,8868.09
726,10,0,8,12.9554,8866.23
529,10,0,8,12.9413,8766.58
605,10,0,8,12.9264,8669.91
603,10,0,8,12.9201,8636.84
604,10,0,8,12.9162,8614.97
596,10,0,8,12.916,8614
580,10,0,8,12.9045,8549.48
583,10,0,8,12.8982,8519.66
587,10,0,8,12.8962,8505.39
578,10,0,8,12.8933,8489.33
579,10,0,8,12.886,8450.53
570,10,0,8,12.879,8417.37
1994,10,0,8,12.8661,8352.3
562,10,0,8,12.8531,8288.92
639,10,0,8,12.8496,8271.48
638,10,0,8,12.8443,8243.24
636,10,0,8,12.8404,8223.01
603,10,1,0,11.2384,1012.31,0.109,475.425,0.32,1
604,10,1,0,11.2341,989.164
596,10,1,0,11.234,988.193
595,10,1,0,11.2285,957.784
605,10,1,0,11.2274,949.793
529,10,1,0,11.2102,849.768
726,10,1,0,11.1943,748.573
714,10,1,0,11.1941,746.688
715,10,1,0,11.1907,723.201
225,10,1,0,11.1732,562.11
215,10,1,0,11.1475,358.782
205,10,1,0,11.1236,204.484
196,10,1,0,11.1105,119.897
195,10,1,0,11.1079,100.335
64,10,1,0,11.09,0
710,10,1,1,11.4114,1902.23,0.0443333,193.369,0.36,2
1543,10,1,1,11.39,1781.96
715,10,1,1,11.3851,1737.7
714,10,1,1,11.3813,1713.7
726,10,1,1,11.3811,1711.81
529,10,1,1,11.3673,1612.32
605,10,1,1,11.3525,1515.71
603,10,1,1,11.3474,1487.73
64,10,1,2,11.5563,2778.48,0,0,0
195,10,1,2,11.5351,2663.8
196,10,1,2,11.5323,2644.19
205,10,1,2,11.5198,2560.28
215,10,1,2,11.4999,2408.19
225,10,1,2,11.4747,2204.62
1680,10,1,2,11.4717,2185.61
710,10,1,2,11.4558,2095.6
220,11,0,0,11.1772,472.978,0.0955,416.542,0.04,1
2130,11,0,0,11.1624,392.48
215,11,0,0,11.1575,358.782
205,11,0,0,11.1336,204.484
196,11,0,0,11.1205,119.897
195,11,0,0,11.1179,100.335
64,11,0,0,11.1,0
710,11,0,1,11.3304,1198.14,0.0443333,193.369,0.36,2
223,11,0,1,11.3129,1104.91
224,11,0,1,11.2988,1031.05
222,11,0,1,11.283,945.57
220,11,0,1,11.2727,889.52
455,11,0,2,11.4338,1774.06,0.0408333,178.103,0.03,3
454,11,0,2,11.431,1758.44
457,11,0,2,11.4243,1704.48
456,11,0,2,11.4191,1675.03
458,11,0,2,11.4096,1613.89
459,11,0,2,11.4037,1568.78
1543,11,0,2,11.3944,1506.55
710,11,0,2,11.3747,1391.51
1108,11,0,3,11.7419,3428.96,0.0935,407.819,0.09,4
1109,11,0,3,11.7367,3402.77
1113,11,0,3,11.7306,3371.72
1847,11,0,3,11.7177,3306.52
1086,11,0,3,11.7141,3286.49
1087,11,0,3,11.6995,3213.3
1090,11,0,3,11.6908,3168.13
1076,11,0,3,11.6647,3041.16
1074,11,0,3,11.6605,3020.04
1077,11,0,3,11.651,2969.22
1080,11,0,3,11.6375,2902.01
1079,11,0,3,11.6309,2867.56
1061,11,0,3,11.6266,2846.28
1063,11,0,3,11.6231,2828.11
1062,11,0,3,11.622,2821.03
2159,11,0,3,11.6218,2819.92
1045,11,0,3,11.6211,2816.77
1012,11,0,3,11.6139,2775.78
1014,11,0,3,11.6133,2772.91
989,11,0,3,11.6023,2714.61
990,11,0,3,11.5922,2664.35
991,11,0,3,11.5896,2652
706,11,0,3,11.5826,2612.53
704,11,0,3,11.58,2599.76
2179,11,0,3,11.5798,2598.9
662,11,0,3,11.5736,2569.25
602,11,0,3,11.5622,2500.98
599,11,0,3,11.5581,2477.72
605,11,0,3,11.554,2453.73
529,11,0,3,11.5368,2353.71
726,11,0,3,11.5209,2252.51
714,11,0,3,11.5207,2250.62
1543,11,0,3,11.5159,2220.1
459,11,0,3,11.5056,2156.7
458,11,0,3,11.4991,2111.44
456,11,0,3,11.49,2050.65
457,11,0,3,11.4846,2020.43
454,11,0,3,11.477,1966.47
455,11,0,3,11.4746,1952.16
1304,11,0,4,11.9649,4519.4,0.0428333,186.826,0.12,5
952,11,0,4,11.9405,4386.42
953,11,0,4,11.9298,4331.64
2023,11,0,4,11.929,4327.54
2108,11,0,4,11.9125,4242.33
1794,11,0,4,11.9054,4206.57
2106,11,0,4,11.8902,4127.2
2039,11,0,4,11.8725,4033.67
1106,11,0,4,11.8629,3981.72
2035,11,0,4,11.8487,3907.67
1108,11,0,4,11.8354,3836.78
1302,11,0,5,12.0537,4940.23,0.106833,465.975,0.24,6
1303,11,0,5,12.0333,4836.7
1305,11,0,5,12.0198,4767.79
1304,11,0,5,12.0077,4706.23
895,11,0,6,12.3263,6254.95,0.0435,189.734,0.02,7
896,11,0,6,12.3226,6236.71
892,11,0,6,12.3191,6218.92
906,11,0,6,12.3009,6126.12
1555,11,0,6,12.2754,5983.37
2157,11,0,6,12.2628,5922.73
2019,11,0,6,12.2337,5787.56
929,11,0,6,12.2333,5785.58
938,11,0,6,12.2212,5719.45
950,11,0,6,12.2053,5638.42
951,11,0,6,12.1988,5605.16
949,11,0,6,12.1872,5545.88
1302,11,0,6,12.1605,5406.21
978,11,0,7,12.5378,7293.63,0.107833,470.336,0.07,8
1010,11,0,7,12.5221,7213.48
1011,11,0,7,12.5087,7144.08
1009,11,0,7,12.5035,7116.45
1041,11,0,7,12.5034,7115.76
1039,11,0,7,12.4956,7075.29
1037,11,0,7,12.486,7027.8
1034,11,0,7,12.4773,6982.11
2032,11,0,7,12.4619,6904.52
1050,11,0,7,12.4306,6750.42
1049,11,0,7,12.4306,6750.33
1025,11,0,7,12.4218,6706.67
1029,11,0,7,12.4085,6639.84
1027,11,0,7,12.3967,6580.88
898,11,0,7,12.3884,6537.35
895,11,0,7,12.3698,6444.68
636,11,0,8,12.7311,8178.46,0.091,396.915,0.15,9
633,11,0,8,12.7245,8144.85
639,11,0,8,12.7211,8127.31
1993,11,0,8,12.7114,8076.69
1995,11,0,8,12.7018,8031.4
1996,11,0,8,12.6903,7979.66
1997,11,0,8,12.6864,7959.76
2027,11,0,8,12.6582,7825.42
2026,11,0,8,12.6524,7797.11
978,11,0,8,12.6456,7763.97
603,11,0,9,12.9019,8989.2,0.0631667,275.514,0.35,10
604,11,0,9,12.8979,8967.34
596,11,0,9,12.8977,8966.37
580,11,0,9,12.8862,8901.84
583,11,0,9,12.88,8872.03
587,11,0,9,12.8779,8857.76
578,11,0,9,12.875,8841.7
579,11,0,9,12.8677,8802.9
570,11,0,9,12.8607,8769.74
1994,11,0,9,12.8478,8704.66
562,11,0,9,12.8348,8641.29
639,11,0,9,12.8314,8623.84
638,11,0,9,12.826,8595.6
636,11,0,9,12.8221,8575.37
64,11,0,10,13.1323,10295.2,0,0,0
195,11,0,10,13.1056,10157
196,11,0,10,13.1024,10137.1
205,11,0,10,13.0871,10049.3
215,11,0,10,13.0615,9892.75
225,11,0,10,13.0346,9689.68
715,11,0,10,13.0045,9520.12
714,11,0,10,13.0005,9495.96
726,11,0,10,13.0003,9494.11
529,11,0,10,12.9862,9394.46
605,11,0,10,12.9713,9297.79
603,11,0,10,12.965,9264.71
220,12,0,0,12.2602,511.167,0.0923333,402.73,0.08,1
2130,12,0,0,12.2424,417.757
215,12,0,0,12.2369,383.417
205,12,0,0,12.2089,223.068
196,12,0,0,12.195,137.521
195,12,0,0,12.1919,117.624
64,12,0,0,12.17,0
603,12,0,1,12.4734,1615.67,0.0631667,275.514,0.35,2
604,12,0,1,12.4695,1593.8
596,12,0,1,12.4693,1592.83
595,12,0,1,12.4633,1560.09
605,12,0,1,12.4621,1552.08
529,12,0,1,12.4449,1452.07
726,12,0,1,12.4301,1351.99
714,12,0,1,12.4299,1350.12
1543,12,0,1,12.4257,1320.16
459,12,0,1,12.4156,1257.06
450,12,0,1,12.3993,1168.32
229,12,0,1,12.3873,1104.61
222,12,0,1,12.3626,968.676
220,12,0,1,12.3526,913.897
1108,12,0,2,12.725,2873.75,0.0588333,256.613,0.13,3
1109,12,0,2,12.7209,2852.21
1113,12,0,2,12.7137,2816.27
1847,12,0,2,12.7006,2750.43
1086,12,0,2,12.697,2730.19
1087,12,0,2,12.6832,2660.4
1090,12,0,2,12.674,2613.15
1076,12,0,2,12.651,2498.97
1074,12,0,2,12.647,2478.57
1077,12,0,2,12.6367,2424.52
1080,12,0,2,12.6234,2358.07
1079,12,0,2,12.6158,2319.39
1061,12,0,2,12.6115,2298.1
1063,12,0,2,12.6081,2280.29
1062,12,0,2,12.607,2273.22
2159,12,0,2,12.6068,2272.32
1045,12,0,2,12.6062,2269.17
1012,12,0,2,12.5989,2228.18
1014,12,0,2,12.5985,2225.98
989,12,0,2,12.588,2170.12
990,12,0,2,12.578,2119.86
704,12,0,2,12.5667,2062.12
2179,12,0,2,12.5665,2061.26
662,12,0,2,12.5603,2031.61
602,12,0,2,12.5493,1963.92
604,12,0,2,12.5469,1947.23
596,12,0,2,12.5468,1946.26
595,12,0,2,12.5407,1913.53
603,12,0,2,12.5366,1891.18
1304,12,0,3,12.9168,3825,0.0815,355.478,0.17,4
2163,12,0,3,12.8958,3715.26
2051,12,0,3,12.8622,3537.17
2050,12,0,3,12.851,3478.16
2106,12,0,3,12.8441,3443.43
2039,12,0,3,12.8263,3349.46
1106,12,0,3,12.8165,3296.52
2035,12,0,3,12.8039,3229.69
1108,12,0,3,12.7839,3130.36
1302,12,0,4,13.0442,4414.49,0.035,152.659,0.22,5
1303,12,0,4,13.0239,4310.95
1305,12,0,4,13.0104,4242.04
1304,12,0,4,12.9983,4180.48
895,12,0,5,13.2282,5344.92,0.0823333,359.113,0.02,6
896,12,0,5,13.2245,5326.68
892,12,0,5,13.2207,5307.93
906,12,0,5,13.2081,5239.07
1555,12,0,5,13.1799,5084.47
2157,12,0,5,13.169,5030.72
2019,12,0,5,13.1421,4904.46
929,12,0,5,13.1417,4902.47
938,12,0,5,13.1297,4836.62
950,12,0,5,13.1162,4766.06
951,12,0,5,13.1092,4730.35
949,12,0,5,13.0982,4673.87
1302,12,0,5,13.0792,4567.15
978,12,0,6,13.4828,6568.41,0.0648333,282.783,0.06,7
1010,12,0,6,13.4691,6496.29
1011,12,0,6,13.4543,6421.57
1009,12,0,6,13.448,6389.14
1038,12,0,6,13.44,6349.25
1039,12,0,6,13.4394,6346.57
1037,12,0,6,13.4265,6285.62
1034,12,0,6,13.4168,6235.41
2032,12,0,6,13.4013,6157.81
2031,12,0,6,13.401,6155.99
1031,12,0,6,13.3911,6108.59
1002,12,0,6,13.3769,6037.86
1024,12,0,6,13.3564,5933.74
1029,12,0,6,13.3512,5907.58
1027,12,0,6,13.3391,5847.48
898,12,0,6,13.329,5796.22
895,12,0,6,13.3105,5704.03
636,12,0,7,13.6249,7232.63,0.0665,290.053,0.15,8
633,12,0,7,13.6193,7203.09
639,12,0,7,13.6158,7184.95
1993,12,0,7,13.6042,7126.67
1995,12,0,7,13.5973,7092.3
1996,12,0,7,13.5912,7062.36
1997,12,0,7,13.5873,7042.46
2027,12,0,7,13.5624,6921.68
2026,12,0,7,13.5566,6893.2
978,12,0,7,13.5476,6851.2
455,12,0,8,13.854,8391.78,0.0423333,184.645,0.11,9
453,12,0,8,13.8454,8326.32
452,12,0,8,13.8332,8239
1678,12,0,8,13.8174,8154.62
474,12,0,8,13.7974,8055.1
2140,12,0,8,13.7893,8017.27
475,12,0,8,13.7826,7986
499,12,0,8,13.7748,7946.41
500,12,0,8,13.7702,7923
518,12,0,8,13.7646,7894.82
1754,12,0,8,13.7514,7832.96
540,12,0,8,13.7429,7789.06
541,12,0,8,13.7321,7733.91
572,12,0,8,13.7235,7688.15
1994,12,0,8,13.7137,7637.87
562,12,0,8,13.7042,7588.83
639,12,0,8,13.7007,7571.38
638,12,0,8,13.6955,7543.59
636,12,0,8,13.6914,7522.68
710,12,0,9,13.9614,8975.63,0.0466667,203.546,0.45,10
1543,12,0,9,13.9381,8847.41
459,12,0,9,13.928,8784.22
458,12,0,9,13.9213,8738.82
456,12,0,9,13.9127,8678.42
457,12,0,9,13.9067,8645.37
454,12,0,9,13.899,8591.39
455,12,0,9,13.8964,8576.43
64,12,0,10,14.1168,9878.01,0,0,0
195,12,0,10,14.0953,9761.76
196,12,0,10,14.0925,9742.18
205,12,0,10,14.0783,9656.1
215,12,0,10,14.0538,9501.12
225,12,0,10,14.029,9297.29
1680,12,0,10,14.0262,9278.45
710,12,0,10,14.0081,9179.18
220,13,0,0,12.8402,511.167,0.0923333,402.73,0.08,1
2130,13,0,0,12.8224,417.757
215,13,0,0,12.8169,383.417
205,13,0,0,12.7889,223.068
196,13,0,0,12.775,137.521
195,13,0,0,12.7719,117.624
64,13,0,0,12.75,0
710,13,0,1,12.997,1250.5,0.0983333,428.9,0.42,2
223,13,0,1,12.9804,1161.15
224,13,0,1,12.9585,1054.49
222,13,0,1,12.9426,968.676
220,13,0,1,12.9326,913.897
455,13,0,2,13.156,2068.33,0.0423333,184.645,0.11,3
454,13,0,2,13.1528,2050.95
457,13,0,2,13.1462,1996.88
456,13,0,2,13.1413,1967.85
458,13,0,2,13.1321,1906.93
459,13,0,2,13.1254,1861.58
1543,13,0,2,13.1169,1799.77
710,13,0,2,13.0954,1679.4
1108,13,0,3,13.462,3715.07,0.0723333,315.496,0.16,4
1109,13,0,3,13.4579,3693.69
1113,13,0,3,13.4515,3661.44
1847,13,0,3,13.4397,3600.81
1086,13,0,3,13.4361,3580.62
1087,13,0,3,13.4226,3512.06
1090,13,0,3,13.414,3467.3
1076,13,0,3,13.396,3373.97
1074,13,0,3,13.3919,3353.31
1077,13,0,3,13.3785,3286.34
1080,13,0,3,13.3636,3212.99
1079,13,0,3,13.3565,3176.51
1061,13,0,3,13.3522,3155.22
1063,13,0,3,13.349,3138.38
1062,13,0,3,13.348,3131.34
2159,13,0,3,13.3478,3130.36
1045,13,0,3,13.3471,3127.21
1012,13,0,3,13.3399,3086.22
2028,13,0,3,13.3318,3040.76
989,13,0,3,13.3284,3025.02
990,13,0,3,13.3183,2974.76
991,13,0,3,13.3157,2962.41
706,13,0,3,13.3087,2922.94
704,13,0,3,13.3061,2910.17
2179,13,0,3,13.3059,2909.31
662,13,0,3,13.2997,2879.66
602,13,0,3,13.2885,2811.52
599,13,0,3,13.284,2786.83
605,13,0,3,13.2788,2758.7
529,13,0,3,13.2622,2659.81
726,13,0,3,13.2461,2558.27
714,13,0,3,13.2459,2556.39
1543,13,0,3,13.2401,2523.95
459,13,0,3,13.23,2460.77
458,13,0,3,13.2233,2415.36
456,13,0,3,13.2147,2354.96
457,13,0,3,13.2087,2321.91
454,13,0,3,13.201,2267.93
455,13,0,3,13.1984,2252.97
1304,13,0,4,13.6629,4709.04,0.0735,320.585,0.21,5
952,13,0,4,13.6389,4577.72
953,13,0,4,13.6266,4516.67
2023,13,0,4,13.6258,4512.57
2108,13,0,4,13.6116,4436.91
1794,13,0,4,13.6053,4404.56
2106,13,0,4,13.5914,4330.81
2039,13,0,4,13.5728,4233.29
1106,13,0,4,13.5626,4178.89
2035,13,0,4,13.5506,4114.3
1108,13,0,4,13.5343,4030.57
1302,13,0,5,13.7835,5268.62,0.035,152.659,0.22,6
1303,13,0,5,13.7631,5164.93
1305,13,0,5,13.7479,5088.91
1304,13,0,5,13.7364,5029.63
895,13,0,6,13.9674,6199.05,0.0823333,359.113,0.02,7
896,13,0,6,13.9637,6180.81
892,13,0,6,13.96,6162.06
906,13,0,6,13.9474,6093.2
1555,13,0,6,13.9192,5938.6
2157,13,0,6,13.9082,5884.85
2019,13,0,6,13.8814,5758.59
929,13,0,6,13.881,5756.61
938,13,0,6,13.869,5690.76
950,13,0,6,13.8555,5620.2
951,13,0,6,13.8485,5584.48
949,13,0,6,13.8375,5528
1302,13,0,6,13.8185,5421.28
978,13,0,7,14.2157,7397.53,0.0373333,162.837,0.05,8
1010,13,0,7,14.2009,7320.76
1011,13,0,7,14.1867,7248.12
1009,13,0,7,14.1811,7218.69
1038,13,0,7,14.1729,7178.09
1039,13,0,7,14.1723,7175.42
1037,13,0,7,14.1625,7126.85
1034,13,0,7,14.1542,7083.01
2032,13,0,7,14.1388,7005.42
1050,13,0,7,14.1124,6871.64
1049,13,0,7,14.1124,6871.55
1025,13,0,7,14.105,6833.85
1029,13,0,7,14.092,6768.06
1027,13,0,7,14.0791,6704.68
898,13,0,7,14.0687,6652.2
895,13,0,7,14.0498,6558.17
636,13,0,8,14.3328,7950.79,0.0391667,170.833,0.15,9
631,13,0,8,14.3261,7917.99
630,13,0,8,14.3203,7889.48
637,13,0,8,14.3097,7837.4
1996,13,0,8,14.2973,7774.11
1997,13,0,8,14.2934,7754.21
2027,13,0,8,14.2662,7623.99
2026,13,0,8,14.2604,7595.51
978,13,0,8,14.2531,7560.36
603,13,0,9,14.4562,8557.35,0.0658333,287.145,0.35,10
604,13,0,9,14.4514,8531.94
596,13,0,9,14.4513,8530.97
580,13,0,9,14.437,8454.76
583,13,0,9,14.4308,8424.95
587,13,0,9,14.4286,8410.52
578,13,0,9,14.4255,8393.7
575,13,0,9,14.42,8362.6
571,13,0,9,14.4171,8346.47
570,13,0,9,14.4122,8323.2
1994,13,0,9,14.3995,8258.84
562,13,0,9,14.3861,8193.79
639,13,0,9,14.3826,8176.35
638,13,0,9,14.3759,8142.32
636,13,0,9,14.3719,8121.62
64,13,0,10,14.684,9869.31,0,0,0
195,13,0,10,14.6624,9753.06
196,13,0,10,14.6597,9733.48
205,13,0,10,14.6454,9647.4
215,13,0,10,14.621,9492.42
225,13,0,10,14.5961,9288.58
715,13,0,10,14.5612,9098.04
714,13,0,10,14.5574,9074.2
726,13,0,10,14.5573,9072.34
529,13,0,10,14.5432,8972.73
605,13,0,10,14.5278,8875.47
603,13,0,10,14.522,8844.49
220,14,0,0,12.8802,511.167,0.0923333,402.73,0.08,1
2130,14,0,0,12.8624,417.757
215,14,0,0,12.8569,383.417
205,14,0,0,12.8289,223.068
196,14,0,0,12.815,137.521
195,14,0,0,12.8119,117.624
64,14,0,0,12.79,0
710,14,0,1,13.037,1250.5,0.0466667,203.546,0.45,2
223,14,0,1,13.0204,1161.15
224,14,0,1,12.9985,1054.49
222,14,0,1,12.9826,968.676
220,14,0,1,12.9726,913.897
455,14,0,2,13.1444,1842.97,0.0423333,184.645,0.11,3
454,14,0,2,13.1411,1825.59
457,14,0,2,13.1346,1771.53
456,14,0,2,13.1296,1742.49
458,14,0,2,13.1204,1681.58
459,14,0,2,13.1138,1636.23
1543,14,0,2,13.1052,1574.42
710,14,0,2,13.0837,1454.05
1108,14,0,3,13.4503,3489.72,0.0723333,315.496,0.16,4
1109,14,0,3,13.4462,3468.33
1113,14,0,3,13.4398,3436.08
1847,14,0,3,13.4281,3375.45
1086,14,0,3,13.4244,3355.26
1087,14,0,3,13.411,3286.71
1090,14,0,3,13.4024,3241.94
1076,14,0,3,13.3843,3148.62
1074,14,0,3,13.3803,3127.95
1077,14,0,3,13.3668,3060.98
1080,14,0,3,13.3519,2987.63
1079,14,0,3,13.3448,2951.15
1061,14,0,3,13.3405,2929.87
1063,14,0,3,13.3373,2913.03
1062,14,0,3,13.3363,2905.99
2159,14,0,3,13.3361,2905
1045,14,0,3,13.3354,2901.85
1012,14,0,3,13.3282,2860.87
2028,14,0,3,13.3201,2815.4
989,14,0,3,13.3167,2799.67
990,14,0,3,13.3067,2749.41
991,14,0,3,13.3041,2737.05
706,14,0,3,13.2971,2697.59
704,14,0,3,13.2944,2684.82
2179,14,0,3,13.2942,2683.96
662,14,0,3,13.288,2654.31
602,14,0,3,13.2768,2586.17
599,14,0,3,13.2723,2561.47
605,14,0,3,13.2671,2533.35
529,14,0,3,13.2506,2434.45
726,14,0,3,13.2344,2332.92
714,14,0,3,13.2342,2331.04
1543,14,0,3,13.2285,2298.6
459,14,0,3,13.2183,2235.42
458,14,0,3,13.2116,2190.01
456,14,0,3,13.203,2129.61
457,14,0,3,13.197,2096.56
454,14,0,3,13.1894,2042.58
455,14,0,3,13.1867,2027.62
1304,14,0,4,13.6512,4483.69,0.0735,320.585,0.21,5
952,14,0,4,13.6272,4352.37
953,14,0,4,13.6149,4291.32
2023,14,0,4,13.6141,4287.22
2108,14,0,4,13.5999,4211.55
1794,14,0,4,13.5936,4179.21
2106,14,0,4,13.5797,4105.45
2039,14,0,4,13.5612,4007.94
1106,14,0,4,13.5509,3953.53
2035,14,0,4,13.5389,3888.95
1108,14,0,4,13.5226,3805.21
1302,14,0,5,13.7718,5043.27,0.035,152.659,0.22,6
1303,14,0,5,13.7515,4939.58
1305,14,0,5,13.7362,4863.56
1304,14,0,5,13.7247,4804.28
895,14,0,6,13.9558,5973.7,0.0823333,359.113,0.02,7
896,14,0,6,13.9521,5955.46
892,14,0,6,13.9483,5936.71
906,14,0,6,13.9357,5867.85
1555,14,0,6,13.9075,5713.25
2157,14,0,6,13.8966,5659.5
2019,14,0,6,13.8697,5533.24
929,14,0,6,13.8693,5531.26
938,14,0,6,13.8573,5465.41
950,14,0,6,13.8438,5394.84
951,14,0,6,13.8368,5359.13
949,14,0,6,13.8259,5302.65
1302,14,0,6,13.8068,5195.93
978,14,0,7,14.2041,7172.17,0.0373333,162.837,0.05,8
1010,14,0,7,14.1892,7095.41
1011,14,0,7,14.175,7022.77
1009,14,0,7,14.1694,6993.33
1038,14,0,7,14.1612,6952.74
1039,14,0,7,14.1606,6950.06
1037,14,0,7,14.1508,6901.5
1034,14,0,7,14.1426,6857.66
2032,14,0,7,14.1271,6780.07
1050,14,0,7,14.1007,6646.28
1049,14,0,7,14.1007,6646.19
1025,14,0,7,14.0933,6608.49
1029,14,0,7,14.0803,6542.71
1027,14,0,7,14.0675,6479.33
898,14,0,7,14.0571,6426.85
895,14,0,7,14.0381,6332.81
636,14,0,8,14.3211,7725.43,0.0391667,170.833,0.15,9
631,14,0,8,14.3144,7692.64
630,14,0,8,14.3086,7664.12
637,14,0,8,14.298,7612.04
1996,14,0,8,14.2856,7548.76
1997,14,0,8,14.2817,7528.85
2027,14,0,8,14.2545,7398.64
2026,14,0,8,14.2487,7370.15
978,14,0,8,14.2414,7335.01
603,14,0,9,14.4445,8331.99,0.0658333,287.145,0.35,10
604,14,0,9,14.4397,8306.58
596,14,0,9,14.4396,8305.61
580,14,0,9,14.4253,8229.41
583,14,0,9,14.4191,8199.59
587,14,0,9,14.4169,8185.16
578,14,0,9,14.4138,8168.35
575,14,0,9,14.4083,8137.24
571,14,0,9,14.4054,8121.12
570,14,0,9,14.4006,8097.85
1994,14,0,9,14.3878,8033.49
562,14,0,9,14.3744,7968.44
639,14,0,9,14.371,7950.99
638,14,0,9,14.3643,7916.96
636,14,0,9,14.3603,7896.26
64,14,0,10,14.6723,9643.96,0,0,0
195,14,0,10,14.6507,9527.7
196,14,0,10,14.648,9508.12
205,14,0,10,14.6338,9422.04
215,14,0,10,14.6093,9267.06
225,14,0,10,14.5845,9063.23
715,14,0,10,14.5495,8872.69
714,14,0,10,14.5458,8848.84
726,14,0,10,14.5456,8846.99
529,14,0,10,14.5315,8747.38
605,14,0,10,14.5162,8650.12
603,14,0,10,14.5104,8619.14
603,15,0,0,12.3599,1036.37,0.0631667,275.514,0.35,1
604,15,0,0,12.3559,1014.51
596,15,0,0,12.3558,1013.54
595,15,0,0,12.3497,980.797
605,15,0,0,12.3486,972.784
529,15,0,0,12.3313,872.775
726,15,0,0,12.3166,772.69
714,15,0,0,12.3164,770.827
715,15,0,0,12.3128,747.175
225,15,0,0,12.2949,586.655
215,15,0,0,12.2669,383.417
205,15,0,0,12.2389,223.068
196,15,0,0,12.225,137.521
195,15,0,0,12.2219,117.624
64,15,0,0,12.2,0
978,15,0,1,12.5347,1890,0.107833,470.336,0.07,2
1010,15,0,1,12.5191,1809.85
1016,15,0,1,12.4966,1707.34
1548,15,0,1,12.4896,1671.31
1012,15,0,1,12.4854,1648.89
1014,15,0,1,12.485,1646.68
989,15,0,1,12.4745,1590.82
990,15,0,1,12.4644,1540.56
704,15,0,1,12.4531,1482.82
2179,15,0,1,12.4529,1481.96
662,15,0,1,12.4467,1452.31
602,15,0,1,12.4358,1384.62
604,15,0,1,12.4333,1367.94
596,15,0,1,12.4332,1366.97
595,15,0,1,12.4272,1334.23
603,15,0,1,12.423,1311.88
1108,15,0,2,12.7823,3062.26,0.0588333,256.613,0.13,3
1109,15,0,2,12.7782,3040.72
1848,15,0,2,12.758,2946.21
1069,15,0,2,12.7503,2904.46
1784,15,0,2,12.7341,2818.91
1053,15,0,2,12.7306,2801.06
2033,15,0,2,12.7111,2709.47
1054,15,0,2,12.7035,2668.56
1037,15,0,2,12.6987,2642.84
1039,15,0,2,12.6912,2604.23
1041,15,0,2,12.6817,2556.4
2030,15,0,2,12.6755,2525.47
1011,15,0,2,12.6753,2524.62
1547,15,0,2,12.661,2454.5
1546,15,0,2,12.656,2428.81
975,15,0,2,12.6528,2411.66
981,15,0,2,12.6487,2390.87
980,15,0,2,12.6462,2378.83
978,15,0,2,12.6426,2360.34
1304,15,0,3,12.974,4013.52,0.0815,355.478,0.17,4
2163,15,0,3,12.953,3903.78
2051,15,0,3,12.9194,3725.69
2050,15,0,3,12.9082,3666.68
2106,15,0,3,12.9013,3631.94
2039,15,0,3,12.8836,3537.97
1106,15,0,3,12.8737,3485.03
2035,15,0,3,12.8611,3418.2
1108,15,0,3,12.8411,3318.87
1302,15,0,4,13.1026,4607.99,0.035,152.659,0.22,5
1303,15,0,4,13.0823,4504.3
1305,15,0,4,13.0671,4428.28
1304,15,0,4,13.0555,4368.99
895,15,0,5,13.2866,5538.42,0.0823333,359.113,0.02,6
896,15,0,5,13.2829,5520.18
892,15,0,5,13.2792,5501.43
906,15,0,5,13.2665,5432.57
1555,15,0,5,13.2383,5277.97
2157,15,0,5,13.2274,5224.22
2019,15,0,5,13.2005,5097.96
929,15,0,5,13.2001,5095.97
938,15,0,5,13.1881,5030.12
950,15,0,5,13.1747,4959.56
951,15,0,5,13.1677,4923.85
949,15,0,5,13.1567,4867.37
1302,15,0,5,13.1376,4760.65
636,15,0,6,13.5105,6709.58,0.0665,290.053,0.15,7
633,15,0,6,13.5048,6680.05
563,15,0,6,13.4995,6655.05
564,15,0,6,13.4937,6624.21
557,15,0,6,13.4878,6591.12
561,15,0,6,13.4811,6544.59
628,15,0,6,13.4768,6519.22
609,15,0,6,13.4646,6443.42
423,15,0,6,13.4587,6387.1
419,15,0,6,13.4534,6352.25
420,15,0,6,13.4483,6317.31
421,15,0,6,13.4443,6290.53
417,15,0,6,13.4398,6266.05
1989,15,0,6,13.4232,6179.63
2011,15,0,6,13.4054,6086.44
891,15,0,6,13.3855,5980.55
892,15,0,6,13.375,5928.91
896,15,0,6,13.3724,5914.85
895,15,0,6,13.3689,5897.53
455,15,0,7,13.7396,7868.74,0.0423333,184.645,0.11,8
453,15,0,7,13.7309,7803.28
452,15,0,7,13.7187,7715.96
1678,15,0,7,13.703,7631.57
474,15,0,7,13.683,7532.06
2140,15,0,7,13.6748,7494.22
475,15,0,7,13.6681,7462.95
499,15,0,7,13.6603,7423.36
500,15,0,7,13.6557,7399.96
518,15,0,7,13.6502,7371.77
1754,15,0,7,13.637,7309.91
540,15,0,7,13.6284,7266.01
541,15,0,7,13.6177,7210.86
572,15,0,7,13.609,7165.11
1994,15,0,7,13.5993,7114.83
562,15,0,7,13.5897,7065.78
639,15,0,7,13.5863,7048.34
638,15,0,7,13.581,7020.55
636,15,0,7,13.577,6999.63
710,15,0,8,13.847,8452.59,0.0466667,203.546,0.45,9
1543,15,0,8,13.8237,8324.37
459,15,0,8,13.8136,8261.18
458,15,0,8,13.8069,8215.78
456,15,0,8,13.7983,8155.37
457,15,0,8,13.7922,8122.33
454,15,0,8,13.7846,8068.35
455,15,0,8,13.7819,8053.38
220,15,0,9,13.957,8990.13,0.072,314.042,0.12,10
222,15,0,9,13.949,8942.4
224,15,0,9,13.9328,8855.4
223,15,0,9,13.9167,8772.72
710,15,0,9,13.8937,8656.13
64,15,0,10,14.1126,9802.85,0,0,0
195,15,0,10,14.0911,9686.59
196,15,0,10,14.0883,9667.01
205,15,0,10,14.0741,9580.93
215,15,0,10,14.0496,9425.96
2130,15,0,10,14.0456,9392.3
220,15,0,10,14.029,9304.17
220,16,0,0,12.9702,511.167,0.0923333,402.73,0.08,1
2130,16,0,0,12.9524,417.757
215,16,0,0,12.9469,383.417
205,16,0,0,12.9189,223.068
196,16,0,0,12.905,137.521
195,16,0,0,12.9019,117.624
64,16,0,0,12.88,0
455,16,0,1,13.1563,1463.97,0.0423333,184.645,0.11,2
454,16,0,1,13.1531,1446.59
457,16,0,1,13.1465,1392.52
456,16,0,1,13.1416,1363.49
458,16,0,1,13.1323,1302.57
459,16,0,1,13.1257,1257.22
450,16,0,1,13.1105,1173.3
229,16,0,1,13.0994,1113.43
222,16,0,1,13.0712,962.82
220,16,0,1,13.0626,913.897
1108,16,0,2,13.4622,3110.71,0.0723333,315.496,0.16,3
1109,16,0,2,13.4582,3089.33
1113,16,0,2,13.4518,3057.08
1847,16,0,2,13.44,2996.45
1086,16,0,2,13.4363,2976.26
1087,16,0,2,13.4229,2907.7
1090,16,0,2,13.4143,2862.94
1076,16,0,2,13.3962,2769.61
1074,16,0,2,13.3922,2748.95
1077,16,0,2,13.3788,2681.98
1080,16,0,2,13.3639,2608.63
1079,16,0,2,13.3567,2572.15
1061,16,0,2,13.3525,2550.86
1063,16,0,2,13.3493,2534.02
1062,16,0,2,13.3483,2526.98
2159,16,0,2,13.348,2526
1045,16,0,2,13.3474,2522.85
1012,16,0,2,13.3401,2481.86
2028,16,0,2,13.3321,2436.4
989,16,0,2,13.3287,2420.66
990,16,0,2,13.3186,2370.4
991,16,0,2,13.316,2358.05
706,16,0,2,13.309,2318.58
704,16,0,2,13.3064,2305.81
2179,16,0,2,13.3062,2304.95
662,16,0,2,13.3,2275.3
602,16,0,2,13.2887,2207.17
599,16,0,2,13.2842,2182.47
605,16,0,2,13.2791,2154.34
529,16,0,2,13.2625,2055.45
726,16,0,2,13.2464,1953.91
714,16,0,2,13.2462,1952.03
1543,16,0,2,13.2404,1919.6
459,16,0,2,13.2303,1856.41
458,16,0,2,13.2236,1811.01
456,16,0,2,13.215,1750.6
457,16,0,2,13.2089,1717.56
454,16,0,2,13.2013,1663.57
455,16,0,2,13.1986,1648.61
1304,16,0,3,13.6631,4104.69,0.0735,320.585,0.21,4
952,16,0,3,13.6391,3973.36
953,16,0,3,13.6269,3912.31
2023,16,0,3,13.6261,3908.21
2108,16,0,3,13.6118,3832.55
1794,16,0,3,13.6056,3800.2
2106,16,0,3,13.5917,3726.45
2039,16,0,3,13.5731,3628.93
1106,16,0,3,13.5629,3574.53
2035,16,0,3,13.5509,3509.94
1108,16,0,3,13.5346,3426.21
1302,16,0,4,13.7838,4664.26,0.035,152.659,0.22,5
1303,16,0,4,13.7634,4560.57
1305,16,0,4,13.7482,4484.55
1304,16,0,4,13.7366,4425.27
895,16,0,5,13.9677,5594.69,0.0823333,359.113,0.02,6
896,16,0,5,13.964,5576.45
892,16,0,5,13.9603,5557.7
906,16,0,5,13.9477,5488.84
1555,16,0,5,13.9194,5334.24
2157,16,0,5,13.9085,5280.49
2019,16,0,5,13.8817,5154.23
929,16,0,5,13.8812,5152.25
938,16,0,5,13.8693,5086.4
950,16,0,5,13.8558,5015.84
951,16,0,5,13.8488,4980.12
949,16,0,5,13.8378,4923.64
1302,16,0,5,13.8188,4816.92
978,16,0,6,14.216,6793.17,0.0373333,162.837,0.05,7
1010,16,0,6,14.2012,6716.4
1011,16,0,6,14.187,6643.76
1009,16,0,6,14.1813,6614.33
1038,16,0,6,14.1732,6573.73
1039,16,0,6,14.1726,6571.06
1037,16,0,6,14.1627,6522.49
1034,16,0,6,14.1545,6478.66
2032,16,0,6,14.139,6401.06
1050,16,0,6,14.1127,6267.28
1049,16,0,6,14.1127,6267.19
1025,16,0,6,14.1053,6229.49
1029,16,0,6,14.0923,6163.7
1027,16,0,6,14.0794,6100.32
898,16,0,6,14.069,6047.84
895,16,0,6,14.05,5953.81
636,16,0,7,14.3331,7346.43,0.0391667,170.833,0.15,8
631,16,0,7,14.3264,7313.63
630,16,0,7,14.3206,7285.12
637,16,0,7,14.31,7233.04
1996,16,0,7,14.2976,7169.75
1997,16,0,7,14.2937,7149.85
2027,16,0,7,14.2664,7019.63
2026,16,0,7,14.2606,6991.15
978,16,0,7,14.2533,6956
603,16,0,8,14.4565,7952.99,0.0658333,287.145,0.35,9
604,16,0,8,14.4517,7927.58
596,16,0,8,14.4516,7926.61
580,16,0,8,14.4373,7850.4
583,16,0,8,14.4311,7820.59
587,16,0,8,14.4288,7806.16
578,16,0,8,14.4258,7789.34
575,16,0,8,14.4202,7758.24
571,16,0,8,14.4173,7742.11
570,16,0,8,14.4125,7718.84
1994,16,0,8,14.3998,7654.49
562,16,0,8,14.3864,7589.43
639,16,0,8,14.3829,7571.99
638,16,0,8,14.3762,7537.96
636,16,0,8,14.3722,7517.26
710,16,0,9,14.5861,8653.53,0.0876667,382.376,0.44,10
1543,16,0,9,14.5662,8538.16
715,16,0,9,14.5615,8493.68
714,16,0,9,14.5577,8469.84
726,16,0,9,14.5575,8467.98
529,16,0,9,14.5435,8368.37
605,16,0,9,14.5281,8271.11
603,16,0,9,14.5223,8240.13
64,16,0,10,14.7825,9734.74,0,0,0
195,16,0,10,14.7609,9618.49
196,16,0,10,14.7582,9598.91
205,16,0,10,14.7439,9512.83
215,16,0,10,14.7195,9357.85
225,16,0,10,14.6946,9154.01
1680,16,0,10,14.6918,9135.17
710,16,0,10,14.6738,9035.9
220,17,0,0,13.0702,511.167,0.072,314.042,0.12,1
2130,17,0,0,13.0524,417.757
215,17,0,0,13.0469,383.417
205,17,0,0,13.0189,223.068
196,17,0,0,13.005,137.521
195,17,0,0,13.0019,117.624
64,17,0,0,12.98,0
455,17,0,1,13.236,1375.28,0.0423333,184.645,0.11,2
454,17,0,1,13.2327,1357.9
457,17,0,1,13.2262,1303.83
456,17,0,1,13.2212,1274.8
458,17,0,1,13.212,1213.88
459,17,0,1,13.2054,1168.53
450,17,0,1,13.1902,1084.61
229,17,0,1,13.1791,1024.74
222,17,0,1,13.1509,874.132
220,17,0,1,13.1422,825.209
710,17,0,2,13.3434,1959.13,0.0466667,203.546,0.45,3
1543,17,0,2,13.3201,1830.91
459,17,0,2,13.3099,1767.72
458,17,0,2,13.3032,1722.32
456,17,0,2,13.2946,1661.92
457,17,0,2,13.2886,1628.87
454,17,0,2,13.281,1574.89
455,17,0,2,13.2783,1559.93
1108,17,0,3,13.6334,3474.52,0.0723333,315.496,0.16,4
1109,17,0,3,13.6284,3449.09
1113,17,0,3,13.6228,3419.86
1847,17,0,3,13.6111,3359.89
1086,17,0,3,13.6075,3339.71
1087,17,0,3,13.594,3271.15
1090,17,0,3,13.5854,3226.39
1076,17,0,3,13.5674,3133.06
1074,17,0,3,13.5634,3112.4
1077,17,0,3,13.5499,3045.43
1080,17,0,3,13.535,2972.08
1079,17,0,3,13.5279,2935.6
1061,17,0,3,13.5236,2914.31
1063,17,0,3,13.5204,2897.47
1062,17,0,3,13.5194,2890.43
2159,17,0,3,13.5192,2889.45
1045,17,0,3,13.5185,2886.3
1012,17,0,3,13.5113,2845.31
2028,17,0,3,13.5032,2799.85
989,17,0,3,13.4998,2784.11
990,17,0,3,13.4898,2733.85
991,17,0,3,13.4872,2721.5
706,17,0,3,13.4802,2682.03
704,17,0,3,13.4775,2669.26
2179,17,0,3,13.4773,2668.4
662,17,0,3,13.4711,2638.75
602,17,0,3,13.4599,2570.61
599,17,0,3,13.4554,2545.91
605,17,0,3,13.4502,2517.79
529,17,0,3,13.4337,2418.9
726,17,0,3,13.4175,2317.36
714,17,0,3,13.4173,2315.48
1543,17,0,3,13.4115,2283.04
710,17,0,3,13.39,2162.68
1304,17,0,4,13.8344,4468.49,0.0735,320.585,0.21,5
952,17,0,4,13.8104,4337.17
953,17,0,4,13.7981,4276.12
2023,17,0,4,13.7973,4272.02
2108,17,0,4,13.7831,4196.36
1794,17,0,4,13.7768,4164.01
2106,17,0,4,13.7629,4090.26
2039,17,0,4,13.7443,3992.74
1106,17,0,4,13.7341,3938.34
2035,17,0,4,13.7221,3873.75
1108,17,0,4,13.7058,3790.02
1302,17,0,5,13.955,5028.07,0.035,152.659,0.22,6
1303,17,0,5,13.9346,4924.38
1305,17,0,5,13.9194,4848.36
1304,17,0,5,13.9079,4789.08
895,17,0,6,14.1389,5958.5,0.081,353.298,0.02,7
896,17,0,6,14.1352,5940.26
892,17,0,6,14.1315,5921.51
906,17,0,6,14.1189,5852.65
1555,17,0,6,14.0907,5698.05
2157,17,0,6,14.0797,5644.3
2019,17,0,6,14.0529,5518.04
929,17,0,6,14.0525,5516.06
938,17,0,6,14.0405,5450.21
950,17,0,6,14.027,5379.65
951,17,0,6,14.02,5343.93
949,17,0,6,14.009,5287.45
1302,17,0,6,13.99,5180.73
978,17,0,7,14.3859,7151.16,0.0373333,162.837,0.05,8
1010,17,0,7,14.3711,7074.39
1011,17,0,7,14.3568,7001.75
1009,17,0,7,14.3512,6972.32
1038,17,0,7,14.3431,6931.72
1039,17,0,7,14.3425,6929.05
1037,17,0,7,14.3326,6880.49
1034,17,0,7,14.3244,6836.65
2032,17,0,7,14.3089,6759.05
1050,17,0,7,14.2826,6625.27
1049,17,0,7,14.2825,6625.18
1025,17,0,7,14.2752,6587.48
1029,17,0,7,14.2622,6521.69
1027,17,0,7,14.2493,6458.32
898,17,0,7,14.2389,6405.83
895,17,0,7,14.2199,6311.8
636,17,0,8,14.5029,7704.42,0.0391667,170.833,0.15,9
631,17,0,8,14.4962,7671.63
630,17,0,8,14.4905,7643.11
637,17,0,8,14.4799,7591.03
1996,17,0,8,14.4674,7527.74
1997,17,0,8,14.4636,7507.84
2027,17,0,8,14.4363,7377.62
2026,17,0,8,14.4305,7349.14
978,17,0,8,14.4232,7314
603,17,0,9,14.6264,8310.98,0.0658333,287.145,0.35,10
604,17,0,9,14.6216,8285.57
596,17,0,9,14.6214,8284.6
580,17,0,9,14.6072,8208.39
583,17,0,9,14.6009,8178.58
587,17,0,9,14.5987,8164.15
578,17,0,9,14.5957,8147.34
575,17,0,9,14.5901,8116.23
571,17,0,9,14.5872,8100.11
570,17,0,9,14.5824,8076.83
1994,17,0,9,14.5697,8012.48
562,17,0,9,14.5563,7947.42
639,17,0,9,14.5528,7929.98
638,17,0,9,14.5461,7895.95
636,17,0,9,14.5421,7875.25
64,17,0,10,14.8542,9622.94,0,0,0
195,17,0,10,14.8326,9506.69
196,17,0,10,14.8299,9487.11
205,17,0,10,14.8156,9401.03
215,17,0,10,14.7912,9246.05
225,17,0,10,14.7663,9042.22
715,17,0,10,14.7314,8851.67
714,17,0,10,14.7276,8827.83
726,17,0,10,14.7274,8825.97
529,17,0,10,14.7134,8726.36
605,17,0,10,14.698,8629.11
603,17,0,10,14.6922,8598.13
220,18,0,0,11.0872,472.978,0.0955,416.542,0.04,1
2130,18,0,0,11.0724,392.48
215,18,0,0,11.0675,358.782
205,18,0,0,11.0436,204.484
196,18,0,0,11.0305,119.897
195,18,0,0,11.0279,100.335
64,18,0,0,11.01,0
710,18,0,1,11.2404,1198.14,0.0443333,193.369,0.36,2
223,18,0,1,11.2229,1104.91
224,18,0,1,11.2088,1031.05
222,18,0,1,11.193,945.57
220,18,0,1,11.1827,889.52
455,18,0,2,11.3438,1774.06,0.0408333,178.103,0.03,3
454,18,0,2,11.341,1758.44
457,18,0,2,11.3343,1704.48
456,18,0,2,11.3291,1675.03
458,18,0,2,11.3196,1613.89
459,18,0,2,11.3137,1568.78
1543,18,0,2,11.3044,1506.55
710,18,0,2,11.2847,1391.51
603,18,0,3,11.475,2516.24,0.109,475.425,0.32,4
604,18,0,3,11.4708,2493.1
596,18,0,3,11.4706,2492.13
595,18,0,3,11.4652,2461.72
605,18,0,3,11.464,2453.73
529,18,0,3,11.4468,2353.71
726,18,0,3,11.4309,2252.51
714,18,0,3,11.4307,2250.62
1543,18,0,3,11.4259,2220.1
459,18,0,3,11.4156,2156.7
458,18,0,3,11.4091,2111.44
456,18,0,3,11.4,2050.65
457,18,0,3,11.3946,2020.43
454,18,0,3,11.387,1966.47
455,18,0,3,11.3846,1952.16
1108,18,0,4,11.7762,3990.79,0.0935,407.819,0.09,5
1109,18,0,4,11.7718,3968.11
1113,18,0,4,11.765,3933.96
1847,18,0,4,11.7515,3866.44
1086,18,0,4,11.7479,3846.41
1087,18,0,4,11.7334,3773.22
1090,18,0,4,11.7247,3728.06
1076,18,0,4,11.6985,3601.08
1074,18,0,4,11.6944,3579.96
1077,18,0,4,11.6848,3529.14
1080,18,0,4,11.6713,3461.94
1079,18,0,4,11.6647,3427.48
1061,18,0,4,11.6605,3406.2
1063,18,0,4,11.6569,3388.03
1062,18,0,4,11.6559,3380.95
2159,18,0,4,11.6556,3379.84
1045,18,0,4,11.6549,3376.69
1012,18,0,4,11.6477,3335.7
1014,18,0,4,11.6472,3332.84
989,18,0,4,11.6361,3274.53
990,18,0,4,11.6261,3224.27
991,18,0,4,11.6235,3211.92
706,18,0,4,11.6165,3172.46
704,18,0,4,11.6138,3159.68
2179,18,0,4,11.6136,3158.82
662,18,0,4,11.6074,3129.17
602,18,0,4,11.5961,3060.9
604,18,0,4,11.5935,3044.1
596,18,0,4,11.5934,3043.13
595,18,0,4,11.5879,3012.72
603,18,0,4,11.584,2991.67
1304,18,0,5,11.9992,5081.23,0.0428333,186.826,0.12,6
952,18,0,5,11.9748,4948.24
953,18,0,5,11.9641,4893.46
2023,18,0,5,11.9632,4889.36
2108,18,0,5,11.9468,4804.15
1794,18,0,5,11.9397,4768.39
2106,18,0,5,11.9245,4689.02
2039,18,0,5,11.9068,4595.49
1106,18,0,5,11.8972,4543.54
2035,18,0,5,11.883,4469.49
1108,18,0,5,11.8697,4398.6
895,18,0,6,12.1981,6068.38,0.0435,189.734,0.02,7
907,18,0,6,12.1824,5991.05
908,18,0,6,12.1733,5945.57
2014,18,0,6,12.1727,5942.89
2017,18,0,6,12.1716,5937.2
2170,18,0,6,12.1688,5923.01
1738,18,0,6,12.1514,5836.08
1737,18,0,6,12.1447,5802.3
936,18,0,6,12.1295,5723.39
933,18,0,6,12.1289,5720.45
934,18,0,6,12.1234,5682.8
935,18,0,6,12.1229,5680.19
2020,18,0,6,12.1118,5623.21
1787,18,0,6,12.0922,5526.06
1788,18,0,6,12.0914,5522.36
1789,18,0,6,12.08,5465.37
952,18,0,6,12.0711,5420.92
1304,18,0,6,12.042,5268.05
64,18,0,7,12.6024,8376.44,0,0,0
195,18,0,7,12.5733,8228.06
196,18,0,7,12.5705,8208.47
205,18,0,7,12.556,8122.02
215,18,0,7,12.5305,7965.64
225,18,0,7,12.5045,7762.43
715,18,0,7,12.473,7586.76
714,18,0,7,12.469,7562.6
726,18,0,7,12.4688,7560.75
529,18,0,7,12.4547,7461.1
605,18,0,7,12.4398,7364.43
603,18,0,7,12.4335,7331.35
604,18,0,7,12.4296,7309.49
596,18,0,7,12.4294,7308.52
580,18,0,7,12.4178,7244
574,18,0,7,12.3964,7132.88
573,18,0,7,12.3868,7079.08
564,18,0,7,12.3793,7038.82
557,18,0,7,12.3745,7007.75
561,18,0,7,12.368,6961.31
628,18,0,7,12.3638,6936.17
609,18,0,7,12.3521,6860.87
423,18,0,7,12.3462,6804.55
419,18,0,7,12.3394,6766.98
420,18,0,7,12.3334,6730.95
421,18,0,7,12.3288,6703.46
417,18,0,7,12.3238,6676.74
1989,18,0,7,12.3054,6582.53
2011,18,0,7,12.2861,6482.82
891,18,0,7,12.2641,6368.36
893,18,0,7,12.2581,6337.49
894,18,0,7,12.2528,6312.75
895,18,0,7,12.2416,6258.12
978,18,1,0,13.597,1574.75,0.0648333,282.783,0.06,1
1010,18,1,0,13.582,1497.65
1016,18,1,0,13.562,1404.7
1548,18,1,0,13.555,1368.79
1012,18,1,0,13.5504,1344.83
2028,18,1,0,13.5423,1299.37
989,18,1,0,13.5389,1283.63
990,18,1,0,13.5288,1233.37
991,18,1,0,13.5262,1221.01
706,18,1,0,13.5192,1181.55
704,18,1,0,13.5166,1168.78
2179,18,1,0,13.5164,1167.92
662,18,1,0,13.5102,1138.27
602,18,1,0,13.499,1070.13
599,18,1,0,13.4945,1045.43
605,18,1,0,13.4893,1017.31
529,18,1,0,13.4727,918.413
726,18,1,0,13.4566,816.876
714,18,1,0,13.4564,814.998
715,18,1,0,13.4529,791.373
225,18,1,0,13.4351,630.742
215,18,1,0,13.4079,427.668
205,18,1,0,13.3769,255.297
196,18,1,0,13.3618,168.03
195,18,1,0,13.3592,148.465
64,18,1,0,13.33,0
1302,18,1,1,13.9422,3301.76,0.035,152.659,0.22,2
949,18,1,1,13.9192,3177.7
951,18,1,1,13.9086,3123.16
950,18,1,1,13.9002,3081.64
938,18,1,1,13.8885,3018.52
929,18,1,1,13.8759,2949.83
2019,18,1,1,13.8755,2947.85
2157,18,1,1,13.8563,2853.04
1555,18,1,1,13.8459,2801.24
915,18,1,1,13.8384,2764.11
2016,18,1,1,13.8169,2657.2
917,18,1,1,13.8161,2653.39
916,18,1,1,13.8159,2652.48
919,18,1,1,13.8102,2613.4
2017,18,1,1,13.8101,2613.22
1786,18,1,1,13.8055,2589.68
2018,18,1,1,13.792,2517.89
1053,18,1,1,13.7526,2309.6
2033,18,1,1,13.7331,2218.02
1054,18,1,1,13.7242,2171.81
1037,18,1,1,13.7192,2145.09
1039,18,1,1,13.7122,2108.71
1041,18,1,1,13.7034,2063.93
2030,18,1,1,13.6973,2033
1011,18,1,1,13.6969,2031.55
1547,18,1,1,13.6796,1948.9
1546,18,1,1,13.6741,1921.53
975,18,1,1,13.6707,1903.56
981,18,1,1,13.6674,1885.83
980,18,1,1,13.6649,1874.06
978,18,1,1,13.6618,1857.53
636,18,1,2,14.2289,4853.33,0.0391667,170.833,0.15,3
633,18,1,2,14.2232,4823.53
563,18,1,2,14.2178,4798.53
564,18,1,2,14.2121,4767.69
557,18,1,2,14.2062,4734.61
561,18,1,2,14.1995,4688.07
628,18,1,2,14.1952,4662.7
609,18,1,2,14.183,4586.9
423,18,1,2,14.1771,4530.58
419,18,1,2,14.1718,4495.73
420,18,1,2,14.1666,4460.79
421,18,1,2,14.1626,4434.01
417,18,1,2,14.1581,4409.53
1989,18,1,2,14.1416,4323.12
2011,18,1,2,14.1238,4229.93
2156,18,1,2,14.1185,4202.6
2013,18,1,2,14.1179,4199.45
886,18,1,2,14.106,4141.27
888,18,1,2,14.0862,4035.16
903,18,1,2,14.0724,3965.27
904,18,1,2,14.069,3946.9
925,18,1,2,14.0455,3819
2019,18,1,2,14.0401,3791.73
929,18,1,2,14.0397,3789.75
938,18,1,2,14.0277,3723.9
950,18,1,2,14.0142,3653.34
951,18,1,2,14.0072,3617.62
949,18,1,2,13.9962,3561.14
1302,18,1,2,13.9772,3454.42
64,18,1,3,14.5143,6484.71,0,0,0
195,18,1,3,14.4927,6368.46
196,18,1,3,14.49,6348.88
205,18,1,3,14.4757,6262.8
215,18,1,3,14.4513,6107.82
225,18,1,3,14.4264,5903.98
715,18,1,3,14.3915,5713.44
714,18,1,3,14.3877,5689.6
726,18,1,3,14.3876,5687.74
529,18,1,3,14.3735,5588.13
605,18,1,3,14.3581,5490.87
603,18,1,3,14.3523,5459.89
604,18,1,3,14.3475,5434.48
596,18,1,3,14.3474,5433.51
580,18,1,3,14.3331,5357.31
583,18,1,3,14.3269,5327.49
587,18,1,3,14.3247,5313.06
578,18,1,3,14.3216,5296.25
575,18,1,3,14.3161,5265.14
571,18,1,3,14.3132,5249.02
570,18,1,3,14.3084,5225.74
1994,18,1,3,14.2956,5161.39
562,18,1,3,14.2822,5096.33
639,18,1,3,14.2788,5078.89
638,18,1,3,14.2721,5044.86
636,18,1,3,14.2681,5024.16
