Nodo,Individuo,Ruta,Segmento,Tiempo viaje,Costo viaje,Tiempo atencion,Costo atencion,Tasa fallo,Demanda
220,0,0,0,11.0872,472.978,0.0955,416.542,0.04,1
2130,0,0,0,11.0724,392.48
215,0,0,0,11.0675,358.782
205,0,0,0,11.0436,204.484
196,0,0,0,11.0305,119.897
195,0,0,0,11.0279,100.335
64,0,0,0,11.01,0
710,0,0,1,11.2404,1198.14,0.0443333,193.369,0.36,2
223,0,0,1,11.2229,1104.91
224,0,0,1,11.2088,1031.05
222,0,0,1,11.193,945.57
220,0,0,1,11.1827,889.52
455,0,0,2,11.3438,1774.06,0.0408333,178.103,0.03,3
454,0,0,2,11.341,1758.44
457,0,0,2,11.3343,1704.48
456,0,0,2,11.3291,1675.03
458,0,0,2,11.3196,1613.89
459,0,0,2,11.3137,1568.78
1543,0,0,2,11.3044,1506.55
710,0,0,2,11.2847,1391.51
603,0,0,3,11.475,2516.24,0.109,475.425,0.32,4
604,0,0,3,11.4708,2493.1
596,0,0,3,11.4706,2492.13
595,0,0,3,11.4652,2461.72
605,0,0,3,11.464,2453.73
529,0,0,3,11.4468,2353.71
726,0,0,3,11.4309,2252.51
714,0,0,3,11.4307,2250.62
1543,0,0,3,11.4259,2220.1
459,0,0,3,11.4156,2156.7
458,0,0,3,11.4091,2111.44
456,0,0,3,11.4,2050.65
457,0,0,3,11.3946,2020.43
454,0,0,3,11.387,1966.47
455,0,0,3,11.3846,1952.16
1108,0,0,4,11.7762,3990.79,0.0935,407.819,0.09,5
1109,0,0,4,11.7718,3968.11
1113,0,0,4,11.765,3933.96
1847,0,0,4,11.7515,3866.44
1086,0,0,4,11.7479,3846.41
1087,0,0,4,11.7334,3773.22
1090,0,0,4,11.7247,3728.06
1076,0,0,4,11.6985,3601.08
1074,0,0,4,11.6944,3579.96
1077,0,0,4,11.6848,3529.14
1080,0,0,4,11.6713,3461.94
1079,0,0,4,11.6647,3427.48
1061,0,0,4,11.6605,3406.2
1063,0,0,4,11.6569,3388.03
1062,0,0,4,11.6559,3380.95
2159,0,0,4,11.6556,3379.84
1045,0,0,4,11.6549,3376.69
1012,0,0,4,11.6477,3335.7
1014,0,0,4,11.6472,3332.84
989,0,0,4,11.6361,3274.53
990,0,0,4,11.6261,3224.27
991,0,0,4,11.6235,3211.92
706,0,0,4,11.6165,3172.46
704,0,0,4,11.6138,3159.68
2179,0,0,4,11.6136,3158.82
662,0,0,4,11.6074,3129.17
602,0,0,4,11.5961,3060.9
604,0,0,4,11.5935,3044.1
596,0,0,4,11.5934,3043.13
595,0,0,4,11.5879,3012.72
603,0,0,4,11.584,2991.67
1304,0,0,5,11.9992,5081.23,0.0428333,186.826,0.12,6
952,0,0,5,11.9748,4948.24
953,0,0,5,11.9641,4893.46
2023,0,0,5,11.9632,4889.36
2108,0,0,5,11.9468,4804.15
1794,0,0,5,11.9397,4768.39
2106,0,0,5,11.9245,4689.02
2039,0,0,5,11.9068,4595.49
1106,0,0,5,11.8972,4543.54
2035,0,0,5,11.883,4469.49
1108,0,0,5,11.8697,4398.6
895,0,0,6,12.1981,6068.38,0.0435,189.734,0.02,7
907,0,0,6,12.1824,5991.05
908,0,0,6,12.1733,5945.57
2014,0,0,6,12.1727,5942.89
2017,0,0,6,12.1716,5937.2
2170,0,0,6,12.1688,5923.01
1738,0,0,6,12.1514,5836.08
1737,0,0,6,12.1447,5802.3
936,0,0,6,12.1295,5723.39
933,0,0,6,12.1289,5720.45
934,0,0,6,12.1234,5682.8
935,0,0,6,12.1229,5680.19
2020,0,0,6,12.1118,5623.21
1787,0,0,6,12.0922,5526.06
1788,0,0,6,12.0914,5522.36
1789,0,0,6,12.08,5465.37
952,0,0,6,12.0711,5420.92
1304,0,0,6,12.042,5268.05
64,0,0,7,12.6024,8376.44,0,0,0
195,0,0,7,12.5733,8228.06
196,0,0,7,12.5705,8208.47
205,0,0,7,12.556,8122.02
215,0,0,7,12.5305,7965.64
225,0,0,7,12.5045,7762.43
715,0,0,7,12.473,7586.76
714,0,0,7,12.469,7562.6
726,0,0,7,12.4688,7560.75
529,0,0,7,12.4547,7461.1
605,0,0,7,12.4398,7364.43
603,0,0,7,12.4335,7331.35
604,0,0,7,12.4296,7309.49
596,0,0,7,12.4294,7308.52
580,0,0,7,12.4178,7244
574,0,0,7,12.3964,7132.88
573,0,0,7,12.3868,7079.08
564,0,0,7,12.3793,7038.82
557,0,0,7,12.3745,7007.75
561,0,0,7,12.368,6961.31
628,0,0,7,12.3638,6936.17
609,0,0,7,12.3521,6860.87
423,0,0,7,12.3462,6804.55
419,0,0,7,12.3394,6766.98
420,0,0,7,12.3334,6730.95
421,0,0,7,12.3288,6703.46
417,0,0,7,12.3238,6676.74
1989,0,0,7,12.3054,6582.53
2011,0,0,7,12.2861,6482.82
891,0,0,7,12.2641,6368.36
893,0,0,7,12.2581,6337.49
894,0,0,7,12.2528,6312.75
895,0,0,7,12.2416,6258.12
1302,0,1,0,13.9642,2766.91,0.035,152.659,0.22,1
949,0,1,0,13.9412,2642.85
2025,0,1,0,13.9377,2625.39
1598,0,1,0,13.9344,2606.63
948,0,1,0,13.9295,2579.61
928,0,1,0,13.9191,2522.31
929,0,1,0,13.8989,2416.19
2019,0,1,0,13.8985,2414.21
2157,0,1,0,13.8724,2290.85
905,0,1,0,13.8355,2102.44
889,0,1,0,13.8262,2054.31
890,0,1,0,13.8196,2018.4
2013,0,1,0,13.8001,1915.19
1988,0,1,0,13.7825,1821.32
417,0,1,0,13.762,1716.71
418,0,1,0,13.758,1695.77
419,0,1,0,13.7425,1609.96
423,0,1,0,13.7363,1573.67
609,0,1,0,13.7304,1517.35
628,0,1,0,13.7206,1443.34
561,0,1,0,13.7167,1418.58
557,0,1,0,13.7093,1371.34
554,0,1,0,13.7071,1360.2
565,0,1,0,13.697,1306.55
573,0,1,0,13.6917,1279.96
574,0,1,0,13.6844,1230.49
580,0,1,0,13.6616,1113.57
596,0,1,0,13.6555,1053.72
595,0,1,0,13.6505,1025.37
605,0,1,0,13.6493,1017.31
529,0,1,0,13.6327,918.413
726,0,1,0,13.6166,816.876
714,0,1,0,13.6164,814.998
715,0,1,0,13.6129,791.373
225,0,1,0,13.5951,630.742
215,0,1,0,13.5679,427.668
205,0,1,0,13.5369,255.297
196,0,1,0,13.5218,168.03
195,0,1,0,13.5192,148.465
64,0,1,0,13.49,0
636,0,1,1,14.251,4318.48,0.0391667,170.833,0.15,2
633,0,1,1,14.2452,4288.68
563,0,1,1,14.2399,4263.68
564,0,1,1,14.2341,4232.84
557,0,1,1,14.2282,4199.76
561,0,1,1,14.2215,4153.23
628,0,1,1,14.2172,4127.85
609,0,1,1,14.205,4052.05
423,0,1,1,14.1991,3995.73
419,0,1,1,14.1938,3960.89
420,0,1,1,14.1887,3925.94
421,0,1,1,14.1847,3899.17
417,0,1,1,14.1802,3874.68
1989,0,1,1,14.1636,3788.27
2011,0,1,1,14.1459,3695.08
2156,0,1,1,14.1406,3667.75
2013,0,1,1,14.1399,3664.6
886,0,1,1,14.128,3606.42
888,0,1,1,14.1082,3500.31
903,0,1,1,14.0944,3430.43
904,0,1,1,14.091,3412.05
925,0,1,1,14.0676,3284.15
2019,0,1,1,14.0621,3256.89
929,0,1,1,14.0617,3254.9
938,0,1,1,14.0498,3189.05
950,0,1,1,14.0363,3118.49
951,0,1,1,14.0293,3082.77
949,0,1,1,14.0183,3026.3
1302,0,1,1,13.9992,2919.57
978,0,1,2,14.3891,4980.08,0.0373333,162.837,0.05,3
1010,0,1,2,14.3743,4903.32
2026,0,1,2,14.3427,4752.46
2027,0,1,2,14.3372,4725.3
1998,0,1,2,14.327,4673.12
1997,0,1,2,14.3187,4630.88
1996,0,1,2,14.313,4603.57
1995,0,1,2,14.3057,4568.72
638,0,1,2,14.2941,4510.02
636,0,1,2,14.2901,4489.32
64,0,1,3,14.6888,6680.49,0,0,0
195,0,1,3,14.6675,6565.47
196,0,1,3,14.6648,6545.89
205,0,1,3,14.6505,6459.81
215,0,1,3,14.6261,6304.84
225,0,1,3,14.6012,6101
715,0,1,3,14.5663,5910.46
714,0,1,3,14.5626,5886.62
726,0,1,3,14.5624,5884.76
529,0,1,3,14.5483,5785.15
605,0,1,3,14.533,5687.89
603,0,1,3,14.5272,5656.91
2202,0,1,3,14.5239,5636.38
602,0,1,3,14.5201,5611.78
1851,0,1,3,14.5097,5541.74
1852,0,1,3,14.502,5505.92
706,0,1,3,14.4891,5442.76
703,0,1,3,14.4829,5412.34
1542,0,1,3,14.4731,5365.69
698,0,1,3,14.4658,5331.16
700,0,1,3,14.459,5298.53
690,0,1,3,14.4439,5227.54
979,0,1,3,14.4358,5189.51
980,0,1,3,14.4299,5161.11
978,0,1,3,14.4264,5142.92
220,1,0,0,11.0872,472.978,0.0955,416.542,0.04,1
2130,1,0,0,11.0724,392.48
215,1,0,0,11.0675,358.782
205,1,0,0,11.0436,204.484
196,1,0,0,11.0305,119.897
195,1,0,0,11.0279,100.335
64,1,0,0,11.01,0
710,1,0,1,11.2404,1198.14,0.0443333,193.369,0.36,2
223,1,0,1,11.2229,1104.91
224,1,0,1,11.2088,1031.05
222,1,0,1,11.193,945.57
220,1,0,1,11.1827,889.52
455,1,0,2,11.3438,1774.06,0.0408333,178.103,0.03,3
454,1,0,2,11.341,1758.44
457,1,0,2,11.3343,1704.48
456,1,0,2,11.3291,1675.03
458,1,0,2,11.3196,1613.89
459,1,0,2,11.3137,1568.78
1543,1,0,2,11.3044,1506.55
710,1,0,2,11.2847,1391.51
603,1,0,3,11.475,2516.24,0.109,475.425,0.32,4
604,1,0,3,11.4708,2493.1
596,1,0,3,11.4706,2492.13
595,1,0,3,11.4652,2461.72
605,1,0,3,11.464,2453.73
529,1,0,3,11.4468,2353.71
726,1,0,3,11.4309,2252.51
714,1,0,3,11.4307,2250.62
1543,1,0,3,11.4259,2220.1
459,1,0,3,11.4156,2156.7
458,1,0,3,11.4091,2111.44
456,1,0,3,11.4,2050.65
457,1,0,3,11.3946,2020.43
454,1,0,3,11.387,1966.47
455,1,0,3,11.3846,1952.16
1108,1,0,4,11.7762,3990.79,0.0935,407.819,0.09,5
1109,1,0,4,11.7718,3968.11
1113,1,0,4,11.765,3933.96
1847,1,0,4,11.7515,3866.44
1086,1,0,4,11.7479,3846.41
1087,1,0,4,11.7334,3773.22
1090,1,0,4,11.7247,3728.06
1076,1,0,4,11.6985,3601.08
1074,1,0,4,11.6944,3579.96
1077,1,0,4,11.6848,3529.14
1080,1,0,4,11.6713,3461.94
1079,1,0,4,11.6647,3427.48
1061,1,0,4,11.6605,3406.2
1063,1,0,4,11.6569,3388.03
1062,1,0,4,11.6559,3380.95
2159,1,0,4,11.6556,3379.84
1045,1,0,4,11.6549,3376.69
1012,1,0,4,11.6477,3335.7
1014,1,0,4,11.6472,3332.84
989,1,0,4,11.6361,3274.53
990,1,0,4,11.6261,3224.27
991,1,0,4,11.6235,3211.92
706,1,0,4,11.6165,3172.46
704,1,0,4,11.6138,3159.68
2179,1,0,4,11.6136,3158.82
662,1,0,4,11.6074,3129.17
602,1,0,4,11.5961,3060.9
604,1,0,4,11.5935,3044.1
596,1,0,4,11.5934,3043.13
595,1,0,4,11.5879,3012.72
603,1,0,4,11.584,2991.67
1304,1,0,5,11.9992,5081.23,0.0428333,186.826,0.12,6
952,1,0,5,11.9748,4948.24
953,1,0,5,11.9641,4893.46
2023,1,0,5,11.9632,4889.36
2108,1,0,5,11.9468,4804.15
1794,1,0,5,11.9397,4768.39
2106,1,0,5,11.9245,4689.02
2039,1,0,5,11.9068,4595.49
1106,1,0,5,11.8972,4543.54
2035,1,0,5,11.883,4469.49
1108,1,0,5,11.8697,4398.6
1302,1,0,6,12.088,5502.06,0.106833,465.975,0.24,7
1303,1,0,6,12.0676,5398.52
1305,1,0,6,12.0541,5329.61
1304,1,0,6,12.042,5268.05
895,1,0,7,12.3606,6816.77,0.0435,189.734,0.02,8
896,1,0,7,12.3569,6798.53
892,1,0,7,12.3534,6780.74
906,1,0,7,12.3351,6687.94
1555,1,0,7,12.3097,6545.19
2157,1,0,7,12.2971,6484.56
2019,1,0,7,12.268,6349.38
929,1,0,7,12.2676,6347.4
938,1,0,7,12.2555,6281.27
950,1,0,7,12.2396,6200.24
951,1,0,7,12.2331,6166.99
949,1,0,7,12.2215,6107.7
1302,1,0,7,12.1948,5968.03
64,1,0,8,12.7649,9124.82,0,0,0
195,1,0,8,12.7357,8976.45
196,1,0,8,12.733,8956.85
205,1,0,8,12.7185,8870.4
215,1,0,8,12.693,8714.02
225,1,0,8,12.6669,8510.81
715,1,0,8,12.6354,8335.14
714,1,0,8,12.6314,8310.99
726,1,0,8,12.6312,8309.13
529,1,0,8,12.6171,8209.48
605,1,0,8,12.6023,8112.82
603,1,0,8,12.596,8079.74
604,1,0,8,12.592,8057.88
596,1,0,8,12.5919,8056.91
580,1,0,8,12.5803,7992.38
574,1,0,8,12.5589,7881.26
573,1,0,8,12.5493,7827.46
564,1,0,8,12.5418,7787.2
557,1,0,8,12.5369,7756.14
561,1,0,8,12.5304,7709.7
628,1,0,8,12.5263,7684.55
609,1,0,8,12.5145,7609.26
423,1,0,8,12.5086,7552.94
419,1,0,8,12.5019,7515.36
420,1,0,8,12.4958,7479.33
421,1,0,8,12.4913,7451.84
417,1,0,8,12.4863,7425.13
1989,1,0,8,12.4678,7330.91
2011,1,0,8,12.4485,7231.2
891,1,0,8,12.4266,7116.75
893,1,0,8,12.4205,7085.88
894,1,0,8,12.4153,7061.13
895,1,0,8,12.4041,7006.5
978,1,1,0,14.5446,1541.01,0.0373333,162.837,0.05,1
1010,1,1,0,14.5301,1465.78
1016,1,1,0,14.5104,1374.31
1548,1,1,0,14.5034,1338.05
1012,1,1,0,14.4984,1312.65
2028,1,1,0,14.4903,1267.19
989,1,1,0,14.4869,1251.45
990,1,1,0,14.4769,1201.19
991,1,1,0,14.4743,1188.84
706,1,1,0,14.4673,1149.38
704,1,1,0,14.4646,1136.6
2179,1,1,0,14.4644,1135.74
662,1,1,0,14.4582,1106.09
602,1,1,0,14.447,1038.03
599,1,1,0,14.443,1015.4
605,1,1,0,14.4393,991.921
529,1,1,0,14.4222,892.037
726,1,1,0,14.4076,792.08
714,1,1,0,14.4074,790.213
715,1,1,0,14.4038,766.53
225,1,1,0,14.3863,605.342
215,1,1,0,14.3604,402.069
205,1,1,0,14.3337,243.798
196,1,1,0,14.3195,157.808
195,1,1,0,14.3168,138.229
64,1,1,0,14.29,0
636,1,1,1,14.6616,2094.27,0.0391667,170.833,0.15,2
631,1,1,1,14.6549,2061.48
630,1,1,1,14.6492,2032.96
637,1,1,1,14.6386,1980.88
1996,1,1,1,14.6261,1917.59
1997,1,1,1,14.6223,1897.69
2027,1,1,1,14.595,1767.47
2026,1,1,1,14.5892,1738.99
978,1,1,1,14.5819,1703.84
64,1,1,2,14.947,3725.65,0,0,0
195,1,1,2,14.9254,3609.39
196,1,1,2,14.9227,3589.81
205,1,1,2,14.9085,3503.73
215,1,1,2,14.884,3348.75
225,1,1,2,14.8592,3144.92
715,1,1,2,14.8242,2954.38
714,1,1,2,14.8205,2930.54
726,1,1,2,14.8203,2928.68
529,1,1,2,14.8062,2829.07
605,1,1,2,14.7909,2731.81
603,1,1,2,14.7851,2700.83
604,1,1,2,14.7803,2675.42
596,1,1,2,14.7801,2674.45
580,1,1,2,14.7659,2598.24
583,1,1,2,14.7596,2568.43
587,1,1,2,14.7574,2554
578,1,1,2,14.7544,2537.18
575,1,1,2,14.7488,2506.08
571,1,1,2,14.7459,2489.96
570,1,1,2,14.7411,2466.68
1994,1,1,2,14.7284,2402.33
562,1,1,2,14.715,2337.27
639,1,1,2,14.7115,2319.83
638,1,1,2,14.7048,2285.8
636,1,1,2,14.7008,2265.1
220,2,0,0,11.0772,472.978,0.0955,416.542,0.04,1
2130,2,0,0,11.0624,392.48
215,2,0,0,11.0575,358.782
205,2,0,0,11.0336,204.484
196,2,0,0,11.0205,119.897
195,2,0,0,11.0179,100.335
64,2,0,0,11,0
710,2,0,1,11.2304,1198.14,0.0443333,193.369,0.36,2
223,2,0,1,11.2129,1104.91
224,2,0,1,11.1988,1031.05
222,2,0,1,11.183,945.57
220,2,0,1,11.1727,889.52
455,2,0,2,11.3338,1774.06,0.0408333,178.103,0.03,3
454,2,0,2,11.331,1758.44
457,2,0,2,11.3243,1704.48
456,2,0,2,11.3191,1675.03
458,2,0,2,11.3096,1613.89
459,2,0,2,11.3037,1568.78
1543,2,0,2,11.2944,1506.55
710,2,0,2,11.2747,1391.51
603,2,0,3,11.465,2516.24,0.109,475.425,0.32,4
604,2,0,3,11.4608,2493.1
596,2,0,3,11.4606,2492.13
595,2,0,3,11.4552,2461.72
605,2,0,3,11.454,2453.73
529,2,0,3,11.4368,2353.71
726,2,0,3,11.4209,2252.51
714,2,0,3,11.4207,2250.62
1543,2,0,3,11.4159,2220.1
459,2,0,3,11.4056,2156.7
458,2,0,3,11.3991,2111.44
456,2,0,3,11.39,2050.65
457,2,0,3,11.3846,2020.43
454,2,0,3,11.377,1966.47
455,2,0,3,11.3746,1952.16
1108,2,0,4,11.7662,3990.79,0.0935,407.819,0.09,5
1109,2,0,4,11.7618,3968.11
1113,2,0,4,11.755,3933.96
1847,2,0,4,11.7415,3866.44
1086,2,0,4,11.7379,3846.41
1087,2,0,4,11.7234,3773.22
1090,2,0,4,11.7147,3728.06
1076,2,0,4,11.6885,3601.08
1074,2,0,4,11.6844,3579.96
1077,2,0,4,11.6748,3529.14
1080,2,0,4,11.6613,3461.94
1079,2,0,4,11.6547,3427.48
1061,2,0,4,11.6505,3406.2
1063,2,0,4,11.6469,3388.03
1062,2,0,4,11.6459,3380.95
2159,2,0,4,11.6456,3379.84
1045,2,0,4,11.6449,3376.69
1012,2,0,4,11.6377,3335.7
1014,2,0,4,11.6372,3332.84
989,2,0,4,11.6261,3274.53
990,2,0,4,11.6161,3224.27
991,2,0,4,11.6135,3211.92
706,2,0,4,11.6065,3172.46
704,2,0,4,11.6038,3159.68
2179,2,0,4,11.6036,3158.82
662,2,0,4,11.5974,3129.17
602,2,0,4,11.5861,3060.9
604,2,0,4,11.5835,3044.1
596,2,0,4,11.5834,3043.13
595,2,0,4,11.5779,3012.72
603,2,0,4,11.574,2991.67
1304,2,0,5,11.9892,5081.23,0.0428333,186.826,0.12,6
952,2,0,5,11.9648,4948.24
953,2,0,5,11.9541,4893.46
2023,2,0,5,11.9532,4889.36
2108,2,0,5,11.9368,4804.15
1794,2,0,5,11.9297,4768.39
2106,2,0,5,11.9145,4689.02
2039,2,0,5,11.8968,4595.49
1106,2,0,5,11.8872,4543.54
2035,2,0,5,11.873,4469.49
1108,2,0,5,11.8597,4398.6
1302,2,0,6,12.078,5502.06,0.106833,465.975,0.24,7
1303,2,0,6,12.0576,5398.52
1305,2,0,6,12.0441,5329.61
1304,2,0,6,12.032,5268.05
895,2,0,7,12.3506,6816.77,0.0435,189.734,0.02,8
896,2,0,7,12.3469,6798.53
892,2,0,7,12.3434,6780.74
906,2,0,7,12.3251,6687.94
1555,2,0,7,12.2997,6545.19
2157,2,0,7,12.2871,6484.56
2019,2,0,7,12.258,6349.38
929,2,0,7,12.2576,6347.4
938,2,0,7,12.2455,6281.27
950,2,0,7,12.2296,6200.24
951,2,0,7,12.2231,6166.99
949,2,0,7,12.2115,6107.7
1302,2,0,7,12.1848,5968.03
978,2,0,8,12.5621,7855.45,0.107833,470.336,0.07,9
1010,2,0,8,12.5464,7775.3
1011,2,0,8,12.533,7705.9
1009,2,0,8,12.5278,7678.27
1041,2,0,8,12.5276,7677.58
1039,2,0,8,12.5199,7637.11
1037,2,0,8,12.5103,7589.62
1034,2,0,8,12.5016,7543.93
2032,2,0,8,12.4862,7466.34
1050,2,0,8,12.4549,7312.25
1049,2,0,8,12.4549,7312.15
1025,2,0,8,12.4461,7268.49
1029,2,0,8,12.4328,7201.66
1027,2,0,8,12.421,7142.71
898,2,0,8,12.4127,7099.17
895,2,0,8,12.3941,7006.5
636,2,0,9,12.7554,8740.28,0.091,396.915,0.15,10
633,2,0,9,12.7488,8706.67
639,2,0,9,12.7454,8689.13
1993,2,0,9,12.7357,8638.52
1995,2,0,9,12.7261,8593.22
1996,2,0,9,12.7146,8541.49
1997,2,0,9,12.7107,8521.58
2027,2,0,9,12.6825,8387.24
2026,2,0,9,12.6767,8358.94
978,2,0,9,12.6699,8325.79
64,2,0,10,13.0935,10581.5,0,0,0
195,2,0,10,13.0667,10443.3
196,2,0,10,13.0636,10423.4
205,2,0,10,13.0483,10335.6
215,2,0,10,13.0227,10179.1
225,2,0,10,12.9957,9975.99
715,2,0,10,12.9656,9806.43
714,2,0,10,12.9616,9782.27
726,2,0,10,12.9614,9780.42
529,2,0,10,12.9473,9680.77
605,2,0,10,12.9324,9584.1
603,2,0,10,12.9261,9551.02
604,2,0,10,12.9222,9529.16
596,2,0,10,12.922,9528.19
580,2,0,10,12.9105,9463.67
583,2,0,10,12.9043,9433.85
587,2,0,10,12.9022,9419.58
578,2,0,10,12.8993,9403.52
579,2,0,10,12.892,9364.72
570,2,0,10,12.885,9331.56
1994,2,0,10,12.8721,9266.48
562,2,0,10,12.8591,9203.11
639,2,0,10,12.8556,9185.67
638,2,0,10,12.8503,9157.42
636,2,0,10,12.8464,9137.2
220,3,0,0,11.2072,472.978,0.0955,416.542,0.04,1
2130,3,0,0,11.1924,392.48
215,3,0,0,11.1875,358.782
205,3,0,0,11.1636,204.484
196,3,0,0,11.1505,119.897
195,3,0,0,11.1479,100.335
64,3,0,0,11.13,0
710,3,0,1,11.3604,1198.14,0.0443333,193.369,0.36,2
223,3,0,1,11.3429,1104.91
224,3,0,1,11.3288,1031.05
222,3,0,1,11.313,945.57
220,3,0,1,11.3027,889.52
455,3,0,2,11.4638,1774.06,0.0408333,178.103,0.03,3
454,3,0,2,11.461,1758.44
457,3,0,2,11.4543,1704.48
456,3,0,2,11.4491,1675.03
458,3,0,2,11.4396,1613.89
459,3,0,2,11.4337,1568.78
1543,3,0,2,11.4244,1506.55
710,3,0,2,11.4047,1391.51
1108,3,0,3,11.7719,3428.96,0.0935,407.819,0.09,4
1109,3,0,3,11.7667,3402.77
1113,3,0,3,11.7606,3371.72
1847,3,0,3,11.7477,3306.52
1086,3,0,3,11.7441,3286.49
1087,3,0,3,11.7295,3213.3
1090,3,0,3,11.7208,3168.13
1076,3,0,3,11.6947,3041.16
1074,3,0,3,11.6905,3020.04
1077,3,0,3,11.681,2969.22
1080,3,0,3,11.6675,2902.01
1079,3,0,3,11.6609,2867.56
1061,3,0,3,11.6566,2846.28
1063,3,0,3,11.6531,2828.11
1062,3,0,3,11.652,2821.03
2159,3,0,3,11.6518,2819.92
1045,3,0,3,11.6511,2816.77
1012,3,0,3,11.6439,2775.78
1014,3,0,3,11.6433,2772.91
989,3,0,3,11.6323,2714.61
990,3,0,3,11.6222,2664.35
991,3,0,3,11.6196,2652
706,3,0,3,11.6126,2612.53
704,3,0,3,11.61,2599.76
2179,3,0,3,11.6098,2598.9
662,3,0,3,11.6036,2569.25
602,3,0,3,11.5922,2500.98
599,3,0,3,11.5881,2477.72
605,3,0,3,11.584,2453.73
529,3,0,3,11.5668,2353.71
726,3,0,3,11.5509,2252.51
714,3,0,3,11.5507,2250.62
1543,3,0,3,11.5459,2220.1
459,3,0,3,11.5356,2156.7
458,3,0,3,11.5291,2111.44
456,3,0,3,11.52,2050.65
457,3,0,3,11.5146,2020.43
454,3,0,3,11.507,1966.47
455,3,0,3,11.5046,1952.16
1304,3,0,4,11.9949,4519.4,0.0428333,186.826,0.12,5
952,3,0,4,11.9705,4386.42
953,3,0,4,11.9598,4331.64
2023,3,0,4,11.959,4327.54
2108,3,0,4,11.9425,4242.33
1794,3,0,4,11.9354,4206.57
2106,3,0,4,11.9202,4127.2
2039,3,0,4,11.9025,4033.67
1106,3,0,4,11.8929,3981.72
2035,3,0,4,11.8787,3907.67
1108,3,0,4,11.8654,3836.78
1302,3,0,5,12.0837,4940.23,0.106833,465.975,0.24,6
1303,3,0,5,12.0633,4836.7
1305,3,0,5,12.0498,4767.79
1304,3,0,5,12.0377,4706.23
895,3,0,6,12.3563,6254.95,0.0435,189.734,0.02,7
896,3,0,6,12.3526,6236.71
892,3,0,6,12.3491,6218.92
906,3,0,6,12.3309,6126.12
1555,3,0,6,12.3054,5983.37
2157,3,0,6,12.2928,5922.73
2019,3,0,6,12.2637,5787.56
929,3,0,6,12.2633,5785.58
938,3,0,6,12.2512,5719.45
950,3,0,6,12.2353,5638.42
951,3,0,6,12.2288,5605.16
949,3,0,6,12.2172,5545.88
1302,3,0,6,12.1905,5406.21
978,3,0,7,12.5678,7293.63,0.107833,470.336,0.07,8
1010,3,0,7,12.5521,7213.48
1011,3,0,7,12.5387,7144.08
1009,3,0,7,12.5335,7116.45
1041,3,0,7,12.5334,7115.76
1039,3,0,7,12.5256,7075.29
1037,3,0,7,12.516,7027.8
1034,3,0,7,12.5073,6982.11
2032,3,0,7,12.4919,6904.52
1050,3,0,7,12.4606,6750.42
1049,3,0,7,12.4606,6750.33
1025,3,0,7,12.4518,6706.67
1029,3,0,7,12.4385,6639.84
1027,3,0,7,12.4267,6580.88
898,3,0,7,12.4184,6537.35
895,3,0,7,12.3998,6444.68
636,3,0,8,12.7611,8178.46,0.091,396.915,0.15,9
633,3,0,8,12.7545,8144.85
639,3,0,8,12.7511,8127.31
1993,3,0,8,12.7414,8076.69
1995,3,0,8,12.7318,8031.4
1996,3,0,8,12.7203,7979.66
1997,3,0,8,12.7164,7959.76
2027,3,0,8,12.6882,7825.42
2026,3,0,8,12.6824,7797.11
978,3,0,8,12.6756,7763.97
603,3,0,9,12.9319,8989.2,0.0631667,275.514,0.35,10
604,3,0,9,12.9279,8967.34
596,3,0,9,12.9277,8966.37
580,3,0,9,12.9162,8901.84
583,3,0,9,12.91,8872.03
587,3,0,9,12.9079,8857.76
578,3,0,9,12.905,8841.7
579,3,0,9,12.8977,8802.9
570,3,0,9,12.8907,8769.74
1994,3,0,9,12.8778,8704.66
562,3,0,9,12.8648,8641.29
639,3,0,9,12.8614,8623.84
638,3,0,9,12.856,8595.6
636,3,0,9,12.8521,8575.37
64,3,0,10,13.1623,10295.2,0,0,0
195,3,0,10,13.1356,10157
196,3,0,10,13.1324,10137.1
205,3,0,10,13.1171,10049.3
215,3,0,10,13.0915,9892.75
225,3,0,10,13.0646,9689.68
715,3,0,10,13.0345,9520.12
714,3,0,10,13.0305,9495.96
726,3,0,10,13.0303,9494.11
529,3,0,10,13.0162,9394.46
605,3,0,10,13.0013,9297.79
603,3,0,10,12.995,9264.71
220,4,0,0,11.0972,472.978,0.0955,416.542,0.04,1
2130,4,0,0,11.0824,392.48
215,4,0,0,11.0775,358.782
205,4,0,0,11.0536,204.484
196,4,0,0,11.0405,119.897
195,4,0,0,11.0379,100.335
64,4,0,0,11.02,0
710,4,0,1,11.2504,1198.14,0.0443333,193.369,0.36,2
223,4,0,1,11.2329,1104.91
224,4,0,1,11.2188,1031.05
222,4,0,1,11.203,945.57
220,4,0,1,11.1927,889.52
455,4,0,2,11.3538,1774.06,0.0408333,178.103,0.03,3
454,4,0,2,11.351,1758.44
457,4,0,2,11.3443,1704.48
456,4,0,2,11.3391,1675.03
458,4,0,2,11.3296,1613.89
459,4,0,2,11.3237,1568.78
1543,4,0,2,11.3144,1506.55
710,4,0,2,11.2947,1391.51
1108,4,0,3,11.6619,3428.96,0.0935,407.819,0.09,4
1109,4,0,3,11.6567,3402.77
1113,4,0,3,11.6506,3371.72
1847,4,0,3,11.6377,3306.52
1086,4,0,3,11.6341,3286.49
1087,4,0,3,11.6195,3213.3
1090,4,0,3,11.6108,3168.13
1076,4,0,3,11.5847,3041.16
1074,4,0,3,11.5805,3020.04
1077,4,0,3,11.571,2969.22
1080,4,0,3,11.5575,2902.01
1079,4,0,3,11.5509,2867.56
1061,4,0,3,11.5466,2846.28
1063,4,0,3,11.5431,2828.11
1062,4,0,3,11.542,2821.03
2159,4,0,3,11.5418,2819.92
1045,4,0,3,11.5411,2816.77
1012,4,0,3,11.5339,2775.78
1014,4,0,3,11.5333,2772.91
989,4,0,3,11.5223,2714.61
990,4,0,3,11.5122,2664.35
991,4,0,3,11.5096,2652
706,4,0,3,11.5026,2612.53
704,4,0,3,11.5,2599.76
2179,4,0,3,11.4998,2598.9
662,4,0,3,11.4936,2569.25
602,4,0,3,11.4822,2500.98
599,4,0,3,11.4781,2477.72
605,4,0,3,11.474,2453.73
529,4,0,3,11.4568,2353.71
726,4,0,3,11.4409,2252.51
714,4,0,3,11.4407,2250.62
1543,4,0,3,11.4359,2220.1
459,4,0,3,11.4256,2156.7
458,4,0,3,11.4191,2111.44
456,4,0,3,11.41,2050.65
457,4,0,3,11.4046,2020.43
454,4,0,3,11.397,1966.47
455,4,0,3,11.3946,1952.16
1304,4,0,4,11.8849,4519.4,0.0428333,186.826,0.12,5
952,4,0,4,11.8605,4386.42
953,4,0,4,11.8498,4331.64
2023,4,0,4,11.849,4327.54
2108,4,0,4,11.8325,4242.33
1794,4,0,4,11.8254,4206.57
2106,4,0,4,11.8102,4127.2
2039,4,0,4,11.7925,4033.67
1106,4,0,4,11.7829,3981.72
2035,4,0,4,11.7687,3907.67
1108,4,0,4,11.7554,3836.78
1302,4,0,5,11.9779,4957.93,0.068,296.595,0.26,6
1303,4,0,5,11.9573,4853.42
1305,4,0,5,11.9427,4779.54
1304,4,0,5,11.9277,4706.23
895,4,0,6,12.2117,6103.27,0.0435,189.734,0.02,7
896,4,0,6,12.208,6085.03
892,4,0,6,12.2045,6067.24
906,4,0,6,12.1863,5974.44
1555,4,0,6,12.1608,5831.69
2157,4,0,6,12.1482,5771.05
2019,4,0,6,12.1191,5635.88
929,4,0,6,12.1187,5633.9
938,4,0,6,12.1066,5567.77
950,4,0,6,12.0907,5486.74
951,4,0,6,12.0842,5453.48
949,4,0,6,12.0726,5394.2
1302,4,0,6,12.0459,5254.53
978,4,0,7,12.4232,7141.95,0.107833,470.336,0.07,8
1010,4,0,7,12.4076,7061.8
1011,4,0,7,12.3941,6992.4
1009,4,0,7,12.3889,6964.77
1041,4,0,7,12.3888,6964.08
1039,4,0,7,12.381,6923.61
1037,4,0,7,12.3714,6876.12
1034,4,0,7,12.3627,6830.43
2032,4,0,7,12.3473,6752.84
1050,4,0,7,12.316,6598.74
1049,4,0,7,12.316,6598.65
1025,4,0,7,12.3072,6554.99
1029,4,0,7,12.2939,6488.16
1027,4,0,7,12.2821,6429.2
898,4,0,7,12.2739,6385.67
895,4,0,7,12.2552,6293
636,4,0,8,12.6166,8026.78,0.091,396.915,0.15,9
633,4,0,8,12.6099,7993.17
639,4,0,8,12.6065,7975.63
1993,4,0,8,12.5968,7925.01
1995,4,0,8,12.5872,7879.72
1996,4,0,8,12.5757,7827.98
1997,4,0,8,12.5718,7808.08
2027,4,0,8,12.5436,7673.74
2026,4,0,8,12.5378,7645.43
978,4,0,8,12.531,7612.29
603,4,0,9,12.7873,8837.52,0.0631667,275.514,0.35,10
604,4,0,9,12.7833,8815.66
596,4,0,9,12.7832,8814.69
580,4,0,9,12.7716,8750.16
583,4,0,9,12.7654,8720.35
587,4,0,9,12.7634,8706.08
578,4,0,9,12.7605,8690.02
579,4,0,9,12.7531,8651.22
570,4,0,9,12.7461,8618.06
1994,4,0,9,12.7332,8552.98
562,4,0,9,12.7202,8489.6
639,4,0,9,12.7168,8472.16
638,4,0,9,12.7114,8443.92
636,4,0,9,12.7076,8423.69
64,4,0,10,13.0177,10143.5,0,0,0
195,4,0,10,12.991,10005.3
196,4,0,10,12.9879,9985.38
205,4,0,10,12.9726,9897.63
215,4,0,10,12.9469,9741.07
225,4,0,10,12.92,9538
715,4,0,10,12.8899,9368.44
714,4,0,10,12.8859,9344.28
726,4,0,10,12.8857,9342.43
529,4,0,10,12.8716,9242.78
605,4,0,10,12.8567,9146.11
603,4,0,10,12.8504,9113.03
220,5,0,0,11.6872,472.978,0.0955,416.542,0.04,1
2130,5,0,0,11.6724,392.48
215,5,0,0,11.6675,358.782
205,5,0,0,11.6436,204.484
196,5,0,0,11.6305,119.897
195,5,0,0,11.6279,100.335
64,5,0,0,11.61,0
710,5,0,1,11.8404,1198.14,0.0443333,193.369,0.36,2
223,5,0,1,11.8229,1104.91
224,5,0,1,11.8088,1031.05
222,5,0,1,11.793,945.57
220,5,0,1,11.7827,889.52
455,5,0,2,11.9438,1774.06,0.0408333,178.103,0.03,3
454,5,0,2,11.941,1758.44
457,5,0,2,11.9343,1704.48
456,5,0,2,11.9291,1675.03
458,5,0,2,11.9196,1613.89
459,5,0,2,11.9137,1568.78
1543,5,0,2,11.9044,1506.55
710,5,0,2,11.8847,1391.51
603,5,0,3,12.075,2516.24,0.0631667,275.514,0.35,4
604,5,0,3,12.0708,2493.1
596,5,0,3,12.0706,2492.13
595,5,0,3,12.0652,2461.72
605,5,0,3,12.064,2453.73
529,5,0,3,12.0468,2353.71
726,5,0,3,12.0309,2252.51
714,5,0,3,12.0307,2250.62
1543,5,0,3,12.0259,2220.1
459,5,0,3,12.0156,2156.7
458,5,0,3,12.0091,2111.44
456,5,0,3,12,2050.65
457,5,0,3,11.9946,2020.43
454,5,0,3,11.987,1966.47
455,5,0,3,11.9846,1952.16
1108,5,0,4,12.3266,3774.32,0.0588333,256.613,0.13,5
1109,5,0,4,12.3226,3752.79
1113,5,0,4,12.3153,3716.85
1847,5,0,4,12.3023,3651
1086,5,0,4,12.2986,3630.77
1087,5,0,4,12.2849,3560.98
1090,5,0,4,12.2757,3513.73
1076,5,0,4,12.2526,3399.54
1074,5,0,4,12.2486,3379.15
1077,5,0,4,12.2383,3325.1
1080,5,0,4,12.225,3258.65
1079,5,0,4,12.2174,3219.96
1061,5,0,4,12.2131,3198.68
1063,5,0,4,12.2097,3180.87
1062,5,0,4,12.2086,3173.8
2159,5,0,4,12.2085,3172.9
1045,5,0,4,12.2078,3169.75
1012,5,0,4,12.2005,3128.76
1014,5,0,4,12.2001,3126.56
989,5,0,4,12.1896,3070.7
990,5,0,4,12.1796,3020.44
704,5,0,4,12.1683,2962.7
2179,5,0,4,12.1681,2961.83
662,5,0,4,12.1619,2932.19
602,5,0,4,12.1509,2864.49
604,5,0,4,12.1485,2847.81
596,5,0,4,12.1484,2846.84
595,5,0,4,12.1424,2814.1
603,5,0,4,12.1382,2791.76
1304,5,0,5,12.5184,4725.58,0.0815,355.478,0.17,6
2163,5,0,5,12.4974,4615.84
2051,5,0,5,12.4638,4437.75
2050,5,0,5,12.4526,4378.74
2106,5,0,5,12.4457,4344.01
2039,5,0,5,12.428,4250.04
1106,5,0,5,12.4181,4197.09
2035,5,0,5,12.4055,4130.27
1108,5,0,5,12.3855,4030.94
1302,5,0,6,12.6458,5315.06,0.106833,465.975,0.24,7
1303,5,0,6,12.6255,5211.53
1305,5,0,6,12.612,5142.62
1304,5,0,6,12.5999,5081.06
895,5,0,7,12.9185,6629.77,0.0435,189.734,0.02,8
896,5,0,7,12.9148,6611.53
892,5,0,7,12.9113,6593.75
906,5,0,7,12.893,6500.95
1555,5,0,7,12.8675,6358.2
2157,5,0,7,12.8549,6297.56
2019,5,0,7,12.8258,6162.39
929,5,0,7,12.8254,6160.4
938,5,0,7,12.8134,6094.27
950,5,0,7,12.7974,6013.25
951,5,0,7,12.791,5979.99
949,5,0,7,12.7793,5920.71
1302,5,0,7,12.7527,5781.04
978,5,0,8,13.1299,7668.46,0.0648333,282.783,0.06,9
1010,5,0,8,13.1143,7588.31
1011,5,0,8,13.1008,7518.91
1009,5,0,8,13.0957,7491.28
1041,5,0,8,13.0955,7490.59
1039,5,0,8,13.0877,7450.11
1037,5,0,8,13.0781,7402.63
1034,5,0,8,13.0695,7356.94
2032,5,0,8,13.054,7279.35
1050,5,0,8,13.0228,7125.25
1049,5,0,8,13.0228,7125.16
1025,5,0,8,13.0139,7081.5
1029,5,0,8,13.0007,7014.67
1027,5,0,8,12.9889,6955.71
898,5,0,8,12.9806,6912.18
895,5,0,8,12.962,6819.51
636,5,0,9,13.2721,8332.67,0.0665,290.053,0.15,10
633,5,0,9,13.2664,8303.14
639,5,0,9,13.2629,8285
1993,5,0,9,13.2513,8226.71
1995,5,0,9,13.2445,8192.35
1996,5,0,9,13.2383,8162.4
1997,5,0,9,13.2345,8142.5
2027,5,0,9,13.2096,8021.73
2026,5,0,9,13.2038,7993.25
978,5,0,9,13.1948,7951.24
64,5,0,10,13.586,10076.7,0,0,0
195,5,0,10,13.5617,9949.05
196,5,0,10,13.5589,9929.46
205,5,0,10,13.544,9842.34
215,5,0,10,13.5125,9668.03
225,5,0,10,13.4865,9464.79
715,5,0,10,13.4585,9299.91
714,5,0,10,13.4547,9276
726,5,0,10,13.4545,9274.15
529,5,0,10,13.4406,9174.62
605,5,0,10,13.426,9078.13
603,5,0,10,13.4174,9035.49
604,5,0,10,13.4124,9009.09
596,5,0,10,13.4122,9008.12
580,5,0,10,13.4007,8943.8
583,5,0,10,13.3945,8913.98
587,5,0,10,13.3923,8899.6
578,5,0,10,13.3894,8883.5
575,5,0,10,13.3836,8851.06
571,5,0,10,13.381,8835.95
570,5,0,10,13.3771,8816.9
1994,5,0,10,13.3609,8737.92
562,5,0,10,13.3513,8688.87
639,5,0,10,13.3479,8671.43
638,5,0,10,13.3426,8643.64
636,5,0,10,13.3386,8622.72
220,6,0,0,11.7472,472.978,0.0955,416.542,0.04,1
2130,6,0,0,11.7324,392.48
215,6,0,0,11.7275,358.782
205,6,0,0,11.7036,204.484
196,6,0,0,11.6905,119.897
195,6,0,0,11.6879,100.335
64,6,0,0,11.67,0
455,6,0,1,11.9321,1421.69,0.0408333,178.103,0.03,2
454,6,0,1,11.9293,1406.07
457,6,0,1,11.9225,1352.11
456,6,0,1,11.9174,1322.67
458,6,0,1,11.9079,1261.52
459,6,0,1,11.902,1216.42
450,6,0,1,11.8868,1132.53
229,6,0,1,11.8773,1079.68
222,6,0,1,11.853,945.57
220,6,0,1,11.8427,889.52
603,6,0,2,12.0633,2163.88,0.0631667,275.514,0.35,3
604,6,0,2,12.0591,2140.74
596,6,0,2,12.0589,2139.76
595,6,0,2,12.0534,2109.36
605,6,0,2,12.0523,2101.36
529,6,0,2,12.0351,2001.34
726,6,0,2,12.0192,1900.14
714,6,0,2,12.019,1898.26
1543,6,0,2,12.0142,1867.73
459,6,0,2,12.0039,1804.33
458,6,0,2,11.9974,1759.07
456,6,0,2,11.9883,1698.29
457,6,0,2,11.9829,1668.07
454,6,0,2,11.9753,1614.11
455,6,0,2,11.9729,1599.79
1108,6,0,3,12.3149,3421.96,0.0588333,256.613,0.13,4
1109,6,0,3,12.3108,3400.42
1113,6,0,3,12.3036,3364.48
1847,6,0,3,12.2905,3298.64
1086,6,0,3,12.2869,3278.41
1087,6,0,3,12.2731,3208.61
1090,6,0,3,12.2639,3161.36
1076,6,0,3,12.2409,3047.18
1074,6,0,3,12.2369,3026.79
1077,6,0,3,12.2266,2972.73
1080,6,0,3,12.2133,2906.28
1079,6,0,3,12.2057,2867.6
1061,6,0,3,12.2014,2846.31
1063,6,0,3,12.198,2828.5
1062,6,0,3,12.1969,2821.43
2159,6,0,3,12.1967,2820.53
1045,6,0,3,12.1961,2817.38
1012,6,0,3,12.1888,2776.4
1014,6,0,3,12.1884,2774.19
989,6,0,3,12.1779,2718.33
990,6,0,3,12.1679,2668.07
704,6,0,3,12.1566,2610.33
2179,6,0,3,12.1564,2609.47
662,6,0,3,12.1502,2579.82
602,6,0,3,12.1392,2512.13
604,6,0,3,12.1368,2495.45
596,6,0,3,12.1367,2494.48
595,6,0,3,12.1306,2461.74
603,6,0,3,12.1265,2439.39
1304,6,0,4,12.5067,4373.21,0.0815,355.478,0.17,5
2163,6,0,4,12.4857,4263.48
2051,6,0,4,12.4521,4085.39
2050,6,0,4,12.4409,4026.38
2106,6,0,4,12.434,3991.64
2039,6,0,4,12.4162,3897.67
1106,6,0,4,12.4063,3844.73
2035,6,0,4,12.3938,3777.9
1108,6,0,4,12.3738,3678.57
1302,6,0,5,12.6341,4962.7,0.106833,465.975,0.24,6
1303,6,0,5,12.6138,4859.16
1305,6,0,5,12.6003,4790.25
1304,6,0,5,12.5882,4728.69
895,6,0,6,12.9068,6277.41,0.0435,189.734,0.02,7
896,6,0,6,12.9031,6259.17
892,6,0,6,12.8996,6241.38
906,6,0,6,12.8813,6148.58
1555,6,0,6,12.8558,6005.83
2157,6,0,6,12.8432,5945.2
2019,6,0,6,12.8141,5810.02
929,6,0,6,12.8137,5808.04
938,6,0,6,12.8017,5741.91
950,6,0,6,12.7857,5660.88
951,6,0,6,12.7793,5627.63
949,6,0,6,12.7676,5568.34
1302,6,0,6,12.7409,5428.67
978,6,0,7,13.1182,7316.09,0.0648333,282.783,0.06,8
1010,6,0,7,13.1026,7235.94
1011,6,0,7,13.0891,7166.54
1009,6,0,7,13.0839,7138.92
1041,6,0,7,13.0838,7138.22
1039,6,0,7,13.076,7097.75
1037,6,0,7,13.0664,7050.26
1034,6,0,7,13.0578,7004.58
2032,6,0,7,13.0423,6926.98
1050,6,0,7,13.0111,6772.89
1049,6,0,7,13.011,6772.8
1025,6,0,7,13.0022,6729.13
1029,6,0,7,12.989,6662.3
1027,6,0,7,12.9772,6603.35
898,6,0,7,12.9689,6559.82
895,6,0,7,12.9503,6467.14
636,6,0,8,13.2604,7980.31,0.0665,290.053,0.15,9
633,6,0,8,13.2547,7950.77
639,6,0,8,13.2512,7932.63
1993,6,0,8,13.2396,7874.35
1995,6,0,8,13.2327,7839.98
1996,6,0,8,13.2266,7810.04
1997,6,0,8,13.2227,7790.14
2027,6,0,8,13.1978,7669.36
2026,6,0,8,13.192,7640.88
978,6,0,8,13.183,7598.88
710,6,0,9,13.4752,9119.61,0.0466667,203.546,0.45,10
1543,6,0,9,13.4519,8991.38
715,6,0,9,13.4468,8947.55
714,6,0,9,13.443,8923.63
726,6,0,9,13.4428,8921.78
529,6,0,9,13.4289,8822.26
605,6,0,9,13.4143,8725.76
603,6,0,9,13.4057,8683.12
604,6,0,9,13.4007,8656.73
596,6,0,9,13.4005,8655.76
580,6,0,9,13.389,8591.43
583,6,0,9,13.3828,8561.62
587,6,0,9,13.3806,8547.23
578,6,0,9,13.3777,8531.13
575,6,0,9,13.3719,8498.7
571,6,0,9,13.3692,8483.58
570,6,0,9,13.3654,8464.53
1994,6,0,9,13.3492,8385.55
562,6,0,9,13.3396,8336.51
639,6,0,9,13.3362,8319.07
638,6,0,9,13.3309,8291.28
636,6,0,9,13.3269,8270.36
64,6,0,10,13.6465,10070.2,0,0,0
195,6,0,10,13.6222,9942.54
196,6,0,10,13.6195,9922.94
205,6,0,10,13.6046,9835.83
215,6,0,10,13.573,9661.52
225,6,0,10,13.5471,9458.28
1680,6,0,10,13.5437,9438.69
710,6,0,10,13.5218,9323.15
220,7,0,0,12.2702,511.167,0.0923333,402.73,0.08,1
2130,7,0,0,12.2524,417.757
215,7,0,0,12.2469,383.417
205,7,0,0,12.2189,223.068
196,7,0,0,12.205,137.521
195,7,0,0,12.2019,117.624
64,7,0,0,12.18,0
455,7,0,1,12.4572,1465.09,0.0851667,371.471,0.08,2
454,7,0,1,12.4548,1450.75
457,7,0,1,12.4481,1396.73
456,7,0,1,12.4422,1364.17
458,7,0,1,12.4323,1302.41
459,7,0,1,12.4256,1257.06
450,7,0,1,12.4093,1168.32
229,7,0,1,12.3973,1104.61
222,7,0,1,12.3726,968.676
220,7,0,1,12.3626,913.897
603,7,0,2,12.6353,2410.27,0.0631667,275.514,0.35,3
604,7,0,2,12.6313,2388.4
596,7,0,2,12.6312,2387.43
595,7,0,2,12.6252,2354.7
605,7,0,2,12.624,2346.68
529,7,0,2,12.6068,2246.67
726,7,0,2,12.592,2146.59
714,7,0,2,12.5918,2144.73
1543,7,0,2,12.5876,2114.76
459,7,0,2,12.5775,2051.66
458,7,0,2,12.57,2005.32
456,7,0,2,12.5598,1943.25
457,7,0,2,12.5525,1904.9
454,7,0,2,12.5446,1850.78
455,7,0,2,12.5423,1836.56
1108,7,0,3,12.8869,3668.35,0.0588333,256.613,0.13,4
1109,7,0,3,12.8828,3646.81
1113,7,0,3,12.8755,3610.87
1847,7,0,3,12.8625,3545.03
1086,7,0,3,12.8588,3524.8
1087,7,0,3,12.8451,3455
1090,7,0,3,12.8359,3407.75
1076,7,0,3,12.8129,3293.57
1074,7,0,3,12.8089,3273.18
1077,7,0,3,12.7986,3219.12
1080,7,0,3,12.7853,3152.67
1079,7,0,3,12.7776,3113.99
1061,7,0,3,12.7734,3092.7
1063,7,0,3,12.77,3074.89
1062,7,0,3,12.7689,3067.82
2159,7,0,3,12.7687,3066.92
1045,7,0,3,12.768,3063.77
1012,7,0,3,12.7608,3022.78
1014,7,0,3,12.7604,3020.58
989,7,0,3,12.7499,2964.72
990,7,0,3,12.7399,2914.46
704,7,0,3,12.7285,2856.72
2179,7,0,3,12.7283,2855.86
662,7,0,3,12.7221,2826.21
602,7,0,3,12.7112,2758.52
604,7,0,3,12.7088,2741.84
596,7,0,3,12.7086,2740.86
595,7,0,3,12.7026,2708.13
603,7,0,3,12.6985,2685.78
1304,7,0,4,13.0787,4619.6,0.0735,320.585,0.21,5
2163,7,0,4,13.0577,4509.86
2051,7,0,4,13.024,4331.78
2050,7,0,4,13.0129,4272.77
2106,7,0,4,13.0059,4238.03
2039,7,0,4,12.9882,4144.06
1106,7,0,4,12.9783,4091.12
2035,7,0,4,12.9658,4024.29
1108,7,0,4,12.9457,3924.96
1302,7,0,5,13.1993,5179.18,0.035,152.659,0.22,6
1303,7,0,5,13.1789,5075.49
1305,7,0,5,13.1637,4999.47
1304,7,0,5,13.1522,4940.19
895,7,0,6,13.3832,6109.61,0.0823333,359.113,0.02,7
896,7,0,6,13.3795,6091.37
892,7,0,6,13.3758,6072.62
906,7,0,6,13.3632,6003.76
1555,7,0,6,13.335,5849.16
2157,7,0,6,13.324,5795.41
2019,7,0,6,13.2972,5669.15
929,7,0,6,13.2968,5667.17
938,7,0,6,13.2848,5601.32
950,7,0,6,13.2713,5530.76
951,7,0,6,13.2643,5495.04
949,7,0,6,13.2533,5438.56
1302,7,0,6,13.2343,5331.84
978,7,0,7,13.6378,7333.11,0.0648333,282.783,0.06,8
1010,7,0,7,13.6241,7260.99
1011,7,0,7,13.6094,7186.26
1009,7,0,7,13.6031,7153.83
1038,7,0,7,13.5951,7113.94
1039,7,0,7,13.5945,7111.26
1037,7,0,7,13.5816,7050.32
1034,7,0,7,13.5718,7000.1
2032,7,0,7,13.5564,6922.51
2031,7,0,7,13.556,6920.69
1031,7,0,7,13.5462,6873.28
1002,7,0,7,13.532,6802.56
1024,7,0,7,13.5115,6698.44
1029,7,0,7,13.5063,6672.28
1027,7,0,7,13.4942,6612.18
898,7,0,7,13.4841,6560.92
895,7,0,7,13.4656,6468.73
636,7,0,8,13.78,7997.32,0.0665,290.053,0.15,9
633,7,0,8,13.7743,7967.79
639,7,0,8,13.7708,7949.65
1993,7,0,8,13.7592,7891.36
1995,7,0,8,13.7524,7856.99
1996,7,0,8,13.7463,7827.05
1997,7,0,8,13.7424,7807.15
2027,7,0,8,13.7175,7686.38
2026,7,0,8,13.7117,7657.89
978,7,0,8,13.7027,7615.89
710,7,0,9,13.9948,9136.62,0.0466667,203.546,0.45,10
1543,7,0,9,13.9715,9008.4
715,7,0,9,13.9664,8964.56
714,7,0,9,13.9626,8940.65
726,7,0,9,13.9624,8938.79
529,7,0,9,13.9486,8839.27
605,7,0,9,13.9339,8742.78
603,7,0,9,13.9253,8700.13
604,7,0,9,13.9203,8673.74
596,7,0,9,13.9202,8672.77
580,7,0,9,13.9086,8608.45
583,7,0,9,13.9024,8578.63
587,7,0,9,13.9002,8564.25
578,7,0,9,13.8973,8548.15
575,7,0,9,13.8915,8515.71
571,7,0,9,13.8889,8500.59
570,7,0,9,13.8851,8481.54
1994,7,0,9,13.8688,8402.57
562,7,0,9,13.8593,8353.52
639,7,0,9,13.8558,8336.08
638,7,0,9,13.8505,8308.29
636,7,0,9,13.8465,8287.37
64,7,0,10,14.1502,10039,0,0,0
195,7,0,10,14.1286,9922.75
196,7,0,10,14.1259,9903.17
205,7,0,10,14.1116,9817.09
215,7,0,10,14.0872,9662.11
225,7,0,10,14.0623,9458.28
1680,7,0,10,14.0596,9439.44
710,7,0,10,14.0415,9340.17
220,8,0,0,12.6302,511.167,0.0923333,402.73,0.08,1
2130,8,0,0,12.6124,417.757
215,8,0,0,12.6069,383.417
205,8,0,0,12.5789,223.068
196,8,0,0,12.565,137.521
195,8,0,0,12.5619,117.624
64,8,0,0,12.54,0
455,8,0,1,12.8172,1465.09,0.0851667,371.471,0.08,2
454,8,0,1,12.8148,1450.75
457,8,0,1,12.8081,1396.73
456,8,0,1,12.8022,1364.17
458,8,0,1,12.7923,1302.41
459,8,0,1,12.7856,1257.06
450,8,0,1,12.7693,1168.32
229,8,0,1,12.7573,1104.61
222,8,0,1,12.7326,968.676
220,8,0,1,12.7226,913.897
603,8,0,2,12.9953,2410.27,0.0631667,275.514,0.35,3
604,8,0,2,12.9913,2388.4
596,8,0,2,12.9912,2387.43
595,8,0,2,12.9852,2354.7
605,8,0,2,12.984,2346.68
529,8,0,2,12.9668,2246.67
726,8,0,2,12.952,2146.59
714,8,0,2,12.9518,2144.73
1543,8,0,2,12.9476,2114.76
459,8,0,2,12.9375,2051.66
458,8,0,2,12.93,2005.32
456,8,0,2,12.9198,1943.25
457,8,0,2,12.9125,1904.9
454,8,0,2,12.9046,1850.78
455,8,0,2,12.9023,1836.56
1108,8,0,3,13.2458,3666.45,0.0723333,315.496,0.16,4
1109,8,0,3,13.2408,3641.03
1113,8,0,3,13.2351,3611.79
1847,8,0,3,13.2235,3551.83
1086,8,0,3,13.2198,3531.64
1087,8,0,3,13.2064,3463.08
1090,8,0,3,13.1978,3418.32
1076,8,0,3,13.1797,3325
1074,8,0,3,13.1757,3304.33
1077,8,0,3,13.1623,3237.36
1080,8,0,3,13.1473,3164.01
1079,8,0,3,13.1402,3127.53
1061,8,0,3,13.136,3106.25
1063,8,0,3,13.1328,3089.4
1062,8,0,3,13.1317,3082.36
2159,8,0,3,13.1315,3081.38
1045,8,0,3,13.1308,3078.23
1012,8,0,3,13.1236,3037.24
2028,8,0,3,13.1156,2991.78
989,8,0,3,13.1121,2976.04
990,8,0,3,13.1021,2925.78
991,8,0,3,13.0995,2913.43
706,8,0,3,13.0925,2873.97
704,8,0,3,13.0898,2861.19
2179,8,0,3,13.0897,2860.33
662,8,0,3,13.0835,2830.68
602,8,0,3,13.0722,2762.55
604,8,0,3,13.0697,2745.79
596,8,0,3,13.0696,2744.82
595,8,0,3,13.0646,2716.48
603,8,0,3,13.0585,2685.78
1304,8,0,4,13.4467,4660.43,0.0735,320.585,0.21,5
952,8,0,4,13.4227,4529.11
953,8,0,4,13.4105,4468.05
2023,8,0,4,13.4096,4463.95
2108,8,0,4,13.3954,4388.29
1794,8,0,4,13.3891,4355.94
2106,8,0,4,13.3752,4282.19
2039,8,0,4,13.3567,4184.67
1106,8,0,4,13.3464,4130.27
2035,8,0,4,13.3344,4065.68
1108,8,0,4,13.3181,3981.95
1302,8,0,5,13.5673,5220,0.035,152.659,0.22,6
1303,8,0,5,13.547,5116.31
1305,8,0,5,13.5318,5040.3
1304,8,0,5,13.5202,4981.01
895,8,0,6,13.7513,6150.43,0.0823333,359.113,0.02,7
896,8,0,6,13.7476,6132.19
892,8,0,6,13.7438,6113.45
906,8,0,6,13.7312,6044.58
1555,8,0,6,13.703,5889.99
2157,8,0,6,13.6921,5836.24
2019,8,0,6,13.6652,5709.98
929,8,0,6,13.6648,5707.99
938,8,0,6,13.6528,5642.14
950,8,0,6,13.6394,5571.58
951,8,0,6,13.6323,5535.86
949,8,0,6,13.6214,5479.38
1302,8,0,6,13.6023,5372.66
978,8,0,7,14.0059,7373.93,0.0373333,162.837,0.05,8
1010,8,0,7,13.9922,7301.81
1011,8,0,7,13.9774,7227.08
1009,8,0,7,13.9711,7194.66
1038,8,0,7,13.9631,7154.76
1039,8,0,7,13.9625,7152.09
1037,8,0,7,13.9496,7091.14
1034,8,0,7,13.9399,7040.93
2032,8,0,7,13.9244,6963.33
2031,8,0,7,13.9241,6961.51
1031,8,0,7,13.9142,6914.1
1002,8,0,7,13.9,6843.38
1024,8,0,7,13.8795,6739.26
1029,8,0,7,13.8743,6713.1
1027,8,0,7,13.8622,6653
898,8,0,7,13.8521,6601.74
895,8,0,7,13.8336,6509.55
636,8,0,8,14.1229,7927.19,0.0391667,170.833,0.15,9
631,8,0,8,14.1162,7894.4
630,8,0,8,14.1104,7865.88
637,8,0,8,14.0999,7813.8
1996,8,0,8,14.0874,7750.51
1997,8,0,8,14.0835,7730.61
2027,8,0,8,14.0563,7600.39
2026,8,0,8,14.0505,7571.91
978,8,0,8,14.0432,7536.77
710,8,0,9,14.3101,8947.14,0.0876667,382.376,0.44,10
1543,8,0,9,14.2902,8831.78
715,8,0,9,14.2855,8787.3
714,8,0,9,14.2818,8763.46
726,8,0,9,14.2816,8761.6
529,8,0,9,14.2675,8661.99
605,8,0,9,14.2522,8564.73
603,8,0,9,14.2464,8533.75
604,8,0,9,14.2416,8508.34
596,8,0,9,14.2414,8507.37
580,8,0,9,14.2272,8431.16
583,8,0,9,14.2209,8401.35
587,8,0,9,14.2187,8386.92
578,8,0,9,14.2156,8370.11
575,8,0,9,14.2101,8339
571,8,0,9,14.2072,8322.88
570,8,0,9,14.2024,8299.6
1994,8,0,9,14.1896,8235.25
562,8,0,9,14.1763,8170.19
639,8,0,9,14.1728,8152.75
638,8,0,9,14.1661,8118.72
636,8,0,9,14.1621,8098.02
64,8,0,10,14.5065,10028.4,0,0,0
195,8,0,10,14.4849,9912.1
196,8,0,10,14.4822,9892.52
205,8,0,10,14.468,9806.44
215,8,0,10,14.4435,9651.47
225,8,0,10,14.4187,9447.63
1680,8,0,10,14.4159,9428.79
710,8,0,10,14.3978,9329.52
220,9,0,0,12.8302,511.167,0.0923333,402.73,0.08,1
2130,9,0,0,12.8124,417.757
215,9,0,0,12.8069,383.417
205,9,0,0,12.7789,223.068
196,9,0,0,12.765,137.521
195,9,0,0,12.7619,117.624
64,9,0,0,12.74,0
710,9,0,1,12.987,1250.5,0.0983333,428.9,0.42,2
223,9,0,1,12.9704,1161.15
224,9,0,1,12.9485,1054.49
222,9,0,1,12.9326,968.676
220,9,0,1,12.9226,913.897
455,9,0,2,13.146,2068.33,0.0423333,184.645,0.11,3
454,9,0,2,13.1428,2050.95
457,9,0,2,13.1362,1996.88
456,9,0,2,13.1313,1967.85
458,9,0,2,13.1221,1906.93
459,9,0,2,13.1154,1861.58
1543,9,0,2,13.1069,1799.77
710,9,0,2,13.0854,1679.4
1108,9,0,3,13.452,3715.07,0.0723333,315.496,0.16,4
1109,9,0,3,13.4479,3693.69
1113,9,0,3,13.4415,3661.44
1847,9,0,3,13.4297,3600.81
1086,9,0,3,13.4261,3580.62
1087,9,0,3,13.4126,3512.06
1090,9,0,3,13.404,3467.3
1076,9,0,3,13.386,3373.97
1074,9,0,3,13.3819,3353.31
1077,9,0,3,13.3685,3286.34
1080,9,0,3,13.3536,3212.99
1079,9,0,3,13.3465,3176.51
1061,9,0,3,13.3422,3155.22
1063,9,0,3,13.339,3138.38
1062,9,0,3,13.338,3131.34
2159,9,0,3,13.3378,3130.36
1045,9,0,3,13.3371,3127.21
1012,9,0,3,13.3299,3086.22
2028,9,0,3,13.3218,3040.76
989,9,0,3,13.3184,3025.02
990,9,0,3,13.3083,2974.76
991,9,0,3,13.3057,2962.41
706,9,0,3,13.2987,2922.94
704,9,0,3,13.2961,2910.17
2179,9,0,3,13.2959,2909.31
662,9,0,3,13.2897,2879.66
602,9,0,3,13.2785,2811.52
599,9,0,3,13.274,2786.83
605,9,0,3,13.2688,2758.7
529,9,0,3,13.2522,2659.81
726,9,0,3,13.2361,2558.27
714,9,0,3,13.2359,2556.39
1543,9,0,3,13.2301,2523.95
459,9,0,3,13.22,2460.77
458,9,0,3,13.2133,2415.36
456,9,0,3,13.2047,2354.96
457,9,0,3,13.1987,2321.91
454,9,0,3,13.191,2267.93
455,9,0,3,13.1884,2252.97
1304,9,0,4,13.6529,4709.04,0.0735,320.585,0.21,5
952,9,0,4,13.6289,4577.72
953,9,0,4,13.6166,4516.67
2023,9,0,4,13.6158,4512.57
2108,9,0,4,13.6016,4436.91
1794,9,0,4,13.5953,4404.56
2106,9,0,4,13.5814,4330.81
2039,9,0,4,13.5628,4233.29
1106,9,0,4,13.5526,4178.89
2035,9,0,4,13.5406,4114.3
1108,9,0,4,13.5243,4030.57
1302,9,0,5,13.7735,5268.62,0.035,152.659,0.22,6
1303,9,0,5,13.7531,5164.93
1305,9,0,5,13.7379,5088.91
1304,9,0,5,13.7264,5029.63
895,9,0,6,13.9574,6199.05,0.0823333,359.113,0.02,7
896,9,0,6,13.9537,6180.81
892,9,0,6,13.95,6162.06
906,9,0,6,13.9374,6093.2
1555,9,0,6,13.9092,5938.6
2157,9,0,6,13.8982,5884.85
2019,9,0,6,13.8714,5758.59
929,9,0,6,13.871,5756.61
938,9,0,6,13.859,5690.76
950,9,0,6,13.8455,5620.2
951,9,0,6,13.8385,5584.48
949,9,0,6,13.8275,5528
1302,9,0,6,13.8085,5421.28
978,9,0,7,14.2057,7397.53,0.0373333,162.837,0.05,8
1010,9,0,7,14.1909,7320.76
1011,9,0,7,14.1767,7248.12
1009,9,0,7,14.1711,7218.69
1038,9,0,7,14.1629,7178.09
1039,9,0,7,14.1623,7175.42
1037,9,0,7,14.1525,7126.85
1034,9,0,7,14.1442,7083.01
2032,9,0,7,14.1288,7005.42
1050,9,0,7,14.1024,6871.64
1049,9,0,7,14.1024,6871.55
1025,9,0,7,14.095,6833.85
1029,9,0,7,14.082,6768.06
1027,9,0,7,14.0691,6704.68
898,9,0,7,14.0587,6652.2
895,9,0,7,14.0398,6558.17
636,9,0,8,14.3228,7950.79,0.0391667,170.833,0.15,9
631,9,0,8,14.3161,7917.99
630,9,0,8,14.3103,7889.48
637,9,0,8,14.2997,7837.4
1996,9,0,8,14.2873,7774.11
1997,9,0,8,14.2834,7754.21
2027,9,0,8,14.2562,7623.99
2026,9,0,8,14.2504,7595.51
978,9,0,8,14.2431,7560.36
603,9,0,9,14.4462,8557.35,0.0658333,287.145,0.35,10
604,9,0,9,14.4414,8531.94
596,9,0,9,14.4413,8530.97
580,9,0,9,14.427,8454.76
583,9,0,9,14.4208,8424.95
587,9,0,9,14.4186,8410.52
578,9,0,9,14.4155,8393.7
575,9,0,9,14.41,8362.6
571,9,0,9,14.4071,8346.47
570,9,0,9,14.4022,8323.2
1994,9,0,9,14.3895,8258.84
562,9,0,9,14.3761,8193.79
639,9,0,9,14.3726,8176.35
638,9,0,9,14.3659,8142.32
636,9,0,9,14.3619,8121.62
64,9,0,10,14.674,9869.31,0,0,0
195,9,0,10,14.6524,9753.06
196,9,0,10,14.6497,9733.48
205,9,0,10,14.6354,9647.4
215,9,0,10,14.611,9492.42
225,9,0,10,14.5861,9288.58
715,9,0,10,14.5512,9098.04
714,9,0,10,14.5474,9074.2
726,9,0,10,14.5473,9072.34
529,9,0,10,14.5332,8972.73
605,9,0,10,14.5178,8875.47
603,9,0,10,14.512,8844.49
220,10,0,0,12.9702,511.167,0.0923333,402.73,0.08,1
2130,10,0,0,12.9524,417.757
215,10,0,0,12.9469,383.417
205,10,0,0,12.9189,223.068
196,10,0,0,12.905,137.521
195,10,0,0,12.9019,117.624
64,10,0,0,12.88,0
455,10,0,1,13.1563,1463.97,0.0423333,184.645,0.11,2
454,10,0,1,13.1531,1446.59
457,10,0,1,13.1465,1392.52
456,10,0,1,13.1416,1363.49
458,10,0,1,13.1323,1302.57
459,10,0,1,13.1257,1257.22
450,10,0,1,13.1105,1173.3
229,10,0,1,13.0994,1113.43
222,10,0,1,13.0712,962.82
220,10,0,1,13.0626,913.897
1108,10,0,2,13.4622,3110.71,0.0723333,315.496,0.16,3
1109,10,0,2,13.4582,3089.33
1113,10,0,2,13.4518,3057.08
1847,10,0,2,13.44,2996.45
1086,10,0,2,13.4363,2976.26
1087,10,0,2,13.4229,2907.7
1090,10,0,2,13.4143,2862.94
1076,10,0,2,13.3962,2769.61
1074,10,0,2,13.3922,2748.95
1077,10,0,2,13.3788,2681.98
1080,10,0,2,13.3639,2608.63
1079,10,0,2,13.3567,2572.15
1061,10,0,2,13.3525,2550.86
1063,10,0,2,13.3493,2534.02
1062,10,0,2,13.3483,2526.98
2159,10,0,2,13.348,2526
1045,10,0,2,13.3474,2522.85
1012,10,0,2,13.3401,2481.86
2028,10,0,2,13.3321,2436.4
989,10,0,2,13.3287,2420.66
990,10,0,2,13.3186,2370.4
991,10,0,2,13.316,2358.05
706,10,0,2,13.309,2318.58
704,10,0,2,13.3064,2305.81
2179,10,0,2,13.3062,2304.95
662,10,0,2,13.3,2275.3
602,10,0,2,13.2887,2207.17
599,10,0,2,13.2842,2182.47
605,10,0,2,13.2791,2154.34
529,10,0,2,13.2625,2055.45
726,10,0,2,13.2464,1953.91
714,10,0,2,13.2462,1952.03
1543,10,0,2,13.2404,1919.6
459,10,0,2,13.2303,1856.41
458,10,0,2,13.2236,1811.01
456,10,0,2,13.215,1750.6
457,10,0,2,13.2089,1717.56
454,10,0,2,13.2013,1663.57
455,10,0,2,13.1986,1648.61
1304,10,0,3,13.6631,4104.69,0.0735,320.585,0.21,4
952,10,0,3,13.6391,3973.36
953,10,0,3,13.6269,3912.31
2023,10,0,3,13.6261,3908.21
2108,10,0,3,13.6118,3832.55
1794,10,0,3,13.6056,3800.2
2106,10,0,3,13.5917,3726.45
2039,10,0,3,13.5731,3628.93
1106,10,0,3,13.5629,3574.53
2035,10,0,3,13.5509,3509.94
1108,10,0,3,13.5346,3426.21
1302,10,0,4,13.7838,4664.26,0.035,152.659,0.22,5
1303,10,0,4,13.7634,4560.57
1305,10,0,4,13.7482,4484.55
1304,10,0,4,13.7366,4425.27
895,10,0,5,13.9677,5594.69,0.0823333,359.113,0.02,6
896,10,0,5,13.964,5576.45
892,10,0,5,13.9603,5557.7
906,10,0,5,13.9477,5488.84
1555,10,0,5,13.9194,5334.24
2157,10,0,5,13.9085,5280.49
2019,10,0,5,13.8817,5154.23
929,10,0,5,13.8812,5152.25
938,10,0,5,13.8693,5086.4
950,10,0,5,13.8558,5015.84
951,10,0,5,13.8488,4980.12
949,10,0,5,13.8378,4923.64
1302,10,0,5,13.8188,4816.92
978,10,0,6,14.216,6793.17,0.0373333,162.837,0.05,7
1010,10,0,6,14.2012,6716.4
1011,10,0,6,14.187,6643.76
1009,10,0,6,14.1813,6614.33
1038,10,0,6,14.1732,6573.73
1039,10,0,6,14.1726,6571.06
1037,10,0,6,14.1627,6522.49
1034,10,0,6,14.1545,6478.66
2032,10,0,6,14.139,6401.06
1050,10,0,6,14.1127,6267.28
1049,10,0,6,14.1127,6267.19
1025,10,0,6,14.1053,6229.49
1029,10,0,6,14.0923,6163.7
1027,10,0,6,14.0794,6100.32
898,10,0,6,14.069,6047.84
895,10,0,6,14.05,5953.81
636,10,0,7,14.3331,7346.43,0.0391667,170.833,0.15,8
631,10,0,7,14.3264,7313.63
630,10,0,7,14.3206,7285.12
637,10,0,7,14.31,7233.04
1996,10,0,7,14.2976,7169.75
1997,10,0,7,14.2937,7149.85
2027,10,0,7,14.2664,7019.63
2026,10,0,7,14.2606,6991.15
978,10,0,7,14.2533,6956
603,10,0,8,14.4565,7952.99,0.0658333,287.145,0.35,9
604,10,0,8,14.4517,7927.58
596,10,0,8,14.4516,7926.61
580,10,0,8,14.4373,7850.4
583,10,0,8,14.4311,7820.59
587,10,0,8,14.4288,7806.16
578,10,0,8,14.4258,7789.34
575,10,0,8,14.4202,7758.24
571,10,0,8,14.4173,7742.11
570,10,0,8,14.4125,7718.84
1994,10,0,8,14.3998,7654.49
562,10,0,8,14.3864,7589.43
639,10,0,8,14.3829,7571.99
638,10,0,8,14.3762,7537.96
636,10,0,8,14.3722,7517.26
710,10,0,9,14.5861,8653.53,0.0876667,382.376,0.44,10
1543,10,0,9,14.5662,8538.16
715,10,0,9,14.5615,8493.68
714,10,0,9,14.5577,8469.84
726,10,0,9,14.5575,8467.98
529,10,0,9,14.5435,8368.37
605,10,0,9,14.5281,8271.11
603,10,0,9,14.5223,8240.13
64,10,0,10,14.7825,9734.74,0,0,0
195,10,0,10,14.7609,9618.49
196,10,0,10,14.7582,9598.91
205,10,0,10,14.7439,9512.83
215,10,0,10,14.7195,9357.85
225,10,0,10,14.6946,9154.01
1680,10,0,10,14.6918,9135.17
710,10,0,10,14.6738,9035.9
220,11,0,0,12.8902,511.167,0.0923333,402.73,0.08,1
2130,11,0,0,12.8724,417.757
215,11,0,0,12.8669,383.417
205,11,0,0,12.8389,223.068
196,11,0,0,12.825,137.521
195,11,0,0,12.8219,117.624
64,11,0,0,12.8,0
710,11,0,1,13.047,1250.5,0.0466667,203.546,0.45,2
223,11,0,1,13.0304,1161.15
224,11,0,1,13.0085,1054.49
222,11,0,1,12.9926,968.676
220,11,0,1,12.9826,913.897
455,11,0,2,13.1544,1842.97,0.0423333,184.645,0.11,3
454,11,0,2,13.1511,1825.59
457,11,0,2,13.1446,1771.53
456,11,0,2,13.1396,1742.49
458,11,0,2,13.1304,1681.58
459,11,0,2,13.1238,1636.23
1543,11,0,2,13.1152,1574.42
710,11,0,2,13.0937,1454.05
1108,11,0,3,13.4603,3489.72,0.0723333,315.496,0.16,4
1109,11,0,3,13.4562,3468.33
1113,11,0,3,13.4498,3436.08
1847,11,0,3,13.4381,3375.45
1086,11,0,3,13.4344,3355.26
1087,11,0,3,13.421,3286.71
1090,11,0,3,13.4124,3241.94
1076,11,0,3,13.3943,3148.62
1074,11,0,3,13.3903,3127.95
1077,11,0,3,13.3768,3060.98
1080,11,0,3,13.3619,2987.63
1079,11,0,3,13.3548,2951.15
1061,11,0,3,13.3505,2929.87
1063,11,0,3,13.3473,2913.03
1062,11,0,3,13.3463,2905.99
2159,11,0,3,13.3461,2905
1045,11,0,3,13.3454,2901.85
1012,11,0,3,13.3382,2860.87
2028,11,0,3,13.3301,2815.4
989,11,0,3,13.3267,2799.67
990,11,0,3,13.3167,2749.41
991,11,0,3,13.3141,2737.05
706,11,0,3,13.3071,2697.59
704,11,0,3,13.3044,2684.82
2179,11,0,3,13.3042,2683.96
662,11,0,3,13.298,2654.31
602,11,0,3,13.2868,2586.17
599,11,0,3,13.2823,2561.47
605,11,0,3,13.2771,2533.35
529,11,0,3,13.2606,2434.45
726,11,0,3,13.2444,2332.92
714,11,0,3,13.2442,2331.04
1543,11,0,3,13.2385,2298.6
459,11,0,3,13.2283,2235.42
458,11,0,3,13.2216,2190.01
456,11,0,3,13.213,2129.61
457,11,0,3,13.207,2096.56
454,11,0,3,13.1994,2042.58
455,11,0,3,13.1967,2027.62
1304,11,0,4,13.6612,4483.69,0.0735,320.585,0.21,5
952,11,0,4,13.6372,4352.37
953,11,0,4,13.6249,4291.32
2023,11,0,4,13.6241,4287.22
2108,11,0,4,13.6099,4211.55
1794,11,0,4,13.6036,4179.21
2106,11,0,4,13.5897,4105.45
2039,11,0,4,13.5712,4007.94
1106,11,0,4,13.5609,3953.53
2035,11,0,4,13.5489,3888.95
1108,11,0,4,13.5326,3805.21
1302,11,0,5,13.7818,5043.27,0.035,152.659,0.22,6
1303,11,0,5,13.7615,4939.58
1305,11,0,5,13.7462,4863.56
1304,11,0,5,13.7347,4804.28
895,11,0,6,13.9658,5973.7,0.0823333,359.113,0.02,7
896,11,0,6,13.9621,5955.46
892,11,0,6,13.9583,5936.71
906,11,0,6,13.9457,5867.85
1555,11,0,6,13.9175,5713.25
2157,11,0,6,13.9066,5659.5
2019,11,0,6,13.8797,5533.24
929,11,0,6,13.8793,5531.26
938,11,0,6,13.8673,5465.41
950,11,0,6,13.8538,5394.84
951,11,0,6,13.8468,5359.13
949,11,0,6,13.8359,5302.65
1302,11,0,6,13.8168,5195.93
978,11,0,7,14.2141,7172.17,0.0373333,162.837,0.05,8
1010,11,0,7,14.1992,7095.41
1011,11,0,7,14.185,7022.77
1009,11,0,7,14.1794,6993.33
1038,11,0,7,14.1712,6952.74
1039,11,0,7,14.1706,6950.06
1037,11,0,7,14.1608,6901.5
1034,11,0,7,14.1526,6857.66
2032,11,0,7,14.1371,6780.07
1050,11,0,7,14.1107,6646.28
1049,11,0,7,14.1107,6646.19
1025,11,0,7,14.1033,6608.49
1029,11,0,7,14.0903,6542.71
1027,11,0,7,14.0775,6479.33
898,11,0,7,14.0671,6426.85
895,11,0,7,14.0481,6332.81
636,11,0,8,14.3311,7725.43,0.0391667,170.833,0.15,9
631,11,0,8,14.3244,7692.64
630,11,0,8,14.3186,7664.12
637,11,0,8,14.308,7612.04
1996,11,0,8,14.2956,7548.76
1997,11,0,8,14.2917,7528.85
2027,11,0,8,14.2645,7398.64
2026,11,0,8,14.2587,7370.15
978,11,0,8,14.2514,7335.01
603,11,0,9,14.4545,8331.99,0.0658333,287.145,0.35,10
604,11,0,9,14.4497,8306.58
596,11,0,9,14.4496,8305.61
580,11,0,9,14.4353,8229.41
583,11,0,9,14.4291,8199.59
587,11,0,9,14.4269,8185.16
578,11,0,9,14.4238,8168.35
575,11,0,9,14.4183,8137.24
571,11,0,9,14.4154,8121.12
570,11,0,9,14.4106,8097.85
1994,11,0,9,14.3978,8033.49
562,11,0,9,14.3844,7968.44
639,11,0,9,14.381,7950.99
638,11,0,9,14.3743,7916.96
636,11,0,9,14.3703,7896.26
64,11,0,10,14.6823,9643.96,0,0,0
195,11,0,10,14.6607,9527.7
196,11,0,10,14.658,9508.12
205,11,0,10,14.6438,9422.04
215,11,0,10,14.6193,9267.06
225,11,0,10,14.5945,9063.23
715,11,0,10,14.5595,8872.69
714,11,0,10,14.5558,8848.84
726,11,0,10,14.5556,8846.99
529,11,0,10,14.5415,8747.38
605,11,0,10,14.5262,8650.12
603,11,0,10,14.5204,8619.14
220,12,0,0,13.0102,511.167,0.072,314.042,0.12,1
2130,12,0,0,12.9924,417.757
215,12,0,0,12.9869,383.417
205,12,0,0,12.9589,223.068
196,12,0,0,12.945,137.521
195,12,0,0,12.9419,117.624
64,12,0,0,12.92,0
455,12,0,1,13.176,1375.28,0.0423333,184.645,0.11,2
454,12,0,1,13.1727,1357.9
457,12,0,1,13.1662,1303.83
456,12,0,1,13.1612,1274.8
458,12,0,1,13.152,1213.88
459,12,0,1,13.1454,1168.53
450,12,0,1,13.1302,1084.61
229,12,0,1,13.1191,1024.74
222,12,0,1,13.0909,874.132
220,12,0,1,13.0822,825.209
710,12,0,2,13.2834,1959.13,0.0466667,203.546,0.45,3
1543,12,0,2,13.2601,1830.91
459,12,0,2,13.2499,1767.72
458,12,0,2,13.2432,1722.32
456,12,0,2,13.2346,1661.92
457,12,0,2,13.2286,1628.87
454,12,0,2,13.221,1574.89
455,12,0,2,13.2183,1559.93
1108,12,0,3,13.5734,3474.52,0.0723333,315.496,0.16,4
1109,12,0,3,13.5684,3449.09
1113,12,0,3,13.5628,3419.86
1847,12,0,3,13.5511,3359.89
1086,12,0,3,13.5475,3339.71
1087,12,0,3,13.534,3271.15
1090,12,0,3,13.5254,3226.39
1076,12,0,3,13.5074,3133.06
1074,12,0,3,13.5034,3112.4
1077,12,0,3,13.4899,3045.43
1080,12,0,3,13.475,2972.08
1079,12,0,3,13.4679,2935.6
1061,12,0,3,13.4636,2914.31
1063,12,0,3,13.4604,2897.47
1062,12,0,3,13.4594,2890.43
2159,12,0,3,13.4592,2889.45
1045,12,0,3,13.4585,2886.3
1012,12,0,3,13.4513,2845.31
2028,12,0,3,13.4432,2799.85
989,12,0,3,13.4398,2784.11
990,12,0,3,13.4298,2733.85
991,12,0,3,13.4272,2721.5
706,12,0,3,13.4202,2682.03
704,12,0,3,13.4175,2669.26
2179,12,0,3,13.4173,2668.4
662,12,0,3,13.4111,2638.75
602,12,0,3,13.3999,2570.61
599,12,0,3,13.3954,2545.91
605,12,0,3,13.3902,2517.79
529,12,0,3,13.3737,2418.9
726,12,0,3,13.3575,2317.36
714,12,0,3,13.3573,2315.48
1543,12,0,3,13.3515,2283.04
710,12,0,3,13.33,2162.68
1304,12,0,4,13.7744,4468.49,0.0735,320.585,0.21,5
952,12,0,4,13.7504,4337.17
953,12,0,4,13.7381,4276.12
2023,12,0,4,13.7373,4272.02
2108,12,0,4,13.7231,4196.36
1794,12,0,4,13.7168,4164.01
2106,12,0,4,13.7029,4090.26
2039,12,0,4,13.6843,3992.74
1106,12,0,4,13.6741,3938.34
2035,12,0,4,13.6621,3873.75
1108,12,0,4,13.6458,3790.02
1302,12,0,5,13.895,5028.07,0.035,152.659,0.22,6
1303,12,0,5,13.8746,4924.38
1305,12,0,5,13.8594,4848.36
1304,12,0,5,13.8479,4789.08
895,12,0,6,14.0789,5958.5,0.081,353.298,0.02,7
896,12,0,6,14.0752,5940.26
892,12,0,6,14.0715,5921.51
906,12,0,6,14.0589,5852.65
1555,12,0,6,14.0307,5698.05
2157,12,0,6,14.0197,5644.3
2019,12,0,6,13.9929,5518.04
929,12,0,6,13.9925,5516.06
938,12,0,6,13.9805,5450.21
950,12,0,6,13.967,5379.65
951,12,0,6,13.96,5343.93
949,12,0,6,13.949,5287.45
1302,12,0,6,13.93,5180.73
978,12,0,7,14.3259,7151.16,0.0373333,162.837,0.05,8
1010,12,0,7,14.3111,7074.39
1011,12,0,7,14.2968,7001.75
1009,12,0,7,14.2912,6972.32
1038,12,0,7,14.2831,6931.72
1039,12,0,7,14.2825,6929.05
1037,12,0,7,14.2726,6880.49
1034,12,0,7,14.2644,6836.65
2032,12,0,7,14.2489,6759.05
1050,12,0,7,14.2226,6625.27
1049,12,0,7,14.2226,6625.18
1025,12,0,7,14.2152,6587.48
1029,12,0,7,14.2022,6521.69
1027,12,0,7,14.1893,6458.32
898,12,0,7,14.1789,6405.83
895,12,0,7,14.1599,6311.8
636,12,0,8,14.4429,7704.42,0.0391667,170.833,0.15,9
631,12,0,8,14.4362,7671.63
630,12,0,8,14.4305,7643.11
637,12,0,8,14.4199,7591.03
1996,12,0,8,14.4074,7527.74
1997,12,0,8,14.4036,7507.84
2027,12,0,8,14.3763,7377.62
2026,12,0,8,14.3705,7349.14
978,12,0,8,14.3632,7314
603,12,0,9,14.5664,8310.98,0.0658333,287.145,0.35,10
604,12,0,9,14.5616,8285.57
596,12,0,9,14.5614,8284.6
580,12,0,9,14.5472,8208.39
583,12,0,9,14.5409,8178.58
587,12,0,9,14.5387,8164.15
578,12,0,9,14.5357,8147.34
575,12,0,9,14.5301,8116.23
571,12,0,9,14.5272,8100.11
570,12,0,9,14.5224,8076.83
1994,12,0,9,14.5097,8012.48
562,12,0,9,14.4963,7947.42
639,12,0,9,14.4928,7929.98
638,12,0,9,14.4861,7895.95
636,12,0,9,14.4821,7875.25
64,12,0,10,14.7942,9622.94,0,0,0
195,12,0,10,14.7726,9506.69
196,12,0,10,14.7699,9487.11
205,12,0,10,14.7556,9401.03
215,12,0,10,14.7312,9246.05
225,12,0,10,14.7063,9042.22
715,12,0,10,14.6714,8851.67
714,12,0,10,14.6676,8827.83
726,12,0,10,14.6674,8825.97
529,12,0,10,14.6534,8726.36
605,12,0,10,14.638,8629.11
603,12,0,10,14.6322,8598.13
220,13,0,0,13.0502,511.167,0.072,314.042,0.12,1
2130,13,0,0,13.0324,417.757
215,13,0,0,13.0269,383.417
205,13,0,0,12.9989,223.068
196,13,0,0,12.985,137.521
195,13,0,0,12.9819,117.624
64,13,0,0,12.96,0
710,13,0,1,13.189,1171.13,0.0466667,203.546,0.45,2
223,13,0,1,13.1699,1071.11
224,13,0,1,13.1466,958.91
222,13,0,1,13.1309,874.132
220,13,0,1,13.1222,825.209
455,13,0,2,13.2963,1763.6,0.0423333,184.645,0.11,3
454,13,0,2,13.2931,1746.22
457,13,0,2,13.2865,1692.15
456,13,0,2,13.2816,1663.11
458,13,0,2,13.2723,1602.2
459,13,0,2,13.2657,1556.85
1543,13,0,2,13.2571,1495.04
710,13,0,2,13.2356,1374.67
1108,13,0,3,13.6022,3410.34,0.0723333,315.496,0.16,4
1109,13,0,3,13.5982,3388.96
1113,13,0,3,13.5918,3356.71
1847,13,0,3,13.58,3296.07
1086,13,0,3,13.5763,3275.89
1087,13,0,3,13.5629,3207.33
1090,13,0,3,13.5543,3162.57
1076,13,0,3,13.5362,3069.24
1074,13,0,3,13.5322,3048.58
1077,13,0,3,13.5188,2981.61
1080,13,0,3,13.5039,2908.26
1079,13,0,3,13.4967,2871.78
1061,13,0,3,13.4925,2850.49
1063,13,0,3,13.4893,2833.65
1062,13,0,3,13.4883,2826.61
2159,13,0,3,13.4881,2825.63
1045,13,0,3,13.4874,2822.48
1012,13,0,3,13.4802,2781.49
2028,13,0,3,13.4721,2736.03
989,13,0,3,13.4687,2720.29
990,13,0,3,13.4586,2670.03
991,13,0,3,13.456,2657.68
706,13,0,3,13.449,2618.21
704,13,0,3,13.4464,2605.44
2179,13,0,3,13.4462,2604.58
662,13,0,3,13.44,2574.93
602,13,0,3,13.4287,2506.79
599,13,0,3,13.4242,2482.09
605,13,0,3,13.4191,2453.97
529,13,0,3,13.4025,2355.08
726,13,0,3,13.3864,2253.54
714,13,0,3,13.3862,2251.66
1543,13,0,3,13.3804,2219.22
459,13,0,3,13.3703,2156.04
458,13,0,3,13.3636,2110.63
456,13,0,3,13.355,2050.23
457,13,0,3,13.349,2017.18
454,13,0,3,13.3413,1963.2
455,13,0,3,13.3386,1948.24
1304,13,0,4,13.8032,4404.31,0.0735,320.585,0.21,5
952,13,0,4,13.7791,4272.99
953,13,0,4,13.7669,4211.94
2023,13,0,4,13.7661,4207.84
2108,13,0,4,13.7519,4132.18
1794,13,0,4,13.7456,4099.83
2106,13,0,4,13.7317,4026.08
2039,13,0,4,13.7131,3928.56
1106,13,0,4,13.7029,3874.16
2035,13,0,4,13.6909,3809.57
1108,13,0,4,13.6746,3725.83
1302,13,0,5,13.9238,4963.89,0.035,152.659,0.22,6
1303,13,0,5,13.9034,4860.2
1305,13,0,5,13.8882,4784.18
1304,13,0,5,13.8767,4724.9
895,13,0,6,14.1077,5894.32,0.081,353.298,0.02,7
896,13,0,6,14.104,5876.08
892,13,0,6,14.1003,5857.33
906,13,0,6,14.0877,5788.47
1555,13,0,6,14.0595,5633.87
2157,13,0,6,14.0485,5580.12
2019,13,0,6,14.0217,5453.86
929,13,0,6,14.0213,5451.88
938,13,0,6,14.0093,5386.03
950,13,0,6,13.9958,5315.47
951,13,0,6,13.9888,5279.75
949,13,0,6,13.9778,5223.27
1302,13,0,6,13.9588,5116.55
978,13,0,7,14.3547,7086.98,0.0373333,162.837,0.05,8
1010,13,0,7,14.3399,7010.21
1011,13,0,7,14.3256,6937.58
1009,13,0,7,14.32,6908.14
1038,13,0,7,14.3118,6867.54
1039,13,0,7,14.3113,6864.87
1037,13,0,7,14.3014,6816.31
1034,13,0,7,14.2932,6772.47
2032,13,0,7,14.2777,6694.87
1050,13,0,7,14.2514,6561.09
1049,13,0,7,14.2513,6561
1025,13,0,7,14.244,6523.3
1029,13,0,7,14.2309,6457.51
1027,13,0,7,14.2181,6394.14
898,13,0,7,14.2077,6341.65
895,13,0,7,14.1887,6247.62
636,13,0,8,14.4717,7640.24,0.0391667,170.833,0.15,9
631,13,0,8,14.465,7607.45
630,13,0,8,14.4592,7578.93
637,13,0,8,14.4487,7526.85
1996,13,0,8,14.4362,7463.56
1997,13,0,8,14.4323,7443.66
2027,13,0,8,14.4051,7313.44
2026,13,0,8,14.3993,7284.96
978,13,0,8,14.392,7249.82
603,13,0,9,14.5952,8246.8,0.0658333,287.145,0.35,10
604,13,0,9,14.5904,8221.39
596,13,0,9,14.5902,8220.42
580,13,0,9,14.576,8144.21
583,13,0,9,14.5697,8114.4
587,13,0,9,14.5675,8099.97
578,13,0,9,14.5644,8083.16
575,13,0,9,14.5589,8052.05
571,13,0,9,14.556,8035.93
570,13,0,9,14.5512,8012.65
1994,13,0,9,14.5384,7948.3
562,13,0,9,14.5251,7883.24
639,13,0,9,14.5216,7865.8
638,13,0,9,14.5149,7831.77
636,13,0,9,14.5109,7811.07
64,13,0,10,14.8229,9558.76,0,0,0
195,13,0,10,14.8014,9442.51
196,13,0,10,14.7986,9422.93
205,13,0,10,14.7844,9336.85
215,13,0,10,14.76,9181.87
225,13,0,10,14.7351,8978.04
715,13,0,10,14.7001,8787.49
714,13,0,10,14.6964,8763.65
726,13,0,10,14.6962,8761.79
529,13,0,10,14.6822,8662.18
605,13,0,10,14.6668,8564.93
603,13,0,10,14.661,8533.95
