Nodo,Individuo,Ruta,Segmento,Tiempo viaje,Costo viaje,Tiempo atencion,Costo atencion,Tasa fallo,Demanda
1108,0,0,0,11.3481,1895.18,0.0935,407.819,0.09,1
1109,0,0,0,11.3429,1868.98
1113,0,0,0,11.3368,1837.93
1847,0,0,0,11.3245,1775.21
1086,0,0,0,11.3207,1754.77
1087,0,0,0,11.3064,1682.13
1090,0,0,0,11.2987,1641.25
1076,0,0,0,11.278,1537.22
1074,0,0,0,11.2739,1516.1
1077,0,0,0,11.2643,1465.28
1080,0,0,0,11.2509,1398.08
1079,0,0,0,11.2442,1363.62
1061,0,0,0,11.24,1342.34
1063,0,0,0,11.2365,1324.17
1062,0,0,0,11.2354,1317.09
2159,0,0,0,11.2352,1315.98
1045,0,0,0,11.2345,1312.83
1012,0,0,0,11.2273,1271.84
1014,0,0,0,11.2267,1268.98
989,0,0,0,11.2156,1210.67
990,0,0,0,11.2056,1160.41
991,0,0,0,11.203,1148.06
706,0,0,0,11.196,1108.6
704,0,0,0,11.1933,1095.82
2179,0,0,0,11.1932,1094.96
662,0,0,0,11.1869,1065.31
602,0,0,0,11.1756,997.04
599,0,0,0,11.1714,973.782
605,0,0,0,11.1674,949.793
529,0,0,0,11.1502,849.768
726,0,0,0,11.1343,748.573
714,0,0,0,11.1341,746.688
715,0,0,0,11.1307,723.201
225,0,0,0,11.1132,562.11
215,0,0,0,11.0875,358.782
205,0,0,0,11.0636,204.484
196,0,0,0,11.0505,119.897
195,0,0,0,11.0479,100.335
64,0,0,0,11.03,0
1304,0,0,1,11.5711,2985.62,0.0428333,186.826,0.12,2
952,0,0,1,11.5467,2852.63
953,0,0,1,11.536,2797.86
2023,0,0,1,11.5351,2793.76
2108,0,0,1,11.5187,2708.55
1794,0,0,1,11.5116,2672.79
2106,0,0,1,11.4963,2593.42
2039,0,0,1,11.4787,2499.89
1106,0,0,1,11.4691,2447.94
2035,0,0,1,11.4548,2373.89
1108,0,0,1,11.4416,2303
895,0,0,2,11.7727,3984.88,0.103333,450.709,0.01,3
907,0,0,2,11.7571,3907.98
908,0,0,2,11.7478,3861.93
2014,0,0,2,11.7472,3859.25
2017,0,0,2,11.7461,3853.56
2170,0,0,2,11.7431,3838.7
1738,0,0,2,11.7286,3763.62
1737,0,0,2,11.7232,3735.56
936,0,0,2,11.7081,3656.94
933,0,0,2,11.7076,3654
934,0,0,2,11.702,3616.36
943,0,0,2,11.6855,3535.82
2020,0,0,2,11.6846,3531.88
1787,0,0,2,11.6673,3444.02
1788,0,0,2,11.6665,3440.31
1789,0,0,2,11.6565,3389
952,0,0,2,11.6485,3348.49
1304,0,0,2,11.6139,3172.44
64,0,0,3,12.2127,6442.56,0,0,0
195,0,0,3,12.1907,6324.33
196,0,0,3,12.1877,6304.6
205,0,0,3,12.1738,6219.04
215,0,0,3,12.1483,6062.6
225,0,0,3,12.1229,5859.08
715,0,0,3,12.0948,5694.05
714,0,0,3,12.0909,5670.05
726,0,0,3,12.0907,5668.17
529,0,0,3,12.077,5568.67
605,0,0,3,12.0622,5472.06
603,0,0,3,12.0571,5444.08
604,0,0,3,12.0528,5420.94
596,0,0,3,12.0527,5419.97
580,0,0,3,12.0443,5361.7
574,0,0,3,12.027,5268.45
573,0,0,3,12.017,5212.55
564,0,0,3,12.0093,5171.4
557,0,0,3,12.0032,5137.41
561,0,0,3,11.9965,5090.89
628,0,0,3,11.992,5065.24
609,0,0,3,11.9793,4988.59
423,0,0,3,11.9734,4932.27
419,0,0,3,11.9687,4897.82
420,0,0,3,11.9627,4861.88
431,0,0,3,11.9429,4764.84
434,0,0,3,11.9364,4734.23
873,0,0,3,11.9321,4711.22
874,0,0,3,11.919,4647.97
870,0,0,3,11.9131,4618.09
894,0,0,3,11.8861,4485.57
895,0,0,3,11.876,4435.59
220,0,1,0,11.3372,472.978,0.0955,416.542,0.04,1
2130,0,1,0,11.3224,392.48
215,0,1,0,11.3175,358.782
205,0,1,0,11.2936,204.484
196,0,1,0,11.2805,119.897
195,0,1,0,11.2779,100.335
64,0,1,0,11.26,0
455,0,1,1,11.5221,1421.69,0.0408333,178.103,0.03,2
454,0,1,1,11.5193,1406.07
457,0,1,1,11.5125,1352.11
456,0,1,1,11.5074,1322.67
458,0,1,1,11.4979,1261.52
459,0,1,1,11.492,1216.42
450,0,1,1,11.4768,1132.53
229,0,1,1,11.4673,1079.68
222,0,1,1,11.443,945.57
220,0,1,1,11.4327,889.52
603,0,1,2,11.6533,2163.88,0.109,475.425,0.32,3
604,0,1,2,11.6491,2140.74
596,0,1,2,11.6489,2139.76
595,0,1,2,11.6434,2109.36
605,0,1,2,11.6423,2101.36
529,0,1,2,11.6251,2001.34
726,0,1,2,11.6092,1900.14
714,0,1,2,11.609,1898.26
1543,0,1,2,11.6042,1867.73
459,0,1,2,11.5939,1804.33
458,0,1,2,11.5874,1759.07
456,0,1,2,11.5783,1698.29
457,0,1,2,11.5729,1668.07
454,0,1,2,11.5653,1614.11
455,0,1,2,11.5629,1599.79
710,0,1,3,11.8264,3053.8,0.0443333,193.369,0.36,4
1543,0,1,3,11.8049,2933.53
715,0,1,3,11.8001,2889.27
714,0,1,3,11.7962,2865.27
726,0,1,3,11.796,2863.39
529,0,1,3,11.7822,2763.89
605,0,1,3,11.7674,2667.28
603,0,1,3,11.7623,2639.3
64,0,1,4,11.9712,3930.05,0,0,0
195,0,1,4,11.95,3815.37
196,0,1,4,11.9472,3795.76
205,0,1,4,11.9347,3711.85
215,0,1,4,11.9149,3559.76
225,0,1,4,11.8896,3356.19
1680,0,1,4,11.8866,3337.18
710,0,1,4,11.8707,3247.17
1302,0,2,0,13.8442,2766.91,0.035,152.659,0.22,1
949,0,2,0,13.8212,2642.85
2025,0,2,0,13.8177,2625.39
1598,0,2,0,13.8144,2606.63
948,0,2,0,13.8095,2579.61
928,0,2,0,13.7991,2522.31
929,0,2,0,13.7789,2416.19
2019,0,2,0,13.7785,2414.21
2157,0,2,0,13.7524,2290.85
905,0,2,0,13.7155,2102.44
889,0,2,0,13.7062,2054.31
890,0,2,0,13.6996,2018.4
2013,0,2,0,13.6801,1915.19
1988,0,2,0,13.6625,1821.32
417,0,2,0,13.642,1716.71
418,0,2,0,13.638,1695.77
419,0,2,0,13.6225,1609.96
423,0,2,0,13.6163,1573.67
609,0,2,0,13.6104,1517.35
628,0,2,0,13.6006,1443.34
561,0,2,0,13.5967,1418.58
557,0,2,0,13.5893,1371.34
554,0,2,0,13.5871,1360.2
565,0,2,0,13.577,1306.55
573,0,2,0,13.5717,1279.96
574,0,2,0,13.5644,1230.49
580,0,2,0,13.5416,1113.57
596,0,2,0,13.5355,1053.72
595,0,2,0,13.5305,1025.37
605,0,2,0,13.5293,1017.31
529,0,2,0,13.5127,918.413
726,0,2,0,13.4966,816.876
714,0,2,0,13.4964,814.998
715,0,2,0,13.4929,791.373
225,0,2,0,13.4751,630.742
215,0,2,0,13.4479,427.668
205,0,2,0,13.4169,255.297
196,0,2,0,13.4018,168.03
195,0,2,0,13.3992,148.465
64,0,2,0,13.37,0
978,0,2,1,14.1631,4355.78,0.0373333,162.837,0.05,2
1010,0,2,1,14.1482,4278.67
1011,0,2,1,14.1341,4206.68
1009,0,2,1,14.1274,4172.76
1038,0,2,1,14.1194,4132.87
1039,0,2,1,14.1188,4130.2
1037,0,2,1,14.106,4069.25
1034,0,2,1,14.0962,4019.03
2032,0,2,1,14.0808,3941.44
1050,0,2,1,14.0518,3796.99
1804,0,2,1,14.0387,3730.98
2015,0,2,1,14.0275,3674.76
2014,0,2,1,14.0193,3633.76
2017,0,2,1,14.0182,3628.07
2170,0,2,1,14.0153,3613.42
917,0,2,1,14.0091,3582.43
2016,0,2,1,14.0083,3578.62
915,0,2,1,13.9873,3473.67
1555,0,2,1,13.9799,3436.9
2157,0,2,1,13.969,3383.15
2019,0,2,1,13.9421,3256.89
929,0,2,1,13.9417,3254.9
938,0,2,1,13.9298,3189.05
950,0,2,1,13.9163,3118.49
951,0,2,1,13.9093,3082.77
949,0,2,1,13.8983,3026.3
1302,0,2,1,13.8792,2919.57
636,0,2,2,14.2801,4909.04,0.0391667,170.833,0.15,3
631,0,2,2,14.2734,4876.25
630,0,2,2,14.2676,4847.73
637,0,2,2,14.2571,4795.65
1996,0,2,2,14.2446,4732.36
1997,0,2,2,14.2407,4712.46
2027,0,2,2,14.2135,4582.24
2026,0,2,2,14.2077,4553.76
978,0,2,2,14.2004,4518.61
64,0,2,3,14.5655,6540.42,0,0,0
195,0,2,3,14.5439,6424.16
196,0,2,3,14.5412,6404.58
205,0,2,3,14.5269,6318.5
215,0,2,3,14.5025,6163.52
225,0,2,3,14.4776,5959.69
715,0,2,3,14.4427,5769.15
714,0,2,3,14.439,5745.31
726,0,2,3,14.4388,5743.45
529,0,2,3,14.4247,5643.84
605,0,2,3,14.4094,5546.58
603,0,2,3,14.4036,5515.6
604,0,2,3,14.3988,5490.19
596,0,2,3,14.3986,5489.22
580,0,2,3,14.3843,5413.01
583,0,2,3,14.3781,5383.2
587,0,2,3,14.3759,5368.77
578,0,2,3,14.3728,5351.95
575,0,2,3,14.3673,5320.85
571,0,2,3,14.3644,5304.73
570,0,2,3,14.3596,5281.45
1994,0,2,3,14.3468,5217.1
562,0,2,3,14.3335,5152.04
639,0,2,3,14.33,5134.6
638,0,2,3,14.3233,5100.57
636,0,2,3,14.3193,5079.87
220,1,0,0,13.0802,511.167,0.072,314.042,0.12,1
2130,1,0,0,13.0624,417.757
215,1,0,0,13.0569,383.417
205,1,0,0,13.0289,223.068
196,1,0,0,13.015,137.521
195,1,0,0,13.0119,117.624
64,1,0,0,12.99,0
710,1,0,1,13.219,1171.13,0.0466667,203.546,0.45,2
223,1,0,1,13.1999,1071.11
224,1,0,1,13.1766,958.91
222,1,0,1,13.1609,874.132
220,1,0,1,13.1522,825.209
455,1,0,2,13.3263,1763.6,0.0423333,184.645,0.11,3
454,1,0,2,13.3231,1746.22
457,1,0,2,13.3165,1692.15
456,1,0,2,13.3116,1663.11
458,1,0,2,13.3023,1602.2
459,1,0,2,13.2957,1556.85
1543,1,0,2,13.2871,1495.04
710,1,0,2,13.2656,1374.67
1108,1,0,3,13.6322,3410.34,0.0723333,315.496,0.16,4
1109,1,0,3,13.6282,3388.96
1113,1,0,3,13.6218,3356.71
1847,1,0,3,13.61,3296.07
1086,1,0,3,13.6063,3275.89
1087,1,0,3,13.5929,3207.33
1090,1,0,3,13.5843,3162.57
1076,1,0,3,13.5662,3069.24
1074,1,0,3,13.5622,3048.58
1077,1,0,3,13.5488,2981.61
1080,1,0,3,13.5339,2908.26
1079,1,0,3,13.5267,2871.78
1061,1,0,3,13.5225,2850.49
1063,1,0,3,13.5193,2833.65
1062,1,0,3,13.5183,2826.61
2159,1,0,3,13.5181,2825.63
1045,1,0,3,13.5174,2822.48
1012,1,0,3,13.5102,2781.49
2028,1,0,3,13.5021,2736.03
989,1,0,3,13.4987,2720.29
990,1,0,3,13.4886,2670.03
991,1,0,3,13.486,2657.68
706,1,0,3,13.479,2618.21
704,1,0,3,13.4764,2605.44
2179,1,0,3,13.4762,2604.58
662,1,0,3,13.47,2574.93
602,1,0,3,13.4587,2506.79
599,1,0,3,13.4542,2482.09
605,1,0,3,13.4491,2453.97
529,1,0,3,13.4325,2355.08
726,1,0,3,13.4164,2253.54
714,1,0,3,13.4162,2251.66
1543,1,0,3,13.4104,2219.22
459,1,0,3,13.4003,2156.04
458,1,0,3,13.3936,2110.63
456,1,0,3,13.385,2050.23
457,1,0,3,13.379,2017.18
454,1,0,3,13.3713,1963.2
455,1,0,3,13.3686,1948.24
1304,1,0,4,13.8332,4404.31,0.0735,320.585,0.21,5
952,1,0,4,13.8091,4272.99
953,1,0,4,13.7969,4211.94
2023,1,0,4,13.7961,4207.84
2108,1,0,4,13.7819,4132.18
1794,1,0,4,13.7756,4099.83
2106,1,0,4,13.7617,4026.08
2039,1,0,4,13.7431,3928.56
1106,1,0,4,13.7329,3874.16
2035,1,0,4,13.7209,3809.57
1108,1,0,4,13.7046,3725.83
1302,1,0,5,13.9538,4963.89,0.035,152.659,0.22,6
1303,1,0,5,13.9334,4860.2
1305,1,0,5,13.9182,4784.18
1304,1,0,5,13.9067,4724.9
895,1,0,6,14.1377,5894.32,0.081,353.298,0.02,7
896,1,0,6,14.134,5876.08
892,1,0,6,14.1303,5857.33
906,1,0,6,14.1177,5788.47
1555,1,0,6,14.0894,5633.87
2157,1,0,6,14.0785,5580.12
2019,1,0,6,14.0517,5453.86
929,1,0,6,14.0513,5451.88
938,1,0,6,14.0393,5386.03
950,1,0,6,14.0258,5315.47
951,1,0,6,14.0188,5279.75
949,1,0,6,14.0078,5223.27
1302,1,0,6,13.9888,5116.55
978,1,0,7,14.3847,7086.98,0.0373333,162.837,0.05,8
1010,1,0,7,14.3699,7010.21
1011,1,0,7,14.3556,6937.58
1009,1,0,7,14.35,6908.14
1038,1,0,7,14.3418,6867.54
1039,1,0,7,14.3413,6864.87
1037,1,0,7,14.3314,6816.31
1034,1,0,7,14.3232,6772.47
2032,1,0,7,14.3077,6694.87
1050,1,0,7,14.2814,6561.09
1049,1,0,7,14.2813,6561
1025,1,0,7,14.274,6523.3
1029,1,0,7,14.2609,6457.51
1027,1,0,7,14.2481,6394.14
898,1,0,7,14.2377,6341.65
895,1,0,7,14.2187,6247.62
636,1,0,8,14.5017,7640.24,0.0391667,170.833,0.15,9
631,1,0,8,14.495,7607.45
630,1,0,8,14.4892,7578.93
637,1,0,8,14.4787,7526.85
1996,1,0,8,14.4662,7463.56
1997,1,0,8,14.4623,7443.66
2027,1,0,8,14.4351,7313.44
2026,1,0,8,14.4293,7284.96
978,1,0,8,14.422,7249.82
603,1,0,9,14.6252,8246.8,0.0658333,287.145,0.35,10
604,1,0,9,14.6204,8221.39
596,1,0,9,14.6202,8220.42
580,1,0,9,14.606,8144.21
583,1,0,9,14.5997,8114.4
587,1,0,9,14.5975,8099.97
578,1,0,9,14.5944,8083.16
575,1,0,9,14.5889,8052.05
571,1,0,9,14.586,8035.93
570,1,0,9,14.5812,8012.65
1994,1,0,9,14.5684,7948.3
562,1,0,9,14.5551,7883.24
639,1,0,9,14.5516,7865.8
638,1,0,9,14.5449,7831.77
636,1,0,9,14.5409,7811.07
64,1,0,10,14.8529,9558.76,0,0,0
195,1,0,10,14.8314,9442.51
196,1,0,10,14.8286,9422.93
205,1,0,10,14.8144,9336.85
215,1,0,10,14.79,9181.87
225,1,0,10,14.7651,8978.04
715,1,0,10,14.7301,8787.49
714,1,0,10,14.7264,8763.65
726,1,0,10,14.7262,8761.79
529,1,0,10,14.7122,8662.18
605,1,0,10,14.6968,8564.93
603,1,0,10,14.691,8533.95
1108,2,0,0,11.5081,1895.18,0.0935,407.819,0.09,1
1109,2,0,0,11.5029,1868.98
1113,2,0,0,11.4968,1837.93
1847,2,0,0,11.4845,1775.21
1086,2,0,0,11.4807,1754.77
1087,2,0,0,11.4664,1682.13
1090,2,0,0,11.4587,1641.25
1076,2,0,0,11.438,1537.22
1074,2,0,0,11.4339,1516.1
1077,2,0,0,11.4243,1465.28
1080,2,0,0,11.4109,1398.08
1079,2,0,0,11.4042,1363.62
1061,2,0,0,11.4,1342.34
1063,2,0,0,11.3965,1324.17
1062,2,0,0,11.3954,1317.09
2159,2,0,0,11.3952,1315.98
1045,2,0,0,11.3945,1312.83
1012,2,0,0,11.3873,1271.84
1014,2,0,0,11.3867,1268.98
989,2,0,0,11.3756,1210.67
990,2,0,0,11.3656,1160.41
991,2,0,0,11.363,1148.06
706,2,0,0,11.356,1108.6
704,2,0,0,11.3533,1095.82
2179,2,0,0,11.3532,1094.96
662,2,0,0,11.3469,1065.31
602,2,0,0,11.3356,997.04
599,2,0,0,11.3314,973.782
605,2,0,0,11.3274,949.793
529,2,0,0,11.3102,849.768
726,2,0,0,11.2943,748.573
714,2,0,0,11.2941,746.688
715,2,0,0,11.2907,723.201
225,2,0,0,11.2732,562.11
215,2,0,0,11.2475,358.782
205,2,0,0,11.2236,204.484
196,2,0,0,11.2105,119.897
195,2,0,0,11.2079,100.335
64,2,0,0,11.19,0
895,2,0,1,11.6926,2778.38,0.103333,450.709,0.01,2
907,2,0,1,11.677,2701.48
908,2,0,1,11.6677,2655.43
2014,2,0,1,11.6672,2652.75
2017,2,0,1,11.666,2647.06
1786,2,0,1,11.6611,2622.62
918,2,0,1,11.6574,2603.51
920,2,0,1,11.6444,2532.86
1085,2,0,1,11.6288,2446.11
2035,2,0,1,11.6148,2373.89
1108,2,0,1,11.6016,2303
1304,2,0,2,11.9594,4074.23,0.0428333,186.826,0.12,3
952,2,0,2,11.935,3941.24
953,2,0,2,11.9242,3886.47
2023,2,0,2,11.9234,3882.37
1787,2,0,2,11.9155,3841.81
2020,2,0,2,11.8999,3761.3
935,2,0,2,11.8897,3707.99
934,2,0,2,11.8891,3705.38
933,2,0,2,11.8804,3658.29
936,2,0,2,11.8798,3655.35
1737,2,0,2,11.8663,3583.45
917,2,0,2,11.8502,3503.13
916,2,0,2,11.85,3502.22
906,2,0,2,11.8243,3369.81
892,2,0,2,11.8041,3269.15
896,2,0,2,11.8009,3252.57
895,2,0,2,11.796,3229.09
1302,2,0,3,12.0481,4495.06,0.106833,465.975,0.24,4
1303,2,0,3,12.0278,4391.52
1305,2,0,3,12.0143,4322.61
1304,2,0,3,12.0022,4261.06
636,2,0,4,12.4139,6388.16,0.091,396.915,0.15,5
633,2,0,4,12.4069,6352.96
563,2,0,4,12.4015,6327.96
564,2,0,4,12.3961,6298.75
557,2,0,4,12.3913,6267.69
561,2,0,4,12.3848,6221.25
628,2,0,4,12.3806,6196.1
609,2,0,4,12.3688,6120.81
423,2,0,4,12.3629,6064.49
419,2,0,4,12.3562,6026.91
420,2,0,4,12.3502,5990.88
421,2,0,4,12.3456,5963.39
417,2,0,4,12.3406,5936.68
1989,2,0,4,12.3222,5842.46
2011,2,0,4,12.3029,5742.75
2156,2,0,4,12.2975,5714.71
2013,2,0,4,12.2968,5711.55
886,2,0,4,12.2886,5668.95
888,2,0,4,12.2702,5568.88
903,2,0,4,12.2604,5515.91
904,2,0,4,12.2572,5498.19
925,2,0,4,12.2336,5369.71
2019,2,0,4,12.2281,5342.39
929,2,0,4,12.2277,5340.4
938,2,0,4,12.2157,5274.27
950,2,0,4,12.1997,5193.25
951,2,0,4,12.1933,5159.99
949,2,0,4,12.1816,5100.7
1302,2,0,4,12.155,4961.04
64,2,0,5,12.7519,8229.4,0,0,0
195,2,0,5,12.7252,8091.19
196,2,0,5,12.722,8071.25
205,2,0,5,12.7067,7983.5
215,2,0,5,12.6811,7826.94
225,2,0,5,12.6542,7623.87
715,2,0,5,12.6241,7454.3
714,2,0,5,12.6201,7430.15
726,2,0,5,12.6199,7428.29
529,2,0,5,12.6058,7328.64
605,2,0,5,12.5909,7231.98
603,2,0,5,12.5846,7198.9
604,2,0,5,12.5806,7177.04
596,2,0,5,12.5805,7176.07
580,2,0,5,12.5689,7111.54
583,2,0,5,12.5627,7081.73
587,2,0,5,12.5607,7067.46
578,2,0,5,12.5578,7051.4
579,2,0,5,12.5505,7012.6
570,2,0,5,12.5435,6979.44
1994,2,0,5,12.5306,6914.36
562,2,0,5,12.5176,6850.98
639,2,0,5,12.5141,6833.54
638,2,0,5,12.5088,6805.3
636,2,0,5,12.5049,6785.07
220,2,1,0,11.3372,472.978,0.0955,416.542,0.04,1
2130,2,1,0,11.3224,392.48
215,2,1,0,11.3175,358.782
205,2,1,0,11.2936,204.484
196,2,1,0,11.2805,119.897
195,2,1,0,11.2779,100.335
64,2,1,0,11.26,0
455,2,1,1,11.5221,1421.69,0.0408333,178.103,0.03,2
454,2,1,1,11.5193,1406.07
457,2,1,1,11.5125,1352.11
456,2,1,1,11.5074,1322.67
458,2,1,1,11.4979,1261.52
459,2,1,1,11.492,1216.42
450,2,1,1,11.4768,1132.53
229,2,1,1,11.4673,1079.68
222,2,1,1,11.443,945.57
220,2,1,1,11.4327,889.52
603,2,1,2,11.6533,2163.88,0.109,475.425,0.32,3
604,2,1,2,11.6491,2140.74
596,2,1,2,11.6489,2139.76
595,2,1,2,11.6434,2109.36
605,2,1,2,11.6423,2101.36
529,2,1,2,11.6251,2001.34
726,2,1,2,11.6092,1900.14
714,2,1,2,11.609,1898.26
1543,2,1,2,11.6042,1867.73
459,2,1,2,11.5939,1804.33
458,2,1,2,11.5874,1759.07
456,2,1,2,11.5783,1698.29
457,2,1,2,11.5729,1668.07
454,2,1,2,11.5653,1614.11
455,2,1,2,11.5629,1599.79
710,2,1,3,11.8264,3053.8,0.0443333,193.369,0.36,4
1543,2,1,3,11.8049,2933.53
715,2,1,3,11.8001,2889.27
714,2,1,3,11.7962,2865.27
726,2,1,3,11.796,2863.39
529,2,1,3,11.7822,2763.89
605,2,1,3,11.7674,2667.28
603,2,1,3,11.7623,2639.3
64,2,1,4,11.9712,3930.05,0,0,0
195,2,1,4,11.95,3815.37
196,2,1,4,11.9472,3795.76
205,2,1,4,11.9347,3711.85
215,2,1,4,11.9149,3559.76
225,2,1,4,11.8896,3356.19
1680,2,1,4,11.8866,3337.18
710,2,1,4,11.8707,3247.17
978,2,2,0,14.5746,1541.01,0.0373333,162.837,0.05,1
1010,2,2,0,14.5601,1465.78
1016,2,2,0,14.5404,1374.31
1548,2,2,0,14.5334,1338.05
1012,2,2,0,14.5284,1312.65
2028,2,2,0,14.5203,1267.19
989,2,2,0,14.5169,1251.45
990,2,2,0,14.5069,1201.19
991,2,2,0,14.5043,1188.84
706,2,2,0,14.4973,1149.38
704,2,2,0,14.4946,1136.6
2179,2,2,0,14.4944,1135.74
662,2,2,0,14.4882,1106.09
602,2,2,0,14.477,1038.03
599,2,2,0,14.473,1015.4
605,2,2,0,14.4693,991.921
529,2,2,0,14.4522,892.037
726,2,2,0,14.4376,792.08
714,2,2,0,14.4374,790.213
715,2,2,0,14.4338,766.53
225,2,2,0,14.4163,605.342
215,2,2,0,14.3904,402.069
205,2,2,0,14.3637,243.798
196,2,2,0,14.3495,157.808
195,2,2,0,14.3468,138.229
64,2,2,0,14.32,0
64,2,2,1,14.8743,3241.41,0,0,0
195,2,2,1,14.853,3126.4
196,2,2,1,14.8503,3106.82
205,2,2,1,14.8361,3020.74
215,2,2,1,14.8116,2865.76
225,2,2,1,14.7868,2661.93
715,2,2,1,14.7518,2471.38
714,2,2,1,14.7481,2447.54
726,2,2,1,14.7479,2445.68
529,2,2,1,14.7338,2346.07
605,2,2,1,14.7185,2248.82
603,2,2,1,14.7127,2217.84
2202,2,2,1,14.7094,2197.3
602,2,2,1,14.7056,2172.71
1851,2,2,1,14.6953,2102.67
1852,2,2,1,14.6875,2066.84
706,2,2,1,14.6746,2003.69
703,2,2,1,14.6684,1973.27
1542,2,2,1,14.6587,1926.61
698,2,2,1,14.6513,1892.09
700,2,2,1,14.6445,1859.46
690,2,2,1,14.6295,1788.46
979,2,2,1,14.6213,1750.44
980,2,2,1,14.6155,1722.03
978,2,2,1,14.6119,1703.84
220,3,0,0,11.1972,472.978,0.0955,416.542,0.04,1
2130,3,0,0,11.1824,392.48
215,3,0,0,11.1775,358.782
205,3,0,0,11.1536,204.484
196,3,0,0,11.1405,119.897
195,3,0,0,11.1379,100.335
64,3,0,0,11.12,0
455,3,0,1,11.3821,1421.69,0.0408333,178.103,0.03,2
454,3,0,1,11.3793,1406.07
457,3,0,1,11.3725,1352.11
456,3,0,1,11.3674,1322.67
458,3,0,1,11.3579,1261.52
459,3,0,1,11.352,1216.42
450,3,0,1,11.3368,1132.53
229,3,0,1,11.3273,1079.68
222,3,0,1,11.303,945.57
220,3,0,1,11.2927,889.52
1108,3,0,2,11.6902,3076.6,0.0935,407.819,0.09,3
1109,3,0,2,11.685,3050.4
1113,3,0,2,11.6789,3019.35
1847,3,0,2,11.666,2954.15
1086,3,0,2,11.6624,2934.12
1087,3,0,2,11.6478,2860.93
1090,3,0,2,11.6391,2815.77
1076,3,0,2,11.613,2688.79
1074,3,0,2,11.6088,2667.67
1077,3,0,2,11.5992,2616.85
1080,3,0,2,11.5858,2549.65
1079,3,0,2,11.5792,2515.2
1061,3,0,2,11.5749,2493.91
1063,3,0,2,11.5714,2475.75
1062,3,0,2,11.5703,2468.67
2159,3,0,2,11.5701,2467.55
1045,3,0,2,11.5694,2464.4
1012,3,0,2,11.5622,2423.42
1014,3,0,2,11.5616,2420.55
989,3,0,2,11.5505,2362.25
990,3,0,2,11.5405,2311.98
991,3,0,2,11.5379,2299.63
706,3,0,2,11.5309,2260.17
704,3,0,2,11.5283,2247.4
2179,3,0,2,11.5281,2246.53
662,3,0,2,11.5219,2216.89
602,3,0,2,11.5105,2148.61
599,3,0,2,11.5064,2125.35
605,3,0,2,11.5023,2101.36
529,3,0,2,11.4851,2001.34
726,3,0,2,11.4692,1900.14
714,3,0,2,11.469,1898.26
1543,3,0,2,11.4642,1867.73
459,3,0,2,11.4539,1804.33
458,3,0,2,11.4474,1759.07
456,3,0,2,11.4383,1698.29
457,3,0,2,11.4329,1668.07
454,3,0,2,11.4253,1614.11
455,3,0,2,11.4229,1599.79
1304,3,0,3,11.9132,4167.04,0.0428333,186.826,0.12,4
952,3,0,3,11.8888,4034.05
953,3,0,3,11.8781,3979.28
2023,3,0,3,11.8772,3975.18
2108,3,0,3,11.8608,3889.97
1794,3,0,3,11.8537,3854.21
2106,3,0,3,11.8384,3774.84
2039,3,0,3,11.8208,3681.31
1106,3,0,3,11.8112,3629.36
2035,3,0,3,11.7969,3555.31
1108,3,0,3,11.7837,3484.42
1302,3,0,4,12.0062,4605.57,0.106833,465.975,0.24,5
1303,3,0,4,11.9856,4501.06
1305,3,0,4,11.9709,4427.18
1304,3,0,4,11.956,4353.86
895,3,0,5,12.2788,5920.28,0.0435,189.734,0.02,6
896,3,0,5,12.2752,5902.04
892,3,0,5,12.2716,5884.25
906,3,0,5,12.2534,5791.45
1555,3,0,5,12.2279,5648.7
2157,3,0,5,12.2153,5588.07
2019,3,0,5,12.1862,5452.89
929,3,0,5,12.1858,5450.91
938,3,0,5,12.1738,5384.78
950,3,0,5,12.1578,5303.75
951,3,0,5,12.1514,5270.5
949,3,0,5,12.1397,5211.21
1302,3,0,5,12.113,5071.54
978,3,0,6,12.4903,6958.96,0.107833,470.336,0.07,7
1010,3,0,6,12.4747,6878.81
1011,3,0,6,12.4612,6809.41
1009,3,0,6,12.456,6781.79
1041,3,0,6,12.4559,6781.09
1039,3,0,6,12.4481,6740.62
1037,3,0,6,12.4385,6693.13
1034,3,0,6,12.4298,6647.45
2032,3,0,6,12.4144,6569.85
1050,3,0,6,12.3831,6415.76
1049,3,0,6,12.3831,6415.67
1025,3,0,6,12.3743,6372
1029,3,0,6,12.361,6305.17
1027,3,0,6,12.3493,6246.22
898,3,0,6,12.341,6202.69
895,3,0,6,12.3223,6110.01
64,3,0,7,12.8702,8986.44,0,0,0
195,3,0,7,12.8417,8840.53
196,3,0,7,12.8385,8820.58
205,3,0,7,12.8232,8732.84
215,3,0,7,12.7976,8576.28
225,3,0,7,12.7707,8373.21
715,3,0,7,12.7405,8203.64
714,3,0,7,12.7366,8179.49
726,3,0,7,12.7364,8177.63
529,3,0,7,12.7222,8077.98
605,3,0,7,12.7074,7981.32
603,3,0,7,12.7011,7948.24
2202,3,0,7,12.6976,7927.45
602,3,0,7,12.6933,7902.16
1851,3,0,7,12.6825,7831.62
1852,3,0,7,12.6776,7807.54
706,3,0,7,12.6644,7743.03
703,3,0,7,12.6588,7715.07
1542,3,0,7,12.6504,7674
698,3,0,7,12.6428,7638.22
700,3,0,7,12.6338,7597.13
690,3,0,7,12.6192,7527.63
979,3,0,7,12.607,7473.85
980,3,0,7,12.6017,7447.79
978,3,0,7,12.5981,7429.3
710,3,1,0,11.533,739.387,0.0443333,193.369,0.36,1
223,3,1,0,11.5155,646.157
1680,3,1,0,11.506,581.03
225,3,1,0,11.5032,562.11
215,3,1,0,11.4775,358.782
205,3,1,0,11.4536,204.484
196,3,1,0,11.4405,119.897
195,3,1,0,11.4379,100.335
64,3,1,0,11.42,0
636,3,1,1,11.6978,1642.6,0.0763333,332.943,0.15,2
633,3,1,1,11.6931,1617.52
563,3,1,1,11.6878,1592.52
565,3,1,1,11.6807,1556.35
573,3,1,1,11.6753,1529.76
574,3,1,1,11.6663,1477.96
580,3,1,1,11.6479,1379.69
596,3,1,1,11.6418,1319.83
595,3,1,1,11.6363,1289.42
605,3,1,1,11.6352,1281.43
529,3,1,1,11.6179,1181.4
726,3,1,1,11.602,1080.21
714,3,1,1,11.6019,1078.32
1543,3,1,1,11.597,1047.8
710,3,1,1,11.5773,932.755
603,3,1,2,11.8481,2370.96,0.109,475.425,0.32,3
604,3,1,2,11.8438,2347.82
596,3,1,2,11.8437,2346.85
580,3,1,2,11.8353,2288.57
583,3,1,2,11.8291,2258.76
587,3,1,2,11.8262,2242.63
578,3,1,2,11.8233,2226.63
579,3,1,2,11.8157,2186.84
570,3,1,2,11.8091,2155.22
1994,3,1,2,11.7963,2090.81
562,3,1,2,11.7856,2036.69
639,3,1,2,11.7821,2019.25
638,3,1,2,11.7784,1997.45
636,3,1,2,11.7741,1975.55
64,3,1,3,12.1045,3835.23,0,0,0
195,3,1,3,12.0833,3720.55
196,3,1,3,12.0806,3700.95
205,3,1,3,12.0681,3617.04
215,3,1,3,12.0482,3464.95
225,3,1,3,12.0229,3261.38
715,3,1,3,11.9948,3096.35
714,3,1,3,11.9909,3072.35
726,3,1,3,11.9907,3070.47
529,3,1,3,11.977,2970.97
605,3,1,3,11.9622,2874.36
603,3,1,3,11.9571,2846.38
220,4,0,0,11.0872,472.978,0.0955,416.542,0.04,1
2130,4,0,0,11.0724,392.48
215,4,0,0,11.0675,358.782
205,4,0,0,11.0436,204.484
196,4,0,0,11.0305,119.897
195,4,0,0,11.0279,100.335
64,4,0,0,11.01,0
710,4,0,1,11.2404,1198.14,0.0443333,193.369,0.36,2
223,4,0,1,11.2229,1104.91
224,4,0,1,11.2088,1031.05
222,4,0,1,11.193,945.57
220,4,0,1,11.1827,889.52
455,4,0,2,11.3438,1774.06,0.0408333,178.103,0.03,3
454,4,0,2,11.341,1758.44
457,4,0,2,11.3343,1704.48
456,4,0,2,11.3291,1675.03
458,4,0,2,11.3196,1613.89
459,4,0,2,11.3137,1568.78
1543,4,0,2,11.3044,1506.55
710,4,0,2,11.2847,1391.51
603,4,0,3,11.475,2516.24,0.109,475.425,0.32,4
604,4,0,3,11.4708,2493.1
596,4,0,3,11.4706,2492.13
595,4,0,3,11.4652,2461.72
605,4,0,3,11.464,2453.73
529,4,0,3,11.4468,2353.71
726,4,0,3,11.4309,2252.51
714,4,0,3,11.4307,2250.62
1543,4,0,3,11.4259,2220.1
459,4,0,3,11.4156,2156.7
458,4,0,3,11.4091,2111.44
456,4,0,3,11.4,2050.65
457,4,0,3,11.3946,2020.43
454,4,0,3,11.387,1966.47
455,4,0,3,11.3846,1952.16
1108,4,0,4,11.7762,3990.79,0.0935,407.819,0.09,5
1109,4,0,4,11.7718,3968.11
1113,4,0,4,11.765,3933.96
1847,4,0,4,11.7515,3866.44
1086,4,0,4,11.7479,3846.41
1087,4,0,4,11.7334,3773.22
1090,4,0,4,11.7247,3728.06
1076,4,0,4,11.6985,3601.08
1074,4,0,4,11.6944,3579.96
1077,4,0,4,11.6848,3529.14
1080,4,0,4,11.6713,3461.94
1079,4,0,4,11.6647,3427.48
1061,4,0,4,11.6605,3406.2
1063,4,0,4,11.6569,3388.03
1062,4,0,4,11.6559,3380.95
2159,4,0,4,11.6556,3379.84
1045,4,0,4,11.6549,3376.69
1012,4,0,4,11.6477,3335.7
1014,4,0,4,11.6472,3332.84
989,4,0,4,11.6361,3274.53
990,4,0,4,11.6261,3224.27
991,4,0,4,11.6235,3211.92
706,4,0,4,11.6165,3172.46
704,4,0,4,11.6138,3159.68
2179,4,0,4,11.6136,3158.82
662,4,0,4,11.6074,3129.17
602,4,0,4,11.5961,3060.9
604,4,0,4,11.5935,3044.1
596,4,0,4,11.5934,3043.13
595,4,0,4,11.5879,3012.72
603,4,0,4,11.584,2991.67
1304,4,0,5,11.9992,5081.23,0.0428333,186.826,0.12,6
952,4,0,5,11.9748,4948.24
953,4,0,5,11.9641,4893.46
2023,4,0,5,11.9632,4889.36
2108,4,0,5,11.9468,4804.15
1794,4,0,5,11.9397,4768.39
2106,4,0,5,11.9245,4689.02
2039,4,0,5,11.9068,4595.49
1106,4,0,5,11.8972,4543.54
2035,4,0,5,11.883,4469.49
1108,4,0,5,11.8697,4398.6
1302,4,0,6,12.088,5502.06,0.106833,465.975,0.24,7
1303,4,0,6,12.0676,5398.52
1305,4,0,6,12.0541,5329.61
1304,4,0,6,12.042,5268.05
895,4,0,7,12.3606,6816.77,0.0435,189.734,0.02,8
896,4,0,7,12.3569,6798.53
892,4,0,7,12.3534,6780.74
906,4,0,7,12.3351,6687.94
1555,4,0,7,12.3097,6545.19
2157,4,0,7,12.2971,6484.56
2019,4,0,7,12.268,6349.38
929,4,0,7,12.2676,6347.4
938,4,0,7,12.2555,6281.27
950,4,0,7,12.2396,6200.24
951,4,0,7,12.2331,6166.99
949,4,0,7,12.2215,6107.7
1302,4,0,7,12.1948,5968.03
978,4,0,8,12.5721,7855.45,0.107833,470.336,0.07,9
1010,4,0,8,12.5564,7775.3
1011,4,0,8,12.543,7705.9
1009,4,0,8,12.5378,7678.27
1041,4,0,8,12.5376,7677.58
1039,4,0,8,12.5299,7637.11
1037,4,0,8,12.5203,7589.62
1034,4,0,8,12.5116,7543.93
2032,4,0,8,12.4962,7466.34
1050,4,0,8,12.4649,7312.25
1049,4,0,8,12.4649,7312.15
1025,4,0,8,12.4561,7268.49
1029,4,0,8,12.4428,7201.66
1027,4,0,8,12.431,7142.71
898,4,0,8,12.4227,7099.17
895,4,0,8,12.4041,7006.5
636,4,0,9,12.7654,8740.28,0.091,396.915,0.15,10
633,4,0,9,12.7588,8706.67
639,4,0,9,12.7554,8689.13
1993,4,0,9,12.7457,8638.52
1995,4,0,9,12.7361,8593.22
1996,4,0,9,12.7246,8541.49
1997,4,0,9,12.7207,8521.58
2027,4,0,9,12.6925,8387.24
2026,4,0,9,12.6867,8358.94
978,4,0,9,12.6799,8325.79
64,4,0,10,13.1035,10581.5,0,0,0
195,4,0,10,13.0767,10443.3
196,4,0,10,13.0736,10423.4
205,4,0,10,13.0583,10335.6
215,4,0,10,13.0327,10179.1
225,4,0,10,13.0057,9975.99
715,4,0,10,12.9756,9806.43
714,4,0,10,12.9716,9782.27
726,4,0,10,12.9714,9780.42
529,4,0,10,12.9573,9680.77
605,4,0,10,12.9424,9584.1
603,4,0,10,12.9361,9551.02
604,4,0,10,12.9322,9529.16
596,4,0,10,12.932,9528.19
580,4,0,10,12.9205,9463.67
583,4,0,10,12.9143,9433.85
587,4,0,10,12.9122,9419.58
578,4,0,10,12.9093,9403.52
579,4,0,10,12.902,9364.72
570,4,0,10,12.895,9331.56
1994,4,0,10,12.8821,9266.48
562,4,0,10,12.8691,9203.11
639,4,0,10,12.8656,9185.67
638,4,0,10,12.8603,9157.42
636,4,0,10,12.8564,9137.2
220,5,0,0,11.6872,472.978,0.0955,416.542,0.04,1
2130,5,0,0,11.6724,392.48
215,5,0,0,11.6675,358.782
205,5,0,0,11.6436,204.484
196,5,0,0,11.6305,119.897
195,5,0,0,11.6279,100.335
64,5,0,0,11.61,0
455,5,0,1,11.8721,1421.69,0.0408333,178.103,0.03,2
454,5,0,1,11.8693,1406.07
457,5,0,1,11.8625,1352.11
456,5,0,1,11.8574,1322.67
458,5,0,1,11.8479,1261.52
459,5,0,1,11.842,1216.42
450,5,0,1,11.8268,1132.53
229,5,0,1,11.8173,1079.68
222,5,0,1,11.793,945.57
220,5,0,1,11.7827,889.52
603,5,0,2,12.0033,2163.88,0.0631667,275.514,0.35,3
604,5,0,2,11.9991,2140.74
596,5,0,2,11.9989,2139.76
595,5,0,2,11.9934,2109.36
605,5,0,2,11.9923,2101.36
529,5,0,2,11.9751,2001.34
726,5,0,2,11.9592,1900.14
714,5,0,2,11.959,1898.26
1543,5,0,2,11.9542,1867.73
459,5,0,2,11.9439,1804.33
458,5,0,2,11.9374,1759.07
456,5,0,2,11.9283,1698.29
457,5,0,2,11.9229,1668.07
454,5,0,2,11.9153,1614.11
455,5,0,2,11.9129,1599.79
1108,5,0,3,12.2549,3421.96,0.0588333,256.613,0.13,4
1109,5,0,3,12.2508,3400.42
1113,5,0,3,12.2436,3364.48
1847,5,0,3,12.2305,3298.64
1086,5,0,3,12.2269,3278.41
1087,5,0,3,12.2131,3208.61
1090,5,0,3,12.2039,3161.36
1076,5,0,3,12.1809,3047.18
1074,5,0,3,12.1769,3026.79
1077,5,0,3,12.1666,2972.73
1080,5,0,3,12.1533,2906.28
1079,5,0,3,12.1457,2867.6
1061,5,0,3,12.1414,2846.31
1063,5,0,3,12.138,2828.5
1062,5,0,3,12.1369,2821.43
2159,5,0,3,12.1367,2820.53
1045,5,0,3,12.1361,2817.38
1012,5,0,3,12.1288,2776.4
1014,5,0,3,12.1284,2774.19
989,5,0,3,12.1179,2718.33
990,5,0,3,12.1079,2668.07
704,5,0,3,12.0965,2610.33
2179,5,0,3,12.0964,2609.47
662,5,0,3,12.0902,2579.82
602,5,0,3,12.0792,2512.13
604,5,0,3,12.0768,2495.45
596,5,0,3,12.0767,2494.48
595,5,0,3,12.0706,2461.74
603,5,0,3,12.0665,2439.39
1304,5,0,4,12.4467,4373.21,0.0815,355.478,0.17,5
2163,5,0,4,12.4257,4263.48
2051,5,0,4,12.3921,4085.39
2050,5,0,4,12.3809,4026.38
2106,5,0,4,12.374,3991.64
2039,5,0,4,12.3562,3897.67
1106,5,0,4,12.3463,3844.73
2035,5,0,4,12.3338,3777.9
1108,5,0,4,12.3138,3678.57
1302,5,0,5,12.5741,4962.7,0.106833,465.975,0.24,6
1303,5,0,5,12.5538,4859.16
1305,5,0,5,12.5403,4790.25
1304,5,0,5,12.5282,4728.69
895,5,0,6,12.8468,6277.41,0.0435,189.734,0.02,7
896,5,0,6,12.8431,6259.17
892,5,0,6,12.8396,6241.38
906,5,0,6,12.8213,6148.58
1555,5,0,6,12.7958,6005.83
2157,5,0,6,12.7832,5945.2
2019,5,0,6,12.7541,5810.02
929,5,0,6,12.7537,5808.04
938,5,0,6,12.7417,5741.91
950,5,0,6,12.7257,5660.88
951,5,0,6,12.7193,5627.63
949,5,0,6,12.7076,5568.34
1302,5,0,6,12.6809,5428.67
978,5,0,7,13.0582,7316.09,0.0648333,282.783,0.06,8
1010,5,0,7,13.0426,7235.94
1011,5,0,7,13.0291,7166.54
1009,5,0,7,13.0239,7138.92
1041,5,0,7,13.0238,7138.22
1039,5,0,7,13.016,7097.75
1037,5,0,7,13.0064,7050.26
1034,5,0,7,12.9978,7004.58
2032,5,0,7,12.9823,6926.98
1050,5,0,7,12.9511,6772.89
1049,5,0,7,12.951,6772.8
1025,5,0,7,12.9422,6729.13
1029,5,0,7,12.929,6662.3
1027,5,0,7,12.9172,6603.35
898,5,0,7,12.9089,6559.82
895,5,0,7,12.8903,6467.14
636,5,0,8,13.2004,7980.31,0.0665,290.053,0.15,9
633,5,0,8,13.1947,7950.77
639,5,0,8,13.1912,7932.63
1993,5,0,8,13.1796,7874.35
1995,5,0,8,13.1727,7839.98
1996,5,0,8,13.1666,7810.04
1997,5,0,8,13.1627,7790.14
2027,5,0,8,13.1378,7669.36
2026,5,0,8,13.132,7640.88
978,5,0,8,13.123,7598.88
710,5,0,9,13.4152,9119.61,0.0466667,203.546,0.45,10
1543,5,0,9,13.3919,8991.38
715,5,0,9,13.3868,8947.55
714,5,0,9,13.383,8923.63
726,5,0,9,13.3828,8921.78
529,5,0,9,13.3689,8822.26
605,5,0,9,13.3543,8725.76
603,5,0,9,13.3457,8683.12
604,5,0,9,13.3407,8656.73
596,5,0,9,13.3405,8655.76
580,5,0,9,13.329,8591.43
583,5,0,9,13.3228,8561.62
587,5,0,9,13.3206,8547.23
578,5,0,9,13.3177,8531.13
575,5,0,9,13.3119,8498.7
571,5,0,9,13.3092,8483.58
570,5,0,9,13.3054,8464.53
1994,5,0,9,13.2892,8385.55
562,5,0,9,13.2796,8336.51
639,5,0,9,13.2762,8319.07
638,5,0,9,13.2709,8291.28
636,5,0,9,13.2669,8270.36
64,5,0,10,13.5865,10070.2,0,0,0
195,5,0,10,13.5622,9942.54
196,5,0,10,13.5595,9922.94
205,5,0,10,13.5446,9835.83
215,5,0,10,13.513,9661.52
225,5,0,10,13.4871,9458.28
1680,5,0,10,13.4837,9438.69
710,5,0,10,13.4618,9323.15
220,6,0,0,12.2702,511.167,0.0923333,402.73,0.08,1
2130,6,0,0,12.2524,417.757
215,6,0,0,12.2469,383.417
205,6,0,0,12.2189,223.068
196,6,0,0,12.205,137.521
195,6,0,0,12.2019,117.624
64,6,0,0,12.18,0
455,6,0,1,12.4572,1465.09,0.0851667,371.471,0.08,2
454,6,0,1,12.4548,1450.75
457,6,0,1,12.4481,1396.73
456,6,0,1,12.4422,1364.17
458,6,0,1,12.4323,1302.41
459,6,0,1,12.4256,1257.06
450,6,0,1,12.4093,1168.32
229,6,0,1,12.3973,1104.61
222,6,0,1,12.3726,968.676
220,6,0,1,12.3626,913.897
603,6,0,2,12.6353,2410.27,0.0631667,275.514,0.35,3
604,6,0,2,12.6313,2388.4
596,6,0,2,12.6312,2387.43
595,6,0,2,12.6252,2354.7
605,6,0,2,12.624,2346.68
529,6,0,2,12.6068,2246.67
726,6,0,2,12.592,2146.59
714,6,0,2,12.5918,2144.73
1543,6,0,2,12.5876,2114.76
459,6,0,2,12.5775,2051.66
458,6,0,2,12.57,2005.32
456,6,0,2,12.5598,1943.25
457,6,0,2,12.5525,1904.9
454,6,0,2,12.5446,1850.78
455,6,0,2,12.5423,1836.56
1108,6,0,3,12.8869,3668.35,0.0588333,256.613,0.13,4
1109,6,0,3,12.8828,3646.81
1113,6,0,3,12.8755,3610.87
1847,6,0,3,12.8625,3545.03
1086,6,0,3,12.8588,3524.8
1087,6,0,3,12.8451,3455
1090,6,0,3,12.8359,3407.75
1076,6,0,3,12.8129,3293.57
1074,6,0,3,12.8089,3273.18
1077,6,0,3,12.7986,3219.12
1080,6,0,3,12.7853,3152.67
1079,6,0,3,12.7776,3113.99
1061,6,0,3,12.7734,3092.7
1063,6,0,3,12.77,3074.89
1062,6,0,3,12.7689,3067.82
2159,6,0,3,12.7687,3066.92
1045,6,0,3,12.768,3063.77
1012,6,0,3,12.7608,3022.78
1014,6,0,3,12.7604,3020.58
989,6,0,3,12.7499,2964.72
990,6,0,3,12.7399,2914.46
704,6,0,3,12.7285,2856.72
2179,6,0,3,12.7283,2855.86
662,6,0,3,12.7221,2826.21
602,6,0,3,12.7112,2758.52
604,6,0,3,12.7088,2741.84
596,6,0,3,12.7086,2740.86
595,6,0,3,12.7026,2708.13
603,6,0,3,12.6985,2685.78
1304,6,0,4,13.0787,4619.6,0.0735,320.585,0.21,5
2163,6,0,4,13.0577,4509.86
2051,6,0,4,13.024,4331.78
2050,6,0,4,13.0129,4272.77
2106,6,0,4,13.0059,4238.03
2039,6,0,4,12.9882,4144.06
1106,6,0,4,12.9783,4091.12
2035,6,0,4,12.9658,4024.29
1108,6,0,4,12.9457,3924.96
1302,6,0,5,13.1993,5179.18,0.035,152.659,0.22,6
1303,6,0,5,13.1789,5075.49
1305,6,0,5,13.1637,4999.47
1304,6,0,5,13.1522,4940.19
895,6,0,6,13.3832,6109.61,0.0823333,359.113,0.02,7
896,6,0,6,13.3795,6091.37
892,6,0,6,13.3758,6072.62
906,6,0,6,13.3632,6003.76
1555,6,0,6,13.335,5849.16
2157,6,0,6,13.324,5795.41
2019,6,0,6,13.2972,5669.15
929,6,0,6,13.2968,5667.17
938,6,0,6,13.2848,5601.32
950,6,0,6,13.2713,5530.76
951,6,0,6,13.2643,5495.04
949,6,0,6,13.2533,5438.56
1302,6,0,6,13.2343,5331.84
978,6,0,7,13.6378,7333.11,0.0648333,282.783,0.06,8
1010,6,0,7,13.6241,7260.99
1011,6,0,7,13.6094,7186.26
1009,6,0,7,13.6031,7153.83
1038,6,0,7,13.5951,7113.94
1039,6,0,7,13.5945,7111.26
1037,6,0,7,13.5816,7050.32
1034,6,0,7,13.5718,7000.1
2032,6,0,7,13.5564,6922.51
2031,6,0,7,13.556,6920.69
1031,6,0,7,13.5462,6873.28
1002,6,0,7,13.532,6802.56
1024,6,0,7,13.5115,6698.44
1029,6,0,7,13.5063,6672.28
1027,6,0,7,13.4942,6612.18
898,6,0,7,13.4841,6560.92
895,6,0,7,13.4656,6468.73
636,6,0,8,13.78,7997.32,0.0665,290.053,0.15,9
633,6,0,8,13.7743,7967.79
639,6,0,8,13.7708,7949.65
1993,6,0,8,13.7592,7891.36
1995,6,0,8,13.7524,7856.99
1996,6,0,8,13.7463,7827.05
1997,6,0,8,13.7424,7807.15
2027,6,0,8,13.7175,7686.38
2026,6,0,8,13.7117,7657.89
978,6,0,8,13.7027,7615.89
710,6,0,9,13.9948,9136.62,0.0466667,203.546,0.45,10
1543,6,0,9,13.9715,9008.4
715,6,0,9,13.9664,8964.56
714,6,0,9,13.9626,8940.65
726,6,0,9,13.9624,8938.79
529,6,0,9,13.9486,8839.27
605,6,0,9,13.9339,8742.78
603,6,0,9,13.9253,8700.13
604,6,0,9,13.9203,8673.74
596,6,0,9,13.9202,8672.77
580,6,0,9,13.9086,8608.45
583,6,0,9,13.9024,8578.63
587,6,0,9,13.9002,8564.25
578,6,0,9,13.8973,8548.15
575,6,0,9,13.8915,8515.71
571,6,0,9,13.8889,8500.59
570,6,0,9,13.8851,8481.54
1994,6,0,9,13.8688,8402.57
562,6,0,9,13.8593,8353.52
639,6,0,9,13.8558,8336.08
638,6,0,9,13.8505,8308.29
636,6,0,9,13.8465,8287.37
64,6,0,10,14.1502,10039,0,0,0
195,6,0,10,14.1286,9922.75
196,6,0,10,14.1259,9903.17
205,6,0,10,14.1116,9817.09
215,6,0,10,14.0872,9662.11
225,6,0,10,14.0623,9458.28
1680,6,0,10,14.0596,9439.44
710,6,0,10,14.0415,9340.17
220,7,0,0,11.6772,472.978,0.0955,416.542,0.04,1
2130,7,0,0,11.6624,392.48
215,7,0,0,11.6575,358.782
205,7,0,0,11.6336,204.484
196,7,0,0,11.6205,119.897
195,7,0,0,11.6179,100.335
64,7,0,0,11.6,0
710,7,0,1,11.8304,1198.14,0.0443333,193.369,0.36,2
223,7,0,1,11.8129,1104.91
224,7,0,1,11.7988,1031.05
222,7,0,1,11.783,945.57
220,7,0,1,11.7727,889.52
455,7,0,2,11.9338,1774.06,0.0408333,178.103,0.03,3
454,7,0,2,11.931,1758.44
457,7,0,2,11.9243,1704.48
456,7,0,2,11.9191,1675.03
458,7,0,2,11.9096,1613.89
459,7,0,2,11.9037,1568.78
1543,7,0,2,11.8944,1506.55
710,7,0,2,11.8747,1391.51
603,7,0,3,12.065,2516.24,0.0631667,275.514,0.35,4
604,7,0,3,12.0608,2493.1
596,7,0,3,12.0606,2492.13
595,7,0,3,12.0552,2461.72
605,7,0,3,12.054,2453.73
529,7,0,3,12.0368,2353.71
726,7,0,3,12.0209,2252.51
714,7,0,3,12.0207,2250.62
1543,7,0,3,12.0159,2220.1
459,7,0,3,12.0056,2156.7
458,7,0,3,11.9991,2111.44
456,7,0,3,11.99,2050.65
457,7,0,3,11.9846,2020.43
454,7,0,3,11.977,1966.47
455,7,0,3,11.9746,1952.16
1108,7,0,4,12.3166,3774.32,0.0588333,256.613,0.13,5
1109,7,0,4,12.3126,3752.79
1113,7,0,4,12.3053,3716.85
1847,7,0,4,12.2923,3651
1086,7,0,4,12.2886,3630.77
1087,7,0,4,12.2749,3560.98
1090,7,0,4,12.2657,3513.73
1076,7,0,4,12.2426,3399.54
1074,7,0,4,12.2386,3379.15
1077,7,0,4,12.2283,3325.1
1080,7,0,4,12.215,3258.65
1079,7,0,4,12.2074,3219.96
1061,7,0,4,12.2031,3198.68
1063,7,0,4,12.1997,3180.87
1062,7,0,4,12.1986,3173.8
2159,7,0,4,12.1985,3172.9
1045,7,0,4,12.1978,3169.75
1012,7,0,4,12.1905,3128.76
1014,7,0,4,12.1901,3126.56
989,7,0,4,12.1796,3070.7
990,7,0,4,12.1696,3020.44
704,7,0,4,12.1583,2962.7
2179,7,0,4,12.1581,2961.83
662,7,0,4,12.1519,2932.19
602,7,0,4,12.1409,2864.49
604,7,0,4,12.1385,2847.81
596,7,0,4,12.1384,2846.84
595,7,0,4,12.1324,2814.1
603,7,0,4,12.1282,2791.76
1304,7,0,5,12.5084,4725.58,0.0815,355.478,0.17,6
2163,7,0,5,12.4874,4615.84
2051,7,0,5,12.4538,4437.75
2050,7,0,5,12.4426,4378.74
2106,7,0,5,12.4357,4344.01
2039,7,0,5,12.418,4250.04
1106,7,0,5,12.4081,4197.09
2035,7,0,5,12.3955,4130.27
1108,7,0,5,12.3755,4030.94
1302,7,0,6,12.6358,5315.06,0.106833,465.975,0.24,7
1303,7,0,6,12.6155,5211.53
1305,7,0,6,12.602,5142.62
1304,7,0,6,12.5899,5081.06
895,7,0,7,12.9085,6629.77,0.0435,189.734,0.02,8
896,7,0,7,12.9048,6611.53
892,7,0,7,12.9013,6593.75
906,7,0,7,12.883,6500.95
1555,7,0,7,12.8575,6358.2
2157,7,0,7,12.8449,6297.56
2019,7,0,7,12.8158,6162.39
929,7,0,7,12.8154,6160.4
938,7,0,7,12.8034,6094.27
950,7,0,7,12.7874,6013.25
951,7,0,7,12.781,5979.99
949,7,0,7,12.7693,5920.71
1302,7,0,7,12.7427,5781.04
978,7,0,8,13.1199,7668.46,0.0648333,282.783,0.06,9
1010,7,0,8,13.1043,7588.31
1011,7,0,8,13.0908,7518.91
1009,7,0,8,13.0857,7491.28
1041,7,0,8,13.0855,7490.59
1039,7,0,8,13.0777,7450.11
1037,7,0,8,13.0682,7402.63
1034,7,0,8,13.0595,7356.94
2032,7,0,8,13.044,7279.35
1050,7,0,8,13.0128,7125.25
1049,7,0,8,13.0128,7125.16
1025,7,0,8,13.0039,7081.5
1029,7,0,8,12.9907,7014.67
1027,7,0,8,12.9789,6955.71
898,7,0,8,12.9706,6912.18
895,7,0,8,12.952,6819.51
636,7,0,9,13.2621,8332.67,0.0665,290.053,0.15,10
633,7,0,9,13.2564,8303.14
639,7,0,9,13.2529,8285
1993,7,0,9,13.2413,8226.71
1995,7,0,9,13.2345,8192.35
1996,7,0,9,13.2284,8162.4
1997,7,0,9,13.2245,8142.5
2027,7,0,9,13.1996,8021.73
2026,7,0,9,13.1938,7993.25
978,7,0,9,13.1848,7951.24
64,7,0,10,13.576,10076.7,0,0,0
195,7,0,10,13.5517,9949.05
196,7,0,10,13.549,9929.46
205,7,0,10,13.534,9842.34
215,7,0,10,13.5025,9668.03
225,7,0,10,13.4765,9464.79
715,7,0,10,13.4485,9299.91
714,7,0,10,13.4447,9276
726,7,0,10,13.4445,9274.15
529,7,0,10,13.4306,9174.62
605,7,0,10,13.416,9078.13
603,7,0,10,13.4074,9035.49
604,7,0,10,13.4024,9009.09
596,7,0,10,13.4022,9008.12
580,7,0,10,13.3907,8943.8
583,7,0,10,13.3845,8913.98
587,7,0,10,13.3823,8899.6
578,7,0,10,13.3794,8883.5
575,7,0,10,13.3736,8851.06
571,7,0,10,13.371,8835.95
570,7,0,10,13.3671,8816.9
1994,7,0,10,13.3509,8737.92
562,7,0,10,13.3413,8688.87
639,7,0,10,13.3379,8671.43
638,7,0,10,13.3326,8643.64
636,7,0,10,13.3286,8622.72
220,8,0,0,11.1072,472.978,0.0955,416.542,0.04,1
2130,8,0,0,11.0924,392.48
215,8,0,0,11.0875,358.782
205,8,0,0,11.0636,204.484
196,8,0,0,11.0505,119.897
195,8,0,0,11.0479,100.335
64,8,0,0,11.03,0
455,8,0,1,11.2921,1421.69,0.0408333,178.103,0.03,2
454,8,0,1,11.2893,1406.07
457,8,0,1,11.2825,1352.11
456,8,0,1,11.2774,1322.67
458,8,0,1,11.2679,1261.52
459,8,0,1,11.262,1216.42
450,8,0,1,11.2468,1132.53
229,8,0,1,11.2373,1079.68
222,8,0,1,11.213,945.57
220,8,0,1,11.2027,889.52
710,8,0,2,11.3956,1988,0.0443333,193.369,0.36,3
1543,8,0,2,11.3742,1867.73
459,8,0,2,11.3639,1804.33
458,8,0,2,11.3574,1759.07
456,8,0,2,11.3483,1698.29
457,8,0,2,11.3429,1668.07
454,8,0,2,11.3353,1614.11
455,8,0,2,11.3329,1599.79
64,8,0,3,11.5405,2864.25,0,0,0
195,8,0,3,11.5193,2749.57
196,8,0,3,11.5165,2729.96
205,8,0,3,11.504,2646.06
215,8,0,3,11.4841,2493.96
225,8,0,3,11.4589,2290.4
1680,8,0,3,11.4559,2271.38
710,8,0,3,11.44,2181.37
603,8,1,0,11.4084,1012.31,0.109,475.425,0.32,1
604,8,1,0,11.4041,989.164
596,8,1,0,11.404,988.193
595,8,1,0,11.3985,957.784
605,8,1,0,11.3974,949.793
529,8,1,0,11.3802,849.768
726,8,1,0,11.3643,748.573
714,8,1,0,11.3641,746.688
715,8,1,0,11.3607,723.201
225,8,1,0,11.3432,562.11
215,8,1,0,11.3175,358.782
205,8,1,0,11.2936,204.484
196,8,1,0,11.2805,119.897
195,8,1,0,11.2779,100.335
64,8,1,0,11.26,0
1108,8,1,1,11.7095,2486.85,0.0935,407.819,0.09,2
1109,8,1,1,11.7052,2464.18
1113,8,1,1,11.6983,2430.03
1847,8,1,1,11.6849,2362.5
1086,8,1,1,11.6813,2342.47
1087,8,1,1,11.6667,2269.28
1090,8,1,1,11.658,2224.12
1076,8,1,1,11.6319,2097.14
1074,8,1,1,11.6278,2076.03
1077,8,1,1,11.6182,2025.21
1080,8,1,1,11.6047,1958
1079,8,1,1,11.5981,1923.55
1061,8,1,1,11.5938,1902.26
1063,8,1,1,11.5903,1884.1
1062,8,1,1,11.5892,1877.02
2159,8,1,1,11.589,1875.9
1045,8,1,1,11.5883,1872.75
1012,8,1,1,11.5811,1831.77
1014,8,1,1,11.5805,1828.9
989,8,1,1,11.5695,1770.6
990,8,1,1,11.5594,1720.33
991,8,1,1,11.5568,1707.98
706,8,1,1,11.5498,1668.52
704,8,1,1,11.5472,1655.75
2179,8,1,1,11.547,1654.88
662,8,1,1,11.5408,1625.24
602,8,1,1,11.5294,1556.96
604,8,1,1,11.5269,1540.16
596,8,1,1,11.5267,1539.19
595,8,1,1,11.5213,1508.78
603,8,1,1,11.5174,1487.73
1304,8,1,2,11.9326,3577.29,0.0428333,186.826,0.12,3
952,8,1,2,11.9082,3444.3
953,8,1,2,11.8974,3389.53
2023,8,1,2,11.8966,3385.43
2108,8,1,2,11.8801,3300.22
1794,8,1,2,11.8731,3264.46
2106,8,1,2,11.8578,3185.09
2039,8,1,2,11.8402,3091.56
1106,8,1,2,11.8306,3039.61
2035,8,1,2,11.8163,2965.56
1108,8,1,2,11.803,2894.67
895,8,1,3,12.1342,4576.55,0.0435,189.734,0.02,4
907,8,1,3,12.1186,4499.65
908,8,1,3,12.1093,4453.6
2014,8,1,3,12.1087,4450.92
2017,8,1,3,12.1076,4445.23
2170,8,1,3,12.1046,4430.37
1738,8,1,3,12.0901,4355.29
1737,8,1,3,12.0847,4327.23
936,8,1,3,12.0696,4248.61
933,8,1,3,12.069,4245.67
934,8,1,3,12.0635,4208.03
943,8,1,3,12.0469,4127.49
2020,8,1,3,12.0461,4123.55
1787,8,1,3,12.0287,4035.69
1788,8,1,3,12.028,4031.98
1789,8,1,3,12.0179,3980.67
952,8,1,3,12.0099,3940.16
1304,8,1,3,11.9754,3764.11
64,8,1,4,12.5385,6884.61,0,0,0
195,8,1,4,12.5093,6736.23
196,8,1,4,12.5066,6716.63
205,8,1,4,12.4921,6630.18
215,8,1,4,12.4666,6473.8
225,8,1,4,12.4405,6270.59
715,8,1,4,12.409,6094.92
714,8,1,4,12.405,6070.77
726,8,1,4,12.4048,6068.92
529,8,1,4,12.3907,5969.26
605,8,1,4,12.3758,5872.6
603,8,1,4,12.3696,5839.52
604,8,1,4,12.3656,5817.66
596,8,1,4,12.3655,5816.69
580,8,1,4,12.3539,5752.16
574,8,1,4,12.3325,5641.04
573,8,1,4,12.3229,5587.24
564,8,1,4,12.3154,5546.98
557,8,1,4,12.3105,5515.92
561,8,1,4,12.304,5469.48
628,8,1,4,12.2999,5444.34
609,8,1,4,12.2881,5369.04
423,8,1,4,12.2822,5312.72
419,8,1,4,12.2755,5275.15
420,8,1,4,12.2694,5239.11
421,8,1,4,12.2649,5211.62
417,8,1,4,12.2599,5184.91
1989,8,1,4,12.2414,5090.69
2011,8,1,4,12.2221,4990.99
891,8,1,4,12.2002,4876.53
893,8,1,4,12.1941,4845.66
894,8,1,4,12.1889,4820.91
895,8,1,4,12.1777,4766.28
1302,8,2,0,13.8442,2766.91,0.035,152.659,0.22,1
949,8,2,0,13.8212,2642.85
2025,8,2,0,13.8177,2625.39
1598,8,2,0,13.8144,2606.63
948,8,2,0,13.8095,2579.61
928,8,2,0,13.7991,2522.31
929,8,2,0,13.7789,2416.19
2019,8,2,0,13.7785,2414.21
2157,8,2,0,13.7524,2290.85
905,8,2,0,13.7155,2102.44
889,8,2,0,13.7062,2054.31
890,8,2,0,13.6996,2018.4
2013,8,2,0,13.6801,1915.19
1988,8,2,0,13.6625,1821.32
417,8,2,0,13.642,1716.71
418,8,2,0,13.638,1695.77
419,8,2,0,13.6225,1609.96
423,8,2,0,13.6163,1573.67
609,8,2,0,13.6104,1517.35
628,8,2,0,13.6006,1443.34
561,8,2,0,13.5967,1418.58
557,8,2,0,13.5893,1371.34
554,8,2,0,13.5871,1360.2
565,8,2,0,13.577,1306.55
573,8,2,0,13.5717,1279.96
574,8,2,0,13.5644,1230.49
580,8,2,0,13.5416,1113.57
596,8,2,0,13.5355,1053.72
595,8,2,0,13.5305,1025.37
605,8,2,0,13.5293,1017.31
529,8,2,0,13.5127,918.413
726,8,2,0,13.4966,816.876
714,8,2,0,13.4964,814.998
715,8,2,0,13.4929,791.373
225,8,2,0,13.4751,630.742
215,8,2,0,13.4479,427.668
205,8,2,0,13.4169,255.297
196,8,2,0,13.4018,168.03
195,8,2,0,13.3992,148.465
64,8,2,0,13.37,0
978,8,2,1,14.1631,4355.78,0.0373333,162.837,0.05,2
1010,8,2,1,14.1482,4278.67
1011,8,2,1,14.1341,4206.68
1009,8,2,1,14.1274,4172.76
1038,8,2,1,14.1194,4132.87
1039,8,2,1,14.1188,4130.2
1037,8,2,1,14.106,4069.25
1034,8,2,1,14.0962,4019.03
2032,8,2,1,14.0808,3941.44
1050,8,2,1,14.0518,3796.99
1804,8,2,1,14.0387,3730.98
2015,8,2,1,14.0275,3674.76
2014,8,2,1,14.0193,3633.76
2017,8,2,1,14.0182,3628.07
2170,8,2,1,14.0153,3613.42
917,8,2,1,14.0091,3582.43
2016,8,2,1,14.0083,3578.62
915,8,2,1,13.9873,3473.67
1555,8,2,1,13.9799,3436.9
2157,8,2,1,13.969,3383.15
2019,8,2,1,13.9421,3256.89
929,8,2,1,13.9417,3254.9
938,8,2,1,13.9298,3189.05
950,8,2,1,13.9163,3118.49
951,8,2,1,13.9093,3082.77
949,8,2,1,13.8983,3026.3
1302,8,2,1,13.8792,2919.57
636,8,2,2,14.2801,4909.04,0.0391667,170.833,0.15,3
631,8,2,2,14.2734,4876.25
630,8,2,2,14.2676,4847.73
637,8,2,2,14.2571,4795.65
1996,8,2,2,14.2446,4732.36
1997,8,2,2,14.2407,4712.46
2027,8,2,2,14.2135,4582.24
2026,8,2,2,14.2077,4553.76
978,8,2,2,14.2004,4518.61
64,8,2,3,14.5655,6540.42,0,0,0
195,8,2,3,14.5439,6424.16
196,8,2,3,14.5412,6404.58
205,8,2,3,14.5269,6318.5
215,8,2,3,14.5025,6163.52
225,8,2,3,14.4776,5959.69
715,8,2,3,14.4427,5769.15
714,8,2,3,14.439,5745.31
726,8,2,3,14.4388,5743.45
529,8,2,3,14.4247,5643.84
605,8,2,3,14.4094,5546.58
603,8,2,3,14.4036,5515.6
604,8,2,3,14.3988,5490.19
596,8,2,3,14.3986,5489.22
580,8,2,3,14.3843,5413.01
583,8,2,3,14.3781,5383.2
587,8,2,3,14.3759,5368.77
578,8,2,3,14.3728,5351.95
575,8,2,3,14.3673,5320.85
571,8,2,3,14.3644,5304.73
570,8,2,3,14.3596,5281.45
1994,8,2,3,14.3468,5217.1
562,8,2,3,14.3335,5152.04
639,8,2,3,14.33,5134.6
638,8,2,3,14.3233,5100.57
636,8,2,3,14.3193,5079.87
220,9,0,0,11.1072,472.978,0.0955,416.542,0.04,1
2130,9,0,0,11.0924,392.48
215,9,0,0,11.0875,358.782
205,9,0,0,11.0636,204.484
196,9,0,0,11.0505,119.897
195,9,0,0,11.0479,100.335
64,9,0,0,11.03,0
710,9,0,1,11.2604,1198.14,0.0443333,193.369,0.36,2
223,9,0,1,11.2429,1104.91
224,9,0,1,11.2288,1031.05
222,9,0,1,11.213,945.57
220,9,0,1,11.2027,889.52
455,9,0,2,11.3638,1774.06,0.0408333,178.103,0.03,3
454,9,0,2,11.361,1758.44
457,9,0,2,11.3543,1704.48
456,9,0,2,11.3491,1675.03
458,9,0,2,11.3396,1613.89
459,9,0,2,11.3337,1568.78
1543,9,0,2,11.3244,1506.55
710,9,0,2,11.3047,1391.51
1108,9,0,3,11.6719,3428.96,0.0935,407.819,0.09,4
1109,9,0,3,11.6667,3402.77
1113,9,0,3,11.6606,3371.72
1847,9,0,3,11.6477,3306.52
1086,9,0,3,11.6441,3286.49
1087,9,0,3,11.6295,3213.3
1090,9,0,3,11.6208,3168.13
1076,9,0,3,11.5947,3041.16
1074,9,0,3,11.5905,3020.04
1077,9,0,3,11.581,2969.22
1080,9,0,3,11.5675,2902.01
1079,9,0,3,11.5609,2867.56
1061,9,0,3,11.5566,2846.28
1063,9,0,3,11.5531,2828.11
1062,9,0,3,11.552,2821.03
2159,9,0,3,11.5518,2819.92
1045,9,0,3,11.5511,2816.77
1012,9,0,3,11.5439,2775.78
1014,9,0,3,11.5433,2772.91
989,9,0,3,11.5323,2714.61
990,9,0,3,11.5222,2664.35
991,9,0,3,11.5196,2652
706,9,0,3,11.5126,2612.53
704,9,0,3,11.51,2599.76
2179,9,0,3,11.5098,2598.9
662,9,0,3,11.5036,2569.25
602,9,0,3,11.4922,2500.98
599,9,0,3,11.4881,2477.72
605,9,0,3,11.484,2453.73
529,9,0,3,11.4668,2353.71
726,9,0,3,11.4509,2252.51
714,9,0,3,11.4507,2250.62
1543,9,0,3,11.4459,2220.1
459,9,0,3,11.4356,2156.7
458,9,0,3,11.4291,2111.44
456,9,0,3,11.42,2050.65
457,9,0,3,11.4146,2020.43
454,9,0,3,11.407,1966.47
455,9,0,3,11.4046,1952.16
1304,9,0,4,11.8949,4519.4,0.0428333,186.826,0.12,5
952,9,0,4,11.8705,4386.42
953,9,0,4,11.8598,4331.64
2023,9,0,4,11.859,4327.54
2108,9,0,4,11.8425,4242.33
1794,9,0,4,11.8354,4206.57
2106,9,0,4,11.8202,4127.2
2039,9,0,4,11.8025,4033.67
1106,9,0,4,11.7929,3981.72
2035,9,0,4,11.7787,3907.67
1108,9,0,4,11.7654,3836.78
1302,9,0,5,11.9879,4957.93,0.068,296.595,0.26,6
1303,9,0,5,11.9673,4853.42
1305,9,0,5,11.9527,4779.54
1304,9,0,5,11.9377,4706.23
895,9,0,6,12.2217,6103.27,0.0435,189.734,0.02,7
896,9,0,6,12.218,6085.03
892,9,0,6,12.2145,6067.24
906,9,0,6,12.1963,5974.44
1555,9,0,6,12.1708,5831.69
2157,9,0,6,12.1582,5771.05
2019,9,0,6,12.1291,5635.88
929,9,0,6,12.1287,5633.9
938,9,0,6,12.1166,5567.77
950,9,0,6,12.1007,5486.74
951,9,0,6,12.0942,5453.48
949,9,0,6,12.0826,5394.2
1302,9,0,6,12.0559,5254.53
978,9,0,7,12.4332,7141.95,0.107833,470.336,0.07,8
1010,9,0,7,12.4176,7061.8
1011,9,0,7,12.4041,6992.4
1009,9,0,7,12.3989,6964.77
1041,9,0,7,12.3988,6964.08
1039,9,0,7,12.391,6923.61
1037,9,0,7,12.3814,6876.12
1034,9,0,7,12.3727,6830.43
2032,9,0,7,12.3573,6752.84
1050,9,0,7,12.326,6598.74
1049,9,0,7,12.326,6598.65
1025,9,0,7,12.3172,6554.99
1029,9,0,7,12.3039,6488.16
1027,9,0,7,12.2921,6429.2
898,9,0,7,12.2839,6385.67
895,9,0,7,12.2652,6293
636,9,0,8,12.6266,8026.78,0.091,396.915,0.15,9
633,9,0,8,12.6199,7993.17
639,9,0,8,12.6165,7975.63
1993,9,0,8,12.6068,7925.01
1995,9,0,8,12.5972,7879.72
1996,9,0,8,12.5857,7827.98
1997,9,0,8,12.5818,7808.08
2027,9,0,8,12.5536,7673.74
2026,9,0,8,12.5478,7645.43
978,9,0,8,12.541,7612.29
603,9,0,9,12.7973,8837.52,0.0631667,275.514,0.35,10
604,9,0,9,12.7933,8815.66
596,9,0,9,12.7932,8814.69
580,9,0,9,12.7816,8750.16
583,9,0,9,12.7754,8720.35
587,9,0,9,12.7734,8706.08
578,9,0,9,12.7705,8690.02
579,9,0,9,12.7631,8651.22
570,9,0,9,12.7561,8618.06
1994,9,0,9,12.7432,8552.98
562,9,0,9,12.7302,8489.6
639,9,0,9,12.7268,8472.16
638,9,0,9,12.7214,8443.92
636,9,0,9,12.7176,8423.69
64,9,0,10,13.0277,10143.5,0,0,0
195,9,0,10,13.001,10005.3
196,9,0,10,12.9979,9985.38
205,9,0,10,12.9826,9897.63
215,9,0,10,12.9569,9741.07
225,9,0,10,12.93,9538
715,9,0,10,12.8999,9368.44
714,9,0,10,12.8959,9344.28
726,9,0,10,12.8957,9342.43
529,9,0,10,12.8816,9242.78
605,9,0,10,12.8667,9146.11
603,9,0,10,12.8604,9113.03
220,10,0,0,11.1972,472.978,0.0955,416.542,0.04,1
2130,10,0,0,11.1824,392.48
215,10,0,0,11.1775,358.782
205,10,0,0,11.1536,204.484
196,10,0,0,11.1405,119.897
195,10,0,0,11.1379,100.335
64,10,0,0,11.12,0
710,10,0,1,11.3504,1198.14,0.0443333,193.369,0.36,2
223,10,0,1,11.3329,1104.91
224,10,0,1,11.3188,1031.05
222,10,0,1,11.303,945.57
220,10,0,1,11.2927,889.52
455,10,0,2,11.4538,1774.06,0.0408333,178.103,0.03,3
454,10,0,2,11.451,1758.44
457,10,0,2,11.4443,1704.48
456,10,0,2,11.4391,1675.03
458,10,0,2,11.4296,1613.89
459,10,0,2,11.4237,1568.78
1543,10,0,2,11.4144,1506.55
710,10,0,2,11.3947,1391.51
1108,10,0,3,11.7619,3428.96,0.0935,407.819,0.09,4
1109,10,0,3,11.7567,3402.77
1113,10,0,3,11.7506,3371.72
1847,10,0,3,11.7377,3306.52
1086,10,0,3,11.7341,3286.49
1087,10,0,3,11.7195,3213.3
1090,10,0,3,11.7108,3168.13
1076,10,0,3,11.6847,3041.16
1074,10,0,3,11.6805,3020.04
1077,10,0,3,11.671,2969.22
1080,10,0,3,11.6575,2902.01
1079,10,0,3,11.6509,2867.56
1061,10,0,3,11.6466,2846.28
1063,10,0,3,11.6431,2828.11
1062,10,0,3,11.642,2821.03
2159,10,0,3,11.6418,2819.92
1045,10,0,3,11.6411,2816.77
1012,10,0,3,11.6339,2775.78
1014,10,0,3,11.6333,2772.91
989,10,0,3,11.6223,2714.61
990,10,0,3,11.6122,2664.35
991,10,0,3,11.6096,2652
706,10,0,3,11.6026,2612.53
704,10,0,3,11.6,2599.76
2179,10,0,3,11.5998,2598.9
662,10,0,3,11.5936,2569.25
602,10,0,3,11.5822,2500.98
599,10,0,3,11.5781,2477.72
605,10,0,3,11.574,2453.73
529,10,0,3,11.5568,2353.71
726,10,0,3,11.5409,2252.51
714,10,0,3,11.5407,2250.62
1543,10,0,3,11.5359,2220.1
459,10,0,3,11.5256,2156.7
458,10,0,3,11.5191,2111.44
456,10,0,3,11.51,2050.65
457,10,0,3,11.5046,2020.43
454,10,0,3,11.497,1966.47
455,10,0,3,11.4946,1952.16
1304,10,0,4,11.9849,4519.4,0.0428333,186.826,0.12,5
952,10,0,4,11.9605,4386.42
953,10,0,4,11.9498,4331.64
2023,10,0,4,11.949,4327.54
2108,10,0,4,11.9325,4242.33
1794,10,0,4,11.9254,4206.57
2106,10,0,4,11.9102,4127.2
2039,10,0,4,11.8925,4033.67
1106,10,0,4,11.8829,3981.72
2035,10,0,4,11.8687,3907.67
1108,10,0,4,11.8554,3836.78
1302,10,0,5,12.0737,4940.23,0.106833,465.975,0.24,6
1303,10,0,5,12.0533,4836.7
1305,10,0,5,12.0398,4767.79
1304,10,0,5,12.0277,4706.23
895,10,0,6,12.3463,6254.95,0.0435,189.734,0.02,7
896,10,0,6,12.3426,6236.71
892,10,0,6,12.3391,6218.92
906,10,0,6,12.3209,6126.12
1555,10,0,6,12.2954,5983.37
2157,10,0,6,12.2828,5922.73
2019,10,0,6,12.2537,5787.56
929,10,0,6,12.2533,5785.58
938,10,0,6,12.2412,5719.45
950,10,0,6,12.2253,5638.42
951,10,0,6,12.2188,5605.16
949,10,0,6,12.2072,5545.88
1302,10,0,6,12.1805,5406.21
978,10,0,7,12.5578,7293.63,0.107833,470.336,0.07,8
1010,10,0,7,12.5421,7213.48
1011,10,0,7,12.5287,7144.08
1009,10,0,7,12.5235,7116.45
1041,10,0,7,12.5234,7115.76
1039,10,0,7,12.5156,7075.29
1037,10,0,7,12.506,7027.8
1034,10,0,7,12.4973,6982.11
2032,10,0,7,12.4819,6904.52
1050,10,0,7,12.4506,6750.42
1049,10,0,7,12.4506,6750.33
1025,10,0,7,12.4418,6706.67
1029,10,0,7,12.4285,6639.84
1027,10,0,7,12.4167,6580.88
898,10,0,7,12.4084,6537.35
895,10,0,7,12.3898,6444.68
636,10,0,8,12.7511,8178.46,0.091,396.915,0.15,9
633,10,0,8,12.7445,8144.85
639,10,0,8,12.7411,8127.31
1993,10,0,8,12.7314,8076.69
1995,10,0,8,12.7218,8031.4
1996,10,0,8,12.7103,7979.66
1997,10,0,8,12.7064,7959.76
2027,10,0,8,12.6782,7825.42
2026,10,0,8,12.6724,7797.11
978,10,0,8,12.6656,7763.97
603,10,0,9,12.9219,8989.2,0.0631667,275.514,0.35,10
604,10,0,9,12.9179,8967.34
596,10,0,9,12.9177,8966.37
580,10,0,9,12.9062,8901.84
583,10,0,9,12.9,8872.03
587,10,0,9,12.8979,8857.76
578,10,0,9,12.895,8841.7
579,10,0,9,12.8877,8802.9
570,10,0,9,12.8807,8769.74
1994,10,0,9,12.8678,8704.66
562,10,0,9,12.8548,8641.29
639,10,0,9,12.8514,8623.84
638,10,0,9,12.846,8595.6
636,10,0,9,12.8421,8575.37
64,10,0,10,13.1523,10295.2,0,0,0
195,10,0,10,13.1256,10157
196,10,0,10,13.1224,10137.1
205,10,0,10,13.1071,10049.3
215,10,0,10,13.0815,9892.75
225,10,0,10,13.0546,9689.68
715,10,0,10,13.0245,9520.12
714,10,0,10,13.0205,9495.96
726,10,0,10,13.0203,9494.11
529,10,0,10,13.0062,9394.46
605,10,0,10,12.9913,9297.79
603,10,0,10,12.985,9264.71
220,11,0,0,12.9002,511.167,0.0923333,402.73,0.08,1
2130,11,0,0,12.8824,417.757
215,11,0,0,12.8769,383.417
205,11,0,0,12.8489,223.068
196,11,0,0,12.835,137.521
195,11,0,0,12.8319,117.624
64,11,0,0,12.81,0
455,11,0,1,13.0872,1465.09,0.0423333,184.645,0.11,2
454,11,0,1,13.0848,1450.75
457,11,0,1,13.0781,1396.73
456,11,0,1,13.0722,1364.17
458,11,0,1,13.0623,1302.41
459,11,0,1,13.0556,1257.06
450,11,0,1,13.0393,1168.32
229,11,0,1,13.0273,1104.61
222,11,0,1,13.0026,968.676
220,11,0,1,12.9926,913.897
1108,11,0,2,13.3931,3111.83,0.0723333,315.496,0.16,3
1109,11,0,2,13.389,3090.45
1113,11,0,2,13.3826,3058.2
1847,11,0,2,13.3709,2997.57
1086,11,0,2,13.3672,2977.38
1087,11,0,2,13.3538,2908.82
1090,11,0,2,13.3452,2864.06
1076,11,0,2,13.3271,2770.74
1074,11,0,2,13.3231,2750.07
1077,11,0,2,13.3097,2683.1
1080,11,0,2,13.2947,2609.75
1079,11,0,2,13.2876,2573.27
1061,11,0,2,13.2834,2551.98
1063,11,0,2,13.2801,2535.14
1062,11,0,2,13.2791,2528.1
2159,11,0,2,13.2789,2527.12
1045,11,0,2,13.2782,2523.97
1012,11,0,2,13.271,2482.98
2028,11,0,2,13.2629,2437.52
989,11,0,2,13.2595,2421.78
990,11,0,2,13.2495,2371.52
991,11,0,2,13.2469,2359.17
706,11,0,2,13.2399,2319.71
704,11,0,2,13.2372,2306.93
2179,11,0,2,13.237,2306.07
662,11,0,2,13.2308,2276.42
602,11,0,2,13.2196,2208.29
599,11,0,2,13.2151,2183.59
605,11,0,2,13.2099,2155.47
529,11,0,2,13.1934,2056.57
726,11,0,2,13.1772,1955.03
714,11,0,2,13.177,1953.15
1543,11,0,2,13.1713,1920.72
459,11,0,2,13.1611,1857.53
458,11,0,2,13.1544,1812.13
456,11,0,2,13.1458,1751.72
457,11,0,2,13.1398,1718.68
454,11,0,2,13.1322,1664.7
455,11,0,2,13.1295,1649.73
1304,11,0,3,13.594,4105.81,0.0735,320.585,0.21,4
952,11,0,3,13.57,3974.49
953,11,0,3,13.5578,3913.43
2023,11,0,3,13.5569,3909.33
2108,11,0,3,13.5427,3833.67
1794,11,0,3,13.5364,3801.32
2106,11,0,3,13.5225,3727.57
2039,11,0,3,13.504,3630.05
1106,11,0,3,13.4937,3575.65
2035,11,0,3,13.4817,3511.06
1108,11,0,3,13.4654,3427.33
1302,11,0,4,13.7146,4665.38,0.035,152.659,0.22,5
1303,11,0,4,13.6943,4561.69
1305,11,0,4,13.6791,4485.68
1304,11,0,4,13.6675,4426.39
895,11,0,5,13.8986,5595.81,0.0823333,359.113,0.02,6
896,11,0,5,13.8949,5577.57
892,11,0,5,13.8911,5558.83
906,11,0,5,13.8785,5489.96
1555,11,0,5,13.8503,5335.37
2157,11,0,5,13.8394,5281.62
2019,11,0,5,13.8125,5155.35
929,11,0,5,13.8121,5153.37
938,11,0,5,13.8001,5087.52
950,11,0,5,13.7867,5016.96
951,11,0,5,13.7796,4981.24
949,11,0,5,13.7687,4924.76
1302,11,0,5,13.7496,4818.04
978,11,0,6,14.1532,6819.31,0.0373333,162.837,0.05,7
1010,11,0,6,14.1395,6747.19
1011,11,0,6,14.1247,6672.46
1009,11,0,6,14.1184,6640.04
1038,11,0,6,14.1104,6600.14
1039,11,0,6,14.1098,6597.47
1037,11,0,6,14.0969,6536.52
1034,11,0,6,14.0872,6486.31
2032,11,0,6,14.0717,6408.71
2031,11,0,6,14.0714,6406.89
1031,11,0,6,14.0615,6359.48
1002,11,0,6,14.0473,6288.76
1024,11,0,6,14.0268,6184.64
1029,11,0,6,14.0216,6158.48
1027,11,0,6,14.0095,6098.38
898,11,0,6,13.9994,6047.12
895,11,0,6,13.9809,5954.93
636,11,0,7,14.2702,7372.57,0.0391667,170.833,0.15,8
631,11,0,7,14.2635,7339.78
630,11,0,7,14.2577,7311.26
637,11,0,7,14.2472,7259.18
1996,11,0,7,14.2347,7195.89
1997,11,0,7,14.2308,7175.99
2027,11,0,7,14.2036,7045.77
2026,11,0,7,14.1978,7017.29
978,11,0,7,14.1905,6982.15
603,11,0,8,14.3937,7979.13,0.0658333,287.145,0.35,9
604,11,0,8,14.3889,7953.72
596,11,0,8,14.3887,7952.75
580,11,0,8,14.3745,7876.54
583,11,0,8,14.3682,7846.73
587,11,0,8,14.366,7832.3
578,11,0,8,14.3629,7815.49
575,11,0,8,14.3574,7784.38
571,11,0,8,14.3545,7768.26
570,11,0,8,14.3497,7744.98
1994,11,0,8,14.3369,7680.63
562,11,0,8,14.3236,7615.57
639,11,0,8,14.3201,7598.13
638,11,0,8,14.3134,7564.1
636,11,0,8,14.3094,7543.4
710,11,0,9,14.5233,8679.67,0.0876667,382.376,0.44,10
1543,11,0,9,14.5034,8564.31
715,11,0,9,14.4986,8519.82
714,11,0,9,14.4949,8495.98
726,11,0,9,14.4947,8494.12
529,11,0,9,14.4807,8394.51
605,11,0,9,14.4653,8297.26
603,11,0,9,14.4595,8266.28
64,11,0,10,14.7197,9760.88,0,0,0
195,11,0,10,14.6981,9644.63
196,11,0,10,14.6954,9625.05
205,11,0,10,14.6811,9538.97
215,11,0,10,14.6567,9383.99
225,11,0,10,14.6318,9180.16
1680,11,0,10,14.629,9161.31
710,11,0,10,14.6109,9062.04
220,12,0,0,12.8602,511.167,0.0923333,402.73,0.08,1
2130,12,0,0,12.8424,417.757
215,12,0,0,12.8369,383.417
205,12,0,0,12.8089,223.068
196,12,0,0,12.795,137.521
195,12,0,0,12.7919,117.624
64,12,0,0,12.77,0
710,12,0,1,13.017,1250.5,0.0466667,203.546,0.45,2
223,12,0,1,13.0004,1161.15
224,12,0,1,12.9785,1054.49
222,12,0,1,12.9626,968.676
220,12,0,1,12.9526,913.897
455,12,0,2,13.1244,1842.97,0.0423333,184.645,0.11,3
454,12,0,2,13.1211,1825.59
457,12,0,2,13.1146,1771.53
456,12,0,2,13.1096,1742.49
458,12,0,2,13.1004,1681.58
459,12,0,2,13.0938,1636.23
1543,12,0,2,13.0852,1574.42
710,12,0,2,13.0637,1454.05
1108,12,0,3,13.4303,3489.72,0.0723333,315.496,0.16,4
1109,12,0,3,13.4262,3468.33
1113,12,0,3,13.4198,3436.08
1847,12,0,3,13.4081,3375.45
1086,12,0,3,13.4044,3355.26
1087,12,0,3,13.391,3286.71
1090,12,0,3,13.3824,3241.94
1076,12,0,3,13.3643,3148.62
1074,12,0,3,13.3603,3127.95
1077,12,0,3,13.3468,3060.98
1080,12,0,3,13.3319,2987.63
1079,12,0,3,13.3248,2951.15
1061,12,0,3,13.3205,2929.87
1063,12,0,3,13.3173,2913.03
1062,12,0,3,13.3163,2905.99
2159,12,0,3,13.3161,2905
1045,12,0,3,13.3154,2901.85
1012,12,0,3,13.3082,2860.87
2028,12,0,3,13.3001,2815.4
989,12,0,3,13.2967,2799.67
990,12,0,3,13.2867,2749.41
991,12,0,3,13.2841,2737.05
706,12,0,3,13.2771,2697.59
704,12,0,3,13.2744,2684.82
2179,12,0,3,13.2742,2683.96
662,12,0,3,13.268,2654.31
602,12,0,3,13.2568,2586.17
599,12,0,3,13.2523,2561.47
605,12,0,3,13.2471,2533.35
529,12,0,3,13.2306,2434.45
726,12,0,3,13.2144,2332.92
714,12,0,3,13.2142,2331.04
1543,12,0,3,13.2085,2298.6
459,12,0,3,13.1983,2235.42
458,12,0,3,13.1916,2190.01
456,12,0,3,13.183,2129.61
457,12,0,3,13.177,2096.56
454,12,0,3,13.1694,2042.58
455,12,0,3,13.1667,2027.62
1304,12,0,4,13.6312,4483.69,0.0735,320.585,0.21,5
952,12,0,4,13.6072,4352.37
953,12,0,4,13.5949,4291.32
2023,12,0,4,13.5941,4287.22
2108,12,0,4,13.5799,4211.55
1794,12,0,4,13.5736,4179.21
2106,12,0,4,13.5597,4105.45
2039,12,0,4,13.5412,4007.94
1106,12,0,4,13.5309,3953.53
2035,12,0,4,13.5189,3888.95
1108,12,0,4,13.5026,3805.21
1302,12,0,5,13.7518,5043.27,0.035,152.659,0.22,6
1303,12,0,5,13.7315,4939.58
1305,12,0,5,13.7162,4863.56
1304,12,0,5,13.7047,4804.28
895,12,0,6,13.9358,5973.7,0.0823333,359.113,0.02,7
896,12,0,6,13.9321,5955.46
892,12,0,6,13.9283,5936.71
906,12,0,6,13.9157,5867.85
1555,12,0,6,13.8875,5713.25
2157,12,0,6,13.8766,5659.5
2019,12,0,6,13.8497,5533.24
929,12,0,6,13.8493,5531.26
938,12,0,6,13.8373,5465.41
950,12,0,6,13.8238,5394.84
951,12,0,6,13.8168,5359.13
949,12,0,6,13.8059,5302.65
1302,12,0,6,13.7868,5195.93
978,12,0,7,14.1841,7172.17,0.0373333,162.837,0.05,8
1010,12,0,7,14.1692,7095.41
1011,12,0,7,14.155,7022.77
1009,12,0,7,14.1494,6993.33
1038,12,0,7,14.1412,6952.74
1039,12,0,7,14.1406,6950.06
1037,12,0,7,14.1308,6901.5
1034,12,0,7,14.1226,6857.66
2032,12,0,7,14.1071,6780.07
1050,12,0,7,14.0807,6646.28
1049,12,0,7,14.0807,6646.19
1025,12,0,7,14.0733,6608.49
1029,12,0,7,14.0603,6542.71
1027,12,0,7,14.0475,6479.33
898,12,0,7,14.0371,6426.85
895,12,0,7,14.0181,6332.81
636,12,0,8,14.3011,7725.43,0.0391667,170.833,0.15,9
631,12,0,8,14.2944,7692.64
630,12,0,8,14.2886,7664.12
637,12,0,8,14.278,7612.04
1996,12,0,8,14.2656,7548.76
1997,12,0,8,14.2617,7528.85
2027,12,0,8,14.2345,7398.64
2026,12,0,8,14.2287,7370.15
978,12,0,8,14.2214,7335.01
603,12,0,9,14.4245,8331.99,0.0658333,287.145,0.35,10
604,12,0,9,14.4198,8306.58
596,12,0,9,14.4196,8305.61
580,12,0,9,14.4053,8229.41
583,12,0,9,14.3991,8199.59
587,12,0,9,14.3969,8185.16
578,12,0,9,14.3938,8168.35
575,12,0,9,14.3883,8137.24
571,12,0,9,14.3854,8121.12
570,12,0,9,14.3806,8097.85
1994,12,0,9,14.3678,8033.49
562,12,0,9,14.3544,7968.44
639,12,0,9,14.351,7950.99
638,12,0,9,14.3443,7916.96
636,12,0,9,14.3403,7896.26
64,12,0,10,14.6523,9643.96,0,0,0
195,12,0,10,14.6307,9527.7
196,12,0,10,14.628,9508.12
205,12,0,10,14.6138,9422.04
215,12,0,10,14.5893,9267.06
225,12,0,10,14.5645,9063.23
715,12,0,10,14.5295,8872.69
714,12,0,10,14.5258,8848.84
726,12,0,10,14.5256,8846.99
529,12,0,10,14.5115,8747.38
605,12,0,10,14.4962,8650.12
603,12,0,10,14.4904,8619.14
220,13,0,0,11.0872,472.978,0.0955,416.542,0.04,1
2130,13,0,0,11.0724,392.48
215,13,0,0,11.0675,358.782
205,13,0,0,11.0436,204.484
196,13,0,0,11.0305,119.897
195,13,0,0,11.0279,100.335
64,13,0,0,11.01,0
710,13,0,1,11.2404,1198.14,0.0443333,193.369,0.36,2
223,13,0,1,11.2229,1104.91
224,13,0,1,11.2088,1031.05
222,13,0,1,11.193,945.57
220,13,0,1,11.1827,889.52
455,13,0,2,11.3438,1774.06,0.0408333,178.103,0.03,3
454,13,0,2,11.341,1758.44
457,13,0,2,11.3343,1704.48
456,13,0,2,11.3291,1675.03
458,13,0,2,11.3196,1613.89
459,13,0,2,11.3137,1568.78
1543,13,0,2,11.3044,1506.55
710,13,0,2,11.2847,1391.51
603,13,0,3,11.475,2516.24,0.109,475.425,0.32,4
604,13,0,3,11.4708,2493.1
596,13,0,3,11.4706,2492.13
595,13,0,3,11.4652,2461.72
605,13,0,3,11.464,2453.73
529,13,0,3,11.4468,2353.71
726,13,0,3,11.4309,2252.51
714,13,0,3,11.4307,2250.62
1543,13,0,3,11.4259,2220.1
459,13,0,3,11.4156,2156.7
458,13,0,3,11.4091,2111.44
456,13,0,3,11.4,2050.65
457,13,0,3,11.3946,2020.43
454,13,0,3,11.387,1966.47
455,13,0,3,11.3846,1952.16
1108,13,0,4,11.7762,3990.79,0.0935,407.819,0.09,5
1109,13,0,4,11.7718,3968.11
1113,13,0,4,11.765,3933.96
1847,13,0,4,11.7515,3866.44
1086,13,0,4,11.7479,3846.41
1087,13,0,4,11.7334,3773.22
1090,13,0,4,11.7247,3728.06
1076,13,0,4,11.6985,3601.08
1074,13,0,4,11.6944,3579.96
1077,13,0,4,11.6848,3529.14
1080,13,0,4,11.6713,3461.94
1079,13,0,4,11.6647,3427.48
1061,13,0,4,11.6605,3406.2
1063,13,0,4,11.6569,3388.03
1062,13,0,4,11.6559,3380.95
2159,13,0,4,11.6556,3379.84
1045,13,0,4,11.6549,3376.69
1012,13,0,4,11.6477,3335.7
1014,13,0,4,11.6472,3332.84
989,13,0,4,11.6361,3274.53
990,13,0,4,11.6261,3224.27
991,13,0,4,11.6235,3211.92
706,13,0,4,11.6165,3172.46
704,13,0,4,11.6138,3159.68
2179,13,0,4,11.6136,3158.82
662,13,0,4,11.6074,3129.17
602,13,0,4,11.5961,3060.9
604,13,0,4,11.5935,3044.1
596,13,0,4,11.5934,3043.13
595,13,0,4,11.5879,3012.72
603,13,0,4,11.584,2991.67
1304,13,0,5,11.9992,5081.23,0.0428333,186.826,0.12,6
952,13,0,5,11.9748,4948.24
953,13,0,5,11.9641,4893.46
2023,13,0,5,11.9632,4889.36
2108,13,0,5,11.9468,4804.15
1794,13,0,5,11.9397,4768.39
2106,13,0,5,11.9245,4689.02
2039,13,0,5,11.9068,4595.49
1106,13,0,5,11.8972,4543.54
2035,13,0,5,11.883,4469.49
1108,13,0,5,11.8697,4398.6
636,13,0,6,12.3303,6742.85,0.091,396.915,0.15,7
631,13,0,6,12.3228,6706.81
630,13,0,6,12.3168,6677.21
681,13,0,6,12.3052,6621.3
684,13,0,6,12.3003,6596.47
967,13,0,6,12.2896,6544.31
970,13,0,6,12.2781,6489.85
974,13,0,6,12.2658,6430.51
1007,13,0,6,12.2567,6384.81
1038,13,0,6,12.2405,6305.34
1039,13,0,6,12.24,6302.66
1037,13,0,6,12.2304,6255.17
1034,13,0,6,12.2217,6209.49
2033,13,0,6,12.2162,6180.43
1053,13,0,6,12.2037,6117.41
1784,13,0,6,12.2004,6100.34
1066,13,0,6,12.1911,6052.71
2034,13,0,6,12.1668,5933.05
1850,13,0,6,12.1586,5889.93
2035,13,0,6,12.1496,5842.7
1106,13,0,6,12.1368,5774.84
2039,13,0,6,12.1302,5733.18
2106,13,0,6,12.1132,5642.53
2050,13,0,6,12.1037,5597.29
2051,13,0,6,12.0945,5546.76
2163,13,0,6,12.0601,5365.45
1304,13,0,6,12.042,5268.05
978,13,0,7,12.5254,7651.6,0.107833,470.336,0.07,8
1010,13,0,7,12.5097,7571.44
2026,13,0,7,12.4806,7430.51
2027,13,0,7,12.473,7394.7
1998,13,0,7,12.463,7343.6
1997,13,0,7,12.4548,7301.52
1996,13,0,7,12.4485,7271.89
1995,13,0,7,12.4419,7239.81
638,13,0,7,12.4252,7159.99
636,13,0,7,12.4213,7139.76
895,13,0,8,12.801,8956.82,0.0435,189.734,0.02,9
896,13,0,8,12.7973,8938.58
893,13,0,8,12.786,8883.41
894,13,0,8,12.7808,8858.66
897,13,0,8,12.7619,8765.44
1028,13,0,8,12.7539,8723.26
1026,13,0,8,12.7424,8665.54
998,13,0,8,12.7374,8640.79
999,13,0,8,12.715,8529.05
1757,13,0,8,12.7093,8501.11
1000,13,0,8,12.6964,8437.57
1005,13,0,8,12.6905,8408.88
1006,13,0,8,12.6776,8344.07
974,13,0,8,12.667,8291.24
973,13,0,8,12.6599,8256.27
975,13,0,8,12.6434,8173.25
981,13,0,8,12.6393,8152.46
980,13,0,8,12.6368,8140.42
978,13,0,8,12.6332,8121.93
1302,13,0,9,13.0262,10066,0.035,152.659,0.22,10
949,13,0,9,13.0034,9943.19
951,13,0,9,12.9923,9886.22
950,13,0,9,12.9856,9851.58
938,13,0,9,12.9716,9779.08
929,13,0,9,12.9533,9686.19
2019,13,0,9,12.9529,9684.2
2157,13,0,9,12.9257,9556.47
905,13,0,9,12.8857,9355.03
906,13,0,9,12.8728,9287.11
892,13,0,9,12.854,9191.8
896,13,0,9,12.8494,9169.73
895,13,0,9,12.8445,9146.55
64,13,0,10,13.516,12861.8,0,0,0
195,13,0,10,13.4828,12696.8
196,13,0,10,13.48,12677.2
205,13,0,10,13.4649,12589.7
215,13,0,10,13.4406,12434.9
225,13,0,10,13.4139,12231.8
715,13,0,10,13.3855,12066.5
714,13,0,10,13.3817,12042.5
726,13,0,10,13.3815,12040.7
529,13,0,10,13.3676,11941.1
605,13,0,10,13.3532,11844.9
603,13,0,10,13.3472,11813.1
604,13,0,10,13.3436,11792.8
596,13,0,10,13.3435,11791.8
580,13,0,10,13.3331,11731.2
574,13,0,10,13.3126,11623.6
573,13,0,10,13.3033,11571.2
564,13,0,10,13.296,11531.9
557,13,0,10,13.2901,11498.8
561,13,0,10,13.2835,11452.3
628,13,0,10,13.2792,11426.9
609,13,0,10,13.267,11351.1
423,13,0,10,13.2611,11294.8
419,13,0,10,13.2558,11260
420,13,0,10,13.2506,11225
421,13,0,10,13.2466,11198.2
417,13,0,10,13.2421,11173.8
1989,13,0,10,13.2255,11087.3
2011,13,0,10,13.2078,10994.2
2156,13,0,10,13.2025,10966.8
2013,13,0,10,13.2019,10963.7
886,13,0,10,13.19,10905.5
888,13,0,10,13.1702,10799.4
903,13,0,10,13.1564,10729.5
904,13,0,10,13.1529,10711.1
925,13,0,10,13.1295,10583.2
2019,13,0,10,13.1241,10556
929,13,0,10,13.1237,10554
938,13,0,10,13.1117,10488.1
950,13,0,10,13.0982,10417.6
951,13,0,10,13.0912,10381.8
949,13,0,10,13.0802,10325.4
1302,13,0,10,13.0612,10218.6
220,14,0,0,12.8002,511.167,0.0923333,402.73,0.08,1
2130,14,0,0,12.7824,417.757
215,14,0,0,12.7769,383.417
205,14,0,0,12.7489,223.068
196,14,0,0,12.735,137.521
195,14,0,0,12.7319,117.624
64,14,0,0,12.71,0
710,14,0,1,12.957,1250.5,0.0983333,428.9,0.42,2
223,14,0,1,12.9404,1161.15
224,14,0,1,12.9185,1054.49
222,14,0,1,12.9026,968.676
220,14,0,1,12.8926,913.897
455,14,0,2,13.116,2068.33,0.0423333,184.645,0.11,3
454,14,0,2,13.1128,2050.95
457,14,0,2,13.1062,1996.88
456,14,0,2,13.1013,1967.85
458,14,0,2,13.0921,1906.93
459,14,0,2,13.0854,1861.58
1543,14,0,2,13.0769,1799.77
710,14,0,2,13.0554,1679.4
1108,14,0,3,13.422,3715.07,0.0723333,315.496,0.16,4
1109,14,0,3,13.4179,3693.69
1113,14,0,3,13.4115,3661.44
1847,14,0,3,13.3997,3600.81
1086,14,0,3,13.3961,3580.62
1087,14,0,3,13.3826,3512.06
1090,14,0,3,13.374,3467.3
1076,14,0,3,13.356,3373.97
1074,14,0,3,13.3519,3353.31
1077,14,0,3,13.3385,3286.34
1080,14,0,3,13.3236,3212.99
1079,14,0,3,13.3165,3176.51
1061,14,0,3,13.3122,3155.22
1063,14,0,3,13.309,3138.38
1062,14,0,3,13.308,3131.34
2159,14,0,3,13.3078,3130.36
1045,14,0,3,13.3071,3127.21
1012,14,0,3,13.2999,3086.22
2028,14,0,3,13.2918,3040.76
989,14,0,3,13.2884,3025.02
990,14,0,3,13.2783,2974.76
991,14,0,3,13.2757,2962.41
706,14,0,3,13.2687,2922.94
704,14,0,3,13.2661,2910.17
2179,14,0,3,13.2659,2909.31
662,14,0,3,13.2597,2879.66
602,14,0,3,13.2485,2811.52
599,14,0,3,13.244,2786.83
605,14,0,3,13.2388,2758.7
529,14,0,3,13.2222,2659.81
726,14,0,3,13.2061,2558.27
714,14,0,3,13.2059,2556.39
1543,14,0,3,13.2001,2523.95
459,14,0,3,13.19,2460.77
458,14,0,3,13.1833,2415.36
456,14,0,3,13.1747,2354.96
457,14,0,3,13.1687,2321.91
454,14,0,3,13.161,2267.93
455,14,0,3,13.1584,2252.97
1304,14,0,4,13.6229,4709.04,0.0735,320.585,0.21,5
952,14,0,4,13.5989,4577.72
953,14,0,4,13.5866,4516.67
2023,14,0,4,13.5858,4512.57
2108,14,0,4,13.5716,4436.91
1794,14,0,4,13.5653,4404.56
2106,14,0,4,13.5514,4330.81
2039,14,0,4,13.5328,4233.29
1106,14,0,4,13.5226,4178.89
2035,14,0,4,13.5106,4114.3
1108,14,0,4,13.4943,4030.57
1302,14,0,5,13.7435,5268.62,0.035,152.659,0.22,6
1303,14,0,5,13.7231,5164.93
1305,14,0,5,13.7079,5088.91
1304,14,0,5,13.6964,5029.63
895,14,0,6,13.9274,6199.05,0.0823333,359.113,0.02,7
896,14,0,6,13.9237,6180.81
892,14,0,6,13.92,6162.06
906,14,0,6,13.9074,6093.2
1555,14,0,6,13.8792,5938.6
2157,14,0,6,13.8682,5884.85
2019,14,0,6,13.8414,5758.59
929,14,0,6,13.841,5756.61
938,14,0,6,13.829,5690.76
950,14,0,6,13.8155,5620.2
951,14,0,6,13.8085,5584.48
949,14,0,6,13.7975,5528
1302,14,0,6,13.7785,5421.28
978,14,0,7,14.1757,7397.53,0.0373333,162.837,0.05,8
1010,14,0,7,14.1609,7320.76
1011,14,0,7,14.1467,7248.12
1009,14,0,7,14.1411,7218.69
1038,14,0,7,14.1329,7178.09
1039,14,0,7,14.1323,7175.42
1037,14,0,7,14.1225,7126.85
1034,14,0,7,14.1142,7083.01
2032,14,0,7,14.0988,7005.42
1050,14,0,7,14.0724,6871.64
1049,14,0,7,14.0724,6871.55
1025,14,0,7,14.065,6833.85
1029,14,0,7,14.052,6768.06
1027,14,0,7,14.0391,6704.68
898,14,0,7,14.0287,6652.2
895,14,0,7,14.0098,6558.17
636,14,0,8,14.2928,7950.79,0.0391667,170.833,0.15,9
631,14,0,8,14.2861,7917.99
630,14,0,8,14.2803,7889.48
637,14,0,8,14.2697,7837.4
1996,14,0,8,14.2573,7774.11
1997,14,0,8,14.2534,7754.21
2027,14,0,8,14.2262,7623.99
2026,14,0,8,14.2204,7595.51
978,14,0,8,14.2131,7560.36
603,14,0,9,14.4162,8557.35,0.0658333,287.145,0.35,10
604,14,0,9,14.4114,8531.94
596,14,0,9,14.4113,8530.97
580,14,0,9,14.397,8454.76
583,14,0,9,14.3908,8424.95
587,14,0,9,14.3886,8410.52
578,14,0,9,14.3855,8393.7
575,14,0,9,14.38,8362.6
571,14,0,9,14.3771,8346.47
570,14,0,9,14.3722,8323.2
1994,14,0,9,14.3595,8258.84
562,14,0,9,14.3461,8193.79
639,14,0,9,14.3426,8176.35
638,14,0,9,14.3359,8142.32
636,14,0,9,14.3319,8121.62
64,14,0,10,14.644,9869.31,0,0,0
195,14,0,10,14.6224,9753.06
196,14,0,10,14.6197,9733.48
205,14,0,10,14.6054,9647.4
215,14,0,10,14.581,9492.42
225,14,0,10,14.5561,9288.58
715,14,0,10,14.5212,9098.04
714,14,0,10,14.5174,9074.2
726,14,0,10,14.5173,9072.34
529,14,0,10,14.5032,8972.73
605,14,0,10,14.4878,8875.47
603,14,0,10,14.482,8844.49
220,15,0,0,12.6302,511.167,0.0923333,402.73,0.08,1
2130,15,0,0,12.6124,417.757
215,15,0,0,12.6069,383.417
205,15,0,0,12.5789,223.068
196,15,0,0,12.565,137.521
195,15,0,0,12.5619,117.624
64,15,0,0,12.54,0
455,15,0,1,12.8172,1465.09,0.0851667,371.471,0.08,2
454,15,0,1,12.8148,1450.75
457,15,0,1,12.8081,1396.73
456,15,0,1,12.8022,1364.17
458,15,0,1,12.7923,1302.41
459,15,0,1,12.7856,1257.06
450,15,0,1,12.7693,1168.32
229,15,0,1,12.7573,1104.61
222,15,0,1,12.7326,968.676
220,15,0,1,12.7226,913.897
603,15,0,2,12.9953,2410.27,0.0631667,275.514,0.35,3
604,15,0,2,12.9913,2388.4
596,15,0,2,12.9912,2387.43
595,15,0,2,12.9852,2354.7
605,15,0,2,12.984,2346.68
529,15,0,2,12.9668,2246.67
726,15,0,2,12.952,2146.59
714,15,0,2,12.9518,2144.73
1543,15,0,2,12.9476,2114.76
459,15,0,2,12.9375,2051.66
458,15,0,2,12.93,2005.32
456,15,0,2,12.9198,1943.25
457,15,0,2,12.9125,1904.9
454,15,0,2,12.9046,1850.78
455,15,0,2,12.9023,1836.56
1108,15,0,3,13.2458,3666.45,0.0723333,315.496,0.16,4
1109,15,0,3,13.2408,3641.03
1113,15,0,3,13.2351,3611.79
1847,15,0,3,13.2235,3551.83
1086,15,0,3,13.2198,3531.64
1087,15,0,3,13.2064,3463.08
1090,15,0,3,13.1978,3418.32
1076,15,0,3,13.1797,3325
1074,15,0,3,13.1757,3304.33
1077,15,0,3,13.1623,3237.36
1080,15,0,3,13.1473,3164.01
1079,15,0,3,13.1402,3127.53
1061,15,0,3,13.136,3106.25
1063,15,0,3,13.1328,3089.4
1062,15,0,3,13.1317,3082.36
2159,15,0,3,13.1315,3081.38
1045,15,0,3,13.1308,3078.23
1012,15,0,3,13.1236,3037.24
2028,15,0,3,13.1156,2991.78
989,15,0,3,13.1121,2976.04
990,15,0,3,13.1021,2925.78
991,15,0,3,13.0995,2913.43
706,15,0,3,13.0925,2873.97
704,15,0,3,13.0898,2861.19
2179,15,0,3,13.0897,2860.33
662,15,0,3,13.0835,2830.68
602,15,0,3,13.0722,2762.55
604,15,0,3,13.0697,2745.79
596,15,0,3,13.0696,2744.82
595,15,0,3,13.0646,2716.48
603,15,0,3,13.0585,2685.78
1304,15,0,4,13.4467,4660.43,0.0735,320.585,0.21,5
952,15,0,4,13.4227,4529.11
953,15,0,4,13.4105,4468.05
2023,15,0,4,13.4096,4463.95
2108,15,0,4,13.3954,4388.29
1794,15,0,4,13.3891,4355.94
2106,15,0,4,13.3752,4282.19
2039,15,0,4,13.3567,4184.67
1106,15,0,4,13.3464,4130.27
2035,15,0,4,13.3344,4065.68
1108,15,0,4,13.3181,3981.95
1302,15,0,5,13.5673,5220,0.035,152.659,0.22,6
1303,15,0,5,13.547,5116.31
1305,15,0,5,13.5318,5040.3
1304,15,0,5,13.5202,4981.01
895,15,0,6,13.7513,6150.43,0.0823333,359.113,0.02,7
896,15,0,6,13.7476,6132.19
892,15,0,6,13.7438,6113.45
906,15,0,6,13.7312,6044.58
1555,15,0,6,13.703,5889.99
2157,15,0,6,13.6921,5836.24
2019,15,0,6,13.6652,5709.98
929,15,0,6,13.6648,5707.99
938,15,0,6,13.6528,5642.14
950,15,0,6,13.6394,5571.58
951,15,0,6,13.6323,5535.86
949,15,0,6,13.6214,5479.38
1302,15,0,6,13.6023,5372.66
978,15,0,7,14.0059,7373.93,0.0373333,162.837,0.05,8
1010,15,0,7,13.9922,7301.81
1011,15,0,7,13.9774,7227.08
1009,15,0,7,13.9711,7194.66
1038,15,0,7,13.9631,7154.76
1039,15,0,7,13.9625,7152.09
1037,15,0,7,13.9496,7091.14
1034,15,0,7,13.9399,7040.93
2032,15,0,7,13.9244,6963.33
2031,15,0,7,13.9241,6961.51
1031,15,0,7,13.9142,6914.1
1002,15,0,7,13.9,6843.38
1024,15,0,7,13.8795,6739.26
1029,15,0,7,13.8743,6713.1
1027,15,0,7,13.8622,6653
898,15,0,7,13.8521,6601.74
895,15,0,7,13.8336,6509.55
636,15,0,8,14.1229,7927.19,0.0391667,170.833,0.15,9
631,15,0,8,14.1162,7894.4
630,15,0,8,14.1104,7865.88
637,15,0,8,14.0999,7813.8
1996,15,0,8,14.0874,7750.51
1997,15,0,8,14.0835,7730.61
2027,15,0,8,14.0563,7600.39
2026,15,0,8,14.0505,7571.91
978,15,0,8,14.0432,7536.77
710,15,0,9,14.3101,8947.14,0.0876667,382.376,0.44,10
1543,15,0,9,14.2902,8831.78
715,15,0,9,14.2855,8787.3
714,15,0,9,14.2818,8763.46
726,15,0,9,14.2816,8761.6
529,15,0,9,14.2675,8661.99
605,15,0,9,14.2522,8564.73
603,15,0,9,14.2464,8533.75
604,15,0,9,14.2416,8508.34
596,15,0,9,14.2414,8507.37
580,15,0,9,14.2272,8431.16
583,15,0,9,14.2209,8401.35
587,15,0,9,14.2187,8386.92
578,15,0,9,14.2156,8370.11
575,15,0,9,14.2101,8339
571,15,0,9,14.2072,8322.88
570,15,0,9,14.2024,8299.6
1994,15,0,9,14.1896,8235.25
562,15,0,9,14.1763,8170.19
639,15,0,9,14.1728,8152.75
638,15,0,9,14.1661,8118.72
636,15,0,9,14.1621,8098.02
64,15,0,10,14.5065,10028.4,0,0,0
195,15,0,10,14.4849,9912.1
196,15,0,10,14.4822,9892.52
205,15,0,10,14.468,9806.44
215,15,0,10,14.4435,9651.47
225,15,0,10,14.4187,9447.63
1680,15,0,10,14.4159,9428.79
710,15,0,10,14.3978,9329.52
220,16,0,0,13.0802,511.167,0.072,314.042,0.12,1
2130,16,0,0,13.0624,417.757
215,16,0,0,13.0569,383.417
205,16,0,0,13.0289,223.068
196,16,0,0,13.015,137.521
195,16,0,0,13.0119,117.624
64,16,0,0,12.99,0
455,16,0,1,13.246,1375.28,0.0423333,184.645,0.11,2
454,16,0,1,13.2427,1357.9
457,16,0,1,13.2362,1303.83
456,16,0,1,13.2312,1274.8
458,16,0,1,13.222,1213.88
459,16,0,1,13.2154,1168.53
450,16,0,1,13.2002,1084.61
229,16,0,1,13.1891,1024.74
222,16,0,1,13.1609,874.132
220,16,0,1,13.1522,825.209
710,16,0,2,13.3534,1959.13,0.0466667,203.546,0.45,3
1543,16,0,2,13.3301,1830.91
459,16,0,2,13.3199,1767.72
458,16,0,2,13.3132,1722.32
456,16,0,2,13.3046,1661.92
457,16,0,2,13.2986,1628.87
454,16,0,2,13.291,1574.89
455,16,0,2,13.2883,1559.93
1108,16,0,3,13.6434,3474.52,0.0723333,315.496,0.16,4
1109,16,0,3,13.6384,3449.09
1113,16,0,3,13.6328,3419.86
1847,16,0,3,13.6211,3359.89
1086,16,0,3,13.6175,3339.71
1087,16,0,3,13.604,3271.15
1090,16,0,3,13.5954,3226.39
1076,16,0,3,13.5774,3133.06
1074,16,0,3,13.5734,3112.4
1077,16,0,3,13.5599,3045.43
1080,16,0,3,13.545,2972.08
1079,16,0,3,13.5379,2935.6
1061,16,0,3,13.5336,2914.31
1063,16,0,3,13.5304,2897.47
1062,16,0,3,13.5294,2890.43
2159,16,0,3,13.5292,2889.45
1045,16,0,3,13.5285,2886.3
1012,16,0,3,13.5213,2845.31
2028,16,0,3,13.5132,2799.85
989,16,0,3,13.5098,2784.11
990,16,0,3,13.4998,2733.85
991,16,0,3,13.4972,2721.5
706,16,0,3,13.4902,2682.03
704,16,0,3,13.4875,2669.26
2179,16,0,3,13.4873,2668.4
662,16,0,3,13.4811,2638.75
602,16,0,3,13.4699,2570.61
599,16,0,3,13.4654,2545.91
605,16,0,3,13.4602,2517.79
529,16,0,3,13.4437,2418.9
726,16,0,3,13.4275,2317.36
714,16,0,3,13.4273,2315.48
1543,16,0,3,13.4215,2283.04
710,16,0,3,13.4,2162.68
1304,16,0,4,13.8444,4468.49,0.0735,320.585,0.21,5
952,16,0,4,13.8204,4337.17
953,16,0,4,13.8081,4276.12
2023,16,0,4,13.8073,4272.02
2108,16,0,4,13.7931,4196.36
1794,16,0,4,13.7868,4164.01
2106,16,0,4,13.7729,4090.26
2039,16,0,4,13.7543,3992.74
1106,16,0,4,13.7441,3938.34
2035,16,0,4,13.7321,3873.75
1108,16,0,4,13.7158,3790.02
1302,16,0,5,13.965,5028.07,0.035,152.659,0.22,6
1303,16,0,5,13.9446,4924.38
1305,16,0,5,13.9294,4848.36
1304,16,0,5,13.9179,4789.08
895,16,0,6,14.1489,5958.5,0.081,353.298,0.02,7
896,16,0,6,14.1452,5940.26
892,16,0,6,14.1415,5921.51
906,16,0,6,14.1289,5852.65
1555,16,0,6,14.1007,5698.05
2157,16,0,6,14.0897,5644.3
2019,16,0,6,14.0629,5518.04
929,16,0,6,14.0625,5516.06
938,16,0,6,14.0505,5450.21
950,16,0,6,14.037,5379.65
951,16,0,6,14.03,5343.93
949,16,0,6,14.019,5287.45
1302,16,0,6,14,5180.73
978,16,0,7,14.3959,7151.16,0.0373333,162.837,0.05,8
1010,16,0,7,14.3811,7074.39
1011,16,0,7,14.3668,7001.75
1009,16,0,7,14.3612,6972.32
1038,16,0,7,14.3531,6931.72
1039,16,0,7,14.3525,6929.05
1037,16,0,7,14.3426,6880.49
1034,16,0,7,14.3344,6836.65
2032,16,0,7,14.3189,6759.05
1050,16,0,7,14.2926,6625.27
1049,16,0,7,14.2926,6625.18
1025,16,0,7,14.2852,6587.48
1029,16,0,7,14.2722,6521.69
1027,16,0,7,14.2593,6458.32
898,16,0,7,14.2489,6405.83
895,16,0,7,14.2299,6311.8
636,16,0,8,14.5129,7704.42,0.0391667,170.833,0.15,9
631,16,0,8,14.5062,7671.63
630,16,0,8,14.5005,7643.11
637,16,0,8,14.4899,7591.03
1996,16,0,8,14.4774,7527.74
1997,16,0,8,14.4736,7507.84
2027,16,0,8,14.4463,7377.62
2026,16,0,8,14.4405,7349.14
978,16,0,8,14.4332,7314
603,16,0,9,14.6364,8310.98,0.0658333,287.145,0.35,10
604,16,0,9,14.6316,8285.57
596,16,0,9,14.6314,8284.6
580,16,0,9,14.6172,8208.39
583,16,0,9,14.6109,8178.58
587,16,0,9,14.6087,8164.15
578,16,0,9,14.6057,8147.34
575,16,0,9,14.6001,8116.23
571,16,0,9,14.5972,8100.11
570,16,0,9,14.5924,8076.83
1994,16,0,9,14.5797,8012.48
562,16,0,9,14.5663,7947.42
639,16,0,9,14.5628,7929.98
638,16,0,9,14.5561,7895.95
636,16,0,9,14.5521,7875.25
64,16,0,10,14.8642,9622.94,0,0,0
195,16,0,10,14.8426,9506.69
196,16,0,10,14.8399,9487.11
205,16,0,10,14.8256,9401.03
215,16,0,10,14.8012,9246.05
225,16,0,10,14.7763,9042.22
715,16,0,10,14.7414,8851.67
714,16,0,10,14.7376,8827.83
726,16,0,10,14.7374,8825.97
529,16,0,10,14.7234,8726.36
605,16,0,10,14.708,8629.11
603,16,0,10,14.7022,8598.13
