Nodo,Individuo,Ruta,Segmento,Tiempo viaje,Costo viaje,Tiempo atencion,Costo atencion,Tasa fallo,Demanda
220,0,0,0,11.1072,472.978,0.0955,416.542,0.04,1
2130,0,0,0,11.0924,392.48
215,0,0,0,11.0875,358.782
205,0,0,0,11.0636,204.484
196,0,0,0,11.0505,119.897
195,0,0,0,11.0479,100.335
64,0,0,0,11.03,0
455,0,0,1,11.2921,1421.69,0.0408333,178.103,0.03,2
454,0,0,1,11.2893,1406.07
457,0,0,1,11.2825,1352.11
456,0,0,1,11.2774,1322.67
458,0,0,1,11.2679,1261.52
459,0,0,1,11.262,1216.42
450,0,0,1,11.2468,1132.53
229,0,0,1,11.2373,1079.68
222,0,0,1,11.213,945.57
220,0,0,1,11.2027,889.52
636,0,0,2,11.4854,2389.07,0.0763333,332.943,0.15,3
633,0,0,2,11.4808,2363.98
563,0,0,2,11.4754,2338.98
565,0,0,2,11.4683,2302.81
573,0,0,2,11.463,2276.22
572,0,0,2,11.4582,2248.41
541,0,0,2,11.448,2196.21
540,0,0,2,11.4386,2146.76
1754,0,0,2,11.4304,2104.05
518,0,0,2,11.4224,2063.68
500,0,0,2,11.4174,2038.03
501,0,0,2,11.3957,1934.44
502,0,0,2,11.3905,1908.91
473,0,0,2,11.3822,1868.27
2141,0,0,2,11.382,1867.29
1750,0,0,2,11.3778,1845.98
477,0,0,2,11.3735,1823.63
453,0,0,2,11.3453,1669.72
455,0,0,2,11.3329,1599.79
603,0,0,3,11.6357,3117.42,0.109,475.425,0.32,4
604,0,0,3,11.6315,3094.28
596,0,0,3,11.6313,3093.31
580,0,0,3,11.6229,3035.04
583,0,0,3,11.6167,3005.22
587,0,0,3,11.6138,2989.09
578,0,0,3,11.6109,2973.1
579,0,0,3,11.6033,2933.31
570,0,0,3,11.5967,2901.68
1994,0,0,3,11.584,2837.27
562,0,0,3,11.5732,2783.15
639,0,0,3,11.5698,2765.71
638,0,0,3,11.566,2743.91
636,0,0,3,11.5617,2722.01
64,0,0,4,11.8922,4581.7,0,0,0
195,0,0,4,11.871,4467.02
196,0,0,4,11.8682,4447.41
205,0,0,4,11.8557,4363.51
215,0,0,4,11.8358,4211.41
225,0,0,4,11.8106,4007.84
715,0,0,4,11.7825,3842.82
714,0,0,4,11.7786,3818.81
726,0,0,4,11.7784,3816.93
529,0,0,4,11.7646,3717.44
605,0,0,4,11.7498,3620.83
603,0,0,4,11.7447,3592.85
710,0,1,0,11.153,739.387,0.0443333,193.369,0.36,1
223,0,1,0,11.1355,646.157
1680,0,1,0,11.126,581.03
225,0,1,0,11.1232,562.11
215,0,1,0,11.0975,358.782
205,0,1,0,11.0736,204.484
196,0,1,0,11.0605,119.897
195,0,1,0,11.0579,100.335
64,0,1,0,11.04,0
895,0,1,1,11.4585,2394.36,0.103333,450.709,0.01,2
896,0,1,1,11.4548,2376.12
893,0,1,1,11.444,2322.98
894,0,1,1,11.4387,2297.91
897,0,1,1,11.4214,2211.32
877,0,1,1,11.3983,2097.82
878,0,1,1,11.3922,2067.08
879,0,1,1,11.3776,1997.49
437,0,1,1,11.3732,1974.11
439,0,1,1,11.3695,1954.09
436,0,1,1,11.3607,1911.23
425,0,1,1,11.3524,1869.23
426,0,1,1,11.3482,1847.15
424,0,1,1,11.3459,1833.75
613,0,1,1,11.3414,1807.58
611,0,1,1,11.3364,1775.38
609,0,1,1,11.3345,1757.3
628,0,1,1,11.3219,1680.86
561,0,1,1,11.3178,1655.83
557,0,1,1,11.3098,1607.75
554,0,1,1,11.3082,1599.28
565,0,1,1,11.3007,1556.35
573,0,1,1,11.2953,1529.76
574,0,1,1,11.2863,1477.96
580,0,1,1,11.2679,1379.69
596,0,1,1,11.2618,1319.83
595,0,1,1,11.2563,1289.42
605,0,1,1,11.2552,1281.43
529,0,1,1,11.2379,1181.4
726,0,1,1,11.222,1080.21
714,0,1,1,11.2219,1078.32
1543,0,1,1,11.217,1047.8
710,0,1,1,11.1973,932.755
1304,0,1,2,11.7252,3690.21,0.0428333,186.826,0.12,3
952,0,1,2,11.7008,3557.22
953,0,1,2,11.6901,3502.45
2023,0,1,2,11.6893,3498.35
1787,0,1,2,11.6814,3457.79
2020,0,1,2,11.6657,3377.28
935,0,1,2,11.6555,3323.96
934,0,1,2,11.655,3321.35
933,0,1,2,11.6463,3274.27
936,0,1,2,11.6457,3271.33
1737,0,1,2,11.6322,3199.43
917,0,1,2,11.6161,3119.11
916,0,1,2,11.6159,3118.2
906,0,1,2,11.5902,2985.79
892,0,1,2,11.57,2885.13
896,0,1,2,11.5668,2868.55
895,0,1,2,11.5618,2845.07
1108,0,1,3,11.8942,4543.97,0.0935,407.819,0.09,4
1107,0,1,3,11.8794,4468.52
1106,0,1,3,11.8662,4398.56
2039,0,1,3,11.8596,4357.05
2106,0,1,3,11.8434,4269.53
2050,0,1,3,11.8348,4228.08
2051,0,1,3,11.8226,4164.51
2163,0,1,3,11.7879,3981.6
1304,0,1,3,11.7681,3877.04
64,0,1,4,12.3373,6961.78,0,0,0
195,0,1,4,12.3153,6843.55
196,0,1,4,12.3123,6823.82
205,0,1,4,12.2984,6738.26
215,0,1,4,12.2729,6581.82
225,0,1,4,12.2475,6378.31
715,0,1,4,12.2204,6214.74
714,0,1,4,12.2165,6190.73
726,0,1,4,12.2163,6188.85
529,0,1,4,12.2026,6089.36
605,0,1,4,12.1878,5992.75
603,0,1,4,12.1827,5964.77
2202,0,1,4,12.1792,5943.96
602,0,1,4,12.1749,5918.65
1851,0,1,4,12.1636,5847.66
1852,0,1,4,12.1577,5819.13
706,0,1,4,12.1471,5765.45
991,0,1,4,12.1335,5698.03
2028,0,1,4,12.1227,5644.8
1012,0,1,4,12.1096,5577.68
1014,0,1,4,12.109,5574.81
1048,0,1,4,12.1005,5529.62
2159,0,1,4,12.0973,5514.23
1045,0,1,4,12.0967,5511.08
1043,0,1,4,12.0932,5493.88
2158,0,1,4,12.0864,5459.27
2030,0,1,4,12.0825,5439.44
1041,0,1,4,12.0773,5412.73
1039,0,1,4,12.0694,5371.63
1037,0,1,4,12.0603,5326.2
1034,0,1,4,12.0503,5274.92
2033,0,1,4,12.0452,5247.51
1053,0,1,4,12.0338,5189.02
1784,0,1,4,12.0302,5170.77
1066,0,1,4,12.0205,5121.7
1070,0,1,4,12.0085,5058.84
1849,0,1,4,11.9984,5007.17
1108,0,1,4,11.9877,4951.79
1302,0,2,0,13.7342,2766.91,0.035,152.659,0.22,1
949,0,2,0,13.7112,2642.85
2025,0,2,0,13.7077,2625.39
1598,0,2,0,13.7044,2606.63
948,0,2,0,13.6995,2579.61
928,0,2,0,13.6891,2522.31
929,0,2,0,13.6689,2416.19
2019,0,2,0,13.6685,2414.21
2157,0,2,0,13.6424,2290.85
905,0,2,0,13.6055,2102.44
889,0,2,0,13.5962,2054.31
890,0,2,0,13.5896,2018.4
2013,0,2,0,13.5701,1915.19
1988,0,2,0,13.5525,1821.32
417,0,2,0,13.532,1716.71
418,0,2,0,13.528,1695.77
419,0,2,0,13.5125,1609.96
423,0,2,0,13.5063,1573.67
609,0,2,0,13.5004,1517.35
628,0,2,0,13.4906,1443.34
561,0,2,0,13.4867,1418.58
557,0,2,0,13.4793,1371.34
554,0,2,0,13.4771,1360.2
565,0,2,0,13.467,1306.55
573,0,2,0,13.4617,1279.96
574,0,2,0,13.4544,1230.49
580,0,2,0,13.4316,1113.57
596,0,2,0,13.4255,1053.72
595,0,2,0,13.4205,1025.37
605,0,2,0,13.4193,1017.31
529,0,2,0,13.4027,918.413
726,0,2,0,13.3866,816.876
714,0,2,0,13.3864,814.998
715,0,2,0,13.3829,791.373
225,0,2,0,13.3651,630.742
215,0,2,0,13.3379,427.668
205,0,2,0,13.3069,255.297
196,0,2,0,13.2918,168.03
195,0,2,0,13.2892,148.465
64,0,2,0,13.26,0
978,0,2,1,14.0531,4355.78,0.0373333,162.837,0.05,2
1010,0,2,1,14.0382,4278.67
1011,0,2,1,14.0241,4206.68
1009,0,2,1,14.0174,4172.76
1038,0,2,1,14.0094,4132.87
1039,0,2,1,14.0088,4130.2
1037,0,2,1,13.996,4069.25
1034,0,2,1,13.9862,4019.03
2032,0,2,1,13.9708,3941.44
1050,0,2,1,13.9418,3796.99
1804,0,2,1,13.9287,3730.98
2015,0,2,1,13.9175,3674.76
2014,0,2,1,13.9093,3633.76
2017,0,2,1,13.9082,3628.07
2170,0,2,1,13.9053,3613.42
917,0,2,1,13.8991,3582.43
2016,0,2,1,13.8983,3578.62
915,0,2,1,13.8773,3473.67
1555,0,2,1,13.8699,3436.9
2157,0,2,1,13.859,3383.15
2019,0,2,1,13.8321,3256.89
929,0,2,1,13.8317,3254.9
938,0,2,1,13.8198,3189.05
950,0,2,1,13.8063,3118.49
951,0,2,1,13.7993,3082.77
949,0,2,1,13.7883,3026.3
1302,0,2,1,13.7692,2919.57
64,0,2,2,14.3528,6056.18,0,0,0
195,0,2,2,14.3315,5941.17
196,0,2,2,14.3288,5921.59
205,0,2,2,14.3145,5835.51
215,0,2,2,14.2901,5680.53
225,0,2,2,14.2653,5476.7
715,0,2,2,14.2303,5286.15
714,0,2,2,14.2266,5262.31
726,0,2,2,14.2264,5260.45
529,0,2,2,14.2123,5160.84
605,0,2,2,14.197,5063.59
603,0,2,2,14.1912,5032.61
2202,0,2,2,14.1879,5012.07
602,0,2,2,14.1841,4987.48
1851,0,2,2,14.1737,4917.44
1852,0,2,2,14.166,4881.61
706,0,2,2,14.1531,4818.46
703,0,2,2,14.1469,4788.04
1542,0,2,2,14.1371,4741.38
698,0,2,2,14.1298,4706.86
700,0,2,2,14.123,4674.23
690,0,2,2,14.1079,4603.23
979,0,2,2,14.0998,4565.21
980,0,2,2,14.0939,4536.8
978,0,2,2,14.0904,4518.61
220,1,0,0,11.3772,472.978,0.0955,416.542,0.04,1
2130,1,0,0,11.3624,392.48
215,1,0,0,11.3575,358.782
205,1,0,0,11.3336,204.484
196,1,0,0,11.3205,119.897
195,1,0,0,11.3179,100.335
64,1,0,0,11.3,0
455,1,0,1,11.5621,1421.69,0.0408333,178.103,0.03,2
454,1,0,1,11.5593,1406.07
457,1,0,1,11.5525,1352.11
456,1,0,1,11.5474,1322.67
458,1,0,1,11.5379,1261.52
459,1,0,1,11.532,1216.42
450,1,0,1,11.5168,1132.53
229,1,0,1,11.5073,1079.68
222,1,0,1,11.483,945.57
220,1,0,1,11.4727,889.52
710,1,0,2,11.6656,1988,0.0443333,193.369,0.36,3
1543,1,0,2,11.6442,1867.73
459,1,0,2,11.6339,1804.33
458,1,0,2,11.6274,1759.07
456,1,0,2,11.6183,1698.29
457,1,0,2,11.6129,1668.07
454,1,0,2,11.6053,1614.11
455,1,0,2,11.6029,1599.79
64,1,0,3,11.8105,2864.25,0,0,0
195,1,0,3,11.7893,2749.57
196,1,0,3,11.7865,2729.96
205,1,0,3,11.774,2646.06
215,1,0,3,11.7541,2493.96
225,1,0,3,11.7289,2290.4
1680,1,0,3,11.7259,2271.38
710,1,0,3,11.71,2181.37
603,1,1,0,11.1884,1012.31,0.109,475.425,0.32,1
604,1,1,0,11.1841,989.164
596,1,1,0,11.184,988.193
595,1,1,0,11.1785,957.784
605,1,1,0,11.1774,949.793
529,1,1,0,11.1602,849.768
726,1,1,0,11.1443,748.573
714,1,1,0,11.1441,746.688
715,1,1,0,11.1407,723.201
225,1,1,0,11.1232,562.11
215,1,1,0,11.0975,358.782
205,1,1,0,11.0736,204.484
196,1,1,0,11.0605,119.897
195,1,1,0,11.0579,100.335
64,1,1,0,11.04,0
1108,1,1,1,11.4895,2486.85,0.0935,407.819,0.09,2
1109,1,1,1,11.4852,2464.18
1113,1,1,1,11.4783,2430.03
1847,1,1,1,11.4649,2362.5
1086,1,1,1,11.4613,2342.47
1087,1,1,1,11.4467,2269.28
1090,1,1,1,11.438,2224.12
1076,1,1,1,11.4119,2097.14
1074,1,1,1,11.4078,2076.03
1077,1,1,1,11.3982,2025.21
1080,1,1,1,11.3847,1958
1079,1,1,1,11.3781,1923.55
1061,1,1,1,11.3738,1902.26
1063,1,1,1,11.3703,1884.1
1062,1,1,1,11.3692,1877.02
2159,1,1,1,11.369,1875.9
1045,1,1,1,11.3683,1872.75
1012,1,1,1,11.3611,1831.77
1014,1,1,1,11.3605,1828.9
989,1,1,1,11.3495,1770.6
990,1,1,1,11.3394,1720.33
991,1,1,1,11.3368,1707.98
706,1,1,1,11.3298,1668.52
704,1,1,1,11.3272,1655.75
2179,1,1,1,11.327,1654.88
662,1,1,1,11.3208,1625.24
602,1,1,1,11.3094,1556.96
604,1,1,1,11.3069,1540.16
596,1,1,1,11.3067,1539.19
595,1,1,1,11.3013,1508.78
603,1,1,1,11.2974,1487.73
1304,1,1,2,11.7126,3577.29,0.0428333,186.826,0.12,3
952,1,1,2,11.6882,3444.3
953,1,1,2,11.6774,3389.53
2023,1,1,2,11.6766,3385.43
2108,1,1,2,11.6601,3300.22
1794,1,1,2,11.6531,3264.46
2106,1,1,2,11.6378,3185.09
2039,1,1,2,11.6202,3091.56
1106,1,1,2,11.6106,3039.61
2035,1,1,2,11.5963,2965.56
1108,1,1,2,11.583,2894.67
64,1,1,3,12.2191,6384.85,0,0,0
195,1,1,3,12.1971,6266.62
196,1,1,3,12.1941,6246.89
205,1,1,3,12.1802,6161.33
215,1,1,3,12.1547,6004.89
225,1,1,3,12.1293,5801.38
715,1,1,3,12.1038,5640.12
714,1,1,3,12.0998,5615.94
726,1,1,3,12.0996,5614.06
529,1,1,3,12.0857,5514.54
605,1,1,3,12.0712,5418.18
603,1,1,3,12.0667,5392.73
2202,1,1,3,12.0634,5372.17
602,1,1,3,12.0593,5347.22
1851,1,1,3,12.0475,5275.53
1852,1,1,3,12.0426,5251.24
706,1,1,3,12.031,5193.37
991,1,1,3,12.0175,5126.31
2028,1,1,3,12.0064,5071.75
1012,1,1,3,11.9932,5004.49
1014,1,1,3,11.9926,5001.62
1048,1,1,3,11.9841,4956.43
2159,1,1,3,11.981,4941.04
1045,1,1,3,11.9803,4937.89
1043,1,1,3,11.9769,4920.69
2158,1,1,3,11.9701,4886.08
2030,1,1,3,11.9661,4866.25
1041,1,1,3,11.961,4839.54
1039,1,1,3,11.953,4798.44
1037,1,1,3,11.9439,4753.01
1034,1,1,3,11.9339,4701.73
2033,1,1,3,11.9288,4674.32
1053,1,1,3,11.9174,4615.83
1784,1,1,3,11.9138,4597.58
1066,1,1,3,11.9042,4548.51
2034,1,1,3,11.8845,4447.76
1850,1,1,3,11.8757,4402.26
2035,1,1,3,11.8679,4360.22
1106,1,1,3,11.8535,4285.64
2039,1,1,3,11.847,4244.13
2106,1,1,3,11.8308,4156.61
2050,1,1,3,11.8222,4115.16
2051,1,1,3,11.8099,4051.59
2163,1,1,3,11.7752,3868.68
1304,1,1,3,11.7554,3764.11
1302,1,2,0,13.7342,2766.91,0.035,152.659,0.22,1
949,1,2,0,13.7112,2642.85
2025,1,2,0,13.7077,2625.39
1598,1,2,0,13.7044,2606.63
948,1,2,0,13.6995,2579.61
928,1,2,0,13.6891,2522.31
929,1,2,0,13.6689,2416.19
2019,1,2,0,13.6685,2414.21
2157,1,2,0,13.6424,2290.85
905,1,2,0,13.6055,2102.44
889,1,2,0,13.5962,2054.31
890,1,2,0,13.5896,2018.4
2013,1,2,0,13.5701,1915.19
1988,1,2,0,13.5525,1821.32
417,1,2,0,13.532,1716.71
418,1,2,0,13.528,1695.77
419,1,2,0,13.5125,1609.96
423,1,2,0,13.5063,1573.67
609,1,2,0,13.5004,1517.35
628,1,2,0,13.4906,1443.34
561,1,2,0,13.4867,1418.58
557,1,2,0,13.4793,1371.34
554,1,2,0,13.4771,1360.2
565,1,2,0,13.467,1306.55
573,1,2,0,13.4617,1279.96
574,1,2,0,13.4544,1230.49
580,1,2,0,13.4316,1113.57
596,1,2,0,13.4255,1053.72
595,1,2,0,13.4205,1025.37
605,1,2,0,13.4193,1017.31
529,1,2,0,13.4027,918.413
726,1,2,0,13.3866,816.876
714,1,2,0,13.3864,814.998
715,1,2,0,13.3829,791.373
225,1,2,0,13.3651,630.742
215,1,2,0,13.3379,427.668
205,1,2,0,13.3069,255.297
196,1,2,0,13.2918,168.03
195,1,2,0,13.2892,148.465
64,1,2,0,13.26,0
895,1,2,1,13.9182,3697.34,0.0823333,359.113,0.02,2
896,1,2,1,13.9145,3679.1
892,1,2,1,13.9108,3660.36
906,1,2,1,13.8981,3591.5
1555,1,2,1,13.8699,3436.9
2157,1,2,1,13.859,3383.15
2019,1,2,1,13.8321,3256.89
929,1,2,1,13.8317,3254.9
938,1,2,1,13.8198,3189.05
950,1,2,1,13.8063,3118.49
951,1,2,1,13.7993,3082.77
949,1,2,1,13.7883,3026.3
1302,1,2,1,13.7692,2919.57
978,1,2,2,14.1665,4895.82,0.0373333,162.837,0.05,3
1010,1,2,2,14.1517,4819.05
1011,1,2,2,14.1374,4746.41
1009,1,2,2,14.1318,4716.98
1038,1,2,2,14.1237,4676.38
1039,1,2,2,14.1231,4673.71
1037,1,2,2,14.1132,4625.15
1034,1,2,2,14.105,4581.31
2032,1,2,2,14.0895,4503.71
1050,1,2,2,14.0632,4369.93
1049,1,2,2,14.0631,4369.84
1025,1,2,2,14.0558,4332.14
1029,1,2,2,14.0428,4266.35
1027,1,2,2,14.0299,4202.98
898,1,2,2,14.0195,4150.49
895,1,2,2,14.0005,4056.46
636,1,2,3,14.2835,5449.08,0.0391667,170.833,0.15,4
631,1,2,3,14.2768,5416.29
630,1,2,3,14.2711,5387.77
637,1,2,3,14.2605,5335.69
1996,1,2,3,14.248,5272.4
1997,1,2,3,14.2441,5252.5
2027,1,2,3,14.2169,5122.28
2026,1,2,3,14.2111,5093.8
978,1,2,3,14.2038,5058.66
64,1,2,4,14.5689,7080.46,0,0,0
195,1,2,4,14.5473,6964.2
196,1,2,4,14.5446,6944.62
205,1,2,4,14.5303,6858.54
215,1,2,4,14.5059,6703.57
225,1,2,4,14.4811,6499.73
715,1,2,4,14.4461,6309.19
714,1,2,4,14.4424,6285.35
726,1,2,4,14.4422,6283.49
529,1,2,4,14.4281,6183.88
605,1,2,4,14.4128,6086.62
603,1,2,4,14.407,6055.64
604,1,2,4,14.4022,6030.23
596,1,2,4,14.402,6029.26
580,1,2,4,14.3878,5953.05
583,1,2,4,14.3815,5923.24
587,1,2,4,14.3793,5908.81
578,1,2,4,14.3762,5892
575,1,2,4,14.3707,5860.89
571,1,2,4,14.3678,5844.77
570,1,2,4,14.363,5821.49
1994,1,2,4,14.3503,5757.14
562,1,2,4,14.3369,5692.08
639,1,2,4,14.3334,5674.64
638,1,2,4,14.3267,5640.61
636,1,2,4,14.3227,5619.91
895,2,0,0,11.4428,2071.46,0.103333,450.709,0.01,1
896,2,0,0,11.4391,2053.22
893,2,0,0,11.4279,1998.64
894,2,0,0,11.4241,1979.55
897,2,0,0,11.4045,1883.31
877,2,0,0,11.382,1772.21
878,2,0,0,11.3744,1735.4
879,2,0,0,11.3626,1677.39
437,2,0,0,11.3553,1641.8
439,2,0,0,11.3521,1623.85
436,2,0,0,11.343,1579.59
425,2,0,0,11.3347,1537.6
426,2,0,0,11.3305,1515.51
424,2,0,0,11.3282,1502.11
613,2,0,0,11.3236,1475.94
611,2,0,0,11.3186,1443.75
609,2,0,0,11.3168,1425.67
628,2,0,0,11.3041,1349.23
561,2,0,0,11.3001,1324.19
557,2,0,0,11.292,1276.11
554,2,0,0,11.2905,1267.65
565,2,0,0,11.2829,1224.71
573,2,0,0,11.2776,1198.12
574,2,0,0,11.2686,1146.32
580,2,0,0,11.2502,1048.05
596,2,0,0,11.244,988.193
595,2,0,0,11.2385,957.784
605,2,0,0,11.2374,949.793
529,2,0,0,11.2202,849.768
726,2,0,0,11.2043,748.573
714,2,0,0,11.2041,746.688
715,2,0,0,11.2007,723.201
225,2,0,0,11.1832,562.11
215,2,0,0,11.1575,358.782
205,2,0,0,11.1336,204.484
196,2,0,0,11.1205,119.897
195,2,0,0,11.1179,100.335
64,2,0,0,11.1,0
1108,2,0,1,11.6842,3223.93,0.0935,407.819,0.09,2
1107,2,0,1,11.6694,3148.47
1106,2,0,1,11.6562,3078.52
2035,2,0,1,11.6419,3004.47
1085,2,0,1,11.629,2936.44
920,2,0,1,11.6118,2842.84
2018,2,0,1,11.6064,2815.78
2015,2,0,1,11.5911,2743.14
910,2,0,1,11.591,2742.66
909,2,0,1,11.5771,2677.75
898,2,0,1,11.5637,2610.42
895,2,0,1,11.5461,2522.17
1304,2,0,2,11.9072,4314.37,0.0428333,186.826,0.12,3
952,2,0,2,11.8828,4181.38
953,2,0,2,11.8721,4126.61
2023,2,0,2,11.8712,4122.51
2108,2,0,2,11.8548,4037.3
1794,2,0,2,11.8477,4001.54
2106,2,0,2,11.8324,3922.17
2039,2,0,2,11.8148,3828.64
1106,2,0,2,11.8052,3776.69
2035,2,0,2,11.7909,3702.64
1108,2,0,2,11.7777,3631.75
1302,2,0,3,12.0002,4752.9,0.106833,465.975,0.24,4
1303,2,0,3,11.9796,4648.39
1305,2,0,3,11.9649,4574.51
1304,2,0,3,11.95,4501.19
64,2,0,4,12.5731,7904.46,0,0,0
195,2,0,4,12.5439,7756.09
196,2,0,4,12.5412,7736.49
205,2,0,4,12.5267,7650.04
215,2,0,4,12.5012,7493.66
225,2,0,4,12.4751,7290.45
715,2,0,4,12.4413,7104.81
714,2,0,4,12.4376,7080.94
726,2,0,4,12.4374,7079.05
529,2,0,4,12.4233,6979.45
605,2,0,4,12.4089,6883.15
603,2,0,4,12.4023,6849.06
604,2,0,4,12.3976,6824
596,2,0,4,12.3975,6823.02
580,2,0,4,12.386,6758.61
574,2,0,4,12.3661,6654.27
573,2,0,4,12.3557,6596.85
564,2,0,4,12.3482,6556.59
557,2,0,4,12.3434,6525.52
561,2,0,4,12.3368,6479.08
628,2,0,4,12.3327,6453.94
609,2,0,4,12.3209,6378.65
423,2,0,4,12.315,6322.33
419,2,0,4,12.3083,6284.75
420,2,0,4,12.3023,6248.72
421,2,0,4,12.2977,6221.23
417,2,0,4,12.2927,6194.51
1989,2,0,4,12.2743,6100.3
2011,2,0,4,12.255,6000.59
2156,2,0,4,12.2495,5972.55
2013,2,0,4,12.2489,5969.39
886,2,0,4,12.2407,5926.79
888,2,0,4,12.2223,5826.72
903,2,0,4,12.2125,5773.75
904,2,0,4,12.2092,5756.03
925,2,0,4,12.1856,5627.54
2019,2,0,4,12.1802,5600.22
929,2,0,4,12.1798,5598.24
938,2,0,4,12.1678,5532.11
950,2,0,4,12.1518,5451.08
951,2,0,4,12.1454,5417.83
949,2,0,4,12.1337,5358.54
1302,2,0,4,12.107,5218.87
220,2,1,0,11.1172,472.978,0.0955,416.542,0.04,1
2130,2,1,0,11.1024,392.48
215,2,1,0,11.0975,358.782
205,2,1,0,11.0736,204.484
196,2,1,0,11.0605,119.897
195,2,1,0,11.0579,100.335
64,2,1,0,11.04,0
455,2,1,1,11.3021,1421.69,0.0408333,178.103,0.03,2
454,2,1,1,11.2993,1406.07
457,2,1,1,11.2925,1352.11
456,2,1,1,11.2874,1322.67
458,2,1,1,11.2779,1261.52
459,2,1,1,11.272,1216.42
450,2,1,1,11.2568,1132.53
229,2,1,1,11.2473,1079.68
222,2,1,1,11.223,945.57
220,2,1,1,11.2127,889.52
603,2,1,2,11.4333,2163.88,0.109,475.425,0.32,3
604,2,1,2,11.4291,2140.74
596,2,1,2,11.4289,2139.76
595,2,1,2,11.4234,2109.36
605,2,1,2,11.4223,2101.36
529,2,1,2,11.4051,2001.34
726,2,1,2,11.3892,1900.14
714,2,1,2,11.389,1898.26
1543,2,1,2,11.3842,1867.73
459,2,1,2,11.3739,1804.33
458,2,1,2,11.3674,1759.07
456,2,1,2,11.3583,1698.29
457,2,1,2,11.3529,1668.07
454,2,1,2,11.3453,1614.11
455,2,1,2,11.3429,1599.79
710,2,1,3,11.6064,3053.8,0.0443333,193.369,0.36,4
1543,2,1,3,11.5849,2933.53
715,2,1,3,11.5801,2889.27
714,2,1,3,11.5762,2865.27
726,2,1,3,11.576,2863.39
529,2,1,3,11.5622,2763.89
605,2,1,3,11.5474,2667.28
603,2,1,3,11.5423,2639.3
64,2,1,4,11.7512,3930.05,0,0,0
195,2,1,4,11.73,3815.37
196,2,1,4,11.7272,3795.76
205,2,1,4,11.7147,3711.85
215,2,1,4,11.6949,3559.76
225,2,1,4,11.6696,3356.19
1680,2,1,4,11.6666,3337.18
710,2,1,4,11.6507,3247.17
978,2,2,0,14.3046,1541.01,0.0373333,162.837,0.05,1
1010,2,2,0,14.2901,1465.78
1016,2,2,0,14.2704,1374.31
1548,2,2,0,14.2634,1338.05
1012,2,2,0,14.2584,1312.65
2028,2,2,0,14.2503,1267.19
989,2,2,0,14.2469,1251.45
990,2,2,0,14.2369,1201.19
991,2,2,0,14.2343,1188.84
706,2,2,0,14.2273,1149.38
704,2,2,0,14.2246,1136.6
2179,2,2,0,14.2244,1135.74
662,2,2,0,14.2182,1106.09
602,2,2,0,14.207,1038.03
599,2,2,0,14.203,1015.4
605,2,2,0,14.1993,991.921
529,2,2,0,14.1822,892.037
726,2,2,0,14.1676,792.08
714,2,2,0,14.1674,790.213
715,2,2,0,14.1638,766.53
225,2,2,0,14.1463,605.342
215,2,2,0,14.1204,402.069
205,2,2,0,14.0937,243.798
196,2,2,0,14.0795,157.808
195,2,2,0,14.0768,138.229
64,2,2,0,14.05,0
636,2,2,1,14.4216,2094.27,0.0391667,170.833,0.15,2
631,2,2,1,14.4149,2061.48
630,2,2,1,14.4092,2032.96
637,2,2,1,14.3986,1980.88
1996,2,2,1,14.3861,1917.59
1997,2,2,1,14.3823,1897.69
2027,2,2,1,14.355,1767.47
2026,2,2,1,14.3492,1738.99
978,2,2,1,14.3419,1703.84
64,2,2,2,14.707,3725.65,0,0,0
195,2,2,2,14.6854,3609.39
196,2,2,2,14.6827,3589.81
205,2,2,2,14.6685,3503.73
215,2,2,2,14.644,3348.75
225,2,2,2,14.6192,3144.92
715,2,2,2,14.5842,2954.38
714,2,2,2,14.5805,2930.54
726,2,2,2,14.5803,2928.68
529,2,2,2,14.5662,2829.07
605,2,2,2,14.5509,2731.81
603,2,2,2,14.5451,2700.83
604,2,2,2,14.5403,2675.42
596,2,2,2,14.5401,2674.45
580,2,2,2,14.5259,2598.24
583,2,2,2,14.5196,2568.43
587,2,2,2,14.5174,2554
578,2,2,2,14.5144,2537.18
575,2,2,2,14.5088,2506.08
571,2,2,2,14.5059,2489.96
570,2,2,2,14.5011,2466.68
1994,2,2,2,14.4884,2402.33
562,2,2,2,14.475,2337.27
639,2,2,2,14.4715,2319.83
638,2,2,2,14.4648,2285.8
636,2,2,2,14.4608,2265.1
220,3,0,0,11.0872,472.978,0.0955,416.542,0.04,1
2130,3,0,0,11.0724,392.48
215,3,0,0,11.0675,358.782
205,3,0,0,11.0436,204.484
196,3,0,0,11.0305,119.897
195,3,0,0,11.0279,100.335
64,3,0,0,11.01,0
710,3,0,1,11.2404,1198.14,0.0443333,193.369,0.36,2
223,3,0,1,11.2229,1104.91
224,3,0,1,11.2088,1031.05
222,3,0,1,11.193,945.57
220,3,0,1,11.1827,889.52
455,3,0,2,11.3438,1774.06,0.0408333,178.103,0.03,3
454,3,0,2,11.341,1758.44
457,3,0,2,11.3343,1704.48
456,3,0,2,11.3291,1675.03
458,3,0,2,11.3196,1613.89
459,3,0,2,11.3137,1568.78
1543,3,0,2,11.3044,1506.55
710,3,0,2,11.2847,1391.51
603,3,0,3,11.475,2516.24,0.109,475.425,0.32,4
604,3,0,3,11.4708,2493.1
596,3,0,3,11.4706,2492.13
595,3,0,3,11.4652,2461.72
605,3,0,3,11.464,2453.73
529,3,0,3,11.4468,2353.71
726,3,0,3,11.4309,2252.51
714,3,0,3,11.4307,2250.62
1543,3,0,3,11.4259,2220.1
459,3,0,3,11.4156,2156.7
458,3,0,3,11.4091,2111.44
456,3,0,3,11.4,2050.65
457,3,0,3,11.3946,2020.43
454,3,0,3,11.387,1966.47
455,3,0,3,11.3846,1952.16
1108,3,0,4,11.7762,3990.79,0.0935,407.819,0.09,5
1109,3,0,4,11.7718,3968.11
1113,3,0,4,11.765,3933.96
1847,3,0,4,11.7515,3866.44
1086,3,0,4,11.7479,3846.41
1087,3,0,4,11.7334,3773.22
1090,3,0,4,11.7247,3728.06
1076,3,0,4,11.6985,3601.08
1074,3,0,4,11.6944,3579.96
1077,3,0,4,11.6848,3529.14
1080,3,0,4,11.6713,3461.94
1079,3,0,4,11.6647,3427.48
1061,3,0,4,11.6605,3406.2
1063,3,0,4,11.6569,3388.03
1062,3,0,4,11.6559,3380.95
2159,3,0,4,11.6556,3379.84
1045,3,0,4,11.6549,3376.69
1012,3,0,4,11.6477,3335.7
1014,3,0,4,11.6472,3332.84
989,3,0,4,11.6361,3274.53
990,3,0,4,11.6261,3224.27
991,3,0,4,11.6235,3211.92
706,3,0,4,11.6165,3172.46
704,3,0,4,11.6138,3159.68
2179,3,0,4,11.6136,3158.82
662,3,0,4,11.6074,3129.17
602,3,0,4,11.5961,3060.9
604,3,0,4,11.5935,3044.1
596,3,0,4,11.5934,3043.13
595,3,0,4,11.5879,3012.72
603,3,0,4,11.584,2991.67
1304,3,0,5,11.9992,5081.23,0.0428333,186.826,0.12,6
952,3,0,5,11.9748,4948.24
953,3,0,5,11.9641,4893.46
2023,3,0,5,11.9632,4889.36
2108,3,0,5,11.9468,4804.15
1794,3,0,5,11.9397,4768.39
2106,3,0,5,11.9245,4689.02
2039,3,0,5,11.9068,4595.49
1106,3,0,5,11.8972,4543.54
2035,3,0,5,11.883,4469.49
1108,3,0,5,11.8697,4398.6
1302,3,0,6,12.088,5502.06,0.106833,465.975,0.24,7
1303,3,0,6,12.0676,5398.52
1305,3,0,6,12.0541,5329.61
1304,3,0,6,12.042,5268.05
895,3,0,7,12.3606,6816.77,0.0435,189.734,0.02,8
896,3,0,7,12.3569,6798.53
892,3,0,7,12.3534,6780.74
906,3,0,7,12.3351,6687.94
1555,3,0,7,12.3097,6545.19
2157,3,0,7,12.2971,6484.56
2019,3,0,7,12.268,6349.38
929,3,0,7,12.2676,6347.4
938,3,0,7,12.2555,6281.27
950,3,0,7,12.2396,6200.24
951,3,0,7,12.2331,6166.99
949,3,0,7,12.2215,6107.7
1302,3,0,7,12.1948,5968.03
64,3,0,8,12.7649,9124.82,0,0,0
195,3,0,8,12.7357,8976.45
196,3,0,8,12.733,8956.85
205,3,0,8,12.7185,8870.4
215,3,0,8,12.693,8714.02
225,3,0,8,12.6669,8510.81
715,3,0,8,12.6354,8335.14
714,3,0,8,12.6314,8310.99
726,3,0,8,12.6312,8309.13
529,3,0,8,12.6171,8209.48
605,3,0,8,12.6023,8112.82
603,3,0,8,12.596,8079.74
604,3,0,8,12.592,8057.88
596,3,0,8,12.5919,8056.91
580,3,0,8,12.5803,7992.38
574,3,0,8,12.5589,7881.26
573,3,0,8,12.5493,7827.46
564,3,0,8,12.5418,7787.2
557,3,0,8,12.5369,7756.14
561,3,0,8,12.5304,7709.7
628,3,0,8,12.5263,7684.55
609,3,0,8,12.5145,7609.26
423,3,0,8,12.5086,7552.94
419,3,0,8,12.5019,7515.36
420,3,0,8,12.4958,7479.33
421,3,0,8,12.4913,7451.84
417,3,0,8,12.4863,7425.13
1989,3,0,8,12.4678,7330.91
2011,3,0,8,12.4485,7231.2
891,3,0,8,12.4266,7116.75
893,3,0,8,12.4205,7085.88
894,3,0,8,12.4153,7061.13
895,3,0,8,12.4041,7006.5
978,3,1,0,14.3446,1541.01,0.0373333,162.837,0.05,1
1010,3,1,0,14.3301,1465.78
1016,3,1,0,14.3104,1374.31
1548,3,1,0,14.3034,1338.05
1012,3,1,0,14.2984,1312.65
2028,3,1,0,14.2903,1267.19
989,3,1,0,14.2869,1251.45
990,3,1,0,14.2769,1201.19
991,3,1,0,14.2743,1188.84
706,3,1,0,14.2673,1149.38
704,3,1,0,14.2646,1136.6
2179,3,1,0,14.2644,1135.74
662,3,1,0,14.2582,1106.09
602,3,1,0,14.247,1038.03
599,3,1,0,14.243,1015.4
605,3,1,0,14.2393,991.921
529,3,1,0,14.2222,892.037
726,3,1,0,14.2076,792.08
714,3,1,0,14.2074,790.213
715,3,1,0,14.2038,766.53
225,3,1,0,14.1863,605.342
215,3,1,0,14.1604,402.069
205,3,1,0,14.1337,243.798
196,3,1,0,14.1195,157.808
195,3,1,0,14.1168,138.229
64,3,1,0,14.09,0
636,3,1,1,14.4616,2094.27,0.0391667,170.833,0.15,2
631,3,1,1,14.4549,2061.48
630,3,1,1,14.4492,2032.96
637,3,1,1,14.4386,1980.88
1996,3,1,1,14.4261,1917.59
1997,3,1,1,14.4223,1897.69
2027,3,1,1,14.395,1767.47
2026,3,1,1,14.3892,1738.99
978,3,1,1,14.3819,1703.84
64,3,1,2,14.747,3725.65,0,0,0
195,3,1,2,14.7254,3609.39
196,3,1,2,14.7227,3589.81
205,3,1,2,14.7085,3503.73
215,3,1,2,14.684,3348.75
225,3,1,2,14.6592,3144.92
715,3,1,2,14.6242,2954.38
714,3,1,2,14.6205,2930.54
726,3,1,2,14.6203,2928.68
529,3,1,2,14.6062,2829.07
605,3,1,2,14.5909,2731.81
603,3,1,2,14.5851,2700.83
604,3,1,2,14.5803,2675.42
596,3,1,2,14.5801,2674.45
580,3,1,2,14.5659,2598.24
583,3,1,2,14.5596,2568.43
587,3,1,2,14.5574,2554
578,3,1,2,14.5544,2537.18
575,3,1,2,14.5488,2506.08
571,3,1,2,14.5459,2489.96
570,3,1,2,14.5411,2466.68
1994,3,1,2,14.5284,2402.33
562,3,1,2,14.515,2337.27
639,3,1,2,14.5115,2319.83
638,3,1,2,14.5048,2285.8
636,3,1,2,14.5008,2265.1
220,4,0,0,11.0872,472.978,0.0955,416.542,0.04,1
2130,4,0,0,11.0724,392.48
215,4,0,0,11.0675,358.782
205,4,0,0,11.0436,204.484
196,4,0,0,11.0305,119.897
195,4,0,0,11.0279,100.335
64,4,0,0,11.01,0
710,4,0,1,11.2404,1198.14,0.0443333,193.369,0.36,2
223,4,0,1,11.2229,1104.91
224,4,0,1,11.2088,1031.05
222,4,0,1,11.193,945.57
220,4,0,1,11.1827,889.52
455,4,0,2,11.3438,1774.06,0.0408333,178.103,0.03,3
454,4,0,2,11.341,1758.44
457,4,0,2,11.3343,1704.48
456,4,0,2,11.3291,1675.03
458,4,0,2,11.3196,1613.89
459,4,0,2,11.3137,1568.78
1543,4,0,2,11.3044,1506.55
710,4,0,2,11.2847,1391.51
603,4,0,3,11.475,2516.24,0.109,475.425,0.32,4
604,4,0,3,11.4708,2493.1
596,4,0,3,11.4706,2492.13
595,4,0,3,11.4652,2461.72
605,4,0,3,11.464,2453.73
529,4,0,3,11.4468,2353.71
726,4,0,3,11.4309,2252.51
714,4,0,3,11.4307,2250.62
1543,4,0,3,11.4259,2220.1
459,4,0,3,11.4156,2156.7
458,4,0,3,11.4091,2111.44
456,4,0,3,11.4,2050.65
457,4,0,3,11.3946,2020.43
454,4,0,3,11.387,1966.47
455,4,0,3,11.3846,1952.16
1108,4,0,4,11.7762,3990.79,0.0935,407.819,0.09,5
1109,4,0,4,11.7718,3968.11
1113,4,0,4,11.765,3933.96
1847,4,0,4,11.7515,3866.44
1086,4,0,4,11.7479,3846.41
1087,4,0,4,11.7334,3773.22
1090,4,0,4,11.7247,3728.06
1076,4,0,4,11.6985,3601.08
1074,4,0,4,11.6944,3579.96
1077,4,0,4,11.6848,3529.14
1080,4,0,4,11.6713,3461.94
1079,4,0,4,11.6647,3427.48
1061,4,0,4,11.6605,3406.2
1063,4,0,4,11.6569,3388.03
1062,4,0,4,11.6559,3380.95
2159,4,0,4,11.6556,3379.84
1045,4,0,4,11.6549,3376.69
1012,4,0,4,11.6477,3335.7
1014,4,0,4,11.6472,3332.84
989,4,0,4,11.6361,3274.53
990,4,0,4,11.6261,3224.27
991,4,0,4,11.6235,3211.92
706,4,0,4,11.6165,3172.46
704,4,0,4,11.6138,3159.68
2179,4,0,4,11.6136,3158.82
662,4,0,4,11.6074,3129.17
602,4,0,4,11.5961,3060.9
604,4,0,4,11.5935,3044.1
596,4,0,4,11.5934,3043.13
595,4,0,4,11.5879,3012.72
603,4,0,4,11.584,2991.67
1304,4,0,5,11.9992,5081.23,0.0428333,186.826,0.12,6
952,4,0,5,11.9748,4948.24
953,4,0,5,11.9641,4893.46
2023,4,0,5,11.9632,4889.36
2108,4,0,5,11.9468,4804.15
1794,4,0,5,11.9397,4768.39
2106,4,0,5,11.9245,4689.02
2039,4,0,5,11.9068,4595.49
1106,4,0,5,11.8972,4543.54
2035,4,0,5,11.883,4469.49
1108,4,0,5,11.8697,4398.6
1302,4,0,6,12.088,5502.06,0.106833,465.975,0.24,7
1303,4,0,6,12.0676,5398.52
1305,4,0,6,12.0541,5329.61
1304,4,0,6,12.042,5268.05
895,4,0,7,12.3606,6816.77,0.0435,189.734,0.02,8
896,4,0,7,12.3569,6798.53
892,4,0,7,12.3534,6780.74
906,4,0,7,12.3351,6687.94
1555,4,0,7,12.3097,6545.19
2157,4,0,7,12.2971,6484.56
2019,4,0,7,12.268,6349.38
929,4,0,7,12.2676,6347.4
938,4,0,7,12.2555,6281.27
950,4,0,7,12.2396,6200.24
951,4,0,7,12.2331,6166.99
949,4,0,7,12.2215,6107.7
1302,4,0,7,12.1948,5968.03
978,4,0,8,12.5721,7855.45,0.107833,470.336,0.07,9
1010,4,0,8,12.5564,7775.3
1011,4,0,8,12.543,7705.9
1009,4,0,8,12.5378,7678.27
1041,4,0,8,12.5376,7677.58
1039,4,0,8,12.5299,7637.11
1037,4,0,8,12.5203,7589.62
1034,4,0,8,12.5116,7543.93
2032,4,0,8,12.4962,7466.34
1050,4,0,8,12.4649,7312.25
1049,4,0,8,12.4649,7312.15
1025,4,0,8,12.4561,7268.49
1029,4,0,8,12.4428,7201.66
1027,4,0,8,12.431,7142.71
898,4,0,8,12.4227,7099.17
895,4,0,8,12.4041,7006.5
636,4,0,9,12.7654,8740.28,0.091,396.915,0.15,10
633,4,0,9,12.7588,8706.67
639,4,0,9,12.7554,8689.13
1993,4,0,9,12.7457,8638.52
1995,4,0,9,12.7361,8593.22
1996,4,0,9,12.7246,8541.49
1997,4,0,9,12.7207,8521.58
2027,4,0,9,12.6925,8387.24
2026,4,0,9,12.6867,8358.94
978,4,0,9,12.6799,8325.79
64,4,0,10,13.1035,10581.5,0,0,0
195,4,0,10,13.0767,10443.3
196,4,0,10,13.0736,10423.4
205,4,0,10,13.0583,10335.6
215,4,0,10,13.0327,10179.1
225,4,0,10,13.0057,9975.99
715,4,0,10,12.9756,9806.43
714,4,0,10,12.9716,9782.27
726,4,0,10,12.9714,9780.42
529,4,0,10,12.9573,9680.77
605,4,0,10,12.9424,9584.1
603,4,0,10,12.9361,9551.02
604,4,0,10,12.9322,9529.16
596,4,0,10,12.932,9528.19
580,4,0,10,12.9205,9463.67
583,4,0,10,12.9143,9433.85
587,4,0,10,12.9122,9419.58
578,4,0,10,12.9093,9403.52
579,4,0,10,12.902,9364.72
570,4,0,10,12.895,9331.56
1994,4,0,10,12.8821,9266.48
562,4,0,10,12.8691,9203.11
639,4,0,10,12.8656,9185.67
638,4,0,10,12.8603,9157.42
636,4,0,10,12.8564,9137.2
220,5,0,0,11.2072,472.978,0.0955,416.542,0.04,1
2130,5,0,0,11.1924,392.48
215,5,0,0,11.1875,358.782
205,5,0,0,11.1636,204.484
196,5,0,0,11.1505,119.897
195,5,0,0,11.1479,100.335
64,5,0,0,11.13,0
710,5,0,1,11.3604,1198.14,0.0443333,193.369,0.36,2
223,5,0,1,11.3429,1104.91
224,5,0,1,11.3288,1031.05
222,5,0,1,11.313,945.57
220,5,0,1,11.3027,889.52
455,5,0,2,11.4638,1774.06,0.0408333,178.103,0.03,3
454,5,0,2,11.461,1758.44
457,5,0,2,11.4543,1704.48
456,5,0,2,11.4491,1675.03
458,5,0,2,11.4396,1613.89
459,5,0,2,11.4337,1568.78
1543,5,0,2,11.4244,1506.55
710,5,0,2,11.4047,1391.51
1108,5,0,3,11.7719,3428.96,0.0935,407.819,0.09,4
1109,5,0,3,11.7667,3402.77
1113,5,0,3,11.7606,3371.72
1847,5,0,3,11.7477,3306.52
1086,5,0,3,11.7441,3286.49
1087,5,0,3,11.7295,3213.3
1090,5,0,3,11.7208,3168.13
1076,5,0,3,11.6947,3041.16
1074,5,0,3,11.6905,3020.04
1077,5,0,3,11.681,2969.22
1080,5,0,3,11.6675,2902.01
1079,5,0,3,11.6609,2867.56
1061,5,0,3,11.6566,2846.28
1063,5,0,3,11.6531,2828.11
1062,5,0,3,11.652,2821.03
2159,5,0,3,11.6518,2819.92
1045,5,0,3,11.6511,2816.77
1012,5,0,3,11.6439,2775.78
1014,5,0,3,11.6433,2772.91
989,5,0,3,11.6323,2714.61
990,5,0,3,11.6222,2664.35
991,5,0,3,11.6196,2652
706,5,0,3,11.6126,2612.53
704,5,0,3,11.61,2599.76
2179,5,0,3,11.6098,2598.9
662,5,0,3,11.6036,2569.25
602,5,0,3,11.5922,2500.98
599,5,0,3,11.5881,2477.72
605,5,0,3,11.584,2453.73
529,5,0,3,11.5668,2353.71
726,5,0,3,11.5509,2252.51
714,5,0,3,11.5507,2250.62
1543,5,0,3,11.5459,2220.1
459,5,0,3,11.5356,2156.7
458,5,0,3,11.5291,2111.44
456,5,0,3,11.52,2050.65
457,5,0,3,11.5146,2020.43
454,5,0,3,11.507,1966.47
455,5,0,3,11.5046,1952.16
1304,5,0,4,11.9949,4519.4,0.0428333,186.826,0.12,5
952,5,0,4,11.9705,4386.42
953,5,0,4,11.9598,4331.64
2023,5,0,4,11.959,4327.54
2108,5,0,4,11.9425,4242.33
1794,5,0,4,11.9354,4206.57
2106,5,0,4,11.9202,4127.2
2039,5,0,4,11.9025,4033.67
1106,5,0,4,11.8929,3981.72
2035,5,0,4,11.8787,3907.67
1108,5,0,4,11.8654,3836.78
1302,5,0,5,12.0837,4940.23,0.106833,465.975,0.24,6
1303,5,0,5,12.0633,4836.7
1305,5,0,5,12.0498,4767.79
1304,5,0,5,12.0377,4706.23
895,5,0,6,12.3563,6254.95,0.0435,189.734,0.02,7
896,5,0,6,12.3526,6236.71
892,5,0,6,12.3491,6218.92
906,5,0,6,12.3309,6126.12
1555,5,0,6,12.3054,5983.37
2157,5,0,6,12.2928,5922.73
2019,5,0,6,12.2637,5787.56
929,5,0,6,12.2633,5785.58
938,5,0,6,12.2512,5719.45
950,5,0,6,12.2353,5638.42
951,5,0,6,12.2288,5605.16
949,5,0,6,12.2172,5545.88
1302,5,0,6,12.1905,5406.21
978,5,0,7,12.5678,7293.63,0.107833,470.336,0.07,8
1010,5,0,7,12.5521,7213.48
1011,5,0,7,12.5387,7144.08
1009,5,0,7,12.5335,7116.45
1041,5,0,7,12.5334,7115.76
1039,5,0,7,12.5256,7075.29
1037,5,0,7,12.516,7027.8
1034,5,0,7,12.5073,6982.11
2032,5,0,7,12.4919,6904.52
1050,5,0,7,12.4606,6750.42
1049,5,0,7,12.4606,6750.33
1025,5,0,7,12.4518,6706.67
1029,5,0,7,12.4385,6639.84
1027,5,0,7,12.4267,6580.88
898,5,0,7,12.4184,6537.35
895,5,0,7,12.3998,6444.68
636,5,0,8,12.7611,8178.46,0.091,396.915,0.15,9
633,5,0,8,12.7545,8144.85
639,5,0,8,12.7511,8127.31
1993,5,0,8,12.7414,8076.69
1995,5,0,8,12.7318,8031.4
1996,5,0,8,12.7203,7979.66
1997,5,0,8,12.7164,7959.76
2027,5,0,8,12.6882,7825.42
2026,5,0,8,12.6824,7797.11
978,5,0,8,12.6756,7763.97
603,5,0,9,12.9319,8989.2,0.0631667,275.514,0.35,10
604,5,0,9,12.9279,8967.34
596,5,0,9,12.9277,8966.37
580,5,0,9,12.9162,8901.84
583,5,0,9,12.91,8872.03
587,5,0,9,12.9079,8857.76
578,5,0,9,12.905,8841.7
579,5,0,9,12.8977,8802.9
570,5,0,9,12.8907,8769.74
1994,5,0,9,12.8778,8704.66
562,5,0,9,12.8648,8641.29
639,5,0,9,12.8614,8623.84
638,5,0,9,12.856,8595.6
636,5,0,9,12.8521,8575.37
64,5,0,10,13.1623,10295.2,0,0,0
195,5,0,10,13.1356,10157
196,5,0,10,13.1324,10137.1
205,5,0,10,13.1171,10049.3
215,5,0,10,13.0915,9892.75
225,5,0,10,13.0646,9689.68
715,5,0,10,13.0345,9520.12
714,5,0,10,13.0305,9495.96
726,5,0,10,13.0303,9494.11
529,5,0,10,13.0162,9394.46
605,5,0,10,13.0013,9297.79
603,5,0,10,12.995,9264.71
220,6,0,0,11.1172,472.978,0.0955,416.542,0.04,1
2130,6,0,0,11.1024,392.48
215,6,0,0,11.0975,358.782
205,6,0,0,11.0736,204.484
196,6,0,0,11.0605,119.897
195,6,0,0,11.0579,100.335
64,6,0,0,11.04,0
710,6,0,1,11.2704,1198.14,0.0443333,193.369,0.36,2
223,6,0,1,11.2529,1104.91
224,6,0,1,11.2388,1031.05
222,6,0,1,11.223,945.57
220,6,0,1,11.2127,889.52
455,6,0,2,11.3738,1774.06,0.0408333,178.103,0.03,3
454,6,0,2,11.371,1758.44
457,6,0,2,11.3643,1704.48
456,6,0,2,11.3591,1675.03
458,6,0,2,11.3496,1613.89
459,6,0,2,11.3437,1568.78
1543,6,0,2,11.3344,1506.55
710,6,0,2,11.3147,1391.51
1108,6,0,3,11.6819,3428.96,0.0935,407.819,0.09,4
1109,6,0,3,11.6767,3402.77
1113,6,0,3,11.6706,3371.72
1847,6,0,3,11.6577,3306.52
1086,6,0,3,11.6541,3286.49
1087,6,0,3,11.6395,3213.3
1090,6,0,3,11.6308,3168.13
1076,6,0,3,11.6047,3041.16
1074,6,0,3,11.6005,3020.04
1077,6,0,3,11.591,2969.22
1080,6,0,3,11.5775,2902.01
1079,6,0,3,11.5709,2867.56
1061,6,0,3,11.5666,2846.28
1063,6,0,3,11.5631,2828.11
1062,6,0,3,11.562,2821.03
2159,6,0,3,11.5618,2819.92
1045,6,0,3,11.5611,2816.77
1012,6,0,3,11.5539,2775.78
1014,6,0,3,11.5533,2772.91
989,6,0,3,11.5423,2714.61
990,6,0,3,11.5322,2664.35
991,6,0,3,11.5296,2652
706,6,0,3,11.5226,2612.53
704,6,0,3,11.52,2599.76
2179,6,0,3,11.5198,2598.9
662,6,0,3,11.5136,2569.25
602,6,0,3,11.5022,2500.98
599,6,0,3,11.4981,2477.72
605,6,0,3,11.494,2453.73
529,6,0,3,11.4768,2353.71
726,6,0,3,11.4609,2252.51
714,6,0,3,11.4607,2250.62
1543,6,0,3,11.4559,2220.1
459,6,0,3,11.4456,2156.7
458,6,0,3,11.4391,2111.44
456,6,0,3,11.43,2050.65
457,6,0,3,11.4246,2020.43
454,6,0,3,11.417,1966.47
455,6,0,3,11.4146,1952.16
1304,6,0,4,11.9049,4519.4,0.0428333,186.826,0.12,5
952,6,0,4,11.8805,4386.42
953,6,0,4,11.8698,4331.64
2023,6,0,4,11.869,4327.54
2108,6,0,4,11.8525,4242.33
1794,6,0,4,11.8454,4206.57
2106,6,0,4,11.8302,4127.2
2039,6,0,4,11.8125,4033.67
1106,6,0,4,11.8029,3981.72
2035,6,0,4,11.7887,3907.67
1108,6,0,4,11.7754,3836.78
1302,6,0,5,11.9979,4957.93,0.068,296.595,0.26,6
1303,6,0,5,11.9773,4853.42
1305,6,0,5,11.9627,4779.54
1304,6,0,5,11.9477,4706.23
895,6,0,6,12.2317,6103.27,0.0435,189.734,0.02,7
896,6,0,6,12.228,6085.03
892,6,0,6,12.2245,6067.24
906,6,0,6,12.2063,5974.44
1555,6,0,6,12.1808,5831.69
2157,6,0,6,12.1682,5771.05
2019,6,0,6,12.1391,5635.88
929,6,0,6,12.1387,5633.9
938,6,0,6,12.1266,5567.77
950,6,0,6,12.1107,5486.74
951,6,0,6,12.1042,5453.48
949,6,0,6,12.0926,5394.2
1302,6,0,6,12.0659,5254.53
978,6,0,7,12.4432,7141.95,0.107833,470.336,0.07,8
1010,6,0,7,12.4276,7061.8
1011,6,0,7,12.4141,6992.4
1009,6,0,7,12.4089,6964.77
1041,6,0,7,12.4088,6964.08
1039,6,0,7,12.401,6923.61
1037,6,0,7,12.3914,6876.12
1034,6,0,7,12.3827,6830.43
2032,6,0,7,12.3673,6752.84
1050,6,0,7,12.336,6598.74
1049,6,0,7,12.336,6598.65
1025,6,0,7,12.3272,6554.99
1029,6,0,7,12.3139,6488.16
1027,6,0,7,12.3021,6429.2
898,6,0,7,12.2939,6385.67
895,6,0,7,12.2752,6293
636,6,0,8,12.6366,8026.78,0.091,396.915,0.15,9
633,6,0,8,12.6299,7993.17
639,6,0,8,12.6265,7975.63
1993,6,0,8,12.6168,7925.01
1995,6,0,8,12.6072,7879.72
1996,6,0,8,12.5957,7827.98
1997,6,0,8,12.5918,7808.08
2027,6,0,8,12.5636,7673.74
2026,6,0,8,12.5578,7645.43
978,6,0,8,12.551,7612.29
603,6,0,9,12.8073,8837.52,0.0631667,275.514,0.35,10
604,6,0,9,12.8033,8815.66
596,6,0,9,12.8032,8814.69
580,6,0,9,12.7916,8750.16
583,6,0,9,12.7854,8720.35
587,6,0,9,12.7834,8706.08
578,6,0,9,12.7805,8690.02
579,6,0,9,12.7731,8651.22
570,6,0,9,12.7661,8618.06
1994,6,0,9,12.7532,8552.98
562,6,0,9,12.7402,8489.6
639,6,0,9,12.7368,8472.16
638,6,0,9,12.7314,8443.92
636,6,0,9,12.7276,8423.69
64,6,0,10,13.0377,10143.5,0,0,0
195,6,0,10,13.011,10005.3
196,6,0,10,13.0079,9985.38
205,6,0,10,12.9926,9897.63
215,6,0,10,12.9669,9741.07
225,6,0,10,12.94,9538
715,6,0,10,12.9099,9368.44
714,6,0,10,12.9059,9344.28
726,6,0,10,12.9057,9342.43
529,6,0,10,12.8916,9242.78
605,6,0,10,12.8767,9146.11
603,6,0,10,12.8704,9113.03
220,7,0,0,11.6672,472.978,0.0955,416.542,0.04,1
2130,7,0,0,11.6524,392.48
215,7,0,0,11.6475,358.782
205,7,0,0,11.6236,204.484
196,7,0,0,11.6105,119.897
195,7,0,0,11.6079,100.335
64,7,0,0,11.59,0
710,7,0,1,11.8204,1198.14,0.0443333,193.369,0.36,2
223,7,0,1,11.8029,1104.91
224,7,0,1,11.7888,1031.05
222,7,0,1,11.773,945.57
220,7,0,1,11.7627,889.52
455,7,0,2,11.9238,1774.06,0.0408333,178.103,0.03,3
454,7,0,2,11.921,1758.44
457,7,0,2,11.9143,1704.48
456,7,0,2,11.9091,1675.03
458,7,0,2,11.8996,1613.89
459,7,0,2,11.8937,1568.78
1543,7,0,2,11.8844,1506.55
710,7,0,2,11.8647,1391.51
603,7,0,3,12.055,2516.24,0.0631667,275.514,0.35,4
604,7,0,3,12.0508,2493.1
596,7,0,3,12.0506,2492.13
595,7,0,3,12.0452,2461.72
605,7,0,3,12.044,2453.73
529,7,0,3,12.0268,2353.71
726,7,0,3,12.0109,2252.51
714,7,0,3,12.0107,2250.62
1543,7,0,3,12.0059,2220.1
459,7,0,3,11.9956,2156.7
458,7,0,3,11.9891,2111.44
456,7,0,3,11.98,2050.65
457,7,0,3,11.9746,2020.43
454,7,0,3,11.967,1966.47
455,7,0,3,11.9646,1952.16
1108,7,0,4,12.3066,3774.32,0.0588333,256.613,0.13,5
1109,7,0,4,12.3026,3752.79
1113,7,0,4,12.2953,3716.85
1847,7,0,4,12.2823,3651
1086,7,0,4,12.2786,3630.77
1087,7,0,4,12.2649,3560.98
1090,7,0,4,12.2557,3513.73
1076,7,0,4,12.2326,3399.54
1074,7,0,4,12.2286,3379.15
1077,7,0,4,12.2183,3325.1
1080,7,0,4,12.205,3258.65
1079,7,0,4,12.1974,3219.96
1061,7,0,4,12.1931,3198.68
1063,7,0,4,12.1897,3180.87
1062,7,0,4,12.1886,3173.8
2159,7,0,4,12.1885,3172.9
1045,7,0,4,12.1878,3169.75
1012,7,0,4,12.1805,3128.76
1014,7,0,4,12.1801,3126.56
989,7,0,4,12.1696,3070.7
990,7,0,4,12.1596,3020.44
704,7,0,4,12.1483,2962.7
2179,7,0,4,12.1481,2961.83
662,7,0,4,12.1419,2932.19
602,7,0,4,12.1309,2864.49
604,7,0,4,12.1285,2847.81
596,7,0,4,12.1284,2846.84
595,7,0,4,12.1224,2814.1
603,7,0,4,12.1182,2791.76
1304,7,0,5,12.4984,4725.58,0.0815,355.478,0.17,6
2163,7,0,5,12.4774,4615.84
2051,7,0,5,12.4438,4437.75
2050,7,0,5,12.4326,4378.74
2106,7,0,5,12.4257,4344.01
2039,7,0,5,12.408,4250.04
1106,7,0,5,12.3981,4197.09
2035,7,0,5,12.3855,4130.27
1108,7,0,5,12.3655,4030.94
1302,7,0,6,12.6258,5315.06,0.106833,465.975,0.24,7
1303,7,0,6,12.6055,5211.53
1305,7,0,6,12.592,5142.62
1304,7,0,6,12.5799,5081.06
895,7,0,7,12.8985,6629.77,0.0435,189.734,0.02,8
896,7,0,7,12.8948,6611.53
892,7,0,7,12.8913,6593.75
906,7,0,7,12.873,6500.95
1555,7,0,7,12.8475,6358.2
2157,7,0,7,12.8349,6297.56
2019,7,0,7,12.8058,6162.39
929,7,0,7,12.8054,6160.4
938,7,0,7,12.7934,6094.27
950,7,0,7,12.7774,6013.25
951,7,0,7,12.771,5979.99
949,7,0,7,12.7593,5920.71
1302,7,0,7,12.7327,5781.04
978,7,0,8,13.1099,7668.46,0.0648333,282.783,0.06,9
1010,7,0,8,13.0943,7588.31
1011,7,0,8,13.0808,7518.91
1009,7,0,8,13.0757,7491.28
1041,7,0,8,13.0755,7490.59
1039,7,0,8,13.0677,7450.11
1037,7,0,8,13.0582,7402.63
1034,7,0,8,13.0495,7356.94
2032,7,0,8,13.034,7279.35
1050,7,0,8,13.0028,7125.25
1049,7,0,8,13.0028,7125.16
1025,7,0,8,12.9939,7081.5
1029,7,0,8,12.9807,7014.67
1027,7,0,8,12.9689,6955.71
898,7,0,8,12.9606,6912.18
895,7,0,8,12.942,6819.51
636,7,0,9,13.2521,8332.67,0.0665,290.053,0.15,10
633,7,0,9,13.2464,8303.14
639,7,0,9,13.2429,8285
1993,7,0,9,13.2313,8226.71
1995,7,0,9,13.2245,8192.35
1996,7,0,9,13.2184,8162.4
1997,7,0,9,13.2145,8142.5
2027,7,0,9,13.1896,8021.73
2026,7,0,9,13.1838,7993.25
978,7,0,9,13.1748,7951.24
64,7,0,10,13.566,10076.7,0,0,0
195,7,0,10,13.5417,9949.05
196,7,0,10,13.5389,9929.46
205,7,0,10,13.524,9842.34
215,7,0,10,13.4925,9668.03
225,7,0,10,13.4665,9464.79
715,7,0,10,13.4385,9299.91
714,7,0,10,13.4347,9276
726,7,0,10,13.4345,9274.15
529,7,0,10,13.4206,9174.62
605,7,0,10,13.406,9078.13
603,7,0,10,13.3974,9035.49
604,7,0,10,13.3924,9009.09
596,7,0,10,13.3922,9008.12
580,7,0,10,13.3807,8943.8
583,7,0,10,13.3745,8913.98
587,7,0,10,13.3723,8899.6
578,7,0,10,13.3694,8883.5
575,7,0,10,13.3636,8851.06
571,7,0,10,13.361,8835.95
570,7,0,10,13.3571,8816.9
1994,7,0,10,13.3409,8737.92
562,7,0,10,13.3313,8688.87
639,7,0,10,13.3279,8671.43
638,7,0,10,13.3226,8643.64
636,7,0,10,13.3186,8622.72
220,8,0,0,11.7572,472.978,0.0955,416.542,0.04,1
2130,8,0,0,11.7424,392.48
215,8,0,0,11.7375,358.782
205,8,0,0,11.7136,204.484
196,8,0,0,11.7005,119.897
195,8,0,0,11.6979,100.335
64,8,0,0,11.68,0
710,8,0,1,11.9104,1198.14,0.0443333,193.369,0.36,2
223,8,0,1,11.8929,1104.91
224,8,0,1,11.8788,1031.05
222,8,0,1,11.863,945.57
220,8,0,1,11.8527,889.52
603,8,0,2,12.0236,1802.69,0.0631667,275.514,0.35,3
604,8,0,2,12.0193,1779.55
596,8,0,2,12.0192,1778.58
595,8,0,2,12.0137,1748.17
605,8,0,2,12.0126,1740.18
529,8,0,2,11.9953,1640.15
726,8,0,2,11.9795,1538.96
714,8,0,2,11.9793,1537.07
1543,8,0,2,11.9744,1506.55
710,8,0,2,11.9547,1391.51
1108,8,0,3,12.2752,3060.77,0.0588333,256.613,0.13,4
1109,8,0,3,12.2711,3039.24
1113,8,0,3,12.2638,3003.3
1847,8,0,3,12.2508,2937.45
1086,8,0,3,12.2471,2917.22
1087,8,0,3,12.2334,2847.43
1090,8,0,3,12.2242,2800.18
1076,8,0,3,12.2011,2685.99
1074,8,0,3,12.1972,2665.6
1077,8,0,3,12.1868,2611.54
1080,8,0,3,12.1736,2545.1
1079,8,0,3,12.1659,2506.41
1061,8,0,3,12.1617,2485.13
1063,8,0,3,12.1582,2467.32
1062,8,0,3,12.1572,2460.25
2159,8,0,3,12.157,2459.35
1045,8,0,3,12.1563,2456.2
1012,8,0,3,12.1491,2415.21
1014,8,0,3,12.1487,2413.01
989,8,0,3,12.1382,2357.15
990,8,0,3,12.1281,2306.89
704,8,0,3,12.1168,2249.15
2179,8,0,3,12.1166,2248.28
662,8,0,3,12.1104,2218.64
602,8,0,3,12.0995,2150.94
604,8,0,3,12.097,2134.26
596,8,0,3,12.0969,2133.29
595,8,0,3,12.0909,2100.55
603,8,0,3,12.0867,2078.21
1304,8,0,4,12.4669,4012.03,0.0815,355.478,0.17,5
2163,8,0,4,12.4459,3902.29
2051,8,0,4,12.4123,3724.2
2050,8,0,4,12.4012,3665.19
2106,8,0,4,12.3942,3630.46
2039,8,0,4,12.3765,3536.49
1106,8,0,4,12.3666,3483.54
2035,8,0,4,12.3541,3416.72
1108,8,0,4,12.334,3317.39
1302,8,0,5,12.5944,4601.51,0.106833,465.975,0.24,6
1303,8,0,5,12.574,4497.98
1305,8,0,5,12.5605,4429.06
1304,8,0,5,12.5484,4367.51
895,8,0,6,12.867,5916.22,0.0435,189.734,0.02,7
896,8,0,6,12.8633,5897.98
892,8,0,6,12.8598,5880.2
906,8,0,6,12.8416,5787.4
1555,8,0,6,12.8161,5644.65
2157,8,0,6,12.8035,5584.01
2019,8,0,6,12.7744,5448.84
929,8,0,6,12.774,5446.85
938,8,0,6,12.7619,5380.72
950,8,0,6,12.746,5299.7
951,8,0,6,12.7395,5266.44
949,8,0,6,12.7279,5207.16
1302,8,0,6,12.7012,5067.49
978,8,0,7,13.0785,6954.91,0.0648333,282.783,0.06,8
1010,8,0,7,13.0628,6874.76
1011,8,0,7,13.0494,6805.35
1009,8,0,7,13.0442,6777.73
1041,8,0,7,13.0441,6777.04
1039,8,0,7,13.0363,6736.56
1037,8,0,7,13.0267,6689.08
1034,8,0,7,13.018,6643.39
2032,8,0,7,13.0026,6565.8
1050,8,0,7,12.9713,6411.7
1049,8,0,7,12.9713,6411.61
1025,8,0,7,12.9625,6367.95
1029,8,0,7,12.9492,6301.12
1027,8,0,7,12.9374,6242.16
898,8,0,7,12.9292,6198.63
895,8,0,7,12.9105,6105.96
636,8,0,8,13.2206,7619.12,0.0665,290.053,0.15,9
633,8,0,8,13.2149,7589.59
639,8,0,8,13.2115,7571.45
1993,8,0,8,13.1999,7513.16
1995,8,0,8,13.193,7478.8
1996,8,0,8,13.1869,7448.85
1997,8,0,8,13.183,7428.95
2027,8,0,8,13.1581,7308.18
2026,8,0,8,13.1523,7279.69
978,8,0,8,13.1433,7237.69
455,8,0,9,13.4497,8778.28,0.0423333,184.645,0.11,10
453,8,0,9,13.4411,8712.82
452,8,0,9,13.4288,8625.5
1678,8,0,9,13.4131,8541.11
474,8,0,9,13.3931,8441.6
2140,8,0,9,13.3849,8403.76
475,8,0,9,13.3782,8372.49
499,8,0,9,13.3705,8332.9
500,8,0,9,13.3659,8309.5
518,8,0,9,13.3603,8281.31
1754,8,0,9,13.3471,8219.45
540,8,0,9,13.3386,8175.55
541,8,0,9,13.3278,8120.4
572,8,0,9,13.3191,8074.65
1994,8,0,9,13.3094,8024.37
562,8,0,9,13.2999,7975.32
639,8,0,9,13.2964,7957.88
638,8,0,9,13.2912,7930.09
636,8,0,9,13.2871,7909.17
64,8,0,10,13.6705,9954.86,0,0,0
63,8,0,10,13.665,9924.51
199,8,0,10,13.6266,9728.31
202,8,0,10,13.6051,9612.27
208,8,0,10,13.5933,9540.49
170,8,0,10,13.5697,9416.25
176,8,0,10,13.5696,9415.93
183,8,0,10,13.5523,9319.66
192,8,0,10,13.5477,9288.55
458,8,0,10,13.517,9125.31
456,8,0,10,13.5084,9064.91
457,8,0,10,13.5024,9031.86
454,8,0,10,13.4947,8977.88
455,8,0,10,13.4921,8962.92
220,9,0,0,12.8302,511.167,0.0923333,402.73,0.08,1
2130,9,0,0,12.8124,417.757
215,9,0,0,12.8069,383.417
205,9,0,0,12.7789,223.068
196,9,0,0,12.765,137.521
195,9,0,0,12.7619,117.624
64,9,0,0,12.74,0
710,9,0,1,12.987,1250.5,0.0983333,428.9,0.42,2
223,9,0,1,12.9704,1161.15
224,9,0,1,12.9485,1054.49
222,9,0,1,12.9326,968.676
220,9,0,1,12.9226,913.897
455,9,0,2,13.146,2068.33,0.0423333,184.645,0.11,3
454,9,0,2,13.1428,2050.95
457,9,0,2,13.1362,1996.88
456,9,0,2,13.1313,1967.85
458,9,0,2,13.1221,1906.93
459,9,0,2,13.1154,1861.58
1543,9,0,2,13.1069,1799.77
710,9,0,2,13.0854,1679.4
1108,9,0,3,13.452,3715.07,0.0723333,315.496,0.16,4
1109,9,0,3,13.4479,3693.69
1113,9,0,3,13.4415,3661.44
1847,9,0,3,13.4297,3600.81
1086,9,0,3,13.4261,3580.62
1087,9,0,3,13.4126,3512.06
1090,9,0,3,13.404,3467.3
1076,9,0,3,13.386,3373.97
1074,9,0,3,13.3819,3353.31
1077,9,0,3,13.3685,3286.34
1080,9,0,3,13.3536,3212.99
1079,9,0,3,13.3465,3176.51
1061,9,0,3,13.3422,3155.22
1063,9,0,3,13.339,3138.38
1062,9,0,3,13.338,3131.34
2159,9,0,3,13.3378,3130.36
1045,9,0,3,13.3371,3127.21
1012,9,0,3,13.3299,3086.22
2028,9,0,3,13.3218,3040.76
989,9,0,3,13.3184,3025.02
990,9,0,3,13.3083,2974.76
991,9,0,3,13.3057,2962.41
706,9,0,3,13.2987,2922.94
704,9,0,3,13.2961,2910.17
2179,9,0,3,13.2959,2909.31
662,9,0,3,13.2897,2879.66
602,9,0,3,13.2785,2811.52
599,9,0,3,13.274,2786.83
605,9,0,3,13.2688,2758.7
529,9,0,3,13.2522,2659.81
726,9,0,3,13.2361,2558.27
714,9,0,3,13.2359,2556.39
1543,9,0,3,13.2301,2523.95
459,9,0,3,13.22,2460.77
458,9,0,3,13.2133,2415.36
456,9,0,3,13.2047,2354.96
457,9,0,3,13.1987,2321.91
454,9,0,3,13.191,2267.93
455,9,0,3,13.1884,2252.97
1304,9,0,4,13.6529,4709.04,0.0735,320.585,0.21,5
952,9,0,4,13.6289,4577.72
953,9,0,4,13.6166,4516.67
2023,9,0,4,13.6158,4512.57
2108,9,0,4,13.6016,4436.91
1794,9,0,4,13.5953,4404.56
2106,9,0,4,13.5814,4330.81
2039,9,0,4,13.5628,4233.29
1106,9,0,4,13.5526,4178.89
2035,9,0,4,13.5406,4114.3
1108,9,0,4,13.5243,4030.57
1302,9,0,5,13.7735,5268.62,0.035,152.659,0.22,6
1303,9,0,5,13.7531,5164.93
1305,9,0,5,13.7379,5088.91
1304,9,0,5,13.7264,5029.63
895,9,0,6,13.9574,6199.05,0.0823333,359.113,0.02,7
896,9,0,6,13.9537,6180.81
892,9,0,6,13.95,6162.06
906,9,0,6,13.9374,6093.2
1555,9,0,6,13.9092,5938.6
2157,9,0,6,13.8982,5884.85
2019,9,0,6,13.8714,5758.59
929,9,0,6,13.871,5756.61
938,9,0,6,13.859,5690.76
950,9,0,6,13.8455,5620.2
951,9,0,6,13.8385,5584.48
949,9,0,6,13.8275,5528
1302,9,0,6,13.8085,5421.28
978,9,0,7,14.2057,7397.53,0.0373333,162.837,0.05,8
1010,9,0,7,14.1909,7320.76
1011,9,0,7,14.1767,7248.12
1009,9,0,7,14.1711,7218.69
1038,9,0,7,14.1629,7178.09
1039,9,0,7,14.1623,7175.42
1037,9,0,7,14.1525,7126.85
1034,9,0,7,14.1442,7083.01
2032,9,0,7,14.1288,7005.42
1050,9,0,7,14.1024,6871.64
1049,9,0,7,14.1024,6871.55
1025,9,0,7,14.095,6833.85
1029,9,0,7,14.082,6768.06
1027,9,0,7,14.0691,6704.68
898,9,0,7,14.0587,6652.2
895,9,0,7,14.0398,6558.17
636,9,0,8,14.3228,7950.79,0.0391667,170.833,0.15,9
631,9,0,8,14.3161,7917.99
630,9,0,8,14.3103,7889.48
637,9,0,8,14.2997,7837.4
1996,9,0,8,14.2873,7774.11
1997,9,0,8,14.2834,7754.21
2027,9,0,8,14.2562,7623.99
2026,9,0,8,14.2504,7595.51
978,9,0,8,14.2431,7560.36
603,9,0,9,14.4462,8557.35,0.0658333,287.145,0.35,10
604,9,0,9,14.4414,8531.94
596,9,0,9,14.4413,8530.97
580,9,0,9,14.427,8454.76
583,9,0,9,14.4208,8424.95
587,9,0,9,14.4186,8410.52
578,9,0,9,14.4155,8393.7
575,9,0,9,14.41,8362.6
571,9,0,9,14.4071,8346.47
570,9,0,9,14.4022,8323.2
1994,9,0,9,14.3895,8258.84
562,9,0,9,14.3761,8193.79
639,9,0,9,14.3726,8176.35
638,9,0,9,14.3659,8142.32
636,9,0,9,14.3619,8121.62
64,9,0,10,14.674,9869.31,0,0,0
195,9,0,10,14.6524,9753.06
196,9,0,10,14.6497,9733.48
205,9,0,10,14.6354,9647.4
215,9,0,10,14.611,9492.42
225,9,0,10,14.5861,9288.58
715,9,0,10,14.5512,9098.04
714,9,0,10,14.5474,9074.2
726,9,0,10,14.5473,9072.34
529,9,0,10,14.5332,8972.73
605,9,0,10,14.5178,8875.47
603,9,0,10,14.512,8844.49
220,10,0,0,12.9702,511.167,0.0923333,402.73,0.08,1
2130,10,0,0,12.9524,417.757
215,10,0,0,12.9469,383.417
205,10,0,0,12.9189,223.068
196,10,0,0,12.905,137.521
195,10,0,0,12.9019,117.624
64,10,0,0,12.88,0
455,10,0,1,13.1563,1463.97,0.0423333,184.645,0.11,2
454,10,0,1,13.1531,1446.59
457,10,0,1,13.1465,1392.52
456,10,0,1,13.1416,1363.49
458,10,0,1,13.1323,1302.57
459,10,0,1,13.1257,1257.22
450,10,0,1,13.1105,1173.3
229,10,0,1,13.0994,1113.43
222,10,0,1,13.0712,962.82
220,10,0,1,13.0626,913.897
1108,10,0,2,13.4622,3110.71,0.0723333,315.496,0.16,3
1109,10,0,2,13.4582,3089.33
1113,10,0,2,13.4518,3057.08
1847,10,0,2,13.44,2996.45
1086,10,0,2,13.4363,2976.26
1087,10,0,2,13.4229,2907.7
1090,10,0,2,13.4143,2862.94
1076,10,0,2,13.3962,2769.61
1074,10,0,2,13.3922,2748.95
1077,10,0,2,13.3788,2681.98
1080,10,0,2,13.3639,2608.63
1079,10,0,2,13.3567,2572.15
1061,10,0,2,13.3525,2550.86
1063,10,0,2,13.3493,2534.02
1062,10,0,2,13.3483,2526.98
2159,10,0,2,13.348,2526
1045,10,0,2,13.3474,2522.85
1012,10,0,2,13.3401,2481.86
2028,10,0,2,13.3321,2436.4
989,10,0,2,13.3287,2420.66
990,10,0,2,13.3186,2370.4
991,10,0,2,13.316,2358.05
706,10,0,2,13.309,2318.58
704,10,0,2,13.3064,2305.81
2179,10,0,2,13.3062,2304.95
662,10,0,2,13.3,2275.3
602,10,0,2,13.2887,2207.17
599,10,0,2,13.2842,2182.47
605,10,0,2,13.2791,2154.34
529,10,0,2,13.2625,2055.45
726,10,0,2,13.2464,1953.91
714,10,0,2,13.2462,1952.03
1543,10,0,2,13.2404,1919.6
459,10,0,2,13.2303,1856.41
458,10,0,2,13.2236,1811.01
456,10,0,2,13.215,1750.6
457,10,0,2,13.2089,1717.56
454,10,0,2,13.2013,1663.57
455,10,0,2,13.1986,1648.61
1304,10,0,3,13.6631,4104.69,0.0735,320.585,0.21,4
952,10,0,3,13.6391,3973.36
953,10,0,3,13.6269,3912.31
2023,10,0,3,13.6261,3908.21
2108,10,0,3,13.6118,3832.55
1794,10,0,3,13.6056,3800.2
2106,10,0,3,13.5917,3726.45
2039,10,0,3,13.5731,3628.93
1106,10,0,3,13.5629,3574.53
2035,10,0,3,13.5509,3509.94
1108,10,0,3,13.5346,3426.21
1302,10,0,4,13.7838,4664.26,0.035,152.659,0.22,5
1303,10,0,4,13.7634,4560.57
1305,10,0,4,13.7482,4484.55
1304,10,0,4,13.7366,4425.27
895,10,0,5,13.9677,5594.69,0.0823333,359.113,0.02,6
896,10,0,5,13.964,5576.45
892,10,0,5,13.9603,5557.7
906,10,0,5,13.9477,5488.84
1555,10,0,5,13.9194,5334.24
2157,10,0,5,13.9085,5280.49
2019,10,0,5,13.8817,5154.23
929,10,0,5,13.8812,5152.25
938,10,0,5,13.8693,5086.4
950,10,0,5,13.8558,5015.84
951,10,0,5,13.8488,4980.12
949,10,0,5,13.8378,4923.64
1302,10,0,5,13.8188,4816.92
978,10,0,6,14.216,6793.17,0.0373333,162.837,0.05,7
1010,10,0,6,14.2012,6716.4
1011,10,0,6,14.187,6643.76
1009,10,0,6,14.1813,6614.33
1038,10,0,6,14.1732,6573.73
1039,10,0,6,14.1726,6571.06
1037,10,0,6,14.1627,6522.49
1034,10,0,6,14.1545,6478.66
2032,10,0,6,14.139,6401.06
1050,10,0,6,14.1127,6267.28
1049,10,0,6,14.1127,6267.19
1025,10,0,6,14.1053,6229.49
1029,10,0,6,14.0923,6163.7
1027,10,0,6,14.0794,6100.32
898,10,0,6,14.069,6047.84
895,10,0,6,14.05,5953.81
636,10,0,7,14.3331,7346.43,0.0391667,170.833,0.15,8
631,10,0,7,14.3264,7313.63
630,10,0,7,14.3206,7285.12
637,10,0,7,14.31,7233.04
1996,10,0,7,14.2976,7169.75
1997,10,0,7,14.2937,7149.85
2027,10,0,7,14.2664,7019.63
2026,10,0,7,14.2606,6991.15
978,10,0,7,14.2533,6956
603,10,0,8,14.4565,7952.99,0.0658333,287.145,0.35,9
604,10,0,8,14.4517,7927.58
596,10,0,8,14.4516,7926.61
580,10,0,8,14.4373,7850.4
583,10,0,8,14.4311,7820.59
587,10,0,8,14.4288,7806.16
578,10,0,8,14.4258,7789.34
575,10,0,8,14.4202,7758.24
571,10,0,8,14.4173,7742.11
570,10,0,8,14.4125,7718.84
1994,10,0,8,14.3998,7654.49
562,10,0,8,14.3864,7589.43
639,10,0,8,14.3829,7571.99
638,10,0,8,14.3762,7537.96
636,10,0,8,14.3722,7517.26
710,10,0,9,14.5861,8653.53,0.0876667,382.376,0.44,10
1543,10,0,9,14.5662,8538.16
715,10,0,9,14.5615,8493.68
714,10,0,9,14.5577,8469.84
726,10,0,9,14.5575,8467.98
529,10,0,9,14.5435,8368.37
605,10,0,9,14.5281,8271.11
603,10,0,9,14.5223,8240.13
64,10,0,10,14.7825,9734.74,0,0,0
195,10,0,10,14.7609,9618.49
196,10,0,10,14.7582,9598.91
205,10,0,10,14.7439,9512.83
215,10,0,10,14.7195,9357.85
225,10,0,10,14.6946,9154.01
1680,10,0,10,14.6918,9135.17
710,10,0,10,14.6738,9035.9
220,11,0,0,12.8502,511.167,0.0923333,402.73,0.08,1
2130,11,0,0,12.8324,417.757
215,11,0,0,12.8269,383.417
205,11,0,0,12.7989,223.068
196,11,0,0,12.785,137.521
195,11,0,0,12.7819,117.624
64,11,0,0,12.76,0
710,11,0,1,13.007,1250.5,0.0466667,203.546,0.45,2
223,11,0,1,12.9904,1161.15
224,11,0,1,12.9685,1054.49
222,11,0,1,12.9526,968.676
220,11,0,1,12.9426,913.897
455,11,0,2,13.1144,1842.97,0.0423333,184.645,0.11,3
454,11,0,2,13.1111,1825.59
457,11,0,2,13.1046,1771.53
456,11,0,2,13.0996,1742.49
458,11,0,2,13.0904,1681.58
459,11,0,2,13.0838,1636.23
1543,11,0,2,13.0752,1574.42
710,11,0,2,13.0537,1454.05
1108,11,0,3,13.4203,3489.72,0.0723333,315.496,0.16,4
1109,11,0,3,13.4162,3468.33
1113,11,0,3,13.4098,3436.08
1847,11,0,3,13.3981,3375.45
1086,11,0,3,13.3944,3355.26
1087,11,0,3,13.381,3286.71
1090,11,0,3,13.3724,3241.94
1076,11,0,3,13.3543,3148.62
1074,11,0,3,13.3503,3127.95
1077,11,0,3,13.3368,3060.98
1080,11,0,3,13.3219,2987.63
1079,11,0,3,13.3148,2951.15
1061,11,0,3,13.3105,2929.87
1063,11,0,3,13.3073,2913.03
1062,11,0,3,13.3063,2905.99
2159,11,0,3,13.3061,2905
1045,11,0,3,13.3054,2901.85
1012,11,0,3,13.2982,2860.87
2028,11,0,3,13.2901,2815.4
989,11,0,3,13.2867,2799.67
990,11,0,3,13.2767,2749.41
991,11,0,3,13.2741,2737.05
706,11,0,3,13.2671,2697.59
704,11,0,3,13.2644,2684.82
2179,11,0,3,13.2642,2683.96
662,11,0,3,13.258,2654.31
602,11,0,3,13.2468,2586.17
599,11,0,3,13.2423,2561.47
605,11,0,3,13.2371,2533.35
529,11,0,3,13.2206,2434.45
726,11,0,3,13.2044,2332.92
714,11,0,3,13.2042,2331.04
1543,11,0,3,13.1985,2298.6
459,11,0,3,13.1883,2235.42
458,11,0,3,13.1816,2190.01
456,11,0,3,13.173,2129.61
457,11,0,3,13.167,2096.56
454,11,0,3,13.1594,2042.58
455,11,0,3,13.1567,2027.62
1304,11,0,4,13.6212,4483.69,0.0735,320.585,0.21,5
952,11,0,4,13.5972,4352.37
953,11,0,4,13.5849,4291.32
2023,11,0,4,13.5841,4287.22
2108,11,0,4,13.5699,4211.55
1794,11,0,4,13.5636,4179.21
2106,11,0,4,13.5497,4105.45
2039,11,0,4,13.5312,4007.94
1106,11,0,4,13.5209,3953.53
2035,11,0,4,13.5089,3888.95
1108,11,0,4,13.4926,3805.21
1302,11,0,5,13.7418,5043.27,0.035,152.659,0.22,6
1303,11,0,5,13.7215,4939.58
1305,11,0,5,13.7062,4863.56
1304,11,0,5,13.6947,4804.28
895,11,0,6,13.9258,5973.7,0.0823333,359.113,0.02,7
896,11,0,6,13.9221,5955.46
892,11,0,6,13.9183,5936.71
906,11,0,6,13.9057,5867.85
1555,11,0,6,13.8775,5713.25
2157,11,0,6,13.8666,5659.5
2019,11,0,6,13.8397,5533.24
929,11,0,6,13.8393,5531.26
938,11,0,6,13.8273,5465.41
950,11,0,6,13.8138,5394.84
951,11,0,6,13.8068,5359.13
949,11,0,6,13.7959,5302.65
1302,11,0,6,13.7768,5195.93
978,11,0,7,14.1741,7172.17,0.0373333,162.837,0.05,8
1010,11,0,7,14.1592,7095.41
1011,11,0,7,14.145,7022.77
1009,11,0,7,14.1394,6993.33
1038,11,0,7,14.1312,6952.74
1039,11,0,7,14.1306,6950.06
1037,11,0,7,14.1208,6901.5
1034,11,0,7,14.1126,6857.66
2032,11,0,7,14.0971,6780.07
1050,11,0,7,14.0707,6646.28
1049,11,0,7,14.0707,6646.19
1025,11,0,7,14.0633,6608.49
1029,11,0,7,14.0503,6542.71
1027,11,0,7,14.0375,6479.33
898,11,0,7,14.0271,6426.85
895,11,0,7,14.0081,6332.81
636,11,0,8,14.2911,7725.43,0.0391667,170.833,0.15,9
631,11,0,8,14.2844,7692.64
630,11,0,8,14.2786,7664.12
637,11,0,8,14.268,7612.04
1996,11,0,8,14.2556,7548.76
1997,11,0,8,14.2517,7528.85
2027,11,0,8,14.2245,7398.64
2026,11,0,8,14.2187,7370.15
978,11,0,8,14.2114,7335.01
603,11,0,9,14.4145,8331.99,0.0658333,287.145,0.35,10
604,11,0,9,14.4097,8306.58
596,11,0,9,14.4096,8305.61
580,11,0,9,14.3953,8229.41
583,11,0,9,14.3891,8199.59
587,11,0,9,14.3869,8185.16
578,11,0,9,14.3838,8168.35
575,11,0,9,14.3783,8137.24
571,11,0,9,14.3754,8121.12
570,11,0,9,14.3706,8097.85
1994,11,0,9,14.3578,8033.49
562,11,0,9,14.3444,7968.44
639,11,0,9,14.341,7950.99
638,11,0,9,14.3343,7916.96
636,11,0,9,14.3303,7896.26
64,11,0,10,14.6423,9643.96,0,0,0
195,11,0,10,14.6207,9527.7
196,11,0,10,14.618,9508.12
205,11,0,10,14.6038,9422.04
215,11,0,10,14.5793,9267.06
225,11,0,10,14.5545,9063.23
715,11,0,10,14.5195,8872.69
714,11,0,10,14.5158,8848.84
726,11,0,10,14.5156,8846.99
529,11,0,10,14.5015,8747.38
605,11,0,10,14.4862,8650.12
603,11,0,10,14.4804,8619.14
220,12,0,0,13.0402,511.167,0.072,314.042,0.12,1
2130,12,0,0,13.0224,417.757
215,12,0,0,13.0169,383.417
205,12,0,0,12.9889,223.068
196,12,0,0,12.975,137.521
195,12,0,0,12.9719,117.624
64,12,0,0,12.95,0
455,12,0,1,13.206,1375.28,0.0423333,184.645,0.11,2
454,12,0,1,13.2027,1357.9
457,12,0,1,13.1962,1303.83
456,12,0,1,13.1912,1274.8
458,12,0,1,13.182,1213.88
459,12,0,1,13.1754,1168.53
450,12,0,1,13.1602,1084.61
229,12,0,1,13.1491,1024.74
222,12,0,1,13.1209,874.132
220,12,0,1,13.1122,825.209
710,12,0,2,13.3134,1959.13,0.0466667,203.546,0.45,3
1543,12,0,2,13.2901,1830.91
459,12,0,2,13.2799,1767.72
458,12,0,2,13.2732,1722.32
456,12,0,2,13.2646,1661.92
457,12,0,2,13.2586,1628.87
454,12,0,2,13.251,1574.89
455,12,0,2,13.2483,1559.93
1108,12,0,3,13.6034,3474.52,0.0723333,315.496,0.16,4
1109,12,0,3,13.5984,3449.09
1113,12,0,3,13.5928,3419.86
1847,12,0,3,13.5811,3359.89
1086,12,0,3,13.5775,3339.71
1087,12,0,3,13.564,3271.15
1090,12,0,3,13.5554,3226.39
1076,12,0,3,13.5374,3133.06
1074,12,0,3,13.5334,3112.4
1077,12,0,3,13.5199,3045.43
1080,12,0,3,13.505,2972.08
1079,12,0,3,13.4979,2935.6
1061,12,0,3,13.4936,2914.31
1063,12,0,3,13.4904,2897.47
1062,12,0,3,13.4894,2890.43
2159,12,0,3,13.4892,2889.45
1045,12,0,3,13.4885,2886.3
1012,12,0,3,13.4813,2845.31
2028,12,0,3,13.4732,2799.85
989,12,0,3,13.4698,2784.11
990,12,0,3,13.4598,2733.85
991,12,0,3,13.4572,2721.5
706,12,0,3,13.4502,2682.03
704,12,0,3,13.4475,2669.26
2179,12,0,3,13.4473,2668.4
662,12,0,3,13.4411,2638.75
602,12,0,3,13.4299,2570.61
599,12,0,3,13.4254,2545.91
605,12,0,3,13.4202,2517.79
529,12,0,3,13.4037,2418.9
726,12,0,3,13.3875,2317.36
714,12,0,3,13.3873,2315.48
1543,12,0,3,13.3815,2283.04
710,12,0,3,13.36,2162.68
1304,12,0,4,13.8044,4468.49,0.0735,320.585,0.21,5
952,12,0,4,13.7804,4337.17
953,12,0,4,13.7681,4276.12
2023,12,0,4,13.7673,4272.02
2108,12,0,4,13.7531,4196.36
1794,12,0,4,13.7468,4164.01
2106,12,0,4,13.7329,4090.26
2039,12,0,4,13.7143,3992.74
1106,12,0,4,13.7041,3938.34
2035,12,0,4,13.6921,3873.75
1108,12,0,4,13.6758,3790.02
1302,12,0,5,13.925,5028.07,0.035,152.659,0.22,6
1303,12,0,5,13.9046,4924.38
1305,12,0,5,13.8894,4848.36
1304,12,0,5,13.8779,4789.08
895,12,0,6,14.1089,5958.5,0.081,353.298,0.02,7
896,12,0,6,14.1052,5940.26
892,12,0,6,14.1015,5921.51
906,12,0,6,14.0889,5852.65
1555,12,0,6,14.0607,5698.05
2157,12,0,6,14.0497,5644.3
2019,12,0,6,14.0229,5518.04
929,12,0,6,14.0225,5516.06
938,12,0,6,14.0105,5450.21
950,12,0,6,13.997,5379.65
951,12,0,6,13.99,5343.93
949,12,0,6,13.979,5287.45
1302,12,0,6,13.96,5180.73
978,12,0,7,14.3559,7151.16,0.0373333,162.837,0.05,8
1010,12,0,7,14.3411,7074.39
1011,12,0,7,14.3268,7001.75
1009,12,0,7,14.3212,6972.32
1038,12,0,7,14.3131,6931.72
1039,12,0,7,14.3125,6929.05
1037,12,0,7,14.3026,6880.49
1034,12,0,7,14.2944,6836.65
2032,12,0,7,14.2789,6759.05
1050,12,0,7,14.2526,6625.27
1049,12,0,7,14.2526,6625.18
1025,12,0,7,14.2452,6587.48
1029,12,0,7,14.2322,6521.69
1027,12,0,7,14.2193,6458.32
898,12,0,7,14.2089,6405.83
895,12,0,7,14.1899,6311.8
636,12,0,8,14.4729,7704.42,0.0391667,170.833,0.15,9
631,12,0,8,14.4662,7671.63
630,12,0,8,14.4605,7643.11
637,12,0,8,14.4499,7591.03
1996,12,0,8,14.4374,7527.74
1997,12,0,8,14.4336,7507.84
2027,12,0,8,14.4063,7377.62
2026,12,0,8,14.4005,7349.14
978,12,0,8,14.3932,7314
603,12,0,9,14.5964,8310.98,0.0658333,287.145,0.35,10
604,12,0,9,14.5916,8285.57
596,12,0,9,14.5914,8284.6
580,12,0,9,14.5772,8208.39
583,12,0,9,14.5709,8178.58
587,12,0,9,14.5687,8164.15
578,12,0,9,14.5657,8147.34
575,12,0,9,14.5601,8116.23
571,12,0,9,14.5572,8100.11
570,12,0,9,14.5524,8076.83
1994,12,0,9,14.5397,8012.48
562,12,0,9,14.5263,7947.42
639,12,0,9,14.5228,7929.98
638,12,0,9,14.5161,7895.95
636,12,0,9,14.5121,7875.25
64,12,0,10,14.8242,9622.94,0,0,0
195,12,0,10,14.8026,9506.69
196,12,0,10,14.7999,9487.11
205,12,0,10,14.7856,9401.03
215,12,0,10,14.7612,9246.05
225,12,0,10,14.7363,9042.22
715,12,0,10,14.7014,8851.67
714,12,0,10,14.6976,8827.83
726,12,0,10,14.6974,8825.97
529,12,0,10,14.6834,8726.36
605,12,0,10,14.668,8629.11
603,12,0,10,14.6622,8598.13
220,13,0,0,13.0502,511.167,0.072,314.042,0.12,1
2130,13,0,0,13.0324,417.757
215,13,0,0,13.0269,383.417
205,13,0,0,12.9989,223.068
196,13,0,0,12.985,137.521
195,13,0,0,12.9819,117.624
64,13,0,0,12.96,0
710,13,0,1,13.189,1171.13,0.0466667,203.546,0.45,2
223,13,0,1,13.1699,1071.11
224,13,0,1,13.1466,958.91
222,13,0,1,13.1309,874.132
220,13,0,1,13.1222,825.209
455,13,0,2,13.2963,1763.6,0.0423333,184.645,0.11,3
454,13,0,2,13.2931,1746.22
457,13,0,2,13.2865,1692.15
456,13,0,2,13.2816,1663.11
458,13,0,2,13.2723,1602.2
459,13,0,2,13.2657,1556.85
1543,13,0,2,13.2571,1495.04
710,13,0,2,13.2356,1374.67
1108,13,0,3,13.6022,3410.34,0.0723333,315.496,0.16,4
1109,13,0,3,13.5982,3388.96
1113,13,0,3,13.5918,3356.71
1847,13,0,3,13.58,3296.07
1086,13,0,3,13.5763,3275.89
1087,13,0,3,13.5629,3207.33
1090,13,0,3,13.5543,3162.57
1076,13,0,3,13.5362,3069.24
1074,13,0,3,13.5322,3048.58
1077,13,0,3,13.5188,2981.61
1080,13,0,3,13.5039,2908.26
1079,13,0,3,13.4967,2871.78
1061,13,0,3,13.4925,2850.49
1063,13,0,3,13.4893,2833.65
1062,13,0,3,13.4883,2826.61
2159,13,0,3,13.4881,2825.63
1045,13,0,3,13.4874,2822.48
1012,13,0,3,13.4802,2781.49
2028,13,0,3,13.4721,2736.03
989,13,0,3,13.4687,2720.29
990,13,0,3,13.4586,2670.03
991,13,0,3,13.456,2657.68
706,13,0,3,13.449,2618.21
704,13,0,3,13.4464,2605.44
2179,13,0,3,13.4462,2604.58
662,13,0,3,13.44,2574.93
602,13,0,3,13.4287,2506.79
599,13,0,3,13.4242,2482.09
605,13,0,3,13.4191,2453.97
529,13,0,3,13.4025,2355.08
726,13,0,3,13.3864,2253.54
714,13,0,3,13.3862,2251.66
1543,13,0,3,13.3804,2219.22
459,13,0,3,13.3703,2156.04
458,13,0,3,13.3636,2110.63
456,13,0,3,13.355,2050.23
457,13,0,3,13.349,2017.18
454,13,0,3,13.3413,1963.2
455,13,0,3,13.3386,1948.24
1304,13,0,4,13.8032,4404.31,0.0735,320.585,0.21,5
952,13,0,4,13.7791,4272.99
953,13,0,4,13.7669,4211.94
2023,13,0,4,13.7661,4207.84
2108,13,0,4,13.7519,4132.18
1794,13,0,4,13.7456,4099.83
2106,13,0,4,13.7317,4026.08
2039,13,0,4,13.7131,3928.56
1106,13,0,4,13.7029,3874.16
2035,13,0,4,13.6909,3809.57
1108,13,0,4,13.6746,3725.83
1302,13,0,5,13.9238,4963.89,0.035,152.659,0.22,6
1303,13,0,5,13.9034,4860.2
1305,13,0,5,13.8882,4784.18
1304,13,0,5,13.8767,4724.9
895,13,0,6,14.1077,5894.32,0.081,353.298,0.02,7
896,13,0,6,14.104,5876.08
892,13,0,6,14.1003,5857.33
906,13,0,6,14.0877,5788.47
1555,13,0,6,14.0595,5633.87
2157,13,0,6,14.0485,5580.12
2019,13,0,6,14.0217,5453.86
929,13,0,6,14.0213,5451.88
938,13,0,6,14.0093,5386.03
950,13,0,6,13.9958,5315.47
951,13,0,6,13.9888,5279.75
949,13,0,6,13.9778,5223.27
1302,13,0,6,13.9588,5116.55
978,13,0,7,14.3547,7086.98,0.0373333,162.837,0.05,8
1010,13,0,7,14.3399,7010.21
1011,13,0,7,14.3256,6937.58
1009,13,0,7,14.32,6908.14
1038,13,0,7,14.3118,6867.54
1039,13,0,7,14.3113,6864.87
1037,13,0,7,14.3014,6816.31
1034,13,0,7,14.2932,6772.47
2032,13,0,7,14.2777,6694.87
1050,13,0,7,14.2514,6561.09
1049,13,0,7,14.2513,6561
1025,13,0,7,14.244,6523.3
1029,13,0,7,14.2309,6457.51
1027,13,0,7,14.2181,6394.14
898,13,0,7,14.2077,6341.65
895,13,0,7,14.1887,6247.62
636,13,0,8,14.4717,7640.24,0.0391667,170.833,0.15,9
631,13,0,8,14.465,7607.45
630,13,0,8,14.4592,7578.93
637,13,0,8,14.4487,7526.85
1996,13,0,8,14.4362,7463.56
1997,13,0,8,14.4323,7443.66
2027,13,0,8,14.4051,7313.44
2026,13,0,8,14.3993,7284.96
978,13,0,8,14.392,7249.82
603,13,0,9,14.5952,8246.8,0.0658333,287.145,0.35,10
604,13,0,9,14.5904,8221.39
596,13,0,9,14.5902,8220.42
580,13,0,9,14.576,8144.21
583,13,0,9,14.5697,8114.4
587,13,0,9,14.5675,8099.97
578,13,0,9,14.5644,8083.16
575,13,0,9,14.5589,8052.05
571,13,0,9,14.556,8035.93
570,13,0,9,14.5512,8012.65
1994,13,0,9,14.5384,7948.3
562,13,0,9,14.5251,7883.24
639,13,0,9,14.5216,7865.8
638,13,0,9,14.5149,7831.77
636,13,0,9,14.5109,7811.07
64,13,0,10,14.8229,9558.76,0,0,0
195,13,0,10,14.8014,9442.51
196,13,0,10,14.7986,9422.93
205,13,0,10,14.7844,9336.85
215,13,0,10,14.76,9181.87
225,13,0,10,14.7351,8978.04
715,13,0,10,14.7001,8787.49
714,13,0,10,14.6964,8763.65
726,13,0,10,14.6962,8761.79
529,13,0,10,14.6822,8662.18
605,13,0,10,14.6668,8564.93
603,13,0,10,14.661,8533.95
