Nodo,Individuo,Ruta,Segmento,Tiempo viaje,Costo viaje,Tiempo atencion,Costo atencion,Tasa fallo,Demanda
220,0,0,0,13.0702,511.167,0.072,314.042,0.12,1
2130,0,0,0,13.0524,417.757
215,0,0,0,13.0469,383.417
205,0,0,0,13.0189,223.068
196,0,0,0,13.005,137.521
195,0,0,0,13.0019,117.624
64,0,0,0,12.98,0
710,0,0,1,13.209,1171.13,0.0466667,203.546,0.45,2
223,0,0,1,13.1899,1071.11
224,0,0,1,13.1666,958.91
222,0,0,1,13.1509,874.132
220,0,0,1,13.1422,825.209
455,0,0,2,13.3163,1763.6,0.0423333,184.645,0.11,3
454,0,0,2,13.3131,1746.22
457,0,0,2,13.3065,1692.15
456,0,0,2,13.3016,1663.11
458,0,0,2,13.2923,1602.2
459,0,0,2,13.2857,1556.85
1543,0,0,2,13.2771,1495.04
710,0,0,2,13.2556,1374.67
1108,0,0,3,13.6222,3410.34,0.0723333,315.496,0.16,4
1109,0,0,3,13.6182,3388.96
1113,0,0,3,13.6118,3356.71
1847,0,0,3,13.6,3296.07
1086,0,0,3,13.5963,3275.89
1087,0,0,3,13.5829,3207.33
1090,0,0,3,13.5743,3162.57
1076,0,0,3,13.5562,3069.24
1074,0,0,3,13.5522,3048.58
1077,0,0,3,13.5388,2981.61
1080,0,0,3,13.5239,2908.26
1079,0,0,3,13.5167,2871.78
1061,0,0,3,13.5125,2850.49
1063,0,0,3,13.5093,2833.65
1062,0,0,3,13.5083,2826.61
2159,0,0,3,13.5081,2825.63
1045,0,0,3,13.5074,2822.48
1012,0,0,3,13.5002,2781.49
2028,0,0,3,13.4921,2736.03
989,0,0,3,13.4887,2720.29
990,0,0,3,13.4786,2670.03
991,0,0,3,13.476,2657.68
706,0,0,3,13.469,2618.21
704,0,0,3,13.4664,2605.44
2179,0,0,3,13.4662,2604.58
662,0,0,3,13.46,2574.93
602,0,0,3,13.4487,2506.79
599,0,0,3,13.4442,2482.09
605,0,0,3,13.4391,2453.97
529,0,0,3,13.4225,2355.08
726,0,0,3,13.4064,2253.54
714,0,0,3,13.4062,2251.66
1543,0,0,3,13.4004,2219.22
459,0,0,3,13.3903,2156.04
458,0,0,3,13.3836,2110.63
456,0,0,3,13.375,2050.23
457,0,0,3,13.369,2017.18
454,0,0,3,13.3613,1963.2
455,0,0,3,13.3586,1948.24
1304,0,0,4,13.8232,4404.31,0.0735,320.585,0.21,5
952,0,0,4,13.7991,4272.99
953,0,0,4,13.7869,4211.94
2023,0,0,4,13.7861,4207.84
2108,0,0,4,13.7719,4132.18
1794,0,0,4,13.7656,4099.83
2106,0,0,4,13.7517,4026.08
2039,0,0,4,13.7331,3928.56
1106,0,0,4,13.7229,3874.16
2035,0,0,4,13.7109,3809.57
1108,0,0,4,13.6946,3725.83
1302,0,0,5,13.9438,4963.89,0.035,152.659,0.22,6
1303,0,0,5,13.9234,4860.2
1305,0,0,5,13.9082,4784.18
1304,0,0,5,13.8967,4724.9
895,0,0,6,14.1277,5894.32,0.081,353.298,0.02,7
896,0,0,6,14.124,5876.08
892,0,0,6,14.1203,5857.33
906,0,0,6,14.1077,5788.47
1555,0,0,6,14.0794,5633.87
2157,0,0,6,14.0685,5580.12
2019,0,0,6,14.0417,5453.86
929,0,0,6,14.0413,5451.88
938,0,0,6,14.0293,5386.03
950,0,0,6,14.0158,5315.47
951,0,0,6,14.0088,5279.75
949,0,0,6,13.9978,5223.27
1302,0,0,6,13.9788,5116.55
978,0,0,7,14.3747,7086.98,0.0373333,162.837,0.05,8
1010,0,0,7,14.3599,7010.21
1011,0,0,7,14.3456,6937.58
1009,0,0,7,14.34,6908.14
1038,0,0,7,14.3318,6867.54
1039,0,0,7,14.3313,6864.87
1037,0,0,7,14.3214,6816.31
1034,0,0,7,14.3132,6772.47
2032,0,0,7,14.2977,6694.87
1050,0,0,7,14.2714,6561.09
1049,0,0,7,14.2713,6561
1025,0,0,7,14.264,6523.3
1029,0,0,7,14.2509,6457.51
1027,0,0,7,14.2381,6394.14
898,0,0,7,14.2277,6341.65
895,0,0,7,14.2087,6247.62
636,0,0,8,14.4917,7640.24,0.0391667,170.833,0.15,9
631,0,0,8,14.485,7607.45
630,0,0,8,14.4792,7578.93
637,0,0,8,14.4687,7526.85
1996,0,0,8,14.4562,7463.56
1997,0,0,8,14.4523,7443.66
2027,0,0,8,14.4251,7313.44
2026,0,0,8,14.4193,7284.96
978,0,0,8,14.412,7249.82
603,0,0,9,14.6152,8246.8,0.0658333,287.145,0.35,10
604,0,0,9,14.6104,8221.39
596,0,0,9,14.6102,8220.42
580,0,0,9,14.596,8144.21
583,0,0,9,14.5897,8114.4
587,0,0,9,14.5875,8099.97
578,0,0,9,14.5844,8083.16
575,0,0,9,14.5789,8052.05
571,0,0,9,14.576,8035.93
570,0,0,9,14.5712,8012.65
1994,0,0,9,14.5584,7948.3
562,0,0,9,14.5451,7883.24
639,0,0,9,14.5416,7865.8
638,0,0,9,14.5349,7831.77
636,0,0,9,14.5309,7811.07
64,0,0,10,14.8429,9558.76,0,0,0
195,0,0,10,14.8214,9442.51
196,0,0,10,14.8186,9422.93
205,0,0,10,14.8044,9336.85
215,0,0,10,14.78,9181.87
225,0,0,10,14.7551,8978.04
715,0,0,10,14.7201,8787.49
714,0,0,10,14.7164,8763.65
726,0,0,10,14.7162,8761.79
529,0,0,10,14.7022,8662.18
605,0,0,10,14.6868,8564.93
603,0,0,10,14.681,8533.95
710,1,0,0,11.123,739.387,0.0443333,193.369,0.36,1
223,1,0,0,11.1055,646.157
1680,1,0,0,11.096,581.03
225,1,0,0,11.0932,562.11
215,1,0,0,11.0675,358.782
205,1,0,0,11.0436,204.484
196,1,0,0,11.0305,119.897
195,1,0,0,11.0279,100.335
64,1,0,0,11.01,0
603,1,0,1,11.2362,1343.94,0.109,475.425,0.32,2
604,1,0,1,11.2319,1320.8
596,1,0,1,11.2318,1319.83
595,1,0,1,11.2263,1289.42
605,1,0,1,11.2252,1281.43
529,1,0,1,11.2079,1181.4
726,1,0,1,11.192,1080.21
714,1,0,1,11.1919,1078.32
1543,1,0,1,11.187,1047.8
710,1,0,1,11.1673,932.755
455,1,0,2,11.4271,2381.1,0.0408333,178.103,0.03,3
454,1,0,2,11.4243,2365.49
457,1,0,2,11.4176,2311.52
456,1,0,2,11.4124,2282.08
458,1,0,2,11.4029,2220.94
459,1,0,2,11.397,2175.83
1543,1,0,2,11.3877,2113.6
715,1,0,2,11.3829,2069.34
714,1,0,2,11.379,2045.33
726,1,0,2,11.3788,2043.45
529,1,0,2,11.3651,1943.96
605,1,0,2,11.3503,1847.35
603,1,0,2,11.3452,1819.37
1108,1,0,3,11.7352,4036.01,0.0935,407.819,0.09,4
1109,1,0,3,11.73,4009.82
1113,1,0,3,11.7239,3978.77
1847,1,0,3,11.711,3913.57
1086,1,0,3,11.7074,3893.53
1087,1,0,3,11.6928,3820.34
1090,1,0,3,11.6841,3775.18
1076,1,0,3,11.658,3648.2
1074,1,0,3,11.6538,3627.09
1077,1,0,3,11.6443,3576.27
1080,1,0,3,11.6308,3509.06
1079,1,0,3,11.6242,3474.61
1061,1,0,3,11.6199,3453.33
1063,1,0,3,11.6164,3435.16
1062,1,0,3,11.6153,3428.08
2159,1,0,3,11.6151,3426.97
1045,1,0,3,11.6144,3423.81
1012,1,0,3,11.6072,3382.83
1014,1,0,3,11.6066,3379.96
989,1,0,3,11.5956,3321.66
990,1,0,3,11.5855,3271.4
991,1,0,3,11.5829,3259.05
706,1,0,3,11.5759,3219.58
704,1,0,3,11.5733,3206.81
2179,1,0,3,11.5731,3205.95
662,1,0,3,11.5669,3176.3
602,1,0,3,11.5555,3108.03
599,1,0,3,11.5514,3084.77
605,1,0,3,11.5473,3060.78
529,1,0,3,11.5301,2960.75
726,1,0,3,11.5142,2859.56
714,1,0,3,11.514,2857.67
1543,1,0,3,11.5092,2827.15
459,1,0,3,11.4989,2763.75
458,1,0,3,11.4924,2718.49
456,1,0,3,11.4833,2657.7
457,1,0,3,11.4779,2627.48
454,1,0,3,11.4703,2573.52
455,1,0,3,11.4679,2559.21
1304,1,0,4,11.9582,5126.45,0.0428333,186.826,0.12,5
952,1,0,4,11.9338,4993.46
953,1,0,4,11.9231,4938.69
2023,1,0,4,11.9223,4934.59
2108,1,0,4,11.9058,4849.38
1794,1,0,4,11.8987,4813.62
2106,1,0,4,11.8835,4734.25
2039,1,0,4,11.8658,4640.72
1106,1,0,4,11.8562,4588.77
2035,1,0,4,11.842,4514.72
1108,1,0,4,11.8287,4443.83
1302,1,0,5,12.047,5547.28,0.106833,465.975,0.24,6
1303,1,0,5,12.0266,5443.75
1305,1,0,5,12.0131,5374.84
1304,1,0,5,12.001,5313.28
895,1,0,6,12.3196,6862,0.0435,189.734,0.02,7
896,1,0,6,12.3159,6843.75
892,1,0,6,12.3124,6825.97
906,1,0,6,12.2942,6733.17
1555,1,0,6,12.2687,6590.42
2157,1,0,6,12.2561,6529.78
2019,1,0,6,12.227,6394.61
929,1,0,6,12.2266,6392.62
938,1,0,6,12.2145,6326.49
950,1,0,6,12.1986,6245.47
951,1,0,6,12.1921,6212.21
949,1,0,6,12.1805,6152.93
1302,1,0,6,12.1538,6013.26
636,1,0,7,12.5182,7920.24,0.091,396.915,0.15,8
633,1,0,7,12.5115,7886.64
563,1,0,7,12.5062,7861.64
564,1,0,7,12.5008,7832.43
557,1,0,7,12.4959,7801.36
561,1,0,7,12.4894,7754.92
628,1,0,7,12.4853,7729.78
609,1,0,7,12.4735,7654.49
423,1,0,7,12.4676,7598.17
419,1,0,7,12.4609,7560.59
420,1,0,7,12.4548,7524.56
421,1,0,7,12.4503,7497.07
417,1,0,7,12.4453,7470.35
1989,1,0,7,12.4268,7376.14
2011,1,0,7,12.4075,7276.43
891,1,0,7,12.3856,7161.98
893,1,0,7,12.3795,7131.11
894,1,0,7,12.3743,7106.36
895,1,0,7,12.3631,7051.73
64,1,0,8,12.8562,9761.48,0,0,0
195,1,0,8,12.8295,9623.28
196,1,0,8,12.8263,9603.33
205,1,0,8,12.811,9515.59
215,1,0,8,12.7854,9359.03
225,1,0,8,12.7585,9155.96
715,1,0,8,12.7283,8986.39
714,1,0,8,12.7244,8962.24
726,1,0,8,12.7242,8960.38
529,1,0,8,12.71,8860.73
605,1,0,8,12.6952,8764.06
603,1,0,8,12.6889,8730.99
604,1,0,8,12.6849,8709.12
596,1,0,8,12.6848,8708.15
580,1,0,8,12.6732,8643.63
583,1,0,8,12.667,8613.81
587,1,0,8,12.665,8599.54
578,1,0,8,12.6621,8583.48
579,1,0,8,12.6548,8544.68
570,1,0,8,12.6478,8511.52
1994,1,0,8,12.6348,8446.45
562,1,0,8,12.6219,8383.07
639,1,0,8,12.6184,8365.63
638,1,0,8,12.6131,8337.39
636,1,0,8,12.6092,8317.16
220,1,1,0,11.4672,472.978,0.0955,416.542,0.04,1
2130,1,1,0,11.4524,392.48
215,1,1,0,11.4475,358.782
205,1,1,0,11.4236,204.484
196,1,1,0,11.4105,119.897
195,1,1,0,11.4079,100.335
64,1,1,0,11.39,0
64,1,1,1,11.6401,1382.49,0,0,0
195,1,1,1,11.6189,1267.81
196,1,1,1,11.6162,1248.2
205,1,1,1,11.6037,1164.3
215,1,1,1,11.5838,1012.2
2130,1,1,1,11.5794,978.675
220,1,1,1,11.5627,889.52
978,1,2,0,14.4046,1541.01,0.0373333,162.837,0.05,1
1010,1,2,0,14.3901,1465.78
1016,1,2,0,14.3704,1374.31
1548,1,2,0,14.3634,1338.05
1012,1,2,0,14.3584,1312.65
2028,1,2,0,14.3503,1267.19
989,1,2,0,14.3469,1251.45
990,1,2,0,14.3369,1201.19
991,1,2,0,14.3343,1188.84
706,1,2,0,14.3273,1149.38
704,1,2,0,14.3246,1136.6
2179,1,2,0,14.3244,1135.74
662,1,2,0,14.3182,1106.09
602,1,2,0,14.307,1038.03
599,1,2,0,14.303,1015.4
605,1,2,0,14.2993,991.921
529,1,2,0,14.2822,892.037
726,1,2,0,14.2676,792.08
714,1,2,0,14.2674,790.213
715,1,2,0,14.2638,766.53
225,1,2,0,14.2463,605.342
215,1,2,0,14.2204,402.069
205,1,2,0,14.1937,243.798
196,1,2,0,14.1795,157.808
195,1,2,0,14.1768,138.229
64,1,2,0,14.15,0
64,1,2,1,14.7043,3241.41,0,0,0
195,1,2,1,14.683,3126.4
196,1,2,1,14.6803,3106.82
205,1,2,1,14.6661,3020.74
215,1,2,1,14.6416,2865.76
225,1,2,1,14.6168,2661.93
715,1,2,1,14.5818,2471.38
714,1,2,1,14.5781,2447.54
726,1,2,1,14.5779,2445.68
529,1,2,1,14.5638,2346.07
605,1,2,1,14.5485,2248.82
603,1,2,1,14.5427,2217.84
2202,1,2,1,14.5394,2197.3
602,1,2,1,14.5356,2172.71
1851,1,2,1,14.5253,2102.67
1852,1,2,1,14.5175,2066.84
706,1,2,1,14.5046,2003.69
703,1,2,1,14.4984,1973.27
1542,1,2,1,14.4887,1926.61
698,1,2,1,14.4813,1892.09
700,1,2,1,14.4745,1859.46
690,1,2,1,14.4595,1788.46
979,1,2,1,14.4513,1750.44
980,1,2,1,14.4455,1722.03
978,1,2,1,14.4419,1703.84
220,2,0,0,11.7572,472.978,0.0955,416.542,0.04,1
2130,2,0,0,11.7424,392.48
215,2,0,0,11.7375,358.782
205,2,0,0,11.7136,204.484
196,2,0,0,11.7005,119.897
195,2,0,0,11.6979,100.335
64,2,0,0,11.68,0
710,2,0,1,11.9104,1198.14,0.0443333,193.369,0.36,2
223,2,0,1,11.8929,1104.91
224,2,0,1,11.8788,1031.05
222,2,0,1,11.863,945.57
220,2,0,1,11.8527,889.52
603,2,0,2,12.0236,1802.69,0.0631667,275.514,0.35,3
604,2,0,2,12.0193,1779.55
596,2,0,2,12.0192,1778.58
595,2,0,2,12.0137,1748.17
605,2,0,2,12.0126,1740.18
529,2,0,2,11.9953,1640.15
726,2,0,2,11.9795,1538.96
714,2,0,2,11.9793,1537.07
1543,2,0,2,11.9744,1506.55
710,2,0,2,11.9547,1391.51
1108,2,0,3,12.2752,3060.77,0.0588333,256.613,0.13,4
1109,2,0,3,12.2711,3039.24
1113,2,0,3,12.2638,3003.3
1847,2,0,3,12.2508,2937.45
1086,2,0,3,12.2471,2917.22
1087,2,0,3,12.2334,2847.43
1090,2,0,3,12.2242,2800.18
1076,2,0,3,12.2011,2685.99
1074,2,0,3,12.1972,2665.6
1077,2,0,3,12.1868,2611.54
1080,2,0,3,12.1736,2545.1
1079,2,0,3,12.1659,2506.41
1061,2,0,3,12.1617,2485.13
1063,2,0,3,12.1582,2467.32
1062,2,0,3,12.1572,2460.25
2159,2,0,3,12.157,2459.35
1045,2,0,3,12.1563,2456.2
1012,2,0,3,12.1491,2415.21
1014,2,0,3,12.1487,2413.01
989,2,0,3,12.1382,2357.15
990,2,0,3,12.1281,2306.89
704,2,0,3,12.1168,2249.15
2179,2,0,3,12.1166,2248.28
662,2,0,3,12.1104,2218.64
602,2,0,3,12.0995,2150.94
604,2,0,3,12.097,2134.26
596,2,0,3,12.0969,2133.29
595,2,0,3,12.0909,2100.55
603,2,0,3,12.0867,2078.21
1304,2,0,4,12.4669,4012.03,0.0815,355.478,0.17,5
2163,2,0,4,12.4459,3902.29
2051,2,0,4,12.4123,3724.2
2050,2,0,4,12.4012,3665.19
2106,2,0,4,12.3942,3630.46
2039,2,0,4,12.3765,3536.49
1106,2,0,4,12.3666,3483.54
2035,2,0,4,12.3541,3416.72
1108,2,0,4,12.334,3317.39
1302,2,0,5,12.5944,4601.51,0.106833,465.975,0.24,6
1303,2,0,5,12.574,4497.98
1305,2,0,5,12.5605,4429.06
1304,2,0,5,12.5484,4367.51
895,2,0,6,12.867,5916.22,0.0435,189.734,0.02,7
896,2,0,6,12.8633,5897.98
892,2,0,6,12.8598,5880.2
906,2,0,6,12.8416,5787.4
1555,2,0,6,12.8161,5644.65
2157,2,0,6,12.8035,5584.01
2019,2,0,6,12.7744,5448.84
929,2,0,6,12.774,5446.85
938,2,0,6,12.7619,5380.72
950,2,0,6,12.746,5299.7
951,2,0,6,12.7395,5266.44
949,2,0,6,12.7279,5207.16
1302,2,0,6,12.7012,5067.49
978,2,0,7,13.0785,6954.91,0.0648333,282.783,0.06,8
1010,2,0,7,13.0628,6874.76
1011,2,0,7,13.0494,6805.35
1009,2,0,7,13.0442,6777.73
1041,2,0,7,13.0441,6777.04
1039,2,0,7,13.0363,6736.56
1037,2,0,7,13.0267,6689.08
1034,2,0,7,13.018,6643.39
2032,2,0,7,13.0026,6565.8
1050,2,0,7,12.9713,6411.7
1049,2,0,7,12.9713,6411.61
1025,2,0,7,12.9625,6367.95
1029,2,0,7,12.9492,6301.12
1027,2,0,7,12.9374,6242.16
898,2,0,7,12.9292,6198.63
895,2,0,7,12.9105,6105.96
636,2,0,8,13.2206,7619.12,0.0665,290.053,0.15,9
633,2,0,8,13.2149,7589.59
639,2,0,8,13.2115,7571.45
1993,2,0,8,13.1999,7513.16
1995,2,0,8,13.193,7478.8
1996,2,0,8,13.1869,7448.85
1997,2,0,8,13.183,7428.95
2027,2,0,8,13.1581,7308.18
2026,2,0,8,13.1523,7279.69
978,2,0,8,13.1433,7237.69
455,2,0,9,13.4497,8778.28,0.0423333,184.645,0.11,10
453,2,0,9,13.4411,8712.82
452,2,0,9,13.4288,8625.5
1678,2,0,9,13.4131,8541.11
474,2,0,9,13.3931,8441.6
2140,2,0,9,13.3849,8403.76
475,2,0,9,13.3782,8372.49
499,2,0,9,13.3705,8332.9
500,2,0,9,13.3659,8309.5
518,2,0,9,13.3603,8281.31
1754,2,0,9,13.3471,8219.45
540,2,0,9,13.3386,8175.55
541,2,0,9,13.3278,8120.4
572,2,0,9,13.3191,8074.65
1994,2,0,9,13.3094,8024.37
562,2,0,9,13.2999,7975.32
639,2,0,9,13.2964,7957.88
638,2,0,9,13.2912,7930.09
636,2,0,9,13.2871,7909.17
64,2,0,10,13.6705,9954.86,0,0,0
63,2,0,10,13.665,9924.51
199,2,0,10,13.6266,9728.31
202,2,0,10,13.6051,9612.27
208,2,0,10,13.5933,9540.49
170,2,0,10,13.5697,9416.25
176,2,0,10,13.5696,9415.93
183,2,0,10,13.5523,9319.66
192,2,0,10,13.5477,9288.55
458,2,0,10,13.517,9125.31
456,2,0,10,13.5084,9064.91
457,2,0,10,13.5024,9031.86
454,2,0,10,13.4947,8977.88
455,2,0,10,13.4921,8962.92
220,3,0,0,11.6972,472.978,0.0955,416.542,0.04,1
2130,3,0,0,11.6824,392.48
215,3,0,0,11.6775,358.782
205,3,0,0,11.6536,204.484
196,3,0,0,11.6405,119.897
195,3,0,0,11.6379,100.335
64,3,0,0,11.62,0
710,3,0,1,11.8504,1198.14,0.0443333,193.369,0.36,2
223,3,0,1,11.8329,1104.91
224,3,0,1,11.8188,1031.05
222,3,0,1,11.803,945.57
220,3,0,1,11.7927,889.52
455,3,0,2,11.9538,1774.06,0.0408333,178.103,0.03,3
454,3,0,2,11.951,1758.44
457,3,0,2,11.9443,1704.48
456,3,0,2,11.9391,1675.03
458,3,0,2,11.9296,1613.89
459,3,0,2,11.9237,1568.78
1543,3,0,2,11.9144,1506.55
710,3,0,2,11.8947,1391.51
603,3,0,3,12.085,2516.24,0.0631667,275.514,0.35,4
604,3,0,3,12.0808,2493.1
596,3,0,3,12.0806,2492.13
595,3,0,3,12.0752,2461.72
605,3,0,3,12.074,2453.73
529,3,0,3,12.0568,2353.71
726,3,0,3,12.0409,2252.51
714,3,0,3,12.0407,2250.62
1543,3,0,3,12.0359,2220.1
459,3,0,3,12.0256,2156.7
458,3,0,3,12.0191,2111.44
456,3,0,3,12.01,2050.65
457,3,0,3,12.0046,2020.43
454,3,0,3,11.997,1966.47
455,3,0,3,11.9946,1952.16
1108,3,0,4,12.3366,3774.32,0.0588333,256.613,0.13,5
1109,3,0,4,12.3326,3752.79
1113,3,0,4,12.3253,3716.85
1847,3,0,4,12.3123,3651
1086,3,0,4,12.3086,3630.77
1087,3,0,4,12.2949,3560.98
1090,3,0,4,12.2857,3513.73
1076,3,0,4,12.2626,3399.54
1074,3,0,4,12.2586,3379.15
1077,3,0,4,12.2483,3325.1
1080,3,0,4,12.235,3258.65
1079,3,0,4,12.2274,3219.96
1061,3,0,4,12.2231,3198.68
1063,3,0,4,12.2197,3180.87
1062,3,0,4,12.2186,3173.8
2159,3,0,4,12.2185,3172.9
1045,3,0,4,12.2178,3169.75
1012,3,0,4,12.2105,3128.76
1014,3,0,4,12.2101,3126.56
989,3,0,4,12.1996,3070.7
990,3,0,4,12.1896,3020.44
704,3,0,4,12.1783,2962.7
2179,3,0,4,12.1781,2961.83
662,3,0,4,12.1719,2932.19
602,3,0,4,12.1609,2864.49
604,3,0,4,12.1585,2847.81
596,3,0,4,12.1584,2846.84
595,3,0,4,12.1524,2814.1
603,3,0,4,12.1482,2791.76
1304,3,0,5,12.5284,4725.58,0.0815,355.478,0.17,6
2163,3,0,5,12.5074,4615.84
2051,3,0,5,12.4738,4437.75
2050,3,0,5,12.4626,4378.74
2106,3,0,5,12.4557,4344.01
2039,3,0,5,12.438,4250.04
1106,3,0,5,12.4281,4197.09
2035,3,0,5,12.4155,4130.27
1108,3,0,5,12.3955,4030.94
1302,3,0,6,12.6558,5315.06,0.106833,465.975,0.24,7
1303,3,0,6,12.6355,5211.53
1305,3,0,6,12.622,5142.62
1304,3,0,6,12.6099,5081.06
895,3,0,7,12.9285,6629.77,0.0435,189.734,0.02,8
896,3,0,7,12.9248,6611.53
892,3,0,7,12.9213,6593.75
906,3,0,7,12.903,6500.95
1555,3,0,7,12.8775,6358.2
2157,3,0,7,12.8649,6297.56
2019,3,0,7,12.8358,6162.39
929,3,0,7,12.8354,6160.4
938,3,0,7,12.8234,6094.27
950,3,0,7,12.8074,6013.25
951,3,0,7,12.801,5979.99
949,3,0,7,12.7893,5920.71
1302,3,0,7,12.7627,5781.04
978,3,0,8,13.1399,7668.46,0.0648333,282.783,0.06,9
1010,3,0,8,13.1243,7588.31
1011,3,0,8,13.1108,7518.91
1009,3,0,8,13.1057,7491.28
1041,3,0,8,13.1055,7490.59
1039,3,0,8,13.0977,7450.11
1037,3,0,8,13.0882,7402.63
1034,3,0,8,13.0795,7356.94
2032,3,0,8,13.064,7279.35
1050,3,0,8,13.0328,7125.25
1049,3,0,8,13.0328,7125.16
1025,3,0,8,13.0239,7081.5
1029,3,0,8,13.0107,7014.67
1027,3,0,8,12.9989,6955.71
898,3,0,8,12.9906,6912.18
895,3,0,8,12.972,6819.51
636,3,0,9,13.2821,8332.67,0.0665,290.053,0.15,10
633,3,0,9,13.2764,8303.14
639,3,0,9,13.2729,8285
1993,3,0,9,13.2613,8226.71
1995,3,0,9,13.2545,8192.35
1996,3,0,9,13.2484,8162.4
1997,3,0,9,13.2445,8142.5
2027,3,0,9,13.2196,8021.73
2026,3,0,9,13.2138,7993.25
978,3,0,9,13.2048,7951.24
64,3,0,10,13.596,10076.7,0,0,0
195,3,0,10,13.5717,9949.05
196,3,0,10,13.5689,9929.46
205,3,0,10,13.554,9842.34
215,3,0,10,13.5225,9668.03
225,3,0,10,13.4965,9464.79
715,3,0,10,13.4685,9299.91
714,3,0,10,13.4647,9276
726,3,0,10,13.4645,9274.15
529,3,0,10,13.4506,9174.62
605,3,0,10,13.436,9078.13
603,3,0,10,13.4274,9035.49
604,3,0,10,13.4224,9009.09
596,3,0,10,13.4222,9008.12
580,3,0,10,13.4107,8943.8
583,3,0,10,13.4045,8913.98
587,3,0,10,13.4023,8899.6
578,3,0,10,13.3994,8883.5
575,3,0,10,13.3936,8851.06
571,3,0,10,13.391,8835.95
570,3,0,10,13.3871,8816.9
1994,3,0,10,13.3709,8737.92
562,3,0,10,13.3613,8688.87
639,3,0,10,13.3579,8671.43
638,3,0,10,13.3526,8643.64
636,3,0,10,13.3486,8622.72
220,4,0,0,11.0872,472.978,0.0955,416.542,0.04,1
2130,4,0,0,11.0724,392.48
215,4,0,0,11.0675,358.782
205,4,0,0,11.0436,204.484
196,4,0,0,11.0305,119.897
195,4,0,0,11.0279,100.335
64,4,0,0,11.01,0
710,4,0,1,11.2404,1198.14,0.0443333,193.369,0.36,2
223,4,0,1,11.2229,1104.91
224,4,0,1,11.2088,1031.05
222,4,0,1,11.193,945.57
220,4,0,1,11.1827,889.52
455,4,0,2,11.3438,1774.06,0.0408333,178.103,0.03,3
454,4,0,2,11.341,1758.44
457,4,0,2,11.3343,1704.48
456,4,0,2,11.3291,1675.03
458,4,0,2,11.3196,1613.89
459,4,0,2,11.3137,1568.78
1543,4,0,2,11.3044,1506.55
710,4,0,2,11.2847,1391.51
603,4,0,3,11.475,2516.24,0.109,475.425,0.32,4
604,4,0,3,11.4708,2493.1
596,4,0,3,11.4706,2492.13
595,4,0,3,11.4652,2461.72
605,4,0,3,11.464,2453.73
529,4,0,3,11.4468,2353.71
726,4,0,3,11.4309,2252.51
714,4,0,3,11.4307,2250.62
1543,4,0,3,11.4259,2220.1
459,4,0,3,11.4156,2156.7
458,4,0,3,11.4091,2111.44
456,4,0,3,11.4,2050.65
457,4,0,3,11.3946,2020.43
454,4,0,3,11.387,1966.47
455,4,0,3,11.3846,1952.16
1108,4,0,4,11.7762,3990.79,0.0935,407.819,0.09,5
1109,4,0,4,11.7718,3968.11
1113,4,0,4,11.765,3933.96
1847,4,0,4,11.7515,3866.44
1086,4,0,4,11.7479,3846.41
1087,4,0,4,11.7334,3773.22
1090,4,0,4,11.7247,3728.06
1076,4,0,4,11.6985,3601.08
1074,4,0,4,11.6944,3579.96
1077,4,0,4,11.6848,3529.14
1080,4,0,4,11.6713,3461.94
1079,4,0,4,11.6647,3427.48
1061,4,0,4,11.6605,3406.2
1063,4,0,4,11.6569,3388.03
1062,4,0,4,11.6559,3380.95
2159,4,0,4,11.6556,3379.84
1045,4,0,4,11.6549,3376.69
1012,4,0,4,11.6477,3335.7
1014,4,0,4,11.6472,3332.84
989,4,0,4,11.6361,3274.53
990,4,0,4,11.6261,3224.27
991,4,0,4,11.6235,3211.92
706,4,0,4,11.6165,3172.46
704,4,0,4,11.6138,3159.68
2179,4,0,4,11.6136,3158.82
662,4,0,4,11.6074,3129.17
602,4,0,4,11.5961,3060.9
604,4,0,4,11.5935,3044.1
596,4,0,4,11.5934,3043.13
595,4,0,4,11.5879,3012.72
603,4,0,4,11.584,2991.67
1304,4,0,5,11.9992,5081.23,0.0428333,186.826,0.12,6
952,4,0,5,11.9748,4948.24
953,4,0,5,11.9641,4893.46
2023,4,0,5,11.9632,4889.36
2108,4,0,5,11.9468,4804.15
1794,4,0,5,11.9397,4768.39
2106,4,0,5,11.9245,4689.02
2039,4,0,5,11.9068,4595.49
1106,4,0,5,11.8972,4543.54
2035,4,0,5,11.883,4469.49
1108,4,0,5,11.8697,4398.6
895,4,0,6,12.1981,6068.38,0.0435,189.734,0.02,7
907,4,0,6,12.1824,5991.05
908,4,0,6,12.1733,5945.57
2014,4,0,6,12.1727,5942.89
2017,4,0,6,12.1716,5937.2
2170,4,0,6,12.1688,5923.01
1738,4,0,6,12.1514,5836.08
1737,4,0,6,12.1447,5802.3
936,4,0,6,12.1295,5723.39
933,4,0,6,12.1289,5720.45
934,4,0,6,12.1234,5682.8
935,4,0,6,12.1229,5680.19
2020,4,0,6,12.1118,5623.21
1787,4,0,6,12.0922,5526.06
1788,4,0,6,12.0914,5522.36
1789,4,0,6,12.08,5465.37
952,4,0,6,12.0711,5420.92
1304,4,0,6,12.042,5268.05
978,4,0,7,12.4096,7107.07,0.107833,470.336,0.07,8
1010,4,0,7,12.394,7026.92
1011,4,0,7,12.3805,6957.51
1009,4,0,7,12.3753,6929.89
1041,4,0,7,12.3752,6929.2
1039,4,0,7,12.3674,6888.72
1037,4,0,7,12.3578,6841.24
1034,4,0,7,12.3491,6795.55
2032,4,0,7,12.3337,6717.95
1050,4,0,7,12.3024,6563.86
1049,4,0,7,12.3024,6563.77
1025,4,0,7,12.2936,6520.11
1029,4,0,7,12.2803,6453.27
1027,4,0,7,12.2686,6394.32
898,4,0,7,12.2603,6350.79
895,4,0,7,12.2416,6258.12
636,4,0,8,12.603,7991.89,0.091,396.915,0.15,9
633,4,0,8,12.5963,7958.29
639,4,0,8,12.593,7940.75
1993,4,0,8,12.5832,7890.13
1995,4,0,8,12.5737,7844.84
1996,4,0,8,12.5621,7793.1
1997,4,0,8,12.5582,7773.2
2027,4,0,8,12.53,7638.85
2026,4,0,8,12.5243,7610.55
978,4,0,8,12.5174,7577.4
1302,4,0,9,13.0074,10052.1,0.035,152.659,0.22,10
949,4,0,9,12.9855,9932.67
951,4,0,9,12.9741,9874.71
950,4,0,9,12.9667,9837.04
938,4,0,9,12.9548,9773.43
929,4,0,9,12.941,9699.86
2019,4,0,9,12.9406,9697.88
2157,4,0,9,12.9134,9570.15
905,4,0,9,12.8734,9368.7
889,4,0,9,12.8629,9315.26
890,4,0,9,12.8501,9253.96
2013,4,0,9,12.8247,9125.56
1988,4,0,9,12.8034,9016.12
417,4,0,9,12.7809,8902.98
418,4,0,9,12.7768,8882
419,4,0,9,12.7599,8789.83
424,4,0,9,12.7564,8769.89
613,4,0,9,12.7533,8744.91
611,4,0,9,12.7478,8712.02
609,4,0,9,12.7459,8694.23
628,4,0,9,12.7359,8620.21
561,4,0,9,12.7321,8595.49
557,4,0,9,12.724,8547.36
554,4,0,9,12.7217,8535.56
565,4,0,9,12.7136,8490.54
562,4,0,9,12.7067,8454.72
639,4,0,9,12.7032,8437.28
638,4,0,9,12.6979,8409.04
636,4,0,9,12.694,8388.81
64,4,0,10,13.4972,12847.9,0,0,0
195,4,0,10,13.4641,12683
196,4,0,10,13.4613,12663.3
205,4,0,10,13.4461,12575.8
215,4,0,10,13.4219,12421
225,4,0,10,13.3951,12218
715,4,0,10,13.3668,12052.6
714,4,0,10,13.363,12028.7
726,4,0,10,13.3628,12026.8
529,4,0,10,13.3489,11927.3
605,4,0,10,13.3345,11831
603,4,0,10,13.3285,11799.2
604,4,0,10,13.3249,11778.9
596,4,0,10,13.3247,11777.9
580,4,0,10,13.3144,11717.3
574,4,0,10,13.2938,11609.7
573,4,0,10,13.2845,11557.3
564,4,0,10,13.2773,11518
557,4,0,10,13.2714,11484.9
561,4,0,10,13.2647,11438.4
628,4,0,10,13.2604,11413
609,4,0,10,13.2482,11337.2
423,4,0,10,13.2423,11280.9
419,4,0,10,13.237,11246.1
420,4,0,10,13.2319,11211.1
421,4,0,10,13.2279,11184.4
417,4,0,10,13.2234,11159.9
1989,4,0,10,13.2068,11073.5
2011,4,0,10,13.189,10980.3
2156,4,0,10,13.1838,10952.9
2013,4,0,10,13.1831,10949.8
886,4,0,10,13.1712,10891.6
888,4,0,10,13.1514,10785.5
903,4,0,10,13.1376,10715.6
904,4,0,10,13.1342,10697.2
925,4,0,10,13.1108,10569.3
2019,4,0,10,13.1053,10542.1
929,4,0,10,13.1049,10540.1
938,4,0,10,13.093,10474.2
950,4,0,10,13.0795,10403.7
951,4,0,10,13.0725,10368
949,4,0,10,13.0615,10311.5
1302,4,0,10,13.0424,10204.8
710,5,0,0,11.913,739.387,0.0443333,193.369,0.36,1
223,5,0,0,11.8955,646.157
1680,5,0,0,11.886,581.03
225,5,0,0,11.8832,562.11
215,5,0,0,11.8575,358.782
205,5,0,0,11.8336,204.484
196,5,0,0,11.8205,119.897
195,5,0,0,11.8179,100.335
64,5,0,0,11.8,0
603,5,0,1,12.0262,1343.94,0.0631667,275.514,0.35,2
604,5,0,1,12.0219,1320.8
596,5,0,1,12.0218,1319.83
595,5,0,1,12.0163,1289.42
605,5,0,1,12.0152,1281.43
529,5,0,1,11.9979,1181.4
726,5,0,1,11.982,1080.21
714,5,0,1,11.9819,1078.32
1543,5,0,1,11.977,1047.8
710,5,0,1,11.9573,932.755
1108,5,0,2,12.2778,2602.02,0.0588333,256.613,0.13,3
1109,5,0,2,12.2737,2580.49
1113,5,0,2,12.2664,2544.55
1847,5,0,2,12.2534,2478.7
1086,5,0,2,12.2497,2458.47
1087,5,0,2,12.236,2388.68
1090,5,0,2,12.2268,2341.42
1076,5,0,2,12.2037,2227.24
1074,5,0,2,12.1998,2206.85
1077,5,0,2,12.1894,2152.79
1080,5,0,2,12.1762,2086.35
1079,5,0,2,12.1685,2047.66
1061,5,0,2,12.1643,2026.38
1063,5,0,2,12.1608,2008.57
1062,5,0,2,12.1598,2001.5
2159,5,0,2,12.1596,2000.59
1045,5,0,2,12.1589,1997.44
1012,5,0,2,12.1517,1956.46
1014,5,0,2,12.1513,1954.26
989,5,0,2,12.1408,1898.4
990,5,0,2,12.1307,1848.13
704,5,0,2,12.1194,1790.4
2179,5,0,2,12.1192,1789.53
662,5,0,2,12.113,1759.89
602,5,0,2,12.1021,1692.19
604,5,0,2,12.0996,1675.51
596,5,0,2,12.0995,1674.54
595,5,0,2,12.0935,1641.8
603,5,0,2,12.0893,1619.46
1304,5,0,3,12.4695,3553.28,0.0815,355.478,0.17,4
2163,5,0,3,12.4485,3443.54
2051,5,0,3,12.4149,3265.45
2050,5,0,3,12.4037,3206.44
2106,5,0,3,12.3968,3171.71
2039,5,0,3,12.3791,3077.74
1106,5,0,3,12.3692,3024.79
2035,5,0,3,12.3567,2957.97
1108,5,0,3,12.3366,2858.64
1302,5,0,4,12.597,4142.76,0.106833,465.975,0.24,5
1303,5,0,4,12.5766,4039.23
1305,5,0,4,12.5631,3970.31
1304,5,0,4,12.551,3908.76
895,5,0,5,12.8696,5457.47,0.0435,189.734,0.02,6
896,5,0,5,12.8659,5439.23
892,5,0,5,12.8624,5421.45
906,5,0,5,12.8441,5328.65
1555,5,0,5,12.8187,5185.9
2157,5,0,5,12.806,5125.26
2019,5,0,5,12.777,4990.09
929,5,0,5,12.7766,4988.1
938,5,0,5,12.7645,4921.97
950,5,0,5,12.7486,4840.95
951,5,0,5,12.7421,4807.69
949,5,0,5,12.7305,4748.41
1302,5,0,5,12.7038,4608.74
978,5,0,6,13.0811,6496.16,0.0648333,282.783,0.06,7
1010,5,0,6,13.0654,6416.01
1011,5,0,6,13.052,6346.6
1009,5,0,6,13.0468,6318.98
1041,5,0,6,13.0466,6318.29
1039,5,0,6,13.0389,6277.81
1037,5,0,6,13.0293,6230.33
1034,5,0,6,13.0206,6184.64
2032,5,0,6,13.0052,6107.05
1050,5,0,6,12.9739,5952.95
1049,5,0,6,12.9739,5952.86
1025,5,0,6,12.9651,5909.2
1029,5,0,6,12.9518,5842.37
1027,5,0,6,12.94,5783.41
898,5,0,6,12.9317,5739.88
895,5,0,6,12.9131,5647.21
636,5,0,7,13.2232,7160.37,0.0665,290.053,0.15,8
633,5,0,7,13.2175,7130.84
639,5,0,7,13.214,7112.7
1993,5,0,7,13.2025,7054.41
1995,5,0,7,13.1956,7020.05
1996,5,0,7,13.1895,6990.1
1997,5,0,7,13.1856,6970.2
2027,5,0,7,13.1607,6849.43
2026,5,0,7,13.1549,6820.94
978,5,0,7,13.1459,6778.94
455,5,0,8,13.4523,8319.53,0.0423333,184.645,0.11,9
453,5,0,8,13.4437,8254.07
452,5,0,8,13.4314,8166.75
1678,5,0,8,13.4157,8082.36
474,5,0,8,13.3957,7982.85
2140,5,0,8,13.3875,7945.01
475,5,0,8,13.3808,7913.74
499,5,0,8,13.3731,7874.15
500,5,0,8,13.3685,7850.75
518,5,0,8,13.3629,7822.56
1754,5,0,8,13.3497,7760.7
540,5,0,8,13.3412,7716.8
541,5,0,8,13.3304,7661.65
572,5,0,8,13.3217,7615.9
1994,5,0,8,13.312,7565.62
562,5,0,8,13.3025,7516.57
639,5,0,8,13.299,7499.13
638,5,0,8,13.2938,7471.34
636,5,0,8,13.2897,7450.42
220,5,0,9,13.5861,9042.6,0.072,314.042,0.12,10
222,5,0,9,13.5781,8994.87
229,5,0,9,13.5527,8856.22
450,5,0,9,13.5423,8799.33
459,5,0,9,13.5263,8711.97
458,5,0,9,13.5196,8666.56
456,5,0,9,13.511,8606.16
457,5,0,9,13.505,8573.11
454,5,0,9,13.4973,8519.13
455,5,0,9,13.4947,8504.17
64,5,0,10,13.7537,9893.44,0,0,0
195,5,0,10,13.7294,9765.78
196,5,0,10,13.7267,9746.18
205,5,0,10,13.7117,9659.06
215,5,0,10,13.6802,9484.75
2130,5,0,10,13.6761,9451.1
220,5,0,10,13.6581,9356.64
220,6,0,0,11.0872,472.978,0.0955,416.542,0.04,1
2130,6,0,0,11.0724,392.48
215,6,0,0,11.0675,358.782
205,6,0,0,11.0436,204.484
196,6,0,0,11.0305,119.897
195,6,0,0,11.0279,100.335
64,6,0,0,11.01,0
710,6,0,1,11.2404,1198.14,0.0443333,193.369,0.36,2
223,6,0,1,11.2229,1104.91
224,6,0,1,11.2088,1031.05
222,6,0,1,11.193,945.57
220,6,0,1,11.1827,889.52
455,6,0,2,11.3438,1774.06,0.0408333,178.103,0.03,3
454,6,0,2,11.341,1758.44
457,6,0,2,11.3343,1704.48
456,6,0,2,11.3291,1675.03
458,6,0,2,11.3196,1613.89
459,6,0,2,11.3137,1568.78
1543,6,0,2,11.3044,1506.55
710,6,0,2,11.2847,1391.51
603,6,0,3,11.475,2516.24,0.109,475.425,0.32,4
604,6,0,3,11.4708,2493.1
596,6,0,3,11.4706,2492.13
595,6,0,3,11.4652,2461.72
605,6,0,3,11.464,2453.73
529,6,0,3,11.4468,2353.71
726,6,0,3,11.4309,2252.51
714,6,0,3,11.4307,2250.62
1543,6,0,3,11.4259,2220.1
459,6,0,3,11.4156,2156.7
458,6,0,3,11.4091,2111.44
456,6,0,3,11.4,2050.65
457,6,0,3,11.3946,2020.43
454,6,0,3,11.387,1966.47
455,6,0,3,11.3846,1952.16
1108,6,0,4,11.7762,3990.79,0.0935,407.819,0.09,5
1109,6,0,4,11.7718,3968.11
1113,6,0,4,11.765,3933.96
1847,6,0,4,11.7515,3866.44
1086,6,0,4,11.7479,3846.41
1087,6,0,4,11.7334,3773.22
1090,6,0,4,11.7247,3728.06
1076,6,0,4,11.6985,3601.08
1074,6,0,4,11.6944,3579.96
1077,6,0,4,11.6848,3529.14
1080,6,0,4,11.6713,3461.94
1079,6,0,4,11.6647,3427.48
1061,6,0,4,11.6605,3406.2
1063,6,0,4,11.6569,3388.03
1062,6,0,4,11.6559,3380.95
2159,6,0,4,11.6556,3379.84
1045,6,0,4,11.6549,3376.69
1012,6,0,4,11.6477,3335.7
1014,6,0,4,11.6472,3332.84
989,6,0,4,11.6361,3274.53
990,6,0,4,11.6261,3224.27
991,6,0,4,11.6235,3211.92
706,6,0,4,11.6165,3172.46
704,6,0,4,11.6138,3159.68
2179,6,0,4,11.6136,3158.82
662,6,0,4,11.6074,3129.17
602,6,0,4,11.5961,3060.9
604,6,0,4,11.5935,3044.1
596,6,0,4,11.5934,3043.13
595,6,0,4,11.5879,3012.72
603,6,0,4,11.584,2991.67
1304,6,0,5,11.9992,5081.23,0.0428333,186.826,0.12,6
952,6,0,5,11.9748,4948.24
953,6,0,5,11.9641,4893.46
2023,6,0,5,11.9632,4889.36
2108,6,0,5,11.9468,4804.15
1794,6,0,5,11.9397,4768.39
2106,6,0,5,11.9245,4689.02
2039,6,0,5,11.9068,4595.49
1106,6,0,5,11.8972,4543.54
2035,6,0,5,11.883,4469.49
1108,6,0,5,11.8697,4398.6
1302,6,0,6,12.088,5502.06,0.106833,465.975,0.24,7
1303,6,0,6,12.0676,5398.52
1305,6,0,6,12.0541,5329.61
1304,6,0,6,12.042,5268.05
895,6,0,7,12.3606,6816.77,0.0435,189.734,0.02,8
896,6,0,7,12.3569,6798.53
892,6,0,7,12.3534,6780.74
906,6,0,7,12.3351,6687.94
1555,6,0,7,12.3097,6545.19
2157,6,0,7,12.2971,6484.56
2019,6,0,7,12.268,6349.38
929,6,0,7,12.2676,6347.4
938,6,0,7,12.2555,6281.27
950,6,0,7,12.2396,6200.24
951,6,0,7,12.2331,6166.99
949,6,0,7,12.2215,6107.7
1302,6,0,7,12.1948,5968.03
978,6,0,8,12.5721,7855.45,0.107833,470.336,0.07,9
1010,6,0,8,12.5564,7775.3
1011,6,0,8,12.543,7705.9
1009,6,0,8,12.5378,7678.27
1041,6,0,8,12.5376,7677.58
1039,6,0,8,12.5299,7637.11
1037,6,0,8,12.5203,7589.62
1034,6,0,8,12.5116,7543.93
2032,6,0,8,12.4962,7466.34
1050,6,0,8,12.4649,7312.25
1049,6,0,8,12.4649,7312.15
1025,6,0,8,12.4561,7268.49
1029,6,0,8,12.4428,7201.66
1027,6,0,8,12.431,7142.71
898,6,0,8,12.4227,7099.17
895,6,0,8,12.4041,7006.5
636,6,0,9,12.7654,8740.28,0.091,396.915,0.15,10
633,6,0,9,12.7588,8706.67
639,6,0,9,12.7554,8689.13
1993,6,0,9,12.7457,8638.52
1995,6,0,9,12.7361,8593.22
1996,6,0,9,12.7246,8541.49
1997,6,0,9,12.7207,8521.58
2027,6,0,9,12.6925,8387.24
2026,6,0,9,12.6867,8358.94
978,6,0,9,12.6799,8325.79
64,6,0,10,13.1035,10581.5,0,0,0
195,6,0,10,13.0767,10443.3
196,6,0,10,13.0736,10423.4
205,6,0,10,13.0583,10335.6
215,6,0,10,13.0327,10179.1
225,6,0,10,13.0057,9975.99
715,6,0,10,12.9756,9806.43
714,6,0,10,12.9716,9782.27
726,6,0,10,12.9714,9780.42
529,6,0,10,12.9573,9680.77
605,6,0,10,12.9424,9584.1
603,6,0,10,12.9361,9551.02
604,6,0,10,12.9322,9529.16
596,6,0,10,12.932,9528.19
580,6,0,10,12.9205,9463.67
583,6,0,10,12.9143,9433.85
587,6,0,10,12.9122,9419.58
578,6,0,10,12.9093,9403.52
579,6,0,10,12.902,9364.72
570,6,0,10,12.895,9331.56
1994,6,0,10,12.8821,9266.48
562,6,0,10,12.8691,9203.11
639,6,0,10,12.8656,9185.67
638,6,0,10,12.8603,9157.42
636,6,0,10,12.8564,9137.2
710,7,0,0,11.203,739.387,0.0443333,193.369,0.36,1
223,7,0,0,11.1855,646.157
1680,7,0,0,11.176,581.03
225,7,0,0,11.1732,562.11
215,7,0,0,11.1475,358.782
205,7,0,0,11.1236,204.484
196,7,0,0,11.1105,119.897
195,7,0,0,11.1079,100.335
64,7,0,0,11.09,0
455,7,0,1,11.3064,1315.31,0.0408333,178.103,0.03,2
454,7,0,1,11.3036,1299.69
457,7,0,1,11.2969,1245.73
456,7,0,1,11.2917,1216.28
458,7,0,1,11.2822,1155.14
459,7,0,1,11.2763,1110.03
1543,7,0,1,11.267,1047.8
710,7,0,1,11.2473,932.755
603,7,0,2,11.4376,2057.49,0.109,475.425,0.32,3
604,7,0,2,11.4334,2034.35
596,7,0,2,11.4332,2033.38
595,7,0,2,11.4278,2002.97
605,7,0,2,11.4266,1994.98
529,7,0,2,11.4094,1894.95
726,7,0,2,11.3935,1793.76
714,7,0,2,11.3933,1791.87
1543,7,0,2,11.3885,1761.35
459,7,0,2,11.3782,1697.95
458,7,0,2,11.3717,1652.69
456,7,0,2,11.3626,1591.9
457,7,0,2,11.3572,1561.68
454,7,0,2,11.3496,1507.72
455,7,0,2,11.3472,1493.41
1108,7,0,3,11.7388,3532.04,0.0935,407.819,0.09,4
1109,7,0,3,11.7344,3509.36
1113,7,0,3,11.7275,3475.21
1847,7,0,3,11.7141,3407.69
1086,7,0,3,11.7105,3387.66
1087,7,0,3,11.696,3314.47
1090,7,0,3,11.6873,3269.3
1076,7,0,3,11.6611,3142.33
1074,7,0,3,11.657,3121.21
1077,7,0,3,11.6474,3070.39
1080,7,0,3,11.6339,3003.19
1079,7,0,3,11.6273,2968.73
1061,7,0,3,11.623,2947.45
1063,7,0,3,11.6195,2929.28
1062,7,0,3,11.6185,2922.2
2159,7,0,3,11.6182,2921.09
1045,7,0,3,11.6175,2917.94
1012,7,0,3,11.6103,2876.95
1014,7,0,3,11.6098,2874.09
989,7,0,3,11.5987,2815.78
990,7,0,3,11.5886,2765.52
991,7,0,3,11.586,2753.17
706,7,0,3,11.579,2713.7
704,7,0,3,11.5764,2700.93
2179,7,0,3,11.5762,2700.07
662,7,0,3,11.57,2670.42
602,7,0,3,11.5587,2602.15
604,7,0,3,11.5561,2585.35
596,7,0,3,11.556,2584.38
595,7,0,3,11.5505,2553.97
603,7,0,3,11.5466,2532.92
1304,7,0,4,11.9618,4622.48,0.0428333,186.826,0.12,5
952,7,0,4,11.9374,4489.49
953,7,0,4,11.9267,4434.71
2023,7,0,4,11.9258,4430.61
2108,7,0,4,11.9094,4345.4
1794,7,0,4,11.9023,4309.64
2106,7,0,4,11.887,4230.27
2039,7,0,4,11.8694,4136.74
1106,7,0,4,11.8598,4084.79
2035,7,0,4,11.8455,4010.74
1108,7,0,4,11.8323,3939.85
895,7,0,5,12.1607,5609.63,0.0435,189.734,0.02,6
907,7,0,5,12.145,5532.3
908,7,0,5,12.1359,5486.82
2014,7,0,5,12.1353,5484.14
2017,7,0,5,12.1341,5478.45
2170,7,0,5,12.1314,5464.26
1738,7,0,5,12.114,5377.33
1737,7,0,5,12.1073,5343.55
936,7,0,5,12.0921,5264.63
933,7,0,5,12.0915,5261.69
934,7,0,5,12.086,5224.05
935,7,0,5,12.0855,5221.44
2020,7,0,5,12.0744,5164.46
1787,7,0,5,12.0548,5067.31
1788,7,0,5,12.054,5063.61
1789,7,0,5,12.0426,5006.62
952,7,0,5,12.0337,4962.17
1304,7,0,5,12.0046,4809.3
64,7,0,6,12.565,7917.69,0,0,0
195,7,0,6,12.5359,7769.31
196,7,0,6,12.5331,7749.72
205,7,0,6,12.5186,7663.27
215,7,0,6,12.4931,7506.89
225,7,0,6,12.4671,7303.68
715,7,0,6,12.4356,7128.01
714,7,0,6,12.4316,7103.85
726,7,0,6,12.4314,7102
529,7,0,6,12.4173,7002.35
605,7,0,6,12.4024,6905.68
603,7,0,6,12.3961,6872.6
604,7,0,6,12.3921,6850.74
596,7,0,6,12.392,6849.77
580,7,0,6,12.3804,6785.25
574,7,0,6,12.359,6674.12
573,7,0,6,12.3494,6620.33
564,7,0,6,12.3419,6580.06
557,7,0,6,12.3371,6549
561,7,0,6,12.3306,6502.56
628,7,0,6,12.3264,6477.42
609,7,0,6,12.3146,6402.12
423,7,0,6,12.3087,6345.8
419,7,0,6,12.302,6308.23
420,7,0,6,12.296,6272.2
421,7,0,6,12.2914,6244.71
417,7,0,6,12.2864,6217.99
1989,7,0,6,12.268,6123.78
2011,7,0,6,12.2487,6024.07
891,7,0,6,12.2267,5909.61
893,7,0,6,12.2206,5878.74
894,7,0,6,12.2154,5854
895,7,0,6,12.2042,5799.37
1302,7,1,0,13.9042,2766.91,0.035,152.659,0.22,1
949,7,1,0,13.8812,2642.85
2025,7,1,0,13.8777,2625.39
1598,7,1,0,13.8744,2606.63
948,7,1,0,13.8695,2579.61
928,7,1,0,13.8591,2522.31
929,7,1,0,13.8389,2416.19
2019,7,1,0,13.8385,2414.21
2157,7,1,0,13.8124,2290.85
905,7,1,0,13.7755,2102.44
889,7,1,0,13.7662,2054.31
890,7,1,0,13.7596,2018.4
2013,7,1,0,13.7401,1915.19
1988,7,1,0,13.7225,1821.32
417,7,1,0,13.702,1716.71
418,7,1,0,13.698,1695.77
419,7,1,0,13.6825,1609.96
423,7,1,0,13.6763,1573.67
609,7,1,0,13.6704,1517.35
628,7,1,0,13.6606,1443.34
561,7,1,0,13.6567,1418.58
557,7,1,0,13.6493,1371.34
554,7,1,0,13.6471,1360.2
565,7,1,0,13.637,1306.55
573,7,1,0,13.6317,1279.96
574,7,1,0,13.6244,1230.49
580,7,1,0,13.6016,1113.57
596,7,1,0,13.5955,1053.72
595,7,1,0,13.5905,1025.37
605,7,1,0,13.5893,1017.31
529,7,1,0,13.5727,918.413
726,7,1,0,13.5566,816.876
714,7,1,0,13.5564,814.998
715,7,1,0,13.5529,791.373
225,7,1,0,13.5351,630.742
215,7,1,0,13.5079,427.668
205,7,1,0,13.4769,255.297
196,7,1,0,13.4618,168.03
195,7,1,0,13.4592,148.465
64,7,1,0,13.43,0
978,7,1,1,14.2231,4355.78,0.0373333,162.837,0.05,2
1010,7,1,1,14.2082,4278.67
1011,7,1,1,14.1941,4206.68
1009,7,1,1,14.1874,4172.76
1038,7,1,1,14.1794,4132.87
1039,7,1,1,14.1788,4130.2
1037,7,1,1,14.166,4069.25
1034,7,1,1,14.1562,4019.03
2032,7,1,1,14.1408,3941.44
1050,7,1,1,14.1118,3796.99
1804,7,1,1,14.0987,3730.98
2015,7,1,1,14.0875,3674.76
2014,7,1,1,14.0793,3633.76
2017,7,1,1,14.0782,3628.07
2170,7,1,1,14.0753,3613.42
917,7,1,1,14.0691,3582.43
2016,7,1,1,14.0683,3578.62
915,7,1,1,14.0473,3473.67
1555,7,1,1,14.0399,3436.9
2157,7,1,1,14.029,3383.15
2019,7,1,1,14.0021,3256.89
929,7,1,1,14.0017,3254.9
938,7,1,1,13.9898,3189.05
950,7,1,1,13.9763,3118.49
951,7,1,1,13.9693,3082.77
949,7,1,1,13.9583,3026.3
1302,7,1,1,13.9392,2919.57
636,7,1,2,14.3401,4909.04,0.0391667,170.833,0.15,3
631,7,1,2,14.3334,4876.25
630,7,1,2,14.3276,4847.73
637,7,1,2,14.3171,4795.65
1996,7,1,2,14.3046,4732.36
1997,7,1,2,14.3007,4712.46
2027,7,1,2,14.2735,4582.24
2026,7,1,2,14.2677,4553.76
978,7,1,2,14.2604,4518.61
64,7,1,3,14.6255,6540.42,0,0,0
195,7,1,3,14.6039,6424.16
196,7,1,3,14.6012,6404.58
205,7,1,3,14.5869,6318.5
215,7,1,3,14.5625,6163.52
225,7,1,3,14.5376,5959.69
715,7,1,3,14.5027,5769.15
714,7,1,3,14.499,5745.31
726,7,1,3,14.4988,5743.45
529,7,1,3,14.4847,5643.84
605,7,1,3,14.4694,5546.58
603,7,1,3,14.4636,5515.6
604,7,1,3,14.4588,5490.19
596,7,1,3,14.4586,5489.22
580,7,1,3,14.4443,5413.01
583,7,1,3,14.4381,5383.2
587,7,1,3,14.4359,5368.77
578,7,1,3,14.4328,5351.95
575,7,1,3,14.4273,5320.85
571,7,1,3,14.4244,5304.73
570,7,1,3,14.4196,5281.45
1994,7,1,3,14.4068,5217.1
562,7,1,3,14.3935,5152.04
639,7,1,3,14.39,5134.6
638,7,1,3,14.3833,5100.57
636,7,1,3,14.3793,5079.87
220,7,2,0,11.4572,472.978,0.0955,416.542,0.04,1
2130,7,2,0,11.4424,392.48
215,7,2,0,11.4375,358.782
205,7,2,0,11.4136,204.484
196,7,2,0,11.4005,119.897
195,7,2,0,11.3979,100.335
64,7,2,0,11.38,0
64,7,2,1,11.6301,1382.49,0,0,0
195,7,2,1,11.6089,1267.81
196,7,2,1,11.6062,1248.2
205,7,2,1,11.5937,1164.3
215,7,2,1,11.5738,1012.2
2130,7,2,1,11.5694,978.675
220,7,2,1,11.5527,889.52
220,8,0,0,11.1072,472.978,0.0955,416.542,0.04,1
2130,8,0,0,11.0924,392.48
215,8,0,0,11.0875,358.782
205,8,0,0,11.0636,204.484
196,8,0,0,11.0505,119.897
195,8,0,0,11.0479,100.335
64,8,0,0,11.03,0
710,8,0,1,11.2604,1198.14,0.0443333,193.369,0.36,2
223,8,0,1,11.2429,1104.91
224,8,0,1,11.2288,1031.05
222,8,0,1,11.213,945.57
220,8,0,1,11.2027,889.52
455,8,0,2,11.3638,1774.06,0.0408333,178.103,0.03,3
454,8,0,2,11.361,1758.44
457,8,0,2,11.3543,1704.48
456,8,0,2,11.3491,1675.03
458,8,0,2,11.3396,1613.89
459,8,0,2,11.3337,1568.78
1543,8,0,2,11.3244,1506.55
710,8,0,2,11.3047,1391.51
1108,8,0,3,11.6719,3428.96,0.0935,407.819,0.09,4
1109,8,0,3,11.6667,3402.77
1113,8,0,3,11.6606,3371.72
1847,8,0,3,11.6477,3306.52
1086,8,0,3,11.6441,3286.49
1087,8,0,3,11.6295,3213.3
1090,8,0,3,11.6208,3168.13
1076,8,0,3,11.5947,3041.16
1074,8,0,3,11.5905,3020.04
1077,8,0,3,11.581,2969.22
1080,8,0,3,11.5675,2902.01
1079,8,0,3,11.5609,2867.56
1061,8,0,3,11.5566,2846.28
1063,8,0,3,11.5531,2828.11
1062,8,0,3,11.552,2821.03
2159,8,0,3,11.5518,2819.92
1045,8,0,3,11.5511,2816.77
1012,8,0,3,11.5439,2775.78
1014,8,0,3,11.5433,2772.91
989,8,0,3,11.5323,2714.61
990,8,0,3,11.5222,2664.35
991,8,0,3,11.5196,2652
706,8,0,3,11.5126,2612.53
704,8,0,3,11.51,2599.76
2179,8,0,3,11.5098,2598.9
662,8,0,3,11.5036,2569.25
602,8,0,3,11.4922,2500.98
599,8,0,3,11.4881,2477.72
605,8,0,3,11.484,2453.73
529,8,0,3,11.4668,2353.71
726,8,0,3,11.4509,2252.51
714,8,0,3,11.4507,2250.62
1543,8,0,3,11.4459,2220.1
459,8,0,3,11.4356,2156.7
458,8,0,3,11.4291,2111.44
456,8,0,3,11.42,2050.65
457,8,0,3,11.4146,2020.43
454,8,0,3,11.407,1966.47
455,8,0,3,11.4046,1952.16
1304,8,0,4,11.8949,4519.4,0.0428333,186.826,0.12,5
952,8,0,4,11.8705,4386.42
953,8,0,4,11.8598,4331.64
2023,8,0,4,11.859,4327.54
2108,8,0,4,11.8425,4242.33
1794,8,0,4,11.8354,4206.57
2106,8,0,4,11.8202,4127.2
2039,8,0,4,11.8025,4033.67
1106,8,0,4,11.7929,3981.72
2035,8,0,4,11.7787,3907.67
1108,8,0,4,11.7654,3836.78
1302,8,0,5,11.9879,4957.93,0.068,296.595,0.26,6
1303,8,0,5,11.9673,4853.42
1305,8,0,5,11.9527,4779.54
1304,8,0,5,11.9377,4706.23
895,8,0,6,12.2217,6103.27,0.0435,189.734,0.02,7
896,8,0,6,12.218,6085.03
892,8,0,6,12.2145,6067.24
906,8,0,6,12.1963,5974.44
1555,8,0,6,12.1708,5831.69
2157,8,0,6,12.1582,5771.05
2019,8,0,6,12.1291,5635.88
929,8,0,6,12.1287,5633.9
938,8,0,6,12.1166,5567.77
950,8,0,6,12.1007,5486.74
951,8,0,6,12.0942,5453.48
949,8,0,6,12.0826,5394.2
1302,8,0,6,12.0559,5254.53
978,8,0,7,12.4332,7141.95,0.107833,470.336,0.07,8
1010,8,0,7,12.4176,7061.8
1011,8,0,7,12.4041,6992.4
1009,8,0,7,12.3989,6964.77
1041,8,0,7,12.3988,6964.08
1039,8,0,7,12.391,6923.61
1037,8,0,7,12.3814,6876.12
1034,8,0,7,12.3727,6830.43
2032,8,0,7,12.3573,6752.84
1050,8,0,7,12.326,6598.74
1049,8,0,7,12.326,6598.65
1025,8,0,7,12.3172,6554.99
1029,8,0,7,12.3039,6488.16
1027,8,0,7,12.2921,6429.2
898,8,0,7,12.2839,6385.67
895,8,0,7,12.2652,6293
636,8,0,8,12.6266,8026.78,0.091,396.915,0.15,9
633,8,0,8,12.6199,7993.17
639,8,0,8,12.6165,7975.63
1993,8,0,8,12.6068,7925.01
1995,8,0,8,12.5972,7879.72
1996,8,0,8,12.5857,7827.98
1997,8,0,8,12.5818,7808.08
2027,8,0,8,12.5536,7673.74
2026,8,0,8,12.5478,7645.43
978,8,0,8,12.541,7612.29
603,8,0,9,12.7973,8837.52,0.0631667,275.514,0.35,10
604,8,0,9,12.7933,8815.66
596,8,0,9,12.7932,8814.69
580,8,0,9,12.7816,8750.16
583,8,0,9,12.7754,8720.35
587,8,0,9,12.7734,8706.08
578,8,0,9,12.7705,8690.02
579,8,0,9,12.7631,8651.22
570,8,0,9,12.7561,8618.06
1994,8,0,9,12.7432,8552.98
562,8,0,9,12.7302,8489.6
639,8,0,9,12.7268,8472.16
638,8,0,9,12.7214,8443.92
636,8,0,9,12.7176,8423.69
64,8,0,10,13.0277,10143.5,0,0,0
195,8,0,10,13.001,10005.3
196,8,0,10,12.9979,9985.38
205,8,0,10,12.9826,9897.63
215,8,0,10,12.9569,9741.07
225,8,0,10,12.93,9538
715,8,0,10,12.8999,9368.44
714,8,0,10,12.8959,9344.28
726,8,0,10,12.8957,9342.43
529,8,0,10,12.8816,9242.78
605,8,0,10,12.8667,9146.11
603,8,0,10,12.8604,9113.03
220,9,0,0,12.2602,511.167,0.0923333,402.73,0.08,1
2130,9,0,0,12.2424,417.757
215,9,0,0,12.2369,383.417
205,9,0,0,12.2089,223.068
196,9,0,0,12.195,137.521
195,9,0,0,12.1919,117.624
64,9,0,0,12.17,0
603,9,0,1,12.4734,1615.67,0.0631667,275.514,0.35,2
604,9,0,1,12.4695,1593.8
596,9,0,1,12.4693,1592.83
595,9,0,1,12.4633,1560.09
605,9,0,1,12.4621,1552.08
529,9,0,1,12.4449,1452.07
726,9,0,1,12.4301,1351.99
714,9,0,1,12.4299,1350.12
1543,9,0,1,12.4257,1320.16
459,9,0,1,12.4156,1257.06
450,9,0,1,12.3993,1168.32
229,9,0,1,12.3873,1104.61
222,9,0,1,12.3626,968.676
220,9,0,1,12.3526,913.897
1108,9,0,2,12.725,2873.75,0.0588333,256.613,0.13,3
1109,9,0,2,12.7209,2852.21
1113,9,0,2,12.7137,2816.27
1847,9,0,2,12.7006,2750.43
1086,9,0,2,12.697,2730.19
1087,9,0,2,12.6832,2660.4
1090,9,0,2,12.674,2613.15
1076,9,0,2,12.651,2498.97
1074,9,0,2,12.647,2478.57
1077,9,0,2,12.6367,2424.52
1080,9,0,2,12.6234,2358.07
1079,9,0,2,12.6158,2319.39
1061,9,0,2,12.6115,2298.1
1063,9,0,2,12.6081,2280.29
1062,9,0,2,12.607,2273.22
2159,9,0,2,12.6068,2272.32
1045,9,0,2,12.6062,2269.17
1012,9,0,2,12.5989,2228.18
1014,9,0,2,12.5985,2225.98
989,9,0,2,12.588,2170.12
990,9,0,2,12.578,2119.86
704,9,0,2,12.5667,2062.12
2179,9,0,2,12.5665,2061.26
662,9,0,2,12.5603,2031.61
602,9,0,2,12.5493,1963.92
604,9,0,2,12.5469,1947.23
596,9,0,2,12.5468,1946.26
595,9,0,2,12.5407,1913.53
603,9,0,2,12.5366,1891.18
1304,9,0,3,12.9168,3825,0.0815,355.478,0.17,4
2163,9,0,3,12.8958,3715.26
2051,9,0,3,12.8622,3537.17
2050,9,0,3,12.851,3478.16
2106,9,0,3,12.8441,3443.43
2039,9,0,3,12.8263,3349.46
1106,9,0,3,12.8165,3296.52
2035,9,0,3,12.8039,3229.69
1108,9,0,3,12.7839,3130.36
1302,9,0,4,13.0442,4414.49,0.035,152.659,0.22,5
1303,9,0,4,13.0239,4310.95
1305,9,0,4,13.0104,4242.04
1304,9,0,4,12.9983,4180.48
895,9,0,5,13.2282,5344.92,0.0823333,359.113,0.02,6
896,9,0,5,13.2245,5326.68
892,9,0,5,13.2207,5307.93
906,9,0,5,13.2081,5239.07
1555,9,0,5,13.1799,5084.47
2157,9,0,5,13.169,5030.72
2019,9,0,5,13.1421,4904.46
929,9,0,5,13.1417,4902.47
938,9,0,5,13.1297,4836.62
950,9,0,5,13.1162,4766.06
951,9,0,5,13.1092,4730.35
949,9,0,5,13.0982,4673.87
1302,9,0,5,13.0792,4567.15
978,9,0,6,13.4828,6568.41,0.0648333,282.783,0.06,7
1010,9,0,6,13.4691,6496.29
1011,9,0,6,13.4543,6421.57
1009,9,0,6,13.448,6389.14
1038,9,0,6,13.44,6349.25
1039,9,0,6,13.4394,6346.57
1037,9,0,6,13.4265,6285.62
1034,9,0,6,13.4168,6235.41
2032,9,0,6,13.4013,6157.81
2031,9,0,6,13.401,6155.99
1031,9,0,6,13.3911,6108.59
1002,9,0,6,13.3769,6037.86
1024,9,0,6,13.3564,5933.74
1029,9,0,6,13.3512,5907.58
1027,9,0,6,13.3391,5847.48
898,9,0,6,13.329,5796.22
895,9,0,6,13.3105,5704.03
636,9,0,7,13.6249,7232.63,0.0665,290.053,0.15,8
633,9,0,7,13.6193,7203.09
639,9,0,7,13.6158,7184.95
1993,9,0,7,13.6042,7126.67
1995,9,0,7,13.5973,7092.3
1996,9,0,7,13.5912,7062.36
1997,9,0,7,13.5873,7042.46
2027,9,0,7,13.5624,6921.68
2026,9,0,7,13.5566,6893.2
978,9,0,7,13.5476,6851.2
455,9,0,8,13.854,8391.78,0.0423333,184.645,0.11,9
453,9,0,8,13.8454,8326.32
452,9,0,8,13.8332,8239
1678,9,0,8,13.8174,8154.62
474,9,0,8,13.7974,8055.1
2140,9,0,8,13.7893,8017.27
475,9,0,8,13.7826,7986
499,9,0,8,13.7748,7946.41
500,9,0,8,13.7702,7923
518,9,0,8,13.7646,7894.82
1754,9,0,8,13.7514,7832.96
540,9,0,8,13.7429,7789.06
541,9,0,8,13.7321,7733.91
572,9,0,8,13.7235,7688.15
1994,9,0,8,13.7137,7637.87
562,9,0,8,13.7042,7588.83
639,9,0,8,13.7007,7571.38
638,9,0,8,13.6955,7543.59
636,9,0,8,13.6914,7522.68
710,9,0,9,13.9614,8975.63,0.0466667,203.546,0.45,10
1543,9,0,9,13.9381,8847.41
459,9,0,9,13.928,8784.22
458,9,0,9,13.9213,8738.82
456,9,0,9,13.9127,8678.42
457,9,0,9,13.9067,8645.37
454,9,0,9,13.899,8591.39
455,9,0,9,13.8964,8576.43
64,9,0,10,14.1168,9878.01,0,0,0
195,9,0,10,14.0953,9761.76
196,9,0,10,14.0925,9742.18
205,9,0,10,14.0783,9656.1
215,9,0,10,14.0538,9501.12
225,9,0,10,14.029,9297.29
1680,9,0,10,14.0262,9278.45
710,9,0,10,14.0081,9179.18
220,10,0,0,12.8202,511.167,0.0923333,402.73,0.08,1
2130,10,0,0,12.8024,417.757
215,10,0,0,12.7969,383.417
205,10,0,0,12.7689,223.068
196,10,0,0,12.755,137.521
195,10,0,0,12.7519,117.624
64,10,0,0,12.73,0
710,10,0,1,12.977,1250.5,0.0983333,428.9,0.42,2
223,10,0,1,12.9604,1161.15
224,10,0,1,12.9385,1054.49
222,10,0,1,12.9226,968.676
220,10,0,1,12.9126,913.897
455,10,0,2,13.136,2068.33,0.0423333,184.645,0.11,3
454,10,0,2,13.1328,2050.95
457,10,0,2,13.1262,1996.88
456,10,0,2,13.1213,1967.85
458,10,0,2,13.1121,1906.93
459,10,0,2,13.1054,1861.58
1543,10,0,2,13.0969,1799.77
710,10,0,2,13.0754,1679.4
1108,10,0,3,13.442,3715.07,0.0723333,315.496,0.16,4
1109,10,0,3,13.4379,3693.69
1113,10,0,3,13.4315,3661.44
1847,10,0,3,13.4197,3600.81
1086,10,0,3,13.4161,3580.62
1087,10,0,3,13.4026,3512.06
1090,10,0,3,13.394,3467.3
1076,10,0,3,13.376,3373.97
1074,10,0,3,13.3719,3353.31
1077,10,0,3,13.3585,3286.34
1080,10,0,3,13.3436,3212.99
1079,10,0,3,13.3365,3176.51
1061,10,0,3,13.3322,3155.22
1063,10,0,3,13.329,3138.38
1062,10,0,3,13.328,3131.34
2159,10,0,3,13.3278,3130.36
1045,10,0,3,13.3271,3127.21
1012,10,0,3,13.3199,3086.22
2028,10,0,3,13.3118,3040.76
989,10,0,3,13.3084,3025.02
990,10,0,3,13.2983,2974.76
991,10,0,3,13.2957,2962.41
706,10,0,3,13.2887,2922.94
704,10,0,3,13.2861,2910.17
2179,10,0,3,13.2859,2909.31
662,10,0,3,13.2797,2879.66
602,10,0,3,13.2685,2811.52
599,10,0,3,13.264,2786.83
605,10,0,3,13.2588,2758.7
529,10,0,3,13.2422,2659.81
726,10,0,3,13.2261,2558.27
714,10,0,3,13.2259,2556.39
1543,10,0,3,13.2201,2523.95
459,10,0,3,13.21,2460.77
458,10,0,3,13.2033,2415.36
456,10,0,3,13.1947,2354.96
457,10,0,3,13.1887,2321.91
454,10,0,3,13.181,2267.93
455,10,0,3,13.1784,2252.97
1304,10,0,4,13.6429,4709.04,0.0735,320.585,0.21,5
952,10,0,4,13.6189,4577.72
953,10,0,4,13.6066,4516.67
2023,10,0,4,13.6058,4512.57
2108,10,0,4,13.5916,4436.91
1794,10,0,4,13.5853,4404.56
2106,10,0,4,13.5714,4330.81
2039,10,0,4,13.5528,4233.29
1106,10,0,4,13.5426,4178.89
2035,10,0,4,13.5306,4114.3
1108,10,0,4,13.5143,4030.57
1302,10,0,5,13.7635,5268.62,0.035,152.659,0.22,6
1303,10,0,5,13.7431,5164.93
1305,10,0,5,13.7279,5088.91
1304,10,0,5,13.7164,5029.63
895,10,0,6,13.9474,6199.05,0.0823333,359.113,0.02,7
896,10,0,6,13.9437,6180.81
892,10,0,6,13.94,6162.06
906,10,0,6,13.9274,6093.2
1555,10,0,6,13.8992,5938.6
2157,10,0,6,13.8882,5884.85
2019,10,0,6,13.8614,5758.59
929,10,0,6,13.861,5756.61
938,10,0,6,13.849,5690.76
950,10,0,6,13.8355,5620.2
951,10,0,6,13.8285,5584.48
949,10,0,6,13.8175,5528
1302,10,0,6,13.7985,5421.28
978,10,0,7,14.1957,7397.53,0.0373333,162.837,0.05,8
1010,10,0,7,14.1809,7320.76
1011,10,0,7,14.1667,7248.12
1009,10,0,7,14.1611,7218.69
1038,10,0,7,14.1529,7178.09
1039,10,0,7,14.1523,7175.42
1037,10,0,7,14.1425,7126.85
1034,10,0,7,14.1342,7083.01
2032,10,0,7,14.1188,7005.42
1050,10,0,7,14.0924,6871.64
1049,10,0,7,14.0924,6871.55
1025,10,0,7,14.085,6833.85
1029,10,0,7,14.072,6768.06
1027,10,0,7,14.0591,6704.68
898,10,0,7,14.0487,6652.2
895,10,0,7,14.0298,6558.17
636,10,0,8,14.3128,7950.79,0.0391667,170.833,0.15,9
631,10,0,8,14.3061,7917.99
630,10,0,8,14.3003,7889.48
637,10,0,8,14.2897,7837.4
1996,10,0,8,14.2773,7774.11
1997,10,0,8,14.2734,7754.21
2027,10,0,8,14.2462,7623.99
2026,10,0,8,14.2404,7595.51
978,10,0,8,14.2331,7560.36
603,10,0,9,14.4362,8557.35,0.0658333,287.145,0.35,10
604,10,0,9,14.4314,8531.94
596,10,0,9,14.4313,8530.97
580,10,0,9,14.417,8454.76
583,10,0,9,14.4108,8424.95
587,10,0,9,14.4086,8410.52
578,10,0,9,14.4055,8393.7
575,10,0,9,14.4,8362.6
571,10,0,9,14.3971,8346.47
570,10,0,9,14.3922,8323.2
1994,10,0,9,14.3795,8258.84
562,10,0,9,14.3661,8193.79
639,10,0,9,14.3626,8176.35
638,10,0,9,14.3559,8142.32
636,10,0,9,14.3519,8121.62
64,10,0,10,14.664,9869.31,0,0,0
195,10,0,10,14.6424,9753.06
196,10,0,10,14.6397,9733.48
205,10,0,10,14.6254,9647.4
215,10,0,10,14.601,9492.42
225,10,0,10,14.5761,9288.58
715,10,0,10,14.5412,9098.04
714,10,0,10,14.5374,9074.2
726,10,0,10,14.5373,9072.34
529,10,0,10,14.5232,8972.73
605,10,0,10,14.5078,8875.47
603,10,0,10,14.502,8844.49
220,11,0,0,12.8802,511.167,0.0923333,402.73,0.08,1
2130,11,0,0,12.8624,417.757
215,11,0,0,12.8569,383.417
205,11,0,0,12.8289,223.068
196,11,0,0,12.815,137.521
195,11,0,0,12.8119,117.624
64,11,0,0,12.79,0
710,11,0,1,13.037,1250.5,0.0466667,203.546,0.45,2
223,11,0,1,13.0204,1161.15
224,11,0,1,12.9985,1054.49
222,11,0,1,12.9826,968.676
220,11,0,1,12.9726,913.897
455,11,0,2,13.1444,1842.97,0.0423333,184.645,0.11,3
454,11,0,2,13.1411,1825.59
457,11,0,2,13.1346,1771.53
456,11,0,2,13.1296,1742.49
458,11,0,2,13.1204,1681.58
459,11,0,2,13.1138,1636.23
1543,11,0,2,13.1052,1574.42
710,11,0,2,13.0837,1454.05
1108,11,0,3,13.4503,3489.72,0.0723333,315.496,0.16,4
1109,11,0,3,13.4462,3468.33
1113,11,0,3,13.4398,3436.08
1847,11,0,3,13.4281,3375.45
1086,11,0,3,13.4244,3355.26
1087,11,0,3,13.411,3286.71
1090,11,0,3,13.4024,3241.94
1076,11,0,3,13.3843,3148.62
1074,11,0,3,13.3803,3127.95
1077,11,0,3,13.3668,3060.98
1080,11,0,3,13.3519,2987.63
1079,11,0,3,13.3448,2951.15
1061,11,0,3,13.3405,2929.87
1063,11,0,3,13.3373,2913.03
1062,11,0,3,13.3363,2905.99
2159,11,0,3,13.3361,2905
1045,11,0,3,13.3354,2901.85
1012,11,0,3,13.3282,2860.87
2028,11,0,3,13.3201,2815.4
989,11,0,3,13.3167,2799.67
990,11,0,3,13.3067,2749.41
991,11,0,3,13.3041,2737.05
706,11,0,3,13.2971,2697.59
704,11,0,3,13.2944,2684.82
2179,11,0,3,13.2942,2683.96
662,11,0,3,13.288,2654.31
602,11,0,3,13.2768,2586.17
599,11,0,3,13.2723,2561.47
605,11,0,3,13.2671,2533.35
529,11,0,3,13.2506,2434.45
726,11,0,3,13.2344,2332.92
714,11,0,3,13.2342,2331.04
1543,11,0,3,13.2285,2298.6
459,11,0,3,13.2183,2235.42
458,11,0,3,13.2116,2190.01
456,11,0,3,13.203,2129.61
457,11,0,3,13.197,2096.56
454,11,0,3,13.1894,2042.58
455,11,0,3,13.1867,2027.62
1304,11,0,4,13.6512,4483.69,0.0735,320.585,0.21,5
952,11,0,4,13.6272,4352.37
953,11,0,4,13.6149,4291.32
2023,11,0,4,13.6141,4287.22
2108,11,0,4,13.5999,4211.55
1794,11,0,4,13.5936,4179.21
2106,11,0,4,13.5797,4105.45
2039,11,0,4,13.5612,4007.94
1106,11,0,4,13.5509,3953.53
2035,11,0,4,13.5389,3888.95
1108,11,0,4,13.5226,3805.21
1302,11,0,5,13.7718,5043.27,0.035,152.659,0.22,6
1303,11,0,5,13.7515,4939.58
1305,11,0,5,13.7362,4863.56
1304,11,0,5,13.7247,4804.28
895,11,0,6,13.9558,5973.7,0.0823333,359.113,0.02,7
896,11,0,6,13.9521,5955.46
892,11,0,6,13.9483,5936.71
906,11,0,6,13.9357,5867.85
1555,11,0,6,13.9075,5713.25
2157,11,0,6,13.8966,5659.5
2019,11,0,6,13.8697,5533.24
929,11,0,6,13.8693,5531.26
938,11,0,6,13.8573,5465.41
950,11,0,6,13.8438,5394.84
951,11,0,6,13.8368,5359.13
949,11,0,6,13.8259,5302.65
1302,11,0,6,13.8068,5195.93
978,11,0,7,14.2041,7172.17,0.0373333,162.837,0.05,8
1010,11,0,7,14.1892,7095.41
1011,11,0,7,14.175,7022.77
1009,11,0,7,14.1694,6993.33
1038,11,0,7,14.1612,6952.74
1039,11,0,7,14.1606,6950.06
1037,11,0,7,14.1508,6901.5
1034,11,0,7,14.1426,6857.66
2032,11,0,7,14.1271,6780.07
1050,11,0,7,14.1007,6646.28
1049,11,0,7,14.1007,6646.19
1025,11,0,7,14.0933,6608.49
1029,11,0,7,14.0803,6542.71
1027,11,0,7,14.0675,6479.33
898,11,0,7,14.0571,6426.85
895,11,0,7,14.0381,6332.81
636,11,0,8,14.3211,7725.43,0.0391667,170.833,0.15,9
631,11,0,8,14.3144,7692.64
630,11,0,8,14.3086,7664.12
637,11,0,8,14.298,7612.04
1996,11,0,8,14.2856,7548.76
1997,11,0,8,14.2817,7528.85
2027,11,0,8,14.2545,7398.64
2026,11,0,8,14.2487,7370.15
978,11,0,8,14.2414,7335.01
603,11,0,9,14.4445,8331.99,0.0658333,287.145,0.35,10
604,11,0,9,14.4397,8306.58
596,11,0,9,14.4396,8305.61
580,11,0,9,14.4253,8229.41
583,11,0,9,14.4191,8199.59
587,11,0,9,14.4169,8185.16
578,11,0,9,14.4138,8168.35
575,11,0,9,14.4083,8137.24
571,11,0,9,14.4054,8121.12
570,11,0,9,14.4006,8097.85
1994,11,0,9,14.3878,8033.49
562,11,0,9,14.3744,7968.44
639,11,0,9,14.371,7950.99
638,11,0,9,14.3643,7916.96
636,11,0,9,14.3603,7896.26
64,11,0,10,14.6723,9643.96,0,0,0
195,11,0,10,14.6507,9527.7
196,11,0,10,14.648,9508.12
205,11,0,10,14.6338,9422.04
215,11,0,10,14.6093,9267.06
225,11,0,10,14.5845,9063.23
715,11,0,10,14.5495,8872.69
714,11,0,10,14.5458,8848.84
726,11,0,10,14.5456,8846.99
529,11,0,10,14.5315,8747.38
605,11,0,10,14.5162,8650.12
603,11,0,10,14.5104,8619.14
220,12,0,0,11.2072,472.978,0.0955,416.542,0.04,1
2130,12,0,0,11.1924,392.48
215,12,0,0,11.1875,358.782
205,12,0,0,11.1636,204.484
196,12,0,0,11.1505,119.897
195,12,0,0,11.1479,100.335
64,12,0,0,11.13,0
710,12,0,1,11.3604,1198.14,0.0443333,193.369,0.36,2
223,12,0,1,11.3429,1104.91
224,12,0,1,11.3288,1031.05
222,12,0,1,11.313,945.57
220,12,0,1,11.3027,889.52
455,12,0,2,11.4638,1774.06,0.0408333,178.103,0.03,3
454,12,0,2,11.461,1758.44
457,12,0,2,11.4543,1704.48
456,12,0,2,11.4491,1675.03
458,12,0,2,11.4396,1613.89
459,12,0,2,11.4337,1568.78
1543,12,0,2,11.4244,1506.55
710,12,0,2,11.4047,1391.51
1108,12,0,3,11.7719,3428.96,0.0935,407.819,0.09,4
1109,12,0,3,11.7667,3402.77
1113,12,0,3,11.7606,3371.72
1847,12,0,3,11.7477,3306.52
1086,12,0,3,11.7441,3286.49
1087,12,0,3,11.7295,3213.3
1090,12,0,3,11.7208,3168.13
1076,12,0,3,11.6947,3041.16
1074,12,0,3,11.6905,3020.04
1077,12,0,3,11.681,2969.22
1080,12,0,3,11.6675,2902.01
1079,12,0,3,11.6609,2867.56
1061,12,0,3,11.6566,2846.28
1063,12,0,3,11.6531,2828.11
1062,12,0,3,11.652,2821.03
2159,12,0,3,11.6518,2819.92
1045,12,0,3,11.6511,2816.77
1012,12,0,3,11.6439,2775.78
1014,12,0,3,11.6433,2772.91
989,12,0,3,11.6323,2714.61
990,12,0,3,11.6222,2664.35
991,12,0,3,11.6196,2652
706,12,0,3,11.6126,2612.53
704,12,0,3,11.61,2599.76
2179,12,0,3,11.6098,2598.9
662,12,0,3,11.6036,2569.25
602,12,0,3,11.5922,2500.98
599,12,0,3,11.5881,2477.72
605,12,0,3,11.584,2453.73
529,12,0,3,11.5668,2353.71
726,12,0,3,11.5509,2252.51
714,12,0,3,11.5507,2250.62
1543,12,0,3,11.5459,2220.1
459,12,0,3,11.5356,2156.7
458,12,0,3,11.5291,2111.44
456,12,0,3,11.52,2050.65
457,12,0,3,11.5146,2020.43
454,12,0,3,11.507,1966.47
455,12,0,3,11.5046,1952.16
1304,12,0,4,11.9949,4519.4,0.0428333,186.826,0.12,5
952,12,0,4,11.9705,4386.42
953,12,0,4,11.9598,4331.64
2023,12,0,4,11.959,4327.54
2108,12,0,4,11.9425,4242.33
1794,12,0,4,11.9354,4206.57
2106,12,0,4,11.9202,4127.2
2039,12,0,4,11.9025,4033.67
1106,12,0,4,11.8929,3981.72
2035,12,0,4,11.8787,3907.67
1108,12,0,4,11.8654,3836.78
1302,12,0,5,12.0837,4940.23,0.106833,465.975,0.24,6
1303,12,0,5,12.0633,4836.7
1305,12,0,5,12.0498,4767.79
1304,12,0,5,12.0377,4706.23
895,12,0,6,12.3563,6254.95,0.0435,189.734,0.02,7
896,12,0,6,12.3526,6236.71
892,12,0,6,12.3491,6218.92
906,12,0,6,12.3309,6126.12
1555,12,0,6,12.3054,5983.37
2157,12,0,6,12.2928,5922.73
2019,12,0,6,12.2637,5787.56
929,12,0,6,12.2633,5785.58
938,12,0,6,12.2512,5719.45
950,12,0,6,12.2353,5638.42
951,12,0,6,12.2288,5605.16
949,12,0,6,12.2172,5545.88
1302,12,0,6,12.1905,5406.21
978,12,0,7,12.5678,7293.63,0.107833,470.336,0.07,8
1010,12,0,7,12.5521,7213.48
1011,12,0,7,12.5387,7144.08
1009,12,0,7,12.5335,7116.45
1041,12,0,7,12.5334,7115.76
1039,12,0,7,12.5256,7075.29
1037,12,0,7,12.516,7027.8
1034,12,0,7,12.5073,6982.11
2032,12,0,7,12.4919,6904.52
1050,12,0,7,12.4606,6750.42
1049,12,0,7,12.4606,6750.33
1025,12,0,7,12.4518,6706.67
1029,12,0,7,12.4385,6639.84
1027,12,0,7,12.4267,6580.88
898,12,0,7,12.4184,6537.35
895,12,0,7,12.3998,6444.68
636,12,0,8,12.7611,8178.46,0.091,396.915,0.15,9
633,12,0,8,12.7545,8144.85
639,12,0,8,12.7511,8127.31
1993,12,0,8,12.7414,8076.69
1995,12,0,8,12.7318,8031.4
1996,12,0,8,12.7203,7979.66
1997,12,0,8,12.7164,7959.76
2027,12,0,8,12.6882,7825.42
2026,12,0,8,12.6824,7797.11
978,12,0,8,12.6756,7763.97
603,12,0,9,12.9319,8989.2,0.0631667,275.514,0.35,10
604,12,0,9,12.9279,8967.34
596,12,0,9,12.9277,8966.37
580,12,0,9,12.9162,8901.84
583,12,0,9,12.91,8872.03
587,12,0,9,12.9079,8857.76
578,12,0,9,12.905,8841.7
579,12,0,9,12.8977,8802.9
570,12,0,9,12.8907,8769.74
1994,12,0,9,12.8778,8704.66
562,12,0,9,12.8648,8641.29
639,12,0,9,12.8614,8623.84
638,12,0,9,12.856,8595.6
636,12,0,9,12.8521,8575.37
64,12,0,10,13.1623,10295.2,0,0,0
195,12,0,10,13.1356,10157
196,12,0,10,13.1324,10137.1
205,12,0,10,13.1171,10049.3
215,12,0,10,13.0915,9892.75
225,12,0,10,13.0646,9689.68
715,12,0,10,13.0345,9520.12
714,12,0,10,13.0305,9495.96
726,12,0,10,13.0303,9494.11
529,12,0,10,13.0162,9394.46
605,12,0,10,13.0013,9297.79
603,12,0,10,12.995,9264.71
603,13,0,0,12.3599,1036.37,0.0631667,275.514,0.35,1
604,13,0,0,12.3559,1014.51
596,13,0,0,12.3558,1013.54
595,13,0,0,12.3497,980.797
605,13,0,0,12.3486,972.784
529,13,0,0,12.3313,872.775
726,13,0,0,12.3166,772.69
714,13,0,0,12.3164,770.827
715,13,0,0,12.3128,747.175
225,13,0,0,12.2949,586.655
215,13,0,0,12.2669,383.417
205,13,0,0,12.2389,223.068
196,13,0,0,12.225,137.521
195,13,0,0,12.2219,117.624
64,13,0,0,12.2,0
978,13,0,1,12.5347,1890,0.107833,470.336,0.07,2
1010,13,0,1,12.5191,1809.85
1016,13,0,1,12.4966,1707.34
1548,13,0,1,12.4896,1671.31
1012,13,0,1,12.4854,1648.89
1014,13,0,1,12.485,1646.68
989,13,0,1,12.4745,1590.82
990,13,0,1,12.4644,1540.56
704,13,0,1,12.4531,1482.82
2179,13,0,1,12.4529,1481.96
662,13,0,1,12.4467,1452.31
602,13,0,1,12.4358,1384.62
604,13,0,1,12.4333,1367.94
596,13,0,1,12.4332,1366.97
595,13,0,1,12.4272,1334.23
603,13,0,1,12.423,1311.88
1108,13,0,2,12.7823,3062.26,0.0588333,256.613,0.13,3
1109,13,0,2,12.7782,3040.72
1848,13,0,2,12.758,2946.21
1069,13,0,2,12.7503,2904.46
1784,13,0,2,12.7341,2818.91
1053,13,0,2,12.7306,2801.06
2033,13,0,2,12.7111,2709.47
1054,13,0,2,12.7035,2668.56
1037,13,0,2,12.6987,2642.84
1039,13,0,2,12.6912,2604.23
1041,13,0,2,12.6817,2556.4
2030,13,0,2,12.6755,2525.47
1011,13,0,2,12.6753,2524.62
1547,13,0,2,12.661,2454.5
1546,13,0,2,12.656,2428.81
975,13,0,2,12.6528,2411.66
981,13,0,2,12.6487,2390.87
980,13,0,2,12.6462,2378.83
978,13,0,2,12.6426,2360.34
1304,13,0,3,12.974,4013.52,0.0815,355.478,0.17,4
2163,13,0,3,12.953,3903.78
2051,13,0,3,12.9194,3725.69
2050,13,0,3,12.9082,3666.68
2106,13,0,3,12.9013,3631.94
2039,13,0,3,12.8836,3537.97
1106,13,0,3,12.8737,3485.03
2035,13,0,3,12.8611,3418.2
1108,13,0,3,12.8411,3318.87
1302,13,0,4,13.1026,4607.99,0.035,152.659,0.22,5
1303,13,0,4,13.0823,4504.3
1305,13,0,4,13.0671,4428.28
1304,13,0,4,13.0555,4368.99
895,13,0,5,13.2866,5538.42,0.0823333,359.113,0.02,6
896,13,0,5,13.2829,5520.18
892,13,0,5,13.2792,5501.43
906,13,0,5,13.2665,5432.57
1555,13,0,5,13.2383,5277.97
2157,13,0,5,13.2274,5224.22
2019,13,0,5,13.2005,5097.96
929,13,0,5,13.2001,5095.97
938,13,0,5,13.1881,5030.12
950,13,0,5,13.1747,4959.56
951,13,0,5,13.1677,4923.85
949,13,0,5,13.1567,4867.37
1302,13,0,5,13.1376,4760.65
636,13,0,6,13.5105,6709.58,0.0665,290.053,0.15,7
633,13,0,6,13.5048,6680.05
563,13,0,6,13.4995,6655.05
564,13,0,6,13.4937,6624.21
557,13,0,6,13.4878,6591.12
561,13,0,6,13.4811,6544.59
628,13,0,6,13.4768,6519.22
609,13,0,6,13.4646,6443.42
423,13,0,6,13.4587,6387.1
419,13,0,6,13.4534,6352.25
420,13,0,6,13.4483,6317.31
421,13,0,6,13.4443,6290.53
417,13,0,6,13.4398,6266.05
1989,13,0,6,13.4232,6179.63
2011,13,0,6,13.4054,6086.44
891,13,0,6,13.3855,5980.55
892,13,0,6,13.375,5928.91
896,13,0,6,13.3724,5914.85
895,13,0,6,13.3689,5897.53
455,13,0,7,13.7396,7868.74,0.0423333,184.645,0.11,8
453,13,0,7,13.7309,7803.28
452,13,0,7,13.7187,7715.96
1678,13,0,7,13.703,7631.57
474,13,0,7,13.683,7532.06
2140,13,0,7,13.6748,7494.22
475,13,0,7,13.6681,7462.95
499,13,0,7,13.6603,7423.36
500,13,0,7,13.6557,7399.96
518,13,0,7,13.6502,7371.77
1754,13,0,7,13.637,7309.91
540,13,0,7,13.6284,7266.01
541,13,0,7,13.6177,7210.86
572,13,0,7,13.609,7165.11
1994,13,0,7,13.5993,7114.83
562,13,0,7,13.5897,7065.78
639,13,0,7,13.5863,7048.34
638,13,0,7,13.581,7020.55
636,13,0,7,13.577,6999.63
710,13,0,8,13.847,8452.59,0.0466667,203.546,0.45,9
1543,13,0,8,13.8237,8324.37
459,13,0,8,13.8136,8261.18
458,13,0,8,13.8069,8215.78
456,13,0,8,13.7983,8155.37
457,13,0,8,13.7922,8122.33
454,13,0,8,13.7846,8068.35
455,13,0,8,13.7819,8053.38
220,13,0,9,13.957,8990.13,0.072,314.042,0.12,10
222,13,0,9,13.949,8942.4
224,13,0,9,13.9328,8855.4
223,13,0,9,13.9167,8772.72
710,13,0,9,13.8937,8656.13
64,13,0,10,14.1126,9802.85,0,0,0
195,13,0,10,14.0911,9686.59
196,13,0,10,14.0883,9667.01
205,13,0,10,14.0741,9580.93
215,13,0,10,14.0496,9425.96
2130,13,0,10,14.0456,9392.3
220,13,0,10,14.029,9304.17
220,14,0,0,12.9402,511.167,0.0923333,402.73,0.08,1
2130,14,0,0,12.9224,417.757
215,14,0,0,12.9169,383.417
205,14,0,0,12.8889,223.068
196,14,0,0,12.875,137.521
195,14,0,0,12.8719,117.624
64,14,0,0,12.85,0
455,14,0,1,13.1263,1463.97,0.0423333,184.645,0.11,2
454,14,0,1,13.1231,1446.59
457,14,0,1,13.1165,1392.52
456,14,0,1,13.1116,1363.49
458,14,0,1,13.1023,1302.57
459,14,0,1,13.0957,1257.22
450,14,0,1,13.0805,1173.3
229,14,0,1,13.0694,1113.43
222,14,0,1,13.0412,962.82
220,14,0,1,13.0326,913.897
1108,14,0,2,13.4322,3110.71,0.0723333,315.496,0.16,3
1109,14,0,2,13.4282,3089.33
1113,14,0,2,13.4218,3057.08
1847,14,0,2,13.41,2996.45
1086,14,0,2,13.4063,2976.26
1087,14,0,2,13.3929,2907.7
1090,14,0,2,13.3843,2862.94
1076,14,0,2,13.3662,2769.61
1074,14,0,2,13.3622,2748.95
1077,14,0,2,13.3488,2681.98
1080,14,0,2,13.3339,2608.63
1079,14,0,2,13.3267,2572.15
1061,14,0,2,13.3225,2550.86
1063,14,0,2,13.3193,2534.02
1062,14,0,2,13.3183,2526.98
2159,14,0,2,13.318,2526
1045,14,0,2,13.3174,2522.85
1012,14,0,2,13.3101,2481.86
2028,14,0,2,13.3021,2436.4
989,14,0,2,13.2987,2420.66
990,14,0,2,13.2886,2370.4
991,14,0,2,13.286,2358.05
706,14,0,2,13.279,2318.58
704,14,0,2,13.2764,2305.81
2179,14,0,2,13.2762,2304.95
662,14,0,2,13.27,2275.3
602,14,0,2,13.2587,2207.17
599,14,0,2,13.2542,2182.47
605,14,0,2,13.2491,2154.34
529,14,0,2,13.2325,2055.45
726,14,0,2,13.2164,1953.91
714,14,0,2,13.2162,1952.03
1543,14,0,2,13.2104,1919.6
459,14,0,2,13.2003,1856.41
458,14,0,2,13.1936,1811.01
456,14,0,2,13.185,1750.6
457,14,0,2,13.1789,1717.56
454,14,0,2,13.1713,1663.57
455,14,0,2,13.1686,1648.61
1304,14,0,3,13.6331,4104.69,0.0735,320.585,0.21,4
952,14,0,3,13.6091,3973.36
953,14,0,3,13.5969,3912.31
2023,14,0,3,13.5961,3908.21
2108,14,0,3,13.5818,3832.55
1794,14,0,3,13.5756,3800.2
2106,14,0,3,13.5617,3726.45
2039,14,0,3,13.5431,3628.93
1106,14,0,3,13.5329,3574.53
2035,14,0,3,13.5209,3509.94
1108,14,0,3,13.5046,3426.21
1302,14,0,4,13.7538,4664.26,0.035,152.659,0.22,5
1303,14,0,4,13.7334,4560.57
1305,14,0,4,13.7182,4484.55
1304,14,0,4,13.7066,4425.27
895,14,0,5,13.9377,5594.69,0.0823333,359.113,0.02,6
896,14,0,5,13.934,5576.45
892,14,0,5,13.9303,5557.7
906,14,0,5,13.9177,5488.84
1555,14,0,5,13.8894,5334.24
2157,14,0,5,13.8785,5280.49
2019,14,0,5,13.8517,5154.23
929,14,0,5,13.8512,5152.25
938,14,0,5,13.8393,5086.4
950,14,0,5,13.8258,5015.84
951,14,0,5,13.8188,4980.12
949,14,0,5,13.8078,4923.64
1302,14,0,5,13.7888,4816.92
978,14,0,6,14.186,6793.17,0.0373333,162.837,0.05,7
1010,14,0,6,14.1712,6716.4
1011,14,0,6,14.157,6643.76
1009,14,0,6,14.1513,6614.33
1038,14,0,6,14.1432,6573.73
1039,14,0,6,14.1426,6571.06
1037,14,0,6,14.1327,6522.49
1034,14,0,6,14.1245,6478.66
2032,14,0,6,14.109,6401.06
1050,14,0,6,14.0827,6267.28
1049,14,0,6,14.0827,6267.19
1025,14,0,6,14.0753,6229.49
1029,14,0,6,14.0623,6163.7
1027,14,0,6,14.0494,6100.32
898,14,0,6,14.039,6047.84
895,14,0,6,14.02,5953.81
636,14,0,7,14.3031,7346.43,0.0391667,170.833,0.15,8
631,14,0,7,14.2964,7313.63
630,14,0,7,14.2906,7285.12
637,14,0,7,14.28,7233.04
1996,14,0,7,14.2676,7169.75
1997,14,0,7,14.2637,7149.85
2027,14,0,7,14.2364,7019.63
2026,14,0,7,14.2306,6991.15
978,14,0,7,14.2233,6956
603,14,0,8,14.4265,7952.99,0.0658333,287.145,0.35,9
604,14,0,8,14.4217,7927.58
596,14,0,8,14.4216,7926.61
580,14,0,8,14.4073,7850.4
583,14,0,8,14.4011,7820.59
587,14,0,8,14.3988,7806.16
578,14,0,8,14.3958,7789.34
575,14,0,8,14.3902,7758.24
571,14,0,8,14.3873,7742.11
570,14,0,8,14.3825,7718.84
1994,14,0,8,14.3698,7654.49
562,14,0,8,14.3564,7589.43
639,14,0,8,14.3529,7571.99
638,14,0,8,14.3462,7537.96
636,14,0,8,14.3422,7517.26
710,14,0,9,14.5561,8653.53,0.0876667,382.376,0.44,10
1543,14,0,9,14.5362,8538.16
715,14,0,9,14.5315,8493.68
714,14,0,9,14.5277,8469.84
726,14,0,9,14.5275,8467.98
529,14,0,9,14.5135,8368.37
605,14,0,9,14.4981,8271.11
603,14,0,9,14.4923,8240.13
64,14,0,10,14.7525,9734.74,0,0,0
195,14,0,10,14.7309,9618.49
196,14,0,10,14.7282,9598.91
205,14,0,10,14.7139,9512.83
215,14,0,10,14.6895,9357.85
225,14,0,10,14.6646,9154.01
1680,14,0,10,14.6618,9135.17
710,14,0,10,14.6438,9035.9
603,15,0,0,11.1584,1012.31,0.109,475.425,0.32,1
604,15,0,0,11.1541,989.164
596,15,0,0,11.154,988.193
595,15,0,0,11.1485,957.784
605,15,0,0,11.1474,949.793
529,15,0,0,11.1302,849.768
726,15,0,0,11.1143,748.573
714,15,0,0,11.1141,746.688
715,15,0,0,11.1107,723.201
225,15,0,0,11.0932,562.11
215,15,0,0,11.0675,358.782
205,15,0,0,11.0436,204.484
196,15,0,0,11.0305,119.897
195,15,0,0,11.0279,100.335
64,15,0,0,11.01,0
1108,15,0,1,11.4595,2486.85,0.0935,407.819,0.09,2
1109,15,0,1,11.4552,2464.18
1113,15,0,1,11.4483,2430.03
1847,15,0,1,11.4349,2362.5
1086,15,0,1,11.4313,2342.47
1087,15,0,1,11.4167,2269.28
1090,15,0,1,11.408,2224.12
1076,15,0,1,11.3819,2097.14
1074,15,0,1,11.3778,2076.03
1077,15,0,1,11.3682,2025.21
1080,15,0,1,11.3547,1958
1079,15,0,1,11.3481,1923.55
1061,15,0,1,11.3438,1902.26
1063,15,0,1,11.3403,1884.1
1062,15,0,1,11.3392,1877.02
2159,15,0,1,11.339,1875.9
1045,15,0,1,11.3383,1872.75
1012,15,0,1,11.3311,1831.77
1014,15,0,1,11.3305,1828.9
989,15,0,1,11.3195,1770.6
990,15,0,1,11.3094,1720.33
991,15,0,1,11.3068,1707.98
706,15,0,1,11.2998,1668.52
704,15,0,1,11.2972,1655.75
2179,15,0,1,11.297,1654.88
662,15,0,1,11.2908,1625.24
602,15,0,1,11.2794,1556.96
604,15,0,1,11.2769,1540.16
596,15,0,1,11.2767,1539.19
595,15,0,1,11.2713,1508.78
603,15,0,1,11.2674,1487.73
1304,15,0,2,11.6826,3577.29,0.0428333,186.826,0.12,3
952,15,0,2,11.6582,3444.3
953,15,0,2,11.6474,3389.53
2023,15,0,2,11.6466,3385.43
2108,15,0,2,11.6301,3300.22
1794,15,0,2,11.6231,3264.46
2106,15,0,2,11.6078,3185.09
2039,15,0,2,11.5902,3091.56
1106,15,0,2,11.5806,3039.61
2035,15,0,2,11.5663,2965.56
1108,15,0,2,11.553,2894.67
895,15,0,3,11.8842,4576.55,0.103333,450.709,0.01,4
907,15,0,3,11.8686,4499.65
908,15,0,3,11.8593,4453.6
2014,15,0,3,11.8587,4450.92
2017,15,0,3,11.8576,4445.23
2170,15,0,3,11.8546,4430.37
1738,15,0,3,11.8401,4355.29
1737,15,0,3,11.8347,4327.23
936,15,0,3,11.8196,4248.61
933,15,0,3,11.819,4245.67
934,15,0,3,11.8135,4208.03
943,15,0,3,11.7969,4127.49
2020,15,0,3,11.7961,4123.55
1787,15,0,3,11.7787,4035.69
1788,15,0,3,11.778,4031.98
1789,15,0,3,11.7679,3980.67
952,15,0,3,11.7599,3940.16
1304,15,0,3,11.7254,3764.11
64,15,0,4,12.3242,7034.23,0,0,0
195,15,0,4,12.3021,6916
196,15,0,4,12.2992,6896.27
205,15,0,4,12.2853,6810.71
215,15,0,4,12.2597,6654.27
225,15,0,4,12.2344,6450.75
715,15,0,4,12.2063,6285.72
714,15,0,4,12.2024,6261.72
726,15,0,4,12.2022,6259.84
529,15,0,4,12.1885,6160.34
605,15,0,4,12.1737,6063.73
603,15,0,4,12.1686,6035.75
604,15,0,4,12.1643,6012.61
596,15,0,4,12.1642,6011.64
580,15,0,4,12.1558,5953.37
574,15,0,4,12.1385,5860.12
573,15,0,4,12.1284,5804.22
564,15,0,4,12.1208,5763.07
557,15,0,4,12.1147,5729.08
561,15,0,4,12.108,5682.56
628,15,0,4,12.1035,5656.91
609,15,0,4,12.0907,5580.26
423,15,0,4,12.0848,5523.94
419,15,0,4,12.0802,5489.49
420,15,0,4,12.0742,5453.55
431,15,0,4,12.0544,5356.51
434,15,0,4,12.0479,5325.9
873,15,0,4,12.0436,5302.89
874,15,0,4,12.0305,5239.64
870,15,0,4,12.0246,5209.76
894,15,0,4,11.9976,5077.24
895,15,0,4,11.9875,5027.26
1302,15,1,0,13.8642,2766.91,0.035,152.659,0.22,1
949,15,1,0,13.8412,2642.85
2025,15,1,0,13.8377,2625.39
1598,15,1,0,13.8344,2606.63
948,15,1,0,13.8295,2579.61
928,15,1,0,13.8191,2522.31
929,15,1,0,13.7989,2416.19
2019,15,1,0,13.7985,2414.21
2157,15,1,0,13.7724,2290.85
905,15,1,0,13.7355,2102.44
889,15,1,0,13.7262,2054.31
890,15,1,0,13.7196,2018.4
2013,15,1,0,13.7001,1915.19
1988,15,1,0,13.6825,1821.32
417,15,1,0,13.662,1716.71
418,15,1,0,13.658,1695.77
419,15,1,0,13.6425,1609.96
423,15,1,0,13.6363,1573.67
609,15,1,0,13.6304,1517.35
628,15,1,0,13.6206,1443.34
561,15,1,0,13.6167,1418.58
557,15,1,0,13.6093,1371.34
554,15,1,0,13.6071,1360.2
565,15,1,0,13.597,1306.55
573,15,1,0,13.5917,1279.96
574,15,1,0,13.5844,1230.49
580,15,1,0,13.5616,1113.57
596,15,1,0,13.5555,1053.72
595,15,1,0,13.5505,1025.37
605,15,1,0,13.5493,1017.31
529,15,1,0,13.5327,918.413
726,15,1,0,13.5166,816.876
714,15,1,0,13.5164,814.998
715,15,1,0,13.5129,791.373
225,15,1,0,13.4951,630.742
215,15,1,0,13.4679,427.668
205,15,1,0,13.4369,255.297
196,15,1,0,13.4218,168.03
195,15,1,0,13.4192,148.465
64,15,1,0,13.39,0
978,15,1,1,14.1831,4355.78,0.0373333,162.837,0.05,2
1010,15,1,1,14.1682,4278.67
1011,15,1,1,14.1541,4206.68
1009,15,1,1,14.1474,4172.76
1038,15,1,1,14.1394,4132.87
1039,15,1,1,14.1388,4130.2
1037,15,1,1,14.126,4069.25
1034,15,1,1,14.1162,4019.03
2032,15,1,1,14.1008,3941.44
1050,15,1,1,14.0718,3796.99
1804,15,1,1,14.0587,3730.98
2015,15,1,1,14.0475,3674.76
2014,15,1,1,14.0393,3633.76
2017,15,1,1,14.0382,3628.07
2170,15,1,1,14.0353,3613.42
917,15,1,1,14.0291,3582.43
2016,15,1,1,14.0283,3578.62
915,15,1,1,14.0073,3473.67
1555,15,1,1,13.9999,3436.9
2157,15,1,1,13.989,3383.15
2019,15,1,1,13.9621,3256.89
929,15,1,1,13.9617,3254.9
938,15,1,1,13.9498,3189.05
950,15,1,1,13.9363,3118.49
951,15,1,1,13.9293,3082.77
949,15,1,1,13.9183,3026.3
1302,15,1,1,13.8992,2919.57
636,15,1,2,14.3001,4909.04,0.0391667,170.833,0.15,3
631,15,1,2,14.2934,4876.25
630,15,1,2,14.2876,4847.73
637,15,1,2,14.2771,4795.65
1996,15,1,2,14.2646,4732.36
1997,15,1,2,14.2607,4712.46
2027,15,1,2,14.2335,4582.24
2026,15,1,2,14.2277,4553.76
978,15,1,2,14.2204,4518.61
64,15,1,3,14.5855,6540.42,0,0,0
195,15,1,3,14.5639,6424.16
196,15,1,3,14.5612,6404.58
205,15,1,3,14.5469,6318.5
215,15,1,3,14.5225,6163.52
225,15,1,3,14.4976,5959.69
715,15,1,3,14.4627,5769.15
714,15,1,3,14.459,5745.31
726,15,1,3,14.4588,5743.45
529,15,1,3,14.4447,5643.84
605,15,1,3,14.4294,5546.58
603,15,1,3,14.4236,5515.6
604,15,1,3,14.4188,5490.19
596,15,1,3,14.4186,5489.22
580,15,1,3,14.4043,5413.01
583,15,1,3,14.3981,5383.2
587,15,1,3,14.3959,5368.77
578,15,1,3,14.3928,5351.95
575,15,1,3,14.3873,5320.85
571,15,1,3,14.3844,5304.73
570,15,1,3,14.3796,5281.45
1994,15,1,3,14.3668,5217.1
562,15,1,3,14.3535,5152.04
639,15,1,3,14.35,5134.6
638,15,1,3,14.3433,5100.57
636,15,1,3,14.3393,5079.87
220,15,2,0,11.6672,472.978,0.0955,416.542,0.04,1
2130,15,2,0,11.6524,392.48
215,15,2,0,11.6475,358.782
205,15,2,0,11.6236,204.484
196,15,2,0,11.6105,119.897
195,15,2,0,11.6079,100.335
64,15,2,0,11.59,0
455,15,2,1,11.8521,1421.69,0.0408333,178.103,0.03,2
454,15,2,1,11.8493,1406.07
457,15,2,1,11.8425,1352.11
456,15,2,1,11.8374,1322.67
458,15,2,1,11.8279,1261.52
459,15,2,1,11.822,1216.42
450,15,2,1,11.8068,1132.53
229,15,2,1,11.7973,1079.68
222,15,2,1,11.773,945.57
220,15,2,1,11.7627,889.52
710,15,2,2,11.9556,1988,0.0443333,193.369,0.36,3
1543,15,2,2,11.9342,1867.73
459,15,2,2,11.9239,1804.33
458,15,2,2,11.9174,1759.07
456,15,2,2,11.9083,1698.29
457,15,2,2,11.9029,1668.07
454,15,2,2,11.8953,1614.11
455,15,2,2,11.8929,1599.79
64,15,2,3,12.1005,2864.25,0,0,0
195,15,2,3,12.0793,2749.57
196,15,2,3,12.0765,2729.96
205,15,2,3,12.064,2646.06
215,15,2,3,12.0441,2493.96
225,15,2,3,12.0189,2290.4
1680,15,2,3,12.0159,2271.38
710,15,2,3,12,2181.37
220,16,0,0,13.0702,511.167,0.072,314.042,0.12,1
2130,16,0,0,13.0524,417.757
215,16,0,0,13.0469,383.417
205,16,0,0,13.0189,223.068
196,16,0,0,13.005,137.521
195,16,0,0,13.0019,117.624
64,16,0,0,12.98,0
455,16,0,1,13.236,1375.28,0.0423333,184.645,0.11,2
454,16,0,1,13.2327,1357.9
457,16,0,1,13.2262,1303.83
456,16,0,1,13.2212,1274.8
458,16,0,1,13.212,1213.88
459,16,0,1,13.2054,1168.53
450,16,0,1,13.1902,1084.61
229,16,0,1,13.1791,1024.74
222,16,0,1,13.1509,874.132
220,16,0,1,13.1422,825.209
710,16,0,2,13.3434,1959.13,0.0466667,203.546,0.45,3
1543,16,0,2,13.3201,1830.91
459,16,0,2,13.3099,1767.72
458,16,0,2,13.3032,1722.32
456,16,0,2,13.2946,1661.92
457,16,0,2,13.2886,1628.87
454,16,0,2,13.281,1574.89
455,16,0,2,13.2783,1559.93
1108,16,0,3,13.6334,3474.52,0.0723333,315.496,0.16,4
1109,16,0,3,13.6284,3449.09
1113,16,0,3,13.6228,3419.86
1847,16,0,3,13.6111,3359.89
1086,16,0,3,13.6075,3339.71
1087,16,0,3,13.594,3271.15
1090,16,0,3,13.5854,3226.39
1076,16,0,3,13.5674,3133.06
1074,16,0,3,13.5634,3112.4
1077,16,0,3,13.5499,3045.43
1080,16,0,3,13.535,2972.08
1079,16,0,3,13.5279,2935.6
1061,16,0,3,13.5236,2914.31
1063,16,0,3,13.5204,2897.47
1062,16,0,3,13.5194,2890.43
2159,16,0,3,13.5192,2889.45
1045,16,0,3,13.5185,2886.3
1012,16,0,3,13.5113,2845.31
2028,16,0,3,13.5032,2799.85
989,16,0,3,13.4998,2784.11
990,16,0,3,13.4898,2733.85
991,16,0,3,13.4872,2721.5
706,16,0,3,13.4802,2682.03
704,16,0,3,13.4775,2669.26
2179,16,0,3,13.4773,2668.4
662,16,0,3,13.4711,2638.75
602,16,0,3,13.4599,2570.61
599,16,0,3,13.4554,2545.91
605,16,0,3,13.4502,2517.79
529,16,0,3,13.4337,2418.9
726,16,0,3,13.4175,2317.36
714,16,0,3,13.4173,2315.48
1543,16,0,3,13.4115,2283.04
710,16,0,3,13.39,2162.68
1304,16,0,4,13.8344,4468.49,0.0735,320.585,0.21,5
952,16,0,4,13.8104,4337.17
953,16,0,4,13.7981,4276.12
2023,16,0,4,13.7973,4272.02
2108,16,0,4,13.7831,4196.36
1794,16,0,4,13.7768,4164.01
2106,16,0,4,13.7629,4090.26
2039,16,0,4,13.7443,3992.74
1106,16,0,4,13.7341,3938.34
2035,16,0,4,13.7221,3873.75
1108,16,0,4,13.7058,3790.02
1302,16,0,5,13.955,5028.07,0.035,152.659,0.22,6
1303,16,0,5,13.9346,4924.38
1305,16,0,5,13.9194,4848.36
1304,16,0,5,13.9079,4789.08
895,16,0,6,14.1389,5958.5,0.081,353.298,0.02,7
896,16,0,6,14.1352,5940.26
892,16,0,6,14.1315,5921.51
906,16,0,6,14.1189,5852.65
1555,16,0,6,14.0907,5698.05
2157,16,0,6,14.0797,5644.3
2019,16,0,6,14.0529,5518.04
929,16,0,6,14.0525,5516.06
938,16,0,6,14.0405,5450.21
950,16,0,6,14.027,5379.65
951,16,0,6,14.02,5343.93
949,16,0,6,14.009,5287.45
1302,16,0,6,13.99,5180.73
978,16,0,7,14.3859,7151.16,0.0373333,162.837,0.05,8
1010,16,0,7,14.3711,7074.39
1011,16,0,7,14.3568,7001.75
1009,16,0,7,14.3512,6972.32
1038,16,0,7,14.3431,6931.72
1039,16,0,7,14.3425,6929.05
1037,16,0,7,14.3326,6880.49
1034,16,0,7,14.3244,6836.65
2032,16,0,7,14.3089,6759.05
1050,16,0,7,14.2826,6625.27
1049,16,0,7,14.2825,6625.18
1025,16,0,7,14.2752,6587.48
1029,16,0,7,14.2622,6521.69
1027,16,0,7,14.2493,6458.32
898,16,0,7,14.2389,6405.83
895,16,0,7,14.2199,6311.8
636,16,0,8,14.5029,7704.42,0.0391667,170.833,0.15,9
631,16,0,8,14.4962,7671.63
630,16,0,8,14.4905,7643.11
637,16,0,8,14.4799,7591.03
1996,16,0,8,14.4674,7527.74
1997,16,0,8,14.4636,7507.84
2027,16,0,8,14.4363,7377.62
2026,16,0,8,14.4305,7349.14
978,16,0,8,14.4232,7314
603,16,0,9,14.6264,8310.98,0.0658333,287.145,0.35,10
604,16,0,9,14.6216,8285.57
596,16,0,9,14.6214,8284.6
580,16,0,9,14.6072,8208.39
583,16,0,9,14.6009,8178.58
587,16,0,9,14.5987,8164.15
578,16,0,9,14.5957,8147.34
575,16,0,9,14.5901,8116.23
571,16,0,9,14.5872,8100.11
570,16,0,9,14.5824,8076.83
1994,16,0,9,14.5697,8012.48
562,16,0,9,14.5563,7947.42
639,16,0,9,14.5528,7929.98
638,16,0,9,14.5461,7895.95
636,16,0,9,14.5421,7875.25
64,16,0,10,14.8542,9622.94,0,0,0
195,16,0,10,14.8326,9506.69
196,16,0,10,14.8299,9487.11
205,16,0,10,14.8156,9401.03
215,16,0,10,14.7912,9246.05
225,16,0,10,14.7663,9042.22
715,16,0,10,14.7314,8851.67
714,16,0,10,14.7276,8827.83
726,16,0,10,14.7274,8825.97
529,16,0,10,14.7134,8726.36
605,16,0,10,14.698,8629.11
603,16,0,10,14.6922,8598.13
220,17,0,0,11.0772,472.978,0.0955,416.542,0.04,1
2130,17,0,0,11.0624,392.48
215,17,0,0,11.0575,358.782
205,17,0,0,11.0336,204.484
196,17,0,0,11.0205,119.897
195,17,0,0,11.0179,100.335
64,17,0,0,11,0
710,17,0,1,11.2304,1198.14,0.0443333,193.369,0.36,2
223,17,0,1,11.2129,1104.91
224,17,0,1,11.1988,1031.05
222,17,0,1,11.183,945.57
220,17,0,1,11.1727,889.52
455,17,0,2,11.3338,1774.06,0.0408333,178.103,0.03,3
454,17,0,2,11.331,1758.44
457,17,0,2,11.3243,1704.48
456,17,0,2,11.3191,1675.03
458,17,0,2,11.3096,1613.89
459,17,0,2,11.3037,1568.78
1543,17,0,2,11.2944,1506.55
710,17,0,2,11.2747,1391.51
603,17,0,3,11.465,2516.24,0.109,475.425,0.32,4
604,17,0,3,11.4608,2493.1
596,17,0,3,11.4606,2492.13
595,17,0,3,11.4552,2461.72
605,17,0,3,11.454,2453.73
529,17,0,3,11.4368,2353.71
726,17,0,3,11.4209,2252.51
714,17,0,3,11.4207,2250.62
1543,17,0,3,11.4159,2220.1
459,17,0,3,11.4056,2156.7
458,17,0,3,11.3991,2111.44
456,17,0,3,11.39,2050.65
457,17,0,3,11.3846,2020.43
454,17,0,3,11.377,1966.47
455,17,0,3,11.3746,1952.16
1108,17,0,4,11.7662,3990.79,0.0935,407.819,0.09,5
1109,17,0,4,11.7618,3968.11
1113,17,0,4,11.755,3933.96
1847,17,0,4,11.7415,3866.44
1086,17,0,4,11.7379,3846.41
1087,17,0,4,11.7234,3773.22
1090,17,0,4,11.7147,3728.06
1076,17,0,4,11.6885,3601.08
1074,17,0,4,11.6844,3579.96
1077,17,0,4,11.6748,3529.14
1080,17,0,4,11.6613,3461.94
1079,17,0,4,11.6547,3427.48
1061,17,0,4,11.6505,3406.2
1063,17,0,4,11.6469,3388.03
1062,17,0,4,11.6459,3380.95
2159,17,0,4,11.6456,3379.84
1045,17,0,4,11.6449,3376.69
1012,17,0,4,11.6377,3335.7
1014,17,0,4,11.6372,3332.84
989,17,0,4,11.6261,3274.53
990,17,0,4,11.6161,3224.27
991,17,0,4,11.6135,3211.92
706,17,0,4,11.6065,3172.46
704,17,0,4,11.6038,3159.68
2179,17,0,4,11.6036,3158.82
662,17,0,4,11.5974,3129.17
602,17,0,4,11.5861,3060.9
604,17,0,4,11.5835,3044.1
596,17,0,4,11.5834,3043.13
595,17,0,4,11.5779,3012.72
603,17,0,4,11.574,2991.67
1304,17,0,5,11.9892,5081.23,0.0428333,186.826,0.12,6
952,17,0,5,11.9648,4948.24
953,17,0,5,11.9541,4893.46
2023,17,0,5,11.9532,4889.36
2108,17,0,5,11.9368,4804.15
1794,17,0,5,11.9297,4768.39
2106,17,0,5,11.9145,4689.02
2039,17,0,5,11.8968,4595.49
1106,17,0,5,11.8872,4543.54
2035,17,0,5,11.873,4469.49
1108,17,0,5,11.8597,4398.6
895,17,0,6,12.1881,6068.38,0.0435,189.734,0.02,7
907,17,0,6,12.1724,5991.05
908,17,0,6,12.1633,5945.57
2014,17,0,6,12.1627,5942.89
2017,17,0,6,12.1616,5937.2
2170,17,0,6,12.1588,5923.01
1738,17,0,6,12.1414,5836.08
1737,17,0,6,12.1347,5802.3
936,17,0,6,12.1195,5723.39
933,17,0,6,12.1189,5720.45
934,17,0,6,12.1134,5682.8
935,17,0,6,12.1129,5680.19
2020,17,0,6,12.1018,5623.21
1787,17,0,6,12.0822,5526.06
1788,17,0,6,12.0814,5522.36
1789,17,0,6,12.07,5465.37
952,17,0,6,12.0611,5420.92
1304,17,0,6,12.032,5268.05
64,17,0,7,12.5924,8376.44,0,0,0
195,17,0,7,12.5633,8228.06
196,17,0,7,12.5605,8208.47
205,17,0,7,12.546,8122.02
215,17,0,7,12.5205,7965.64
225,17,0,7,12.4945,7762.43
715,17,0,7,12.463,7586.76
714,17,0,7,12.459,7562.6
726,17,0,7,12.4588,7560.75
529,17,0,7,12.4447,7461.1
605,17,0,7,12.4298,7364.43
603,17,0,7,12.4235,7331.35
604,17,0,7,12.4196,7309.49
596,17,0,7,12.4194,7308.52
580,17,0,7,12.4078,7244
574,17,0,7,12.3864,7132.88
573,17,0,7,12.3768,7079.08
564,17,0,7,12.3693,7038.82
557,17,0,7,12.3645,7007.75
561,17,0,7,12.358,6961.31
628,17,0,7,12.3538,6936.17
609,17,0,7,12.3421,6860.87
423,17,0,7,12.3362,6804.55
419,17,0,7,12.3294,6766.98
420,17,0,7,12.3234,6730.95
421,17,0,7,12.3188,6703.46
417,17,0,7,12.3138,6676.74
1989,17,0,7,12.2954,6582.53
2011,17,0,7,12.2761,6482.82
891,17,0,7,12.2541,6368.36
893,17,0,7,12.2481,6337.49
894,17,0,7,12.2428,6312.75
895,17,0,7,12.2316,6258.12
1302,17,1,0,13.7942,2766.91,0.035,152.659,0.22,1
949,17,1,0,13.7712,2642.85
2025,17,1,0,13.7677,2625.39
1598,17,1,0,13.7644,2606.63
948,17,1,0,13.7595,2579.61
928,17,1,0,13.7491,2522.31
929,17,1,0,13.7289,2416.19
2019,17,1,0,13.7285,2414.21
2157,17,1,0,13.7024,2290.85
905,17,1,0,13.6655,2102.44
889,17,1,0,13.6562,2054.31
890,17,1,0,13.6496,2018.4
2013,17,1,0,13.6301,1915.19
1988,17,1,0,13.6125,1821.32
417,17,1,0,13.592,1716.71
418,17,1,0,13.588,1695.77
419,17,1,0,13.5725,1609.96
423,17,1,0,13.5663,1573.67
609,17,1,0,13.5604,1517.35
628,17,1,0,13.5506,1443.34
561,17,1,0,13.5467,1418.58
557,17,1,0,13.5393,1371.34
554,17,1,0,13.5371,1360.2
565,17,1,0,13.527,1306.55
573,17,1,0,13.5217,1279.96
574,17,1,0,13.5144,1230.49
580,17,1,0,13.4916,1113.57
596,17,1,0,13.4855,1053.72
595,17,1,0,13.4805,1025.37
605,17,1,0,13.4793,1017.31
529,17,1,0,13.4627,918.413
726,17,1,0,13.4466,816.876
714,17,1,0,13.4464,814.998
715,17,1,0,13.4429,791.373
225,17,1,0,13.4251,630.742
215,17,1,0,13.3979,427.668
205,17,1,0,13.3669,255.297
196,17,1,0,13.3518,168.03
195,17,1,0,13.3492,148.465
64,17,1,0,13.32,0
978,17,1,1,14.1131,4355.78,0.0373333,162.837,0.05,2
1010,17,1,1,14.0982,4278.67
1011,17,1,1,14.0841,4206.68
1009,17,1,1,14.0774,4172.76
1038,17,1,1,14.0694,4132.87
1039,17,1,1,14.0688,4130.2
1037,17,1,1,14.056,4069.25
1034,17,1,1,14.0462,4019.03
2032,17,1,1,14.0308,3941.44
1050,17,1,1,14.0018,3796.99
1804,17,1,1,13.9887,3730.98
2015,17,1,1,13.9775,3674.76
2014,17,1,1,13.9693,3633.76
2017,17,1,1,13.9682,3628.07
2170,17,1,1,13.9653,3613.42
917,17,1,1,13.9591,3582.43
2016,17,1,1,13.9583,3578.62
915,17,1,1,13.9373,3473.67
1555,17,1,1,13.9299,3436.9
2157,17,1,1,13.919,3383.15
2019,17,1,1,13.8921,3256.89
929,17,1,1,13.8917,3254.9
938,17,1,1,13.8798,3189.05
950,17,1,1,13.8663,3118.49
951,17,1,1,13.8593,3082.77
949,17,1,1,13.8483,3026.3
1302,17,1,1,13.8292,2919.57
636,17,1,2,14.2301,4909.04,0.0391667,170.833,0.15,3
631,17,1,2,14.2234,4876.25
630,17,1,2,14.2176,4847.73
637,17,1,2,14.2071,4795.65
1996,17,1,2,14.1946,4732.36
1997,17,1,2,14.1907,4712.46
2027,17,1,2,14.1635,4582.24
2026,17,1,2,14.1577,4553.76
978,17,1,2,14.1504,4518.61
64,17,1,3,14.5155,6540.42,0,0,0
195,17,1,3,14.4939,6424.16
196,17,1,3,14.4912,6404.58
205,17,1,3,14.4769,6318.5
215,17,1,3,14.4525,6163.52
225,17,1,3,14.4276,5959.69
715,17,1,3,14.3927,5769.15
714,17,1,3,14.389,5745.31
726,17,1,3,14.3888,5743.45
529,17,1,3,14.3747,5643.84
605,17,1,3,14.3594,5546.58
603,17,1,3,14.3536,5515.6
604,17,1,3,14.3488,5490.19
596,17,1,3,14.3486,5489.22
580,17,1,3,14.3343,5413.01
583,17,1,3,14.3281,5383.2
587,17,1,3,14.3259,5368.77
578,17,1,3,14.3228,5351.95
575,17,1,3,14.3173,5320.85
571,17,1,3,14.3144,5304.73
570,17,1,3,14.3096,5281.45
1994,17,1,3,14.2968,5217.1
562,17,1,3,14.2835,5152.04
639,17,1,3,14.28,5134.6
638,17,1,3,14.2733,5100.57
636,17,1,3,14.2693,5079.87
