Nodo,Individuo,Ruta,Segmento,Tiempo viaje,Costo viaje,Tiempo atencion,Costo atencion,Tasa fallo,Demanda
1307,0,0,0,15.0155,554.042,0.0428333,186.826,0.28,1
1303,0,0,0,15.0045,496.053
2021,0,0,0,14.9662,306.727
1791,0,0,0,14.9583,267.142
939,0,0,0,14.9415,182.874
940,0,0,0,14.9368,151.022
934,0,0,0,14.9173,42.0448
933,0,0,0,14.9106,2.93996
936,0,0,0,14.91,0
1336,0,0,1,15.1593,1263.92,0.0595,259.521,0.34,2
1792,0,0,1,15.1533,1232.8
1334,0,0,1,15.1438,1186.27
1335,0,0,1,15.1332,1136.04
1341,0,0,1,15.1253,1092.01
1315,0,0,1,15.1077,995.332
1314,0,0,1,15.092,911.668
1309,0,0,1,15.0914,908.797
1308,0,0,1,15.0716,808.959
1307,0,0,1,15.0584,740.869
999,0,0,2,15.4093,2503.53,0.0515,224.627,0.17,3
1002,0,0,2,15.4024,2466.7
1031,0,0,2,15.3882,2395.75
2031,0,0,2,15.3808,2358.75
2032,0,0,2,15.3804,2356.93
1053,0,0,2,15.3727,2318.47
1784,0,0,2,15.3695,2301.77
1066,0,0,2,15.3604,2254.95
1070,0,0,2,15.3498,2198.39
1849,0,0,2,15.3391,2144.14
1108,0,0,2,15.3278,2086.26
1107,0,0,2,15.3143,2016.15
2040,0,0,2,15.3036,1959.09
1783,0,0,2,15.2875,1875.04
1153,0,0,2,15.2803,1838.82
1154,0,0,2,15.2698,1782.55
1324,0,0,2,15.2647,1756.63
1325,0,0,2,15.2537,1702.32
2073,0,0,2,15.246,1664.53
1336,0,0,2,15.2188,1523.44
436,0,0,3,15.5703,3296.28,0.077,335.851,0.12,4
425,0,0,3,15.5638,3261.57
426,0,0,3,15.5592,3238.26
424,0,0,3,15.5573,3225.38
613,0,0,3,15.5526,3198.86
611,0,0,3,15.5476,3166.62
619,0,0,3,15.5297,3074.45
618,0,0,3,15.5273,3062.61
615,0,0,3,15.5258,3050.83
617,0,0,3,15.5223,3033.28
616,0,0,3,15.5147,2995.31
676,0,0,3,15.5085,2964.25
674,0,0,3,15.4974,2910.2
675,0,0,3,15.4909,2877.13
962,0,0,3,15.4784,2819.34
961,0,0,3,15.4736,2793.06
999,0,0,3,15.4608,2728.16
884,0,0,4,15.7867,4334.48,0.0453333,197.73,0.06,5
1987,0,0,4,15.7513,4153.1
428,0,0,4,15.7463,4127.73
429,0,0,4,15.7243,4017.4
1988,0,0,4,15.7,3891.37
430,0,0,4,15.6964,3873.19
1989,0,0,4,15.6875,3832.45
432,0,0,4,15.6825,3807.66
435,0,0,4,15.6772,3781.07
431,0,0,4,15.6704,3747.02
439,0,0,4,15.6562,3675.59
436,0,0,4,15.6473,3632.13
936,0,0,5,15.9566,5183.24,0,0,0
1737,0,0,5,15.9455,5121.97
917,0,0,5,15.932,5052.45
916,0,0,5,15.9319,5051.54
906,0,0,5,15.9086,4929.48
889,0,0,5,15.8961,4866.09
888,0,0,5,15.8761,4759.15
887,0,0,5,15.8594,4669.42
2012,0,0,5,15.8368,4556.38
884,0,0,5,15.8321,4532.22
1336,1,0,0,12.6179,764.587,0.0533333,232.624,0.21,1
1792,1,0,0,12.6104,727.242
1334,1,0,0,12.6031,689.424
1335,1,0,0,12.5924,639.192
1333,1,0,0,12.57,524.133
2163,1,0,0,12.5433,383.309
2023,1,0,0,12.5173,241.926
1787,1,0,0,12.5097,202.721
1788,1,0,0,12.5089,199.018
943,1,0,0,12.4895,103.973
934,1,0,0,12.4793,49.9245
933,1,0,0,12.4706,2.93996
936,1,0,0,12.47,0
999,1,0,1,12.872,2014.06,0.0941667,410.727,0.12,2
1002,1,0,1,12.8657,1980.01
1031,1,0,1,12.8512,1908.3
2031,1,0,1,12.8439,1871.31
2032,1,0,1,12.8435,1869.48
1053,1,0,1,12.8355,1829.69
1784,1,0,1,12.8322,1812.62
1069,1,0,1,12.8121,1710.61
1848,1,0,1,12.8063,1676.41
1847,1,0,1,12.8028,1656.77
1086,1,0,1,12.7991,1636.54
2036,1,0,1,12.7845,1563.64
1112,1,0,1,12.7809,1544.8
2041,1,0,1,12.7688,1483.73
2042,1,0,1,12.7494,1390.66
1564,1,0,1,12.739,1338.8
2107,1,0,1,12.7309,1297.3
1145,1,0,1,12.7243,1265.29
2053,1,0,1,12.7088,1187.98
2073,1,0,1,12.7005,1146.92
1336,1,0,1,12.6712,997.211
884,1,0,2,13.1661,3449.6,0.0738333,322.039,0.04,3
883,1,0,2,13.1368,3302.21
882,1,0,2,13.1236,3232.7
2155,1,0,2,13.1204,3216.14
2012,1,0,2,13.1037,3126.24
885,1,0,2,13.0988,3102.14
886,1,0,2,13.0785,2994.61
2013,1,0,2,13.0711,2955.14
2156,1,0,2,13.0704,2951.98
2011,1,0,2,13.0651,2924.47
891,1,0,2,13.0432,2810.01
893,1,0,2,13.0371,2779.14
894,1,0,2,13.0319,2754.39
897,1,0,2,13.013,2661.18
1028,1,0,2,13.005,2619
1026,1,0,2,12.9935,2561.27
998,1,0,2,12.9885,2536.52
999,1,0,2,12.9661,2424.79
936,1,0,3,13.3723,4456,0,0,0
1737,1,0,3,13.3608,4392.77
917,1,0,3,13.344,4309.54
916,1,0,3,13.3439,4308.63
906,1,0,3,13.318,4175.54
889,1,0,3,13.3058,4113.62
888,1,0,3,13.2852,4004.11
887,1,0,3,13.2678,3911.43
2012,1,0,3,13.2441,3793.65
884,1,0,3,13.2399,3771.64
1307,1,1,0,15.0355,554.042,0.0428333,186.826,0.28,1
1303,1,1,0,15.0245,496.053
2021,1,1,0,14.9862,306.727
1791,1,1,0,14.9783,267.142
939,1,1,0,14.9615,182.874
940,1,1,0,14.9568,151.022
934,1,1,0,14.9373,42.0448
933,1,1,0,14.9306,2.93996
936,1,1,0,14.93,0
436,1,1,1,15.3033,1934.87,0.077,335.851,0.12,2
425,1,1,1,15.2967,1900.16
420,1,1,1,15.2856,1842.37
421,1,1,1,15.2815,1815.47
417,1,1,1,15.2773,1792.19
1989,1,1,1,15.2592,1699.52
2011,1,1,1,15.241,1604.42
2156,1,1,1,15.2363,1579.41
2013,1,1,1,15.2357,1576.26
886,1,1,1,15.225,1523.21
888,1,1,1,15.2069,1424.39
903,1,1,1,15.1978,1374.54
904,1,1,1,15.1937,1353.3
925,1,1,1,15.1704,1225.93
2019,1,1,1,15.1659,1202.53
929,1,1,1,15.1655,1200.54
938,1,1,1,15.1531,1132.9
950,1,1,1,15.1378,1054.74
951,1,1,1,15.1313,1021.01
949,1,1,1,15.1201,963.892
1302,1,1,1,15.0933,823.666
1307,1,1,1,15.0784,740.869
936,1,1,2,15.5075,2927.28,0,0,0
1737,1,1,2,15.4964,2866.02
917,1,1,2,15.4829,2796.49
916,1,1,2,15.4827,2795.59
919,1,1,2,15.477,2756.5
2017,1,1,2,15.477,2756.33
2014,1,1,2,15.476,2751.58
2015,1,1,2,15.4679,2710.87
910,1,1,2,15.4678,2710.38
909,1,1,2,15.4584,2663.7
898,1,1,2,15.4452,2597.12
897,1,1,2,15.4356,2548.74
877,1,1,2,15.4131,2437.89
878,1,1,2,15.4071,2407.18
879,1,1,2,15.3986,2363.29
437,1,1,2,15.3926,2332.96
439,1,1,2,15.3892,2314.19
436,1,1,2,15.3803,2270.72
1336,2,0,0,12.4779,764.587,0.0533333,232.624,0.21,1
1792,2,0,0,12.4704,727.242
1334,2,0,0,12.4631,689.424
1335,2,0,0,12.4524,639.192
1333,2,0,0,12.43,524.133
2163,2,0,0,12.4033,383.309
2023,2,0,0,12.3773,241.926
1787,2,0,0,12.3697,202.721
1788,2,0,0,12.3689,199.018
943,2,0,0,12.3495,103.973
934,2,0,0,12.3393,49.9245
933,2,0,0,12.3306,2.93996
936,2,0,0,12.33,0
999,2,0,1,12.732,2014.06,0.0941667,410.727,0.12,2
1002,2,0,1,12.7257,1980.01
1031,2,0,1,12.7112,1908.3
2031,2,0,1,12.7039,1871.31
2032,2,0,1,12.7035,1869.48
1053,2,0,1,12.6955,1829.69
1784,2,0,1,12.6922,1812.62
1069,2,0,1,12.6721,1710.61
1848,2,0,1,12.6663,1676.41
1847,2,0,1,12.6628,1656.77
1086,2,0,1,12.6591,1636.54
2036,2,0,1,12.6445,1563.64
1112,2,0,1,12.6409,1544.8
2041,2,0,1,12.6288,1483.73
2042,2,0,1,12.6094,1390.66
1564,2,0,1,12.599,1338.8
2107,2,0,1,12.5909,1297.3
1145,2,0,1,12.5843,1265.29
2053,2,0,1,12.5688,1187.98
2073,2,0,1,12.5605,1146.92
1336,2,0,1,12.5312,997.211
436,2,0,2,12.9318,3005.31,0.0958333,417.996,0.13,3
425,2,0,2,12.9247,2968.23
426,2,0,2,12.9198,2943.28
424,2,0,2,12.9174,2929.57
613,2,0,2,12.9144,2904.59
611,2,0,2,12.9089,2871.69
609,2,0,2,12.9069,2853.9
628,2,0,2,12.897,2779.89
615,2,0,2,12.8914,2749.24
617,2,0,2,12.8879,2731.69
616,2,0,2,12.8785,2686.21
676,2,0,2,12.8723,2655.15
674,2,0,2,12.8582,2588.46
675,2,0,2,12.8516,2555.38
962,2,0,2,12.8451,2522.25
961,2,0,2,12.8372,2482.83
999,2,0,2,12.8261,2424.79
884,2,0,3,13.1764,4164.67,0.0738333,322.039,0.04,4
1987,2,0,3,13.1385,3972.66
428,2,0,3,13.1335,3947.29
429,2,0,3,13.1084,3824.22
1988,2,0,3,13.082,3689.56
430,2,0,3,13.0784,3671.39
1989,2,0,3,13.0732,3645.65
432,2,0,3,13.069,3623.64
435,2,0,3,13.0636,3597.05
431,2,0,3,13.0564,3561.32
439,2,0,3,13.0349,3459.57
436,2,0,3,13.0277,3423.3
936,2,0,4,13.3827,5171.07,0,0,0
1737,2,0,4,13.3712,5107.84
917,2,0,4,13.3544,5024.6
916,2,0,4,13.3542,5023.69
906,2,0,4,13.3283,4890.6
889,2,0,4,13.3162,4828.69
888,2,0,4,13.2956,4719.17
887,2,0,4,13.2782,4626.5
2012,2,0,4,13.2545,4508.71
884,2,0,4,13.2503,4486.71
1307,2,1,0,15.0355,554.042,0.0428333,186.826,0.28,1
1303,2,1,0,15.0245,496.053
2021,2,1,0,14.9862,306.727
1791,2,1,0,14.9783,267.142
939,2,1,0,14.9615,182.874
940,2,1,0,14.9568,151.022
934,2,1,0,14.9373,42.0448
933,2,1,0,14.9306,2.93996
936,2,1,0,14.93,0
936,2,1,1,15.1875,1313.23,0,0,0
933,2,1,1,15.1869,1310.29
934,2,1,1,15.1814,1272.64
935,2,1,1,15.1808,1270.04
2020,2,1,1,15.1698,1213.06
943,2,1,1,15.1689,1209.13
942,2,1,1,15.1611,1168.06
941,2,1,1,15.1495,1109.91
1790,2,1,1,15.1367,1042.74
2022,2,1,1,15.1262,991.844
2021,2,1,1,15.1159,938.155
1303,2,1,1,15.0941,818.443
1307,2,1,1,15.0784,740.869
884,3,0,0,13.3534,917.424,0.0738333,322.039,0.04,1
883,3,0,0,13.3261,778.363
882,3,0,0,13.3146,716.093
2155,3,0,0,13.3114,699.368
901,3,0,0,13.2844,552.187
902,3,0,0,13.2715,482.635
904,3,0,0,13.2582,411.663
925,3,0,0,13.2348,283.766
2019,3,0,0,13.2294,256.499
929,3,0,0,13.229,254.516
930,3,0,0,13.212,162.739
931,3,0,0,13.2,105.498
932,3,0,0,13.1861,30.6376
933,3,0,0,13.1806,2.93996
936,3,0,0,13.18,0
436,3,0,1,13.543,1838.69,0.0588333,256.613,0.14,2
425,3,0,1,13.5354,1799.87
420,3,0,1,13.5197,1722.71
421,3,0,1,13.5157,1695.93
417,3,0,1,13.5112,1671.45
1989,3,0,1,13.4947,1585.04
2011,3,0,1,13.4769,1491.85
2156,3,0,1,13.4717,1464.52
2013,3,0,1,13.471,1461.37
886,3,0,1,13.4591,1403.19
885,3,0,1,13.4372,1289.07
2012,3,0,1,13.4315,1261.47
884,3,0,1,13.4273,1239.46
999,3,0,2,13.6948,2561.25,0.056,244.255,0.15,3
961,3,0,2,13.6792,2484.18
962,3,0,2,13.6714,2445.48
675,3,0,2,13.6603,2393.37
674,3,0,2,13.6542,2362
669,3,0,2,13.6377,2278.09
673,3,0,2,13.6281,2229.32
438,3,0,2,13.6226,2201.63
437,3,0,2,13.6129,2152.43
439,3,0,2,13.609,2131.57
436,3,0,2,13.6018,2095.3
1336,3,0,3,13.9633,3875.04,0.0515,224.627,0.24,4
1792,3,0,3,13.957,3842.63
1334,3,0,3,13.949,3802.19
1325,3,0,3,13.9218,3663.75
1156,3,0,3,13.9127,3620.04
1155,3,0,3,13.8997,3553.72
2052,3,0,3,13.8944,3526.72
1782,3,0,3,13.8878,3492.98
2043,3,0,3,13.8748,3422.45
1111,3,0,3,13.8599,3348.01
1109,3,0,3,13.8425,3261.56
1848,3,0,3,13.8224,3167.05
1069,3,0,3,13.8145,3124.51
1784,3,0,3,13.7973,3035.04
1053,3,0,3,13.7934,3015.22
2032,3,0,3,13.783,2965.69
2031,3,0,3,13.7826,2963.86
1031,3,0,3,13.7727,2916.46
1002,3,0,3,13.7585,2845.73
999,3,0,3,13.7508,2805.51
1307,3,0,4,14.1436,4738.18,0.0546667,238.44,0.3,5
1308,3,0,4,14.1324,4678.61
1309,3,0,4,14.1141,4585.25
1314,3,0,4,14.1135,4582.38
1315,3,0,4,14.0754,4406.68
1341,3,0,4,14.0553,4299.2
1342,3,0,4,14.0467,4256.47
1334,3,0,4,14.0359,4200.59
1792,3,0,4,14.0235,4142.05
1336,3,0,4,14.0148,4099.67
936,3,0,5,14.3193,5599.34,0,0,0
933,3,0,5,14.3187,5596.4
934,3,0,5,14.3131,5558.75
935,3,0,5,14.3126,5556.14
2020,3,0,5,14.3016,5499.17
943,3,0,5,14.3007,5495.23
942,3,0,5,14.2933,5456.1
941,3,0,5,14.2814,5396.54
1790,3,0,5,14.265,5314.41
2022,3,0,5,14.2545,5263.51
2021,3,0,5,14.24,5192.08
1303,3,0,5,14.2073,5025.93
1307,3,0,5,14.1983,4976.62
1336,4,0,0,13.9845,750.638,0.0515,224.627,0.24,1
1792,4,0,0,13.9782,718.22
1334,4,0,0,13.9702,677.786
1335,4,0,0,13.9596,627.554
1333,4,0,0,13.9425,535.212
2163,4,0,0,13.9142,387.56
2023,4,0,0,13.8845,230.349
1787,4,0,0,13.8764,189.064
1788,4,0,0,13.8756,185.36
943,4,0,0,13.8597,104.713
934,4,0,0,13.8509,56.8666
933,4,0,0,13.8406,2.93996
936,4,0,0,13.84,0
999,4,0,1,14.2318,1974.88,0.0648333,282.783,0.16,2
1002,4,0,1,14.2277,1946.81
1031,4,0,1,14.2148,1881.54
2031,4,0,1,14.2074,1844.55
2032,4,0,1,14.207,1842.72
1053,4,0,1,14.1994,1804.83
1784,4,0,1,14.196,1787.08
1069,4,0,1,14.175,1681.28
1848,4,0,1,14.1692,1647.03
1109,4,0,1,14.1604,1599.43
1113,4,0,1,14.1533,1564.19
2036,4,0,1,14.1458,1527.29
1112,4,0,1,14.1421,1508.45
2041,4,0,1,14.1284,1440.18
2042,4,0,1,14.115,1372.09
1564,4,0,1,14.1037,1316.47
2107,4,0,1,14.0935,1266.56
1145,4,0,1,14.0868,1233.89
2053,4,0,1,14.0737,1166.9
2073,4,0,1,14.0662,1128.76
1336,4,0,1,14.036,975.265
436,4,0,2,14.416,2864.92,0.038,165.745,0.13,3
425,4,0,2,14.4095,2830.54
426,4,0,2,14.4044,2804.99
424,4,0,2,14.4024,2791.98
613,4,0,2,14.3948,2753.05
611,4,0,2,14.3889,2719.61
619,4,0,2,14.371,2627.45
618,4,0,2,14.3687,2615.68
615,4,0,2,14.3672,2603.89
617,4,0,2,14.3637,2586.34
616,4,0,2,14.3571,2552.41
676,4,0,2,14.3509,2521.35
674,4,0,2,14.336,2451.7
675,4,0,2,14.3294,2418.62
962,4,0,2,14.3208,2376.53
961,4,0,2,14.3134,2339.48
999,4,0,2,14.2966,2257.67
884,4,0,3,14.6081,3794.92,0.0611667,266.791,0.05,4
1987,4,0,3,14.5652,3581.93
428,4,0,3,14.5601,3556.56
429,4,0,3,14.5334,3426.55
1988,4,0,3,14.5048,3282.93
430,4,0,3,14.5015,3265.67
1989,4,0,3,14.4964,3240.59
432,4,0,3,14.4902,3210.51
435,4,0,3,14.4849,3183.92
431,4,0,3,14.4781,3150.12
439,4,0,3,14.4616,3069.03
436,4,0,3,14.454,3030.67
936,4,0,4,14.8072,4768.95,0,0,0
1737,4,0,4,14.795,4702.81
917,4,0,4,14.7804,4628.64
916,4,0,4,14.7803,4627.73
906,4,0,4,14.7508,4479.81
889,4,0,4,14.7402,4424.57
888,4,0,4,14.7128,4285.96
887,4,0,4,14.6984,4206.12
2012,4,0,4,14.6738,4084.73
884,4,0,4,14.6693,4061.71
1307,4,1,0,15.0455,554.042,0.0428333,186.826,0.28,1
1303,4,1,0,15.0345,496.053
2021,4,1,0,14.9962,306.727
1791,4,1,0,14.9883,267.142
939,4,1,0,14.9715,182.874
940,4,1,0,14.9668,151.022
934,4,1,0,14.9473,42.0448
933,4,1,0,14.9406,2.93996
936,4,1,0,14.94,0
936,4,1,1,15.1975,1313.23,0,0,0
933,4,1,1,15.1969,1310.29
934,4,1,1,15.1914,1272.64
935,4,1,1,15.1908,1270.04
2020,4,1,1,15.1798,1213.06
943,4,1,1,15.1789,1209.13
942,4,1,1,15.1711,1168.06
941,4,1,1,15.1595,1109.91
1790,4,1,1,15.1467,1042.74
2022,4,1,1,15.1362,991.844
2021,4,1,1,15.1259,938.155
1303,4,1,1,15.1041,818.443
1307,4,1,1,15.0884,740.869
1307,5,0,0,14.3555,554.042,0.0546667,238.44,0.3,1
1303,5,0,0,14.3445,496.053
2021,5,0,0,14.3062,306.727
1791,5,0,0,14.2983,267.142
939,5,0,0,14.2815,182.874
940,5,0,0,14.2768,151.022
934,5,0,0,14.2573,42.0448
933,5,0,0,14.2506,2.93996
936,5,0,0,14.25,0
1336,5,0,1,14.5211,1357.19,0.0633333,276.241,0.28,2
1792,5,0,1,14.5128,1316.37
1334,5,0,1,14.503,1268.49
1335,5,0,1,14.4924,1218.26
1341,5,0,1,14.4838,1171.29
1315,5,0,1,14.4664,1075.52
1314,5,0,1,14.4463,973.405
1309,5,0,1,14.4457,970.535
1308,5,0,1,14.4294,885.27
1307,5,0,1,14.4102,792.482
999,5,0,2,14.7802,2633.05,0.0648333,282.783,0.16,3
1002,5,0,2,14.7761,2604.98
1031,5,0,2,14.7632,2539.71
2031,5,0,2,14.7559,2502.72
2032,5,0,2,14.7555,2500.89
1053,5,0,2,14.7479,2463
1784,5,0,2,14.7445,2445.25
1069,5,0,2,14.7234,2339.45
1848,5,0,2,14.7176,2305.2
1109,5,0,2,14.7088,2257.6
1113,5,0,2,14.7017,2222.36
2036,5,0,2,14.6942,2185.46
1112,5,0,2,14.6906,2166.62
2041,5,0,2,14.6768,2098.35
2042,5,0,2,14.6634,2030.26
1564,5,0,2,14.6521,1974.64
2107,5,0,2,14.642,1924.73
1145,5,0,2,14.6352,1892.06
2053,5,0,2,14.6222,1825.07
2073,5,0,2,14.6146,1786.93
1336,5,0,2,14.5844,1633.44
436,5,0,3,14.9644,3523.09,0.038,165.745,0.13,4
425,5,0,3,14.9579,3488.71
426,5,0,3,14.9529,3463.16
424,5,0,3,14.9508,3450.15
613,5,0,3,14.9432,3411.22
611,5,0,3,14.9374,3377.78
619,5,0,3,14.9195,3285.62
618,5,0,3,14.9171,3273.85
615,5,0,3,14.9156,3262.06
617,5,0,3,14.9121,3244.51
616,5,0,3,14.9055,3210.58
676,5,0,3,14.8993,3179.52
674,5,0,3,14.8844,3109.87
675,5,0,3,14.8778,3076.79
962,5,0,3,14.8692,3034.7
961,5,0,3,14.8619,2997.65
999,5,0,3,14.845,2915.84
884,5,0,4,15.1418,4391.19,0.0453333,197.73,0.06,5
1987,5,0,4,15.1064,4209.8
428,5,0,4,15.1014,4184.43
429,5,0,4,15.0794,4074.1
1988,5,0,4,15.055,3948.08
430,5,0,4,15.0515,3929.9
1989,5,0,4,15.0426,3889.15
432,5,0,4,15.0376,3864.36
435,5,0,4,15.0323,3837.77
431,5,0,4,15.0254,3803.72
439,5,0,4,15.0113,3732.3
436,5,0,4,15.0024,3688.83
936,5,0,5,15.3117,5239.94,0,0,0
1737,5,0,5,15.3006,5178.68
917,5,0,5,15.2871,5109.15
916,5,0,5,15.2869,5108.24
906,5,0,5,15.2636,4986.19
889,5,0,5,15.2511,4922.79
888,5,0,5,15.2312,4815.85
887,5,0,5,15.2144,4726.13
2012,5,0,5,15.1919,4613.09
884,5,0,5,15.1871,4588.92
1336,6,0,0,12.5879,764.587,0.0533333,232.624,0.21,1
1792,6,0,0,12.5804,727.242
1334,6,0,0,12.5731,689.424
1335,6,0,0,12.5624,639.192
1333,6,0,0,12.54,524.133
2163,6,0,0,12.5133,383.309
2023,6,0,0,12.4873,241.926
1787,6,0,0,12.4797,202.721
1788,6,0,0,12.4789,199.018
943,6,0,0,12.4595,103.973
934,6,0,0,12.4493,49.9245
933,6,0,0,12.4406,2.93996
936,6,0,0,12.44,0
999,6,0,1,12.842,2014.06,0.0941667,410.727,0.12,2
1002,6,0,1,12.8357,1980.01
1031,6,0,1,12.8212,1908.3
2031,6,0,1,12.8139,1871.31
2032,6,0,1,12.8135,1869.48
1053,6,0,1,12.8055,1829.69
1784,6,0,1,12.8022,1812.62
1069,6,0,1,12.7821,1710.61
1848,6,0,1,12.7763,1676.41
1847,6,0,1,12.7728,1656.77
1086,6,0,1,12.7691,1636.54
2036,6,0,1,12.7545,1563.64
1112,6,0,1,12.7509,1544.8
2041,6,0,1,12.7388,1483.73
2042,6,0,1,12.7194,1390.66
1564,6,0,1,12.709,1338.8
2107,6,0,1,12.7009,1297.3
1145,6,0,1,12.6943,1265.29
2053,6,0,1,12.6788,1187.98
2073,6,0,1,12.6705,1146.92
1336,6,0,1,12.6412,997.211
436,6,0,2,13.0418,3005.31,0.0588333,256.613,0.14,3
425,6,0,2,13.0347,2968.23
426,6,0,2,13.0298,2943.28
424,6,0,2,13.0274,2929.57
613,6,0,2,13.0244,2904.59
611,6,0,2,13.0189,2871.69
609,6,0,2,13.0169,2853.9
628,6,0,2,13.007,2779.89
615,6,0,2,13.0014,2749.24
617,6,0,2,12.9979,2731.69
616,6,0,2,12.9885,2686.21
676,6,0,2,12.9823,2655.15
674,6,0,2,12.9682,2588.46
675,6,0,2,12.9616,2555.38
962,6,0,2,12.9551,2522.25
961,6,0,2,12.9472,2482.83
999,6,0,2,12.9361,2424.79
884,6,0,3,13.2494,4003.28,0.0738333,322.039,0.04,4
1987,6,0,3,13.2115,3811.28
428,6,0,3,13.2065,3785.91
429,6,0,3,13.1814,3662.84
1988,6,0,3,13.155,3528.18
430,6,0,3,13.1514,3510.01
1989,6,0,3,13.1462,3484.27
432,6,0,3,13.142,3462.26
435,6,0,3,13.1366,3435.67
431,6,0,3,13.1294,3399.93
439,6,0,3,13.1079,3298.19
436,6,0,3,13.1007,3261.92
936,6,0,4,13.4557,5009.69,0,0,0
1737,6,0,4,13.4442,4946.46
917,6,0,4,13.4274,4863.22
916,6,0,4,13.4272,4862.31
906,6,0,4,13.4013,4729.22
889,6,0,4,13.3892,4667.3
888,6,0,4,13.3686,4557.79
887,6,0,4,13.3512,4465.11
2012,6,0,4,13.3275,4347.33
884,6,0,4,13.3233,4325.32
1307,6,1,0,15.0355,554.042,0.0428333,186.826,0.28,1
1303,6,1,0,15.0245,496.053
2021,6,1,0,14.9862,306.727
1791,6,1,0,14.9783,267.142
939,6,1,0,14.9615,182.874
940,6,1,0,14.9568,151.022
934,6,1,0,14.9373,42.0448
933,6,1,0,14.9306,2.93996
936,6,1,0,14.93,0
936,6,1,1,15.1875,1313.23,0,0,0
933,6,1,1,15.1869,1310.29
934,6,1,1,15.1814,1272.64
935,6,1,1,15.1808,1270.04
2020,6,1,1,15.1698,1213.06
943,6,1,1,15.1689,1209.13
942,6,1,1,15.1611,1168.06
941,6,1,1,15.1495,1109.91
1790,6,1,1,15.1367,1042.74
2022,6,1,1,15.1262,991.844
2021,6,1,1,15.1159,938.155
1303,6,1,1,15.0941,818.443
1307,6,1,1,15.0784,740.869
1336,7,0,0,12.8279,764.587,0.0533333,232.624,0.21,1
1792,7,0,0,12.8204,727.242
1334,7,0,0,12.8131,689.424
1335,7,0,0,12.8024,639.192
1333,7,0,0,12.78,524.133
2163,7,0,0,12.7533,383.309
2023,7,0,0,12.7273,241.926
1787,7,0,0,12.7197,202.721
1788,7,0,0,12.7189,199.018
943,7,0,0,12.6995,103.973
934,7,0,0,12.6893,49.9245
933,7,0,0,12.6806,2.93996
936,7,0,0,12.68,0
999,7,0,1,13.082,2014.06,0.056,244.255,0.15,2
1002,7,0,1,13.0757,1980.01
1031,7,0,1,13.0612,1908.3
2031,7,0,1,13.0539,1871.31
2032,7,0,1,13.0535,1869.48
1053,7,0,1,13.0455,1829.69
1784,7,0,1,13.0422,1812.62
1069,7,0,1,13.0221,1710.61
1848,7,0,1,13.0163,1676.41
1847,7,0,1,13.0128,1656.77
1086,7,0,1,13.0091,1636.54
2036,7,0,1,12.9945,1563.64
1112,7,0,1,12.9909,1544.8
2041,7,0,1,12.9788,1483.73
2042,7,0,1,12.9594,1390.66
1564,7,0,1,12.949,1338.8
2107,7,0,1,12.9409,1297.3
1145,7,0,1,12.9343,1265.29
2053,7,0,1,12.9188,1187.98
2073,7,0,1,12.9105,1146.92
1336,7,0,1,12.8812,997.211
436,7,0,2,13.2491,2856.62,0.0588333,256.613,0.14,3
425,7,0,2,13.2416,2817.81
426,7,0,2,13.2353,2787.07
424,7,0,2,13.233,2773.64
613,7,0,2,13.225,2733.27
611,7,0,2,13.2181,2695.38
609,7,0,2,13.2162,2677.54
628,7,0,2,13.2063,2603.53
615,7,0,2,13.2015,2575.55
617,7,0,2,13.198,2558
616,7,0,2,13.1903,2519.79
676,7,0,2,13.1842,2488.72
674,7,0,2,13.1737,2437.23
675,7,0,2,13.1671,2404.16
962,7,0,2,13.1567,2354.79
961,7,0,2,13.1513,2325.66
999,7,0,2,13.138,2258.32
884,7,0,3,13.4567,3854.6,0.0738333,322.039,0.04,4
1987,7,0,3,13.4188,3662.59
428,7,0,3,13.4138,3637.22
429,7,0,3,13.3887,3514.15
1988,7,0,3,13.3623,3379.49
430,7,0,3,13.3587,3361.32
1989,7,0,3,13.3535,3335.59
432,7,0,3,13.3493,3313.57
435,7,0,3,13.3439,3286.98
431,7,0,3,13.3367,3251.25
439,7,0,3,13.3152,3149.5
436,7,0,3,13.308,3113.24
936,7,0,4,13.663,4861,0,0,0
1737,7,0,4,13.6515,4797.77
917,7,0,4,13.6347,4714.53
916,7,0,4,13.6345,4713.63
906,7,0,4,13.6086,4580.54
889,7,0,4,13.5965,4518.62
888,7,0,4,13.5759,4409.11
887,7,0,4,13.5585,4316.43
2012,7,0,4,13.5348,4198.65
884,7,0,4,13.5306,4176.64
1307,7,1,0,15.0455,554.042,0.0428333,186.826,0.28,1
1303,7,1,0,15.0345,496.053
2021,7,1,0,14.9962,306.727
1791,7,1,0,14.9883,267.142
939,7,1,0,14.9715,182.874
940,7,1,0,14.9668,151.022
934,7,1,0,14.9473,42.0448
933,7,1,0,14.9406,2.93996
936,7,1,0,14.94,0
936,7,1,1,15.1975,1313.23,0,0,0
933,7,1,1,15.1969,1310.29
934,7,1,1,15.1914,1272.64
935,7,1,1,15.1908,1270.04
2020,7,1,1,15.1798,1213.06
943,7,1,1,15.1789,1209.13
942,7,1,1,15.1711,1168.06
941,7,1,1,15.1595,1109.91
1790,7,1,1,15.1467,1042.74
2022,7,1,1,15.1362,991.844
2021,7,1,1,15.1259,938.155
1303,7,1,1,15.1041,818.443
1307,7,1,1,15.0884,740.869
1336,8,0,0,12.8979,764.587,0.0533333,232.624,0.21,1
1792,8,0,0,12.8904,727.242
1334,8,0,0,12.8831,689.424
1335,8,0,0,12.8724,639.192
1333,8,0,0,12.85,524.133
2163,8,0,0,12.8233,383.309
2023,8,0,0,12.7973,241.926
1787,8,0,0,12.7897,202.721
1788,8,0,0,12.7889,199.018
943,8,0,0,12.7695,103.973
934,8,0,0,12.7593,49.9245
933,8,0,0,12.7506,2.93996
936,8,0,0,12.75,0
1307,8,0,1,13.0596,1551.85,0.0495,215.904,0.34,2
1308,8,0,1,13.048,1490.8
1309,8,0,1,13.0305,1400.7
1314,8,0,1,13.03,1397.83
1315,8,0,1,13.017,1325.89
1341,8,0,1,12.9926,1200.6
1342,8,0,1,12.984,1157.87
1334,8,0,1,12.9718,1095.73
1792,8,0,1,12.9593,1037.19
1336,8,0,1,12.9512,997.211
884,8,0,2,13.3194,2884.57,0.0738333,322.039,0.04,3
883,8,0,2,13.2921,2745.5
882,8,0,2,13.2806,2683.23
2155,8,0,2,13.2773,2666.51
901,8,0,2,13.2504,2519.33
902,8,0,2,13.2374,2449.78
904,8,0,2,13.2242,2378.8
925,8,0,2,13.2007,2250.91
2019,8,0,2,13.1953,2223.64
929,8,0,2,13.1949,2221.66
938,8,0,2,13.1829,2155.81
950,8,0,2,13.1694,2085.25
951,8,0,2,13.1624,2049.53
949,8,0,2,13.1514,1993.05
1302,8,0,2,13.1324,1886.33
1307,8,0,2,13.1091,1767.76
436,8,0,3,13.5089,3805.83,0.0588333,256.613,0.14,4
425,8,0,3,13.5014,3767.02
420,8,0,3,13.4857,3689.85
421,8,0,3,13.4817,3663.07
417,8,0,3,13.4772,3638.59
1989,8,0,3,13.4606,3552.18
2011,8,0,3,13.4429,3458.99
2156,8,0,3,13.4376,3431.66
2013,8,0,3,13.4369,3428.51
886,8,0,3,13.425,3370.33
885,8,0,3,13.4031,3256.21
2012,8,0,3,13.3974,3228.61
884,8,0,3,13.3932,3206.6
999,8,0,4,13.6608,4528.39,0.056,244.255,0.15,5
961,8,0,4,13.6451,4451.32
962,8,0,4,13.6374,4412.62
675,8,0,4,13.6263,4360.51
674,8,0,4,13.6201,4329.15
669,8,0,4,13.6036,4245.23
673,8,0,4,13.5941,4196.46
438,8,0,4,13.5885,4168.77
437,8,0,4,13.5788,4119.57
439,8,0,4,13.5749,4098.71
436,8,0,4,13.5678,4062.44
936,8,0,5,13.8388,5401.61,0,0,0
1737,8,0,5,13.8273,5338.38
917,8,0,5,13.8105,5255.15
916,8,0,5,13.8103,5254.24
919,8,0,5,13.8046,5215.15
2017,8,0,5,13.8045,5214.98
2014,8,0,5,13.8035,5209.96
2015,8,0,5,13.7954,5169.25
910,8,0,5,13.7953,5168.76
909,8,0,5,13.787,5126.62
1051,8,0,5,13.7771,5076.46
1025,8,0,5,13.7649,5015.16
1029,8,0,5,13.751,4945.8
1026,8,0,5,13.7404,4893.76
998,8,0,5,13.7359,4870.63
999,8,0,5,13.7168,4772.65
884,9,0,0,12.1893,985.1,0.115333,503.049,0.04,1
883,9,0,0,12.16,837.705
882,9,0,0,12.1469,768.2
2155,9,0,0,12.1436,751.641
901,9,0,0,12.108,567.326
902,9,0,0,12.0955,499.78
904,9,0,0,12.0824,429.227
925,9,0,0,12.0588,300.744
2019,9,0,0,12.0534,273.424
929,9,0,0,12.0529,271.441
930,9,0,0,12.0329,166.74
931,9,0,0,12.0202,106.514
932,9,0,0,12.0058,29.1229
933,9,0,0,12.0006,2.93996
936,9,0,0,12,0
436,9,0,1,12.4209,2088.05,0.0958333,417.996,0.13,2
425,9,0,1,12.4137,2050.97
420,9,0,1,12.402,1990.24
421,9,0,1,12.3974,1962.75
417,9,0,1,12.3924,1936.03
1989,9,0,1,12.374,1841.82
2011,9,0,1,12.3547,1742.11
2156,9,0,1,12.3492,1714.07
2013,9,0,1,12.3486,1710.91
886,9,0,1,12.3404,1668.31
885,9,0,1,12.3148,1538.68
2012,9,0,1,12.3091,1511.08
884,9,0,1,12.3047,1488.15
999,9,0,2,12.6226,3026,0.0941667,410.727,0.12,3
961,9,0,2,12.6101,2961.84
962,9,0,2,12.6024,2923.15
675,9,0,2,12.5937,2881.1
674,9,0,2,12.5834,2832.53
669,9,0,2,12.5623,2729.74
673,9,0,2,12.5497,2668.55
672,9,0,2,12.5413,2627.67
610,9,0,2,12.5308,2578.28
436,9,0,2,12.5167,2506.04
1336,9,0,3,12.9227,4485.3,0.0533333,232.624,0.21,4
1792,9,0,3,12.9153,4447.95
1334,9,0,3,12.9079,4410.13
1325,9,0,3,12.8807,4271.7
1156,9,0,3,12.8735,4235.68
1155,9,0,3,12.8601,4168.11
2052,9,0,3,12.8546,4140.1
1782,9,0,3,12.8478,4105.73
2043,9,0,3,12.8392,4047
1111,9,0,3,12.8264,3981.39
1109,9,0,3,12.8085,3892.99
1848,9,0,3,12.7884,3798.48
1069,9,0,3,12.7807,3756.73
1784,9,0,3,12.7645,3671.18
1053,9,0,3,12.761,3653.33
2032,9,0,3,12.7522,3610.5
2031,9,0,3,12.7518,3608.68
1031,9,0,3,12.7424,3562.86
1002,9,0,3,12.7258,3482.48
999,9,0,3,12.7168,3436.73
1307,9,0,4,13.0844,5272.56,0.0495,215.904,0.34,5
1308,9,0,4,13.0728,5211.51
1309,9,0,4,13.0553,5121.41
1314,9,0,4,13.0548,5118.54
1315,9,0,4,13.0418,5046.6
1341,9,0,4,13.0174,4921.31
1342,9,0,4,13.0088,4878.58
1334,9,0,4,12.9966,4816.44
1792,9,0,4,12.9841,4757.9
1336,9,0,4,12.976,4717.92
936,9,0,5,13.255,6111.7,0,0,0
933,9,0,5,13.2544,6108.76
934,9,0,5,13.2489,6071.11
935,9,0,5,13.2483,6068.5
2020,9,0,5,13.2373,6011.53
943,9,0,5,13.2365,6007.59
942,9,0,5,13.2279,5963.63
941,9,0,5,13.216,5903.97
1790,9,0,5,13.1989,5819.11
2022,9,0,5,13.1884,5768.21
2021,9,0,5,13.1757,5704.03
1303,9,0,5,13.1428,5537.11
1307,9,0,5,13.1339,5488.47
884,10,0,0,14.4283,938.52,0.0611667,266.791,0.05,1
883,10,0,0,14.3959,777.951
882,10,0,0,14.3827,708.309
2155,10,0,0,14.3792,690.597
901,10,0,0,14.3478,524.626
902,10,0,0,14.3349,454.953
904,10,0,0,14.3218,384.906
925,10,0,0,14.3003,265.332
2019,10,0,0,14.2951,239.037
929,10,0,0,14.2947,237.053
930,10,0,0,14.2744,130.978
931,10,0,0,14.2692,102.033
932,10,0,0,14.255,25.8242
933,10,0,0,14.2506,2.93996
936,10,0,0,14.25,0
436,10,0,1,14.608,1816.23,0.038,165.745,0.13,2
425,10,0,1,14.6015,1781.85
420,10,0,1,14.587,1709.7
421,10,0,1,14.583,1682.88
417,10,0,1,14.5789,1660.21
1989,10,0,1,14.561,1568.29
2011,10,0,1,14.5408,1464.73
2156,10,0,1,14.5351,1435.43
2013,10,0,1,14.5344,1432.28
886,10,0,1,14.5241,1380.66
885,10,0,1,14.4997,1255.93
2012,10,0,1,14.494,1228.33
884,10,0,1,14.4895,1205.31
999,10,0,2,14.7431,2469.37,0.0648333,282.783,0.16,3
961,10,0,2,14.7249,2381.87
962,10,0,2,14.7172,2343.18
675,10,0,2,14.7074,2296.4
674,10,0,2,14.7025,2270.37
676,10,0,2,14.6985,2243.04
616,10,0,2,14.6919,2210.39
606,10,0,2,14.6718,2111.68
610,10,0,2,14.6601,2054.36
436,10,0,2,14.646,1981.97
1336,10,0,3,14.998,3741.42,0.0633333,276.241,0.28,4
1792,10,0,3,14.9897,3700.6
1334,10,0,3,14.9799,3652.71
1325,10,0,3,14.9553,3525.25
1156,10,0,3,14.9478,3488.14
1155,10,0,3,14.9362,3427.72
2052,10,0,3,14.9312,3401.84
1782,10,0,3,14.9248,3369.23
2043,10,0,3,14.9162,3310.49
1111,10,0,3,14.9061,3256.31
1110,10,0,3,14.9002,3226.45
1113,10,0,3,14.886,3153.17
1847,10,0,3,14.8773,3105.9
1068,10,0,3,14.8667,3051.77
1785,10,0,3,14.8618,3026.31
1053,10,0,3,14.845,2938.88
2032,10,0,3,14.8356,2893.36
2031,10,0,3,14.8352,2891.54
1031,10,0,3,14.8271,2851.24
1002,10,0,3,14.8142,2785.93
999,10,0,3,14.808,2752.15
1307,10,0,4,15.1732,4587.33,0.0428333,186.826,0.28,5
1308,10,0,4,15.159,4515.06
1309,10,0,4,15.1395,4416.83
1314,10,0,4,15.139,4413.96
1315,10,0,4,15.1186,4310.56
1341,10,0,4,15.0991,4205.84
1342,10,0,4,15.0905,4163.11
1334,10,0,4,15.0795,4106.38
1792,10,0,4,15.0671,4047.85
1336,10,0,4,15.0613,4017.66
936,10,0,5,15.3251,5346.52,0,0,0
933,10,0,5,15.3245,5343.58
934,10,0,5,15.319,5305.93
935,10,0,5,15.3185,5303.32
2020,10,0,5,15.3074,5246.35
943,10,0,5,15.3066,5242.41
942,10,0,5,15.2987,5201.34
941,10,0,5,15.2872,5143.19
1790,10,0,5,15.2743,5076.02
2022,10,0,5,15.2638,5025.13
2021,10,0,5,15.2536,4971.44
1303,10,0,5,15.2318,4851.73
1307,10,0,5,15.216,4774.15
1307,11,0,0,13.8117,580.427,0.0495,215.904,0.34,1
1303,11,0,0,13.7969,506.554
2021,11,0,0,13.7652,344.641
1791,11,0,0,13.7559,299.315
939,11,0,0,13.7427,230.444
940,11,0,0,13.738,198.593
934,11,0,0,13.7109,56.8666
933,11,0,0,13.7006,2.93996
936,11,0,0,13.7,0
1336,11,0,1,13.962,1319.25,0.0515,224.627,0.24,2
1792,11,0,1,13.9558,1286.83
1334,11,0,1,13.9478,1246.39
1335,11,0,1,13.9371,1196.16
1341,11,0,1,13.9296,1153.46
1315,11,0,1,13.9094,1045.7
1314,11,0,1,13.8925,956.845
1309,11,0,1,13.8919,953.975
1308,11,0,1,13.8778,878.201
1307,11,0,1,13.8612,796.332
999,11,0,2,14.2093,2543.49,0.0648333,282.783,0.16,3
1002,11,0,2,14.2052,2515.42
1031,11,0,2,14.1923,2450.15
2031,11,0,2,14.185,2413.15
2032,11,0,2,14.1846,2411.33
1053,11,0,2,14.177,2373.44
1784,11,0,2,14.1736,2355.69
1069,11,0,2,14.1526,2249.89
1848,11,0,2,14.1467,2215.63
1109,11,0,2,14.1379,2168.04
1113,11,0,2,14.1308,2132.79
2036,11,0,2,14.1233,2095.89
1112,11,0,2,14.1197,2077.06
2041,11,0,2,14.1059,2008.79
2042,11,0,2,14.0926,1940.7
1564,11,0,2,14.0812,1885.08
2107,11,0,2,14.0711,1835.17
1145,11,0,2,14.0643,1802.49
2053,11,0,2,14.0513,1735.5
2073,11,0,2,14.0437,1697.36
1336,11,0,2,14.0135,1543.87
436,11,0,3,14.3935,3433.53,0.038,165.745,0.13,4
425,11,0,3,14.387,3399.14
426,11,0,3,14.382,3373.6
424,11,0,3,14.3799,3360.59
613,11,0,3,14.3723,3321.66
611,11,0,3,14.3665,3288.22
619,11,0,3,14.3486,3196.05
618,11,0,3,14.3462,3184.29
615,11,0,3,14.3447,3172.5
617,11,0,3,14.3412,3154.95
616,11,0,3,14.3346,3121.02
676,11,0,3,14.3284,3089.96
674,11,0,3,14.3135,3020.31
675,11,0,3,14.3069,2987.23
962,11,0,3,14.2983,2945.14
961,11,0,3,14.291,2908.09
999,11,0,3,14.2742,2826.27
884,11,0,4,14.5857,4363.53,0.0611667,266.791,0.05,5
1987,11,0,4,14.5427,4150.53
428,11,0,4,14.5377,4125.17
429,11,0,4,14.5109,3995.16
1988,11,0,4,14.4824,3851.54
430,11,0,4,14.479,3834.28
1989,11,0,4,14.474,3809.19
432,11,0,4,14.4678,3779.12
435,11,0,4,14.4624,3752.53
431,11,0,4,14.4556,3718.73
439,11,0,4,14.4392,3637.64
436,11,0,4,14.4315,3599.27
936,11,0,5,14.7848,5337.56,0,0,0
1737,11,0,5,14.7726,5271.42
917,11,0,5,14.758,5197.25
916,11,0,5,14.7578,5196.34
906,11,0,5,14.7284,5048.42
889,11,0,5,14.7178,4993.18
888,11,0,5,14.6903,4854.56
887,11,0,5,14.6759,4774.73
2012,11,0,5,14.6513,4653.34
884,11,0,5,14.6469,4630.32
