Nodo,Individuo,Ruta,Segmento,Tiempo viaje,Costo viaje,Tiempo atencion,Costo atencion,Tasa fallo,Demanda
1336,0,0,0,12.3079,764.587,0.0533333,232.624,0.21,1
1792,0,0,0,12.3004,727.242
1334,0,0,0,12.2931,689.424
1335,0,0,0,12.2824,639.192
1333,0,0,0,12.26,524.133
2163,0,0,0,12.2333,383.309
2023,0,0,0,12.2073,241.926
1787,0,0,0,12.1997,202.721
1788,0,0,0,12.1989,199.018
943,0,0,0,12.1795,103.973
934,0,0,0,12.1693,49.9245
933,0,0,0,12.1606,2.93996
936,0,0,0,12.16,0
999,0,0,1,12.562,2014.06,0.0941667,410.727,0.12,2
1002,0,0,1,12.5557,1980.01
1031,0,0,1,12.5412,1908.3
2031,0,0,1,12.5339,1871.31
2032,0,0,1,12.5335,1869.48
1053,0,0,1,12.5255,1829.69
1784,0,0,1,12.5222,1812.62
1069,0,0,1,12.5021,1710.61
1848,0,0,1,12.4963,1676.41
1847,0,0,1,12.4928,1656.77
1086,0,0,1,12.4891,1636.54
2036,0,0,1,12.4745,1563.64
1112,0,0,1,12.4709,1544.8
2041,0,0,1,12.4588,1483.73
2042,0,0,1,12.4394,1390.66
1564,0,0,1,12.429,1338.8
2107,0,0,1,12.4209,1297.3
1145,0,0,1,12.4143,1265.29
2053,0,0,1,12.3988,1187.98
2073,0,0,1,12.3905,1146.92
1336,0,0,1,12.3612,997.211
884,0,0,2,12.8561,3449.6,0.115333,503.049,0.04,3
883,0,0,2,12.8267,3302.21
882,0,0,2,12.8136,3232.7
2155,0,0,2,12.8104,3216.14
2012,0,0,2,12.7937,3126.24
885,0,0,2,12.7888,3102.14
886,0,0,2,12.7685,2994.61
2013,0,0,2,12.7611,2955.14
2156,0,0,2,12.7604,2951.98
2011,0,0,2,12.7551,2924.47
891,0,0,2,12.7332,2810.01
893,0,0,2,12.7271,2779.14
894,0,0,2,12.7219,2754.39
897,0,0,2,12.703,2661.18
1028,0,0,2,12.695,2619
1026,0,0,2,12.6834,2561.27
998,0,0,2,12.6785,2536.52
999,0,0,2,12.6561,2424.79
936,0,0,3,13.0889,4573.93,0,0,0
1737,0,0,3,13.0786,4516.17
917,0,0,3,13.0654,4447.72
916,0,0,3,13.0652,4446.81
906,0,0,3,13.0416,4323.57
889,0,0,3,13.0306,4266.27
888,0,0,3,13.0114,4162.86
887,0,0,3,12.9933,4067.23
2012,0,0,3,12.9758,3975.58
884,0,0,3,12.9714,3952.65
436,0,1,0,15.2284,803.148,0.077,335.851,0.12,1
425,0,1,0,15.2218,768.444
420,0,1,0,15.2107,710.646
431,0,1,0,15.1902,610.622
434,0,1,0,15.1837,580.012
873,0,1,0,15.1778,550.156
874,0,1,0,15.1691,504.94
870,0,1,0,15.1631,475.084
894,0,1,0,15.1393,355.581
895,0,1,0,15.13,308.747
907,0,1,0,15.1166,241.151
908,0,1,0,15.1098,205.584
2014,0,1,0,15.1092,202.905
2017,0,1,0,15.1081,197.21
2170,0,1,0,15.105,181.581
1738,0,1,0,15.0904,106.701
1737,0,1,0,15.0844,75.5833
936,0,1,0,15.07,0
1307,0,1,1,15.5382,2349.85,0.0428333,186.826,0.28,2
1303,0,1,1,15.5234,2276.23
2021,0,1,1,15.491,2111.03
1791,0,1,1,15.4815,2064.83
939,0,1,1,15.4692,2000.09
940,0,1,1,15.4646,1968.24
934,0,1,1,15.4427,1849.12
933,0,1,1,15.4332,1798.5
936,0,1,1,15.4326,1795.56
1737,0,1,1,15.4215,1734.3
917,0,1,1,15.408,1664.77
916,0,1,1,15.4079,1663.87
919,0,1,1,15.4021,1624.78
2017,0,1,1,15.4021,1624.61
2014,0,1,1,15.4011,1619.86
2015,0,1,1,15.393,1579.15
910,0,1,1,15.3929,1578.66
909,0,1,1,15.3835,1531.98
898,0,1,1,15.3703,1465.4
897,0,1,1,15.3607,1417.02
877,0,1,1,15.3382,1306.17
878,0,1,1,15.3322,1275.46
879,0,1,1,15.3237,1231.58
437,0,1,1,15.3177,1201.24
439,0,1,1,15.3143,1182.47
436,0,1,1,15.3054,1139
936,0,1,2,15.6902,3109.04,0,0,0
933,0,1,2,15.6896,3106.1
934,0,1,2,15.684,3068.46
935,0,1,2,15.6835,3065.85
2020,0,1,2,15.6724,3008.87
943,0,1,2,15.6716,3004.94
942,0,1,2,15.6637,2963.87
941,0,1,2,15.6522,2905.72
1790,0,1,2,15.6393,2838.55
2022,0,1,2,15.6289,2787.65
2021,0,1,2,15.6186,2733.96
1303,0,1,2,15.5968,2614.25
1307,0,1,2,15.5811,2536.68
1307,1,0,0,15.0155,554.042,0.0428333,186.826,0.28,1
1303,1,0,0,15.0045,496.053
2021,1,0,0,14.9662,306.727
1791,1,0,0,14.9583,267.142
939,1,0,0,14.9415,182.874
940,1,0,0,14.9368,151.022
934,1,0,0,14.9173,42.0448
933,1,0,0,14.9106,2.93996
936,1,0,0,14.91,0
1336,1,0,1,15.1593,1263.92,0.0595,259.521,0.34,2
1792,1,0,1,15.1533,1232.8
1334,1,0,1,15.1438,1186.27
1335,1,0,1,15.1332,1136.04
1341,1,0,1,15.1253,1092.01
1315,1,0,1,15.1077,995.332
1314,1,0,1,15.092,911.668
1309,1,0,1,15.0914,908.797
1308,1,0,1,15.0716,808.959
1307,1,0,1,15.0584,740.869
999,1,0,2,15.4093,2503.53,0.0515,224.627,0.17,3
1002,1,0,2,15.4024,2466.7
1031,1,0,2,15.3882,2395.75
2031,1,0,2,15.3808,2358.75
2032,1,0,2,15.3804,2356.93
1053,1,0,2,15.3727,2318.47
1784,1,0,2,15.3695,2301.77
1066,1,0,2,15.3604,2254.95
1070,1,0,2,15.3498,2198.39
1849,1,0,2,15.3391,2144.14
1108,1,0,2,15.3278,2086.26
1107,1,0,2,15.3143,2016.15
2040,1,0,2,15.3036,1959.09
1783,1,0,2,15.2875,1875.04
1153,1,0,2,15.2803,1838.82
1154,1,0,2,15.2698,1782.55
1324,1,0,2,15.2647,1756.63
1325,1,0,2,15.2537,1702.32
2073,1,0,2,15.246,1664.53
1336,1,0,2,15.2188,1523.44
436,1,0,3,15.5703,3296.28,0.077,335.851,0.12,4
425,1,0,3,15.5638,3261.57
426,1,0,3,15.5592,3238.26
424,1,0,3,15.5573,3225.38
613,1,0,3,15.5526,3198.86
611,1,0,3,15.5476,3166.62
619,1,0,3,15.5297,3074.45
618,1,0,3,15.5273,3062.61
615,1,0,3,15.5258,3050.83
617,1,0,3,15.5223,3033.28
616,1,0,3,15.5147,2995.31
676,1,0,3,15.5085,2964.25
674,1,0,3,15.4974,2910.2
675,1,0,3,15.4909,2877.13
962,1,0,3,15.4784,2819.34
961,1,0,3,15.4736,2793.06
999,1,0,3,15.4608,2728.16
884,1,0,4,15.7867,4334.48,0.0453333,197.73,0.06,5
1987,1,0,4,15.7513,4153.1
428,1,0,4,15.7463,4127.73
429,1,0,4,15.7243,4017.4
1988,1,0,4,15.7,3891.37
430,1,0,4,15.6964,3873.19
1989,1,0,4,15.6875,3832.45
432,1,0,4,15.6825,3807.66
435,1,0,4,15.6772,3781.07
431,1,0,4,15.6704,3747.02
439,1,0,4,15.6562,3675.59
436,1,0,4,15.6473,3632.13
936,1,0,5,15.9566,5183.24,0,0,0
1737,1,0,5,15.9455,5121.97
917,1,0,5,15.932,5052.45
916,1,0,5,15.9319,5051.54
906,1,0,5,15.9086,4929.48
889,1,0,5,15.8961,4866.09
888,1,0,5,15.8761,4759.15
887,1,0,5,15.8594,4669.42
2012,1,0,5,15.8368,4556.38
884,1,0,5,15.8321,4532.22
1336,2,0,0,12.3079,764.587,0.0533333,232.624,0.21,1
1792,2,0,0,12.3004,727.242
1334,2,0,0,12.2931,689.424
1335,2,0,0,12.2824,639.192
1333,2,0,0,12.26,524.133
2163,2,0,0,12.2333,383.309
2023,2,0,0,12.2073,241.926
1787,2,0,0,12.1997,202.721
1788,2,0,0,12.1989,199.018
943,2,0,0,12.1795,103.973
934,2,0,0,12.1693,49.9245
933,2,0,0,12.1606,2.93996
936,2,0,0,12.16,0
999,2,0,1,12.562,2014.06,0.0941667,410.727,0.12,2
1002,2,0,1,12.5557,1980.01
1031,2,0,1,12.5412,1908.3
2031,2,0,1,12.5339,1871.31
2032,2,0,1,12.5335,1869.48
1053,2,0,1,12.5255,1829.69
1784,2,0,1,12.5222,1812.62
1069,2,0,1,12.5021,1710.61
1848,2,0,1,12.4963,1676.41
1847,2,0,1,12.4928,1656.77
1086,2,0,1,12.4891,1636.54
2036,2,0,1,12.4745,1563.64
1112,2,0,1,12.4709,1544.8
2041,2,0,1,12.4588,1483.73
2042,2,0,1,12.4394,1390.66
1564,2,0,1,12.429,1338.8
2107,2,0,1,12.4209,1297.3
1145,2,0,1,12.4143,1265.29
2053,2,0,1,12.3988,1187.98
2073,2,0,1,12.3905,1146.92
1336,2,0,1,12.3612,997.211
436,2,0,2,12.7618,3005.31,0.0958333,417.996,0.13,3
425,2,0,2,12.7547,2968.23
426,2,0,2,12.7498,2943.28
424,2,0,2,12.7474,2929.57
613,2,0,2,12.7444,2904.59
611,2,0,2,12.7389,2871.69
609,2,0,2,12.7369,2853.9
628,2,0,2,12.727,2779.89
615,2,0,2,12.7214,2749.24
617,2,0,2,12.7179,2731.69
616,2,0,2,12.7085,2686.21
676,2,0,2,12.7023,2655.15
674,2,0,2,12.6882,2588.46
675,2,0,2,12.6816,2555.38
962,2,0,2,12.6751,2522.25
961,2,0,2,12.6672,2482.83
999,2,0,2,12.6561,2424.79
884,2,0,3,13.007,4166.95,0.0738333,322.039,0.04,4
1987,2,0,3,12.9696,3976.96
428,2,0,3,12.9646,3951.59
429,2,0,3,12.936,3814.29
1988,2,0,3,12.9073,3669.9
430,2,0,3,12.9041,3653.58
1989,2,0,3,12.9002,3632.9
432,2,0,3,12.8966,3613.74
435,2,0,3,12.8912,3587.15
431,2,0,3,12.8848,3554.82
439,2,0,3,12.8692,3477.41
436,2,0,3,12.8577,3423.3
936,2,0,4,13.2133,5173.35,0,0,0
1737,2,0,4,13.2018,5110.12
917,2,0,4,13.185,5026.88
916,2,0,4,13.1848,5025.97
906,2,0,4,13.1589,4892.88
889,2,0,4,13.1468,4830.97
888,2,0,4,13.1262,4721.45
887,2,0,4,13.1088,4628.77
2012,2,0,4,13.0851,4510.99
884,2,0,4,13.0809,4488.98
1307,2,1,0,15.0655,554.042,0.0428333,186.826,0.28,1
1303,2,1,0,15.0545,496.053
2021,2,1,0,15.0162,306.727
1791,2,1,0,15.0083,267.142
939,2,1,0,14.9915,182.874
940,2,1,0,14.9868,151.022
934,2,1,0,14.9673,42.0448
933,2,1,0,14.9606,2.93996
936,2,1,0,14.96,0
936,2,1,1,15.2175,1313.23,0,0,0
933,2,1,1,15.2169,1310.29
934,2,1,1,15.2114,1272.64
935,2,1,1,15.2108,1270.04
2020,2,1,1,15.1998,1213.06
943,2,1,1,15.1989,1209.13
942,2,1,1,15.1911,1168.06
941,2,1,1,15.1795,1109.91
1790,2,1,1,15.1667,1042.74
2022,2,1,1,15.1562,991.844
2021,2,1,1,15.1459,938.155
1303,2,1,1,15.1241,818.443
1307,2,1,1,15.1084,740.869
1307,3,0,0,15.0855,554.042,0.0428333,186.826,0.28,1
1303,3,0,0,15.0745,496.053
2021,3,0,0,15.0362,306.727
1791,3,0,0,15.0283,267.142
939,3,0,0,15.0115,182.874
940,3,0,0,15.0068,151.022
934,3,0,0,14.9873,42.0448
933,3,0,0,14.9806,2.93996
936,3,0,0,14.98,0
936,3,0,1,15.2375,1313.23,0,0,0
933,3,0,1,15.2369,1310.29
934,3,0,1,15.2314,1272.64
935,3,0,1,15.2308,1270.04
2020,3,0,1,15.2198,1213.06
943,3,0,1,15.2189,1209.13
942,3,0,1,15.2111,1168.06
941,3,0,1,15.1995,1109.91
1790,3,0,1,15.1867,1042.74
2022,3,0,1,15.1762,991.844
2021,3,0,1,15.1659,938.155
1303,3,0,1,15.1441,818.443
1307,3,0,1,15.1284,740.869
1336,3,1,0,12.5579,764.587,0.0533333,232.624,0.21,1
1792,3,1,0,12.5504,727.242
1334,3,1,0,12.5431,689.424
1335,3,1,0,12.5324,639.192
1333,3,1,0,12.51,524.133
2163,3,1,0,12.4833,383.309
2023,3,1,0,12.4573,241.926
1787,3,1,0,12.4497,202.721
1788,3,1,0,12.4489,199.018
943,3,1,0,12.4295,103.973
934,3,1,0,12.4193,49.9245
933,3,1,0,12.4106,2.93996
936,3,1,0,12.41,0
999,3,1,1,12.812,2014.06,0.0941667,410.727,0.12,2
1002,3,1,1,12.8057,1980.01
1031,3,1,1,12.7912,1908.3
2031,3,1,1,12.7839,1871.31
2032,3,1,1,12.7835,1869.48
1053,3,1,1,12.7755,1829.69
1784,3,1,1,12.7722,1812.62
1069,3,1,1,12.7521,1710.61
1848,3,1,1,12.7463,1676.41
1847,3,1,1,12.7428,1656.77
1086,3,1,1,12.7391,1636.54
2036,3,1,1,12.7245,1563.64
1112,3,1,1,12.7209,1544.8
2041,3,1,1,12.7088,1483.73
2042,3,1,1,12.6894,1390.66
1564,3,1,1,12.679,1338.8
2107,3,1,1,12.6709,1297.3
1145,3,1,1,12.6643,1265.29
2053,3,1,1,12.6488,1187.98
2073,3,1,1,12.6405,1146.92
1336,3,1,1,12.6112,997.211
436,3,1,2,13.0118,3005.31,0.0588333,256.613,0.14,3
425,3,1,2,13.0047,2968.23
426,3,1,2,12.9998,2943.28
424,3,1,2,12.9974,2929.57
613,3,1,2,12.9944,2904.59
611,3,1,2,12.9889,2871.69
609,3,1,2,12.9869,2853.9
628,3,1,2,12.977,2779.89
615,3,1,2,12.9714,2749.24
617,3,1,2,12.9679,2731.69
616,3,1,2,12.9585,2686.21
676,3,1,2,12.9523,2655.15
674,3,1,2,12.9382,2588.46
675,3,1,2,12.9316,2555.38
962,3,1,2,12.9251,2522.25
961,3,1,2,12.9172,2482.83
999,3,1,2,12.9061,2424.79
884,3,1,3,13.2194,4003.28,0.0738333,322.039,0.04,4
1987,3,1,3,13.1815,3811.28
428,3,1,3,13.1765,3785.91
429,3,1,3,13.1514,3662.84
1988,3,1,3,13.125,3528.18
430,3,1,3,13.1214,3510.01
1989,3,1,3,13.1162,3484.27
432,3,1,3,13.112,3462.26
435,3,1,3,13.1066,3435.67
431,3,1,3,13.0994,3399.93
439,3,1,3,13.0779,3298.19
436,3,1,3,13.0707,3261.92
936,3,1,4,13.4257,5009.69,0,0,0
1737,3,1,4,13.4142,4946.46
917,3,1,4,13.3974,4863.22
916,3,1,4,13.3972,4862.31
906,3,1,4,13.3713,4729.22
889,3,1,4,13.3592,4667.3
888,3,1,4,13.3386,4557.79
887,3,1,4,13.3212,4465.11
2012,3,1,4,13.2975,4347.33
884,3,1,4,13.2933,4325.32
884,4,0,0,13.3634,917.424,0.0738333,322.039,0.04,1
883,4,0,0,13.3361,778.363
882,4,0,0,13.3246,716.093
2155,4,0,0,13.3214,699.368
901,4,0,0,13.2944,552.187
902,4,0,0,13.2815,482.635
904,4,0,0,13.2682,411.663
925,4,0,0,13.2448,283.766
2019,4,0,0,13.2394,256.499
929,4,0,0,13.239,254.516
930,4,0,0,13.222,162.739
931,4,0,0,13.21,105.498
932,4,0,0,13.1961,30.6376
933,4,0,0,13.1906,2.93996
936,4,0,0,13.19,0
436,4,0,1,13.553,1838.69,0.0588333,256.613,0.14,2
425,4,0,1,13.5454,1799.87
420,4,0,1,13.5297,1722.71
421,4,0,1,13.5257,1695.93
417,4,0,1,13.5212,1671.45
1989,4,0,1,13.5047,1585.04
2011,4,0,1,13.4869,1491.85
2156,4,0,1,13.4817,1464.52
2013,4,0,1,13.481,1461.37
886,4,0,1,13.4691,1403.19
885,4,0,1,13.4472,1289.07
2012,4,0,1,13.4415,1261.47
884,4,0,1,13.4373,1239.46
999,4,0,2,13.7048,2561.25,0.056,244.255,0.15,3
961,4,0,2,13.6892,2484.18
962,4,0,2,13.6814,2445.48
675,4,0,2,13.6703,2393.37
674,4,0,2,13.6642,2362
669,4,0,2,13.6477,2278.09
673,4,0,2,13.6381,2229.32
438,4,0,2,13.6326,2201.63
437,4,0,2,13.6229,2152.43
439,4,0,2,13.619,2131.57
436,4,0,2,13.6118,2095.3
1336,4,0,3,13.9733,3875.04,0.0515,224.627,0.24,4
1792,4,0,3,13.967,3842.63
1334,4,0,3,13.959,3802.19
1325,4,0,3,13.9318,3663.75
1156,4,0,3,13.9227,3620.04
1155,4,0,3,13.9097,3553.72
2052,4,0,3,13.9044,3526.72
1782,4,0,3,13.8978,3492.98
2043,4,0,3,13.8848,3422.45
1111,4,0,3,13.8699,3348.01
1109,4,0,3,13.8525,3261.56
1848,4,0,3,13.8324,3167.05
1069,4,0,3,13.8245,3124.51
1784,4,0,3,13.8073,3035.04
1053,4,0,3,13.8034,3015.22
2032,4,0,3,13.793,2965.69
2031,4,0,3,13.7926,2963.86
1031,4,0,3,13.7827,2916.46
1002,4,0,3,13.7685,2845.73
999,4,0,3,13.7608,2805.51
1307,4,0,4,14.1536,4738.18,0.0546667,238.44,0.3,5
1308,4,0,4,14.1424,4678.61
1309,4,0,4,14.1241,4585.25
1314,4,0,4,14.1235,4582.38
1315,4,0,4,14.0854,4406.68
1341,4,0,4,14.0653,4299.2
1342,4,0,4,14.0567,4256.47
1334,4,0,4,14.0459,4200.59
1792,4,0,4,14.0335,4142.05
1336,4,0,4,14.0248,4099.67
936,4,0,5,14.3293,5599.34,0,0,0
933,4,0,5,14.3287,5596.4
934,4,0,5,14.3231,5558.75
935,4,0,5,14.3226,5556.14
2020,4,0,5,14.3116,5499.17
943,4,0,5,14.3107,5495.23
942,4,0,5,14.3033,5456.1
941,4,0,5,14.2914,5396.54
1790,4,0,5,14.275,5314.41
2022,4,0,5,14.2645,5263.51
2021,4,0,5,14.25,5192.08
1303,4,0,5,14.2173,5025.93
1307,4,0,5,14.2083,4976.62
1336,5,0,0,12.9279,764.587,0.0533333,232.624,0.21,1
1792,5,0,0,12.9204,727.242
1334,5,0,0,12.9131,689.424
1335,5,0,0,12.9024,639.192
1333,5,0,0,12.88,524.133
2163,5,0,0,12.8533,383.309
2023,5,0,0,12.8273,241.926
1787,5,0,0,12.8197,202.721
1788,5,0,0,12.8189,199.018
943,5,0,0,12.7995,103.973
934,5,0,0,12.7893,49.9245
933,5,0,0,12.7806,2.93996
936,5,0,0,12.78,0
999,5,0,1,13.182,2014.06,0.056,244.255,0.15,2
1002,5,0,1,13.1757,1980.01
1031,5,0,1,13.1612,1908.3
2031,5,0,1,13.1539,1871.31
2032,5,0,1,13.1535,1869.48
1053,5,0,1,13.1455,1829.69
1784,5,0,1,13.1422,1812.62
1069,5,0,1,13.1221,1710.61
1848,5,0,1,13.1163,1676.41
1847,5,0,1,13.1128,1656.77
1086,5,0,1,13.1091,1636.54
2036,5,0,1,13.0945,1563.64
1112,5,0,1,13.0909,1544.8
2041,5,0,1,13.0788,1483.73
2042,5,0,1,13.0594,1390.66
1564,5,0,1,13.049,1338.8
2107,5,0,1,13.0409,1297.3
1145,5,0,1,13.0343,1265.29
2053,5,0,1,13.0188,1187.98
2073,5,0,1,13.0105,1146.92
1336,5,0,1,12.9812,997.211
436,5,0,2,13.3491,2856.62,0.0588333,256.613,0.14,3
425,5,0,2,13.3416,2817.81
426,5,0,2,13.3353,2787.07
424,5,0,2,13.333,2773.64
613,5,0,2,13.325,2733.27
611,5,0,2,13.3181,2695.38
609,5,0,2,13.3162,2677.54
628,5,0,2,13.3063,2603.53
615,5,0,2,13.3015,2575.55
617,5,0,2,13.298,2558
616,5,0,2,13.2903,2519.79
676,5,0,2,13.2842,2488.72
674,5,0,2,13.2737,2437.23
675,5,0,2,13.2671,2404.16
962,5,0,2,13.2567,2354.79
961,5,0,2,13.2513,2325.66
999,5,0,2,13.238,2258.32
884,5,0,3,13.5567,3854.6,0.0738333,322.039,0.04,4
1987,5,0,3,13.5188,3662.59
428,5,0,3,13.5138,3637.22
429,5,0,3,13.4887,3514.15
1988,5,0,3,13.4623,3379.49
430,5,0,3,13.4587,3361.32
1989,5,0,3,13.4535,3335.59
432,5,0,3,13.4493,3313.57
435,5,0,3,13.4439,3286.98
431,5,0,3,13.4367,3251.25
439,5,0,3,13.4152,3149.5
436,5,0,3,13.408,3113.24
936,5,0,4,13.763,4861,0,0,0
1737,5,0,4,13.7515,4797.77
917,5,0,4,13.7347,4714.53
916,5,0,4,13.7345,4713.63
906,5,0,4,13.7086,4580.54
889,5,0,4,13.6965,4518.62
888,5,0,4,13.6759,4409.11
887,5,0,4,13.6585,4316.43
2012,5,0,4,13.6348,4198.65
884,5,0,4,13.6306,4176.64
1307,5,1,0,15.0655,554.042,0.0428333,186.826,0.28,1
1303,5,1,0,15.0545,496.053
2021,5,1,0,15.0162,306.727
1791,5,1,0,15.0083,267.142
939,5,1,0,14.9915,182.874
940,5,1,0,14.9868,151.022
934,5,1,0,14.9673,42.0448
933,5,1,0,14.9606,2.93996
936,5,1,0,14.96,0
936,5,1,1,15.2175,1313.23,0,0,0
933,5,1,1,15.2169,1310.29
934,5,1,1,15.2114,1272.64
935,5,1,1,15.2108,1270.04
2020,5,1,1,15.1998,1213.06
943,5,1,1,15.1989,1209.13
942,5,1,1,15.1911,1168.06
941,5,1,1,15.1795,1109.91
1790,5,1,1,15.1667,1042.74
2022,5,1,1,15.1562,991.844
2021,5,1,1,15.1459,938.155
1303,5,1,1,15.1241,818.443
1307,5,1,1,15.1084,740.869
1336,6,0,0,13.9645,750.638,0.0515,224.627,0.24,1
1792,6,0,0,13.9582,718.22
1334,6,0,0,13.9502,677.786
1335,6,0,0,13.9396,627.554
1333,6,0,0,13.9225,535.212
2163,6,0,0,13.8942,387.56
2023,6,0,0,13.8645,230.349
1787,6,0,0,13.8564,189.064
1788,6,0,0,13.8556,185.36
943,6,0,0,13.8397,104.713
934,6,0,0,13.8309,56.8666
933,6,0,0,13.8206,2.93996
936,6,0,0,13.82,0
999,6,0,1,14.2118,1974.88,0.0648333,282.783,0.16,2
1002,6,0,1,14.2077,1946.81
1031,6,0,1,14.1948,1881.54
2031,6,0,1,14.1874,1844.55
2032,6,0,1,14.187,1842.72
1053,6,0,1,14.1794,1804.83
1784,6,0,1,14.176,1787.08
1069,6,0,1,14.155,1681.28
1848,6,0,1,14.1492,1647.03
1109,6,0,1,14.1404,1599.43
1113,6,0,1,14.1333,1564.19
2036,6,0,1,14.1258,1527.29
1112,6,0,1,14.1221,1508.45
2041,6,0,1,14.1084,1440.18
2042,6,0,1,14.095,1372.09
1564,6,0,1,14.0837,1316.47
2107,6,0,1,14.0735,1266.56
1145,6,0,1,14.0668,1233.89
2053,6,0,1,14.0537,1166.9
2073,6,0,1,14.0462,1128.76
1336,6,0,1,14.016,975.265
436,6,0,2,14.396,2864.92,0.038,165.745,0.13,3
425,6,0,2,14.3895,2830.54
426,6,0,2,14.3844,2804.99
424,6,0,2,14.3824,2791.98
613,6,0,2,14.3748,2753.05
611,6,0,2,14.3689,2719.61
619,6,0,2,14.351,2627.45
618,6,0,2,14.3487,2615.68
615,6,0,2,14.3472,2603.89
617,6,0,2,14.3437,2586.34
616,6,0,2,14.3371,2552.41
676,6,0,2,14.3309,2521.35
674,6,0,2,14.316,2451.7
675,6,0,2,14.3094,2418.62
962,6,0,2,14.3008,2376.53
961,6,0,2,14.2934,2339.48
999,6,0,2,14.2766,2257.67
884,6,0,3,14.5881,3794.92,0.0611667,266.791,0.05,4
1987,6,0,3,14.5452,3581.93
428,6,0,3,14.5401,3556.56
429,6,0,3,14.5134,3426.55
1988,6,0,3,14.4848,3282.93
430,6,0,3,14.4815,3265.67
1989,6,0,3,14.4764,3240.59
432,6,0,3,14.4702,3210.51
435,6,0,3,14.4649,3183.92
431,6,0,3,14.4581,3150.12
439,6,0,3,14.4416,3069.03
436,6,0,3,14.434,3030.67
936,6,0,4,14.7872,4768.95,0,0,0
1737,6,0,4,14.775,4702.81
917,6,0,4,14.7604,4628.64
916,6,0,4,14.7603,4627.73
906,6,0,4,14.7308,4479.81
889,6,0,4,14.7202,4424.57
888,6,0,4,14.6928,4285.96
887,6,0,4,14.6784,4206.12
2012,6,0,4,14.6538,4084.73
884,6,0,4,14.6493,4061.71
1307,6,1,0,15.0655,554.042,0.0428333,186.826,0.28,1
1303,6,1,0,15.0545,496.053
2021,6,1,0,15.0162,306.727
1791,6,1,0,15.0083,267.142
939,6,1,0,14.9915,182.874
940,6,1,0,14.9868,151.022
934,6,1,0,14.9673,42.0448
933,6,1,0,14.9606,2.93996
936,6,1,0,14.96,0
936,6,1,1,15.2175,1313.23,0,0,0
933,6,1,1,15.2169,1310.29
934,6,1,1,15.2114,1272.64
935,6,1,1,15.2108,1270.04
2020,6,1,1,15.1998,1213.06
943,6,1,1,15.1989,1209.13
942,6,1,1,15.1911,1168.06
941,6,1,1,15.1795,1109.91
1790,6,1,1,15.1667,1042.74
2022,6,1,1,15.1562,991.844
2021,6,1,1,15.1459,938.155
1303,6,1,1,15.1241,818.443
1307,6,1,1,15.1084,740.869
1336,7,0,0,12.8579,764.587,0.0533333,232.624,0.21,1
1792,7,0,0,12.8504,727.242
1334,7,0,0,12.8431,689.424
1335,7,0,0,12.8324,639.192
1333,7,0,0,12.81,524.133
2163,7,0,0,12.7833,383.309
2023,7,0,0,12.7573,241.926
1787,7,0,0,12.7497,202.721
1788,7,0,0,12.7489,199.018
943,7,0,0,12.7295,103.973
934,7,0,0,12.7193,49.9245
933,7,0,0,12.7106,2.93996
936,7,0,0,12.71,0
1307,7,0,1,13.0196,1551.85,0.0495,215.904,0.34,2
1308,7,0,1,13.008,1490.8
1309,7,0,1,12.9905,1400.7
1314,7,0,1,12.99,1397.83
1315,7,0,1,12.977,1325.89
1341,7,0,1,12.9526,1200.6
1342,7,0,1,12.944,1157.87
1334,7,0,1,12.9318,1095.73
1792,7,0,1,12.9193,1037.19
1336,7,0,1,12.9112,997.211
884,7,0,2,13.2794,2884.57,0.0738333,322.039,0.04,3
883,7,0,2,13.2521,2745.5
882,7,0,2,13.2406,2683.23
2155,7,0,2,13.2373,2666.51
901,7,0,2,13.2104,2519.33
902,7,0,2,13.1974,2449.78
904,7,0,2,13.1842,2378.8
925,7,0,2,13.1607,2250.91
2019,7,0,2,13.1553,2223.64
929,7,0,2,13.1549,2221.66
938,7,0,2,13.1429,2155.81
950,7,0,2,13.1294,2085.25
951,7,0,2,13.1224,2049.53
949,7,0,2,13.1114,1993.05
1302,7,0,2,13.0924,1886.33
1307,7,0,2,13.0691,1767.76
436,7,0,3,13.4689,3805.83,0.0588333,256.613,0.14,4
425,7,0,3,13.4614,3767.02
420,7,0,3,13.4457,3689.85
421,7,0,3,13.4417,3663.07
417,7,0,3,13.4372,3638.59
1989,7,0,3,13.4206,3552.18
2011,7,0,3,13.4029,3458.99
2156,7,0,3,13.3976,3431.66
2013,7,0,3,13.3969,3428.51
886,7,0,3,13.385,3370.33
885,7,0,3,13.3631,3256.21
2012,7,0,3,13.3574,3228.61
884,7,0,3,13.3532,3206.6
999,7,0,4,13.6208,4528.39,0.056,244.255,0.15,5
961,7,0,4,13.6051,4451.32
962,7,0,4,13.5974,4412.62
675,7,0,4,13.5863,4360.51
674,7,0,4,13.5801,4329.15
669,7,0,4,13.5636,4245.23
673,7,0,4,13.5541,4196.46
438,7,0,4,13.5485,4168.77
437,7,0,4,13.5388,4119.57
439,7,0,4,13.5349,4098.71
436,7,0,4,13.5278,4062.44
936,7,0,5,13.7988,5401.61,0,0,0
1737,7,0,5,13.7873,5338.38
917,7,0,5,13.7705,5255.15
916,7,0,5,13.7703,5254.24
919,7,0,5,13.7646,5215.15
2017,7,0,5,13.7645,5214.98
2014,7,0,5,13.7635,5209.96
2015,7,0,5,13.7554,5169.25
910,7,0,5,13.7553,5168.76
909,7,0,5,13.747,5126.62
1051,7,0,5,13.7371,5076.46
1025,7,0,5,13.7249,5015.16
1029,7,0,5,13.711,4945.8
1026,7,0,5,13.7004,4893.76
998,7,0,5,13.6959,4870.63
999,7,0,5,13.6768,4772.65
884,8,0,0,12.1893,985.1,0.115333,503.049,0.04,1
883,8,0,0,12.16,837.705
882,8,0,0,12.1469,768.2
2155,8,0,0,12.1436,751.641
901,8,0,0,12.108,567.326
902,8,0,0,12.0955,499.78
904,8,0,0,12.0824,429.227
925,8,0,0,12.0588,300.744
2019,8,0,0,12.0534,273.424
929,8,0,0,12.0529,271.441
930,8,0,0,12.0329,166.74
931,8,0,0,12.0202,106.514
932,8,0,0,12.0058,29.1229
933,8,0,0,12.0006,2.93996
936,8,0,0,12,0
436,8,0,1,12.4209,2088.05,0.0958333,417.996,0.13,2
425,8,0,1,12.4137,2050.97
420,8,0,1,12.402,1990.24
421,8,0,1,12.3974,1962.75
417,8,0,1,12.3924,1936.03
1989,8,0,1,12.374,1841.82
2011,8,0,1,12.3547,1742.11
2156,8,0,1,12.3492,1714.07
2013,8,0,1,12.3486,1710.91
886,8,0,1,12.3404,1668.31
885,8,0,1,12.3148,1538.68
2012,8,0,1,12.3091,1511.08
884,8,0,1,12.3047,1488.15
999,8,0,2,12.6226,3026,0.0941667,410.727,0.12,3
961,8,0,2,12.6101,2961.84
962,8,0,2,12.6024,2923.15
675,8,0,2,12.5937,2881.1
674,8,0,2,12.5834,2832.53
669,8,0,2,12.5623,2729.74
673,8,0,2,12.5497,2668.55
672,8,0,2,12.5413,2627.67
610,8,0,2,12.5308,2578.28
436,8,0,2,12.5167,2506.04
1336,8,0,3,12.9227,4485.3,0.0533333,232.624,0.21,4
1792,8,0,3,12.9153,4447.95
1334,8,0,3,12.9079,4410.13
1325,8,0,3,12.8807,4271.7
1156,8,0,3,12.8735,4235.68
1155,8,0,3,12.8601,4168.11
2052,8,0,3,12.8546,4140.1
1782,8,0,3,12.8478,4105.73
2043,8,0,3,12.8392,4047
1111,8,0,3,12.8264,3981.39
1109,8,0,3,12.8085,3892.99
1848,8,0,3,12.7884,3798.48
1069,8,0,3,12.7807,3756.73
1784,8,0,3,12.7645,3671.18
1053,8,0,3,12.761,3653.33
2032,8,0,3,12.7522,3610.5
2031,8,0,3,12.7518,3608.68
1031,8,0,3,12.7424,3562.86
1002,8,0,3,12.7258,3482.48
999,8,0,3,12.7168,3436.73
1307,8,0,4,13.0844,5272.56,0.0495,215.904,0.34,5
1308,8,0,4,13.0728,5211.51
1309,8,0,4,13.0553,5121.41
1314,8,0,4,13.0548,5118.54
1315,8,0,4,13.0418,5046.6
1341,8,0,4,13.0174,4921.31
1342,8,0,4,13.0088,4878.58
1334,8,0,4,12.9966,4816.44
1792,8,0,4,12.9841,4757.9
1336,8,0,4,12.976,4717.92
936,8,0,5,13.255,6111.7,0,0,0
933,8,0,5,13.2544,6108.76
934,8,0,5,13.2489,6071.11
935,8,0,5,13.2483,6068.5
2020,8,0,5,13.2373,6011.53
943,8,0,5,13.2365,6007.59
942,8,0,5,13.2279,5963.63
941,8,0,5,13.216,5903.97
1790,8,0,5,13.1989,5819.11
2022,8,0,5,13.1884,5768.21
2021,8,0,5,13.1757,5704.03
1303,8,0,5,13.1428,5537.11
1307,8,0,5,13.1339,5488.47
884,9,0,0,14.3983,938.52,0.0611667,266.791,0.05,1
883,9,0,0,14.3659,777.951
882,9,0,0,14.3527,708.309
2155,9,0,0,14.3492,690.597
901,9,0,0,14.3178,524.626
902,9,0,0,14.3049,454.953
904,9,0,0,14.2918,384.906
925,9,0,0,14.2703,265.332
2019,9,0,0,14.2651,239.037
929,9,0,0,14.2647,237.053
930,9,0,0,14.2444,130.978
931,9,0,0,14.2392,102.033
932,9,0,0,14.225,25.8242
933,9,0,0,14.2206,2.93996
936,9,0,0,14.22,0
436,9,0,1,14.578,1816.23,0.038,165.745,0.13,2
425,9,0,1,14.5715,1781.85
420,9,0,1,14.557,1709.7
421,9,0,1,14.553,1682.88
417,9,0,1,14.5489,1660.21
1989,9,0,1,14.531,1568.29
2011,9,0,1,14.5108,1464.73
2156,9,0,1,14.5051,1435.43
2013,9,0,1,14.5044,1432.28
886,9,0,1,14.4941,1380.66
885,9,0,1,14.4697,1255.93
2012,9,0,1,14.464,1228.33
884,9,0,1,14.4595,1205.31
999,9,0,2,14.7131,2469.37,0.0648333,282.783,0.16,3
961,9,0,2,14.6949,2381.87
962,9,0,2,14.6872,2343.18
675,9,0,2,14.6774,2296.4
674,9,0,2,14.6725,2270.37
676,9,0,2,14.6685,2243.04
616,9,0,2,14.6619,2210.39
606,9,0,2,14.6418,2111.68
610,9,0,2,14.6301,2054.36
436,9,0,2,14.616,1981.97
1336,9,0,3,14.968,3741.42,0.0633333,276.241,0.28,4
1792,9,0,3,14.9597,3700.6
1334,9,0,3,14.9499,3652.71
1325,9,0,3,14.9253,3525.25
1156,9,0,3,14.9178,3488.14
1155,9,0,3,14.9062,3427.72
2052,9,0,3,14.9012,3401.84
1782,9,0,3,14.8948,3369.23
2043,9,0,3,14.8862,3310.49
1111,9,0,3,14.8761,3256.31
1110,9,0,3,14.8702,3226.45
1113,9,0,3,14.856,3153.17
1847,9,0,3,14.8473,3105.9
1068,9,0,3,14.8367,3051.77
1785,9,0,3,14.8318,3026.31
1053,9,0,3,14.815,2938.88
2032,9,0,3,14.8056,2893.36
2031,9,0,3,14.8052,2891.54
1031,9,0,3,14.7971,2851.24
1002,9,0,3,14.7842,2785.93
999,9,0,3,14.778,2752.15
1307,9,0,4,15.1432,4587.33,0.0428333,186.826,0.28,5
1308,9,0,4,15.129,4515.06
1309,9,0,4,15.1095,4416.83
1314,9,0,4,15.109,4413.96
1315,9,0,4,15.0886,4310.56
1341,9,0,4,15.0691,4205.84
1342,9,0,4,15.0605,4163.11
1334,9,0,4,15.0495,4106.38
1792,9,0,4,15.0371,4047.85
1336,9,0,4,15.0313,4017.66
936,9,0,5,15.2951,5346.52,0,0,0
933,9,0,5,15.2945,5343.58
934,9,0,5,15.289,5305.93
935,9,0,5,15.2885,5303.32
2020,9,0,5,15.2774,5246.35
943,9,0,5,15.2766,5242.41
942,9,0,5,15.2687,5201.34
941,9,0,5,15.2572,5143.19
1790,9,0,5,15.2443,5076.02
2022,9,0,5,15.2338,5025.13
2021,9,0,5,15.2236,4971.44
1303,9,0,5,15.2018,4851.73
1307,9,0,5,15.186,4774.15
1336,10,0,0,12.5179,764.587,0.0533333,232.624,0.21,1
1792,10,0,0,12.5104,727.242
1334,10,0,0,12.5031,689.424
1335,10,0,0,12.4924,639.192
1333,10,0,0,12.47,524.133
2163,10,0,0,12.4433,383.309
2023,10,0,0,12.4173,241.926
1787,10,0,0,12.4097,202.721
1788,10,0,0,12.4089,199.018
943,10,0,0,12.3895,103.973
934,10,0,0,12.3793,49.9245
933,10,0,0,12.3706,2.93996
936,10,0,0,12.37,0
999,10,0,1,12.772,2014.06,0.0941667,410.727,0.12,2
1002,10,0,1,12.7657,1980.01
1031,10,0,1,12.7512,1908.3
2031,10,0,1,12.7439,1871.31
2032,10,0,1,12.7435,1869.48
1053,10,0,1,12.7355,1829.69
1784,10,0,1,12.7322,1812.62
1069,10,0,1,12.7121,1710.61
1848,10,0,1,12.7063,1676.41
1847,10,0,1,12.7028,1656.77
1086,10,0,1,12.6991,1636.54
2036,10,0,1,12.6845,1563.64
1112,10,0,1,12.6809,1544.8
2041,10,0,1,12.6688,1483.73
2042,10,0,1,12.6494,1390.66
1564,10,0,1,12.639,1338.8
2107,10,0,1,12.6309,1297.3
1145,10,0,1,12.6243,1265.29
2053,10,0,1,12.6088,1187.98
2073,10,0,1,12.6005,1146.92
1336,10,0,1,12.5712,997.211
436,10,0,2,12.9718,3005.31,0.0958333,417.996,0.13,3
425,10,0,2,12.9647,2968.23
426,10,0,2,12.9598,2943.28
424,10,0,2,12.9574,2929.57
613,10,0,2,12.9544,2904.59
611,10,0,2,12.9489,2871.69
609,10,0,2,12.9469,2853.9
628,10,0,2,12.937,2779.89
615,10,0,2,12.9314,2749.24
617,10,0,2,12.9279,2731.69
616,10,0,2,12.9185,2686.21
676,10,0,2,12.9123,2655.15
674,10,0,2,12.8982,2588.46
675,10,0,2,12.8916,2555.38
962,10,0,2,12.8851,2522.25
961,10,0,2,12.8772,2482.83
999,10,0,2,12.8661,2424.79
884,10,0,3,13.2164,4164.67,0.0738333,322.039,0.04,4
1987,10,0,3,13.1785,3972.66
428,10,0,3,13.1735,3947.29
429,10,0,3,13.1484,3824.22
1988,10,0,3,13.122,3689.56
430,10,0,3,13.1184,3671.39
1989,10,0,3,13.1132,3645.65
432,10,0,3,13.109,3623.64
435,10,0,3,13.1036,3597.05
431,10,0,3,13.0964,3561.32
439,10,0,3,13.0749,3459.57
436,10,0,3,13.0677,3423.3
936,10,0,4,13.4227,5171.07,0,0,0
1737,10,0,4,13.4112,5107.84
917,10,0,4,13.3944,5024.6
916,10,0,4,13.3942,5023.69
906,10,0,4,13.3683,4890.6
889,10,0,4,13.3562,4828.69
888,10,0,4,13.3356,4719.17
887,10,0,4,13.3182,4626.5
2012,10,0,4,13.2945,4508.71
884,10,0,4,13.2903,4486.71
1307,10,1,0,15.0655,554.042,0.0428333,186.826,0.28,1
1303,10,1,0,15.0545,496.053
2021,10,1,0,15.0162,306.727
1791,10,1,0,15.0083,267.142
939,10,1,0,14.9915,182.874
940,10,1,0,14.9868,151.022
934,10,1,0,14.9673,42.0448
933,10,1,0,14.9606,2.93996
936,10,1,0,14.96,0
936,10,1,1,15.2175,1313.23,0,0,0
933,10,1,1,15.2169,1310.29
934,10,1,1,15.2114,1272.64
935,10,1,1,15.2108,1270.04
2020,10,1,1,15.1998,1213.06
943,10,1,1,15.1989,1209.13
942,10,1,1,15.1911,1168.06
941,10,1,1,15.1795,1109.91
1790,10,1,1,15.1667,1042.74
2022,10,1,1,15.1562,991.844
2021,10,1,1,15.1459,938.155
1303,10,1,1,15.1241,818.443
1307,10,1,1,15.1084,740.869
1307,11,0,0,14.3755,554.042,0.0546667,238.44,0.3,1
1303,11,0,0,14.3645,496.053
2021,11,0,0,14.3262,306.727
1791,11,0,0,14.3183,267.142
939,11,0,0,14.3015,182.874
940,11,0,0,14.2968,151.022
934,11,0,0,14.2773,42.0448
933,11,0,0,14.2706,2.93996
936,11,0,0,14.27,0
1336,11,0,1,14.5411,1357.19,0.0633333,276.241,0.28,2
1792,11,0,1,14.5328,1316.37
1334,11,0,1,14.523,1268.49
1335,11,0,1,14.5124,1218.26
1341,11,0,1,14.5038,1171.29
1315,11,0,1,14.4864,1075.52
1314,11,0,1,14.4663,973.405
1309,11,0,1,14.4657,970.535
1308,11,0,1,14.4494,885.27
1307,11,0,1,14.4302,792.482
999,11,0,2,14.8002,2633.05,0.0648333,282.783,0.16,3
1002,11,0,2,14.7961,2604.98
1031,11,0,2,14.7832,2539.71
2031,11,0,2,14.7759,2502.72
2032,11,0,2,14.7755,2500.89
1053,11,0,2,14.7679,2463
1784,11,0,2,14.7645,2445.25
1069,11,0,2,14.7434,2339.45
1848,11,0,2,14.7376,2305.2
1109,11,0,2,14.7288,2257.6
1113,11,0,2,14.7217,2222.36
2036,11,0,2,14.7142,2185.46
1112,11,0,2,14.7106,2166.62
2041,11,0,2,14.6968,2098.35
2042,11,0,2,14.6834,2030.26
1564,11,0,2,14.6721,1974.64
2107,11,0,2,14.662,1924.73
1145,11,0,2,14.6552,1892.06
2053,11,0,2,14.6422,1825.07
2073,11,0,2,14.6346,1786.93
1336,11,0,2,14.6044,1633.44
436,11,0,3,14.9844,3523.09,0.038,165.745,0.13,4
425,11,0,3,14.9779,3488.71
426,11,0,3,14.9729,3463.16
424,11,0,3,14.9708,3450.15
613,11,0,3,14.9632,3411.22
611,11,0,3,14.9574,3377.78
619,11,0,3,14.9395,3285.62
618,11,0,3,14.9371,3273.85
615,11,0,3,14.9356,3262.06
617,11,0,3,14.9321,3244.51
616,11,0,3,14.9255,3210.58
676,11,0,3,14.9193,3179.52
674,11,0,3,14.9044,3109.87
675,11,0,3,14.8978,3076.79
962,11,0,3,14.8892,3034.7
961,11,0,3,14.8819,2997.65
999,11,0,3,14.865,2915.84
884,11,0,4,15.1618,4391.19,0.0453333,197.73,0.06,5
1987,11,0,4,15.1264,4209.8
428,11,0,4,15.1214,4184.43
429,11,0,4,15.0994,4074.1
1988,11,0,4,15.075,3948.08
430,11,0,4,15.0715,3929.9
1989,11,0,4,15.0626,3889.15
432,11,0,4,15.0576,3864.36
435,11,0,4,15.0523,3837.77
431,11,0,4,15.0454,3803.72
439,11,0,4,15.0313,3732.3
436,11,0,4,15.0224,3688.83
936,11,0,5,15.3317,5239.94,0,0,0
1737,11,0,5,15.3206,5178.68
917,11,0,5,15.3071,5109.15
916,11,0,5,15.3069,5108.24
906,11,0,5,15.2836,4986.19
889,11,0,5,15.2711,4922.79
888,11,0,5,15.2512,4815.85
887,11,0,5,15.2344,4726.13
2012,11,0,5,15.2119,4613.09
884,11,0,5,15.2071,4588.92
