Nodo,Individuo,Ruta,Segmento,Tiempo viaje,Costo viaje,Tiempo atencion,Costo atencion,Tasa fallo,Demanda
1336,0,0,0,12.6379,764.587,0.0533333,232.624,0.21,1
1792,0,0,0,12.6304,727.242
1334,0,0,0,12.6231,689.424
1335,0,0,0,12.6124,639.192
1333,0,0,0,12.59,524.133
2163,0,0,0,12.5633,383.309
2023,0,0,0,12.5373,241.926
1787,0,0,0,12.5297,202.721
1788,0,0,0,12.5289,199.018
943,0,0,0,12.5095,103.973
934,0,0,0,12.4993,49.9245
933,0,0,0,12.4906,2.93996
936,0,0,0,12.49,0
999,0,0,1,12.892,2014.06,0.0941667,410.727,0.12,2
1002,0,0,1,12.8857,1980.01
1031,0,0,1,12.8712,1908.3
2031,0,0,1,12.8639,1871.31
2032,0,0,1,12.8635,1869.48
1053,0,0,1,12.8555,1829.69
1784,0,0,1,12.8522,1812.62
1069,0,0,1,12.8321,1710.61
1848,0,0,1,12.8263,1676.41
1847,0,0,1,12.8228,1656.77
1086,0,0,1,12.8191,1636.54
2036,0,0,1,12.8045,1563.64
1112,0,0,1,12.8009,1544.8
2041,0,0,1,12.7888,1483.73
2042,0,0,1,12.7694,1390.66
1564,0,0,1,12.759,1338.8
2107,0,0,1,12.7509,1297.3
1145,0,0,1,12.7443,1265.29
2053,0,0,1,12.7288,1187.98
2073,0,0,1,12.7205,1146.92
1336,0,0,1,12.6912,997.211
884,0,0,2,13.1861,3449.6,0.0738333,322.039,0.04,3
883,0,0,2,13.1567,3302.21
882,0,0,2,13.1436,3232.7
2155,0,0,2,13.1404,3216.14
2012,0,0,2,13.1237,3126.24
885,0,0,2,13.1188,3102.14
886,0,0,2,13.0985,2994.61
2013,0,0,2,13.0911,2955.14
2156,0,0,2,13.0904,2951.98
2011,0,0,2,13.0851,2924.47
891,0,0,2,13.0632,2810.01
893,0,0,2,13.0571,2779.14
894,0,0,2,13.0519,2754.39
897,0,0,2,13.033,2661.18
1028,0,0,2,13.025,2619
1026,0,0,2,13.0134,2561.27
998,0,0,2,13.0085,2536.52
999,0,0,2,12.9861,2424.79
936,0,0,3,13.3923,4456,0,0,0
1737,0,0,3,13.3808,4392.77
917,0,0,3,13.364,4309.54
916,0,0,3,13.3639,4308.63
906,0,0,3,13.338,4175.54
889,0,0,3,13.3258,4113.62
888,0,0,3,13.3052,4004.11
887,0,0,3,13.2878,3911.43
2012,0,0,3,13.2641,3793.65
884,0,0,3,13.2599,3771.64
1307,0,1,0,15.0355,554.042,0.0428333,186.826,0.28,1
1303,0,1,0,15.0245,496.053
2021,0,1,0,14.9862,306.727
1791,0,1,0,14.9783,267.142
939,0,1,0,14.9615,182.874
940,0,1,0,14.9568,151.022
934,0,1,0,14.9373,42.0448
933,0,1,0,14.9306,2.93996
936,0,1,0,14.93,0
436,0,1,1,15.3033,1934.87,0.077,335.851,0.12,2
425,0,1,1,15.2967,1900.16
420,0,1,1,15.2856,1842.37
421,0,1,1,15.2815,1815.47
417,0,1,1,15.2773,1792.19
1989,0,1,1,15.2592,1699.52
2011,0,1,1,15.241,1604.42
2156,0,1,1,15.2363,1579.41
2013,0,1,1,15.2357,1576.26
886,0,1,1,15.225,1523.21
888,0,1,1,15.2069,1424.39
903,0,1,1,15.1978,1374.54
904,0,1,1,15.1937,1353.3
925,0,1,1,15.1704,1225.93
2019,0,1,1,15.1659,1202.53
929,0,1,1,15.1655,1200.54
938,0,1,1,15.1531,1132.9
950,0,1,1,15.1378,1054.74
951,0,1,1,15.1313,1021.01
949,0,1,1,15.1201,963.892
1302,0,1,1,15.0933,823.666
1307,0,1,1,15.0784,740.869
936,0,1,2,15.5075,2927.28,0,0,0
1737,0,1,2,15.4964,2866.02
917,0,1,2,15.4829,2796.49
916,0,1,2,15.4827,2795.59
919,0,1,2,15.477,2756.5
2017,0,1,2,15.477,2756.33
2014,0,1,2,15.476,2751.58
2015,0,1,2,15.4679,2710.87
910,0,1,2,15.4678,2710.38
909,0,1,2,15.4584,2663.7
898,0,1,2,15.4452,2597.12
897,0,1,2,15.4356,2548.74
877,0,1,2,15.4131,2437.89
878,0,1,2,15.4071,2407.18
879,0,1,2,15.3986,2363.29
437,0,1,2,15.3926,2332.96
439,0,1,2,15.3892,2314.19
436,0,1,2,15.3803,2270.72
1307,1,0,0,15.0555,554.042,0.0428333,186.826,0.28,1
1303,1,0,0,15.0445,496.053
2021,1,0,0,15.0062,306.727
1791,1,0,0,14.9983,267.142
939,1,0,0,14.9815,182.874
940,1,0,0,14.9768,151.022
934,1,0,0,14.9573,42.0448
933,1,0,0,14.9506,2.93996
936,1,0,0,14.95,0
1336,1,0,1,15.1993,1263.92,0.0595,259.521,0.34,2
1792,1,0,1,15.1933,1232.8
1334,1,0,1,15.1838,1186.27
1335,1,0,1,15.1732,1136.04
1341,1,0,1,15.1653,1092.01
1315,1,0,1,15.1477,995.332
1314,1,0,1,15.132,911.668
1309,1,0,1,15.1314,908.797
1308,1,0,1,15.1116,808.959
1307,1,0,1,15.0984,740.869
999,1,0,2,15.4493,2503.53,0.0515,224.627,0.17,3
1002,1,0,2,15.4424,2466.7
1031,1,0,2,15.4282,2395.75
2031,1,0,2,15.4208,2358.75
2032,1,0,2,15.4204,2356.93
1053,1,0,2,15.4127,2318.47
1784,1,0,2,15.4095,2301.77
1066,1,0,2,15.4004,2254.95
1070,1,0,2,15.3898,2198.39
1849,1,0,2,15.3791,2144.14
1108,1,0,2,15.3678,2086.26
1107,1,0,2,15.3543,2016.15
2040,1,0,2,15.3436,1959.09
1783,1,0,2,15.3275,1875.04
1153,1,0,2,15.3203,1838.82
1154,1,0,2,15.3098,1782.55
1324,1,0,2,15.3047,1756.63
1325,1,0,2,15.2937,1702.32
2073,1,0,2,15.286,1664.53
1336,1,0,2,15.2588,1523.44
436,1,0,3,15.6103,3296.28,0.077,335.851,0.12,4
425,1,0,3,15.6038,3261.57
426,1,0,3,15.5992,3238.26
424,1,0,3,15.5973,3225.38
613,1,0,3,15.5926,3198.86
611,1,0,3,15.5876,3166.62
619,1,0,3,15.5697,3074.45
618,1,0,3,15.5673,3062.61
615,1,0,3,15.5658,3050.83
617,1,0,3,15.5623,3033.28
616,1,0,3,15.5547,2995.31
676,1,0,3,15.5485,2964.25
674,1,0,3,15.5374,2910.2
675,1,0,3,15.5309,2877.13
962,1,0,3,15.5184,2819.34
961,1,0,3,15.5136,2793.06
999,1,0,3,15.5008,2728.16
884,1,0,4,15.8267,4334.48,0.0453333,197.73,0.06,5
1987,1,0,4,15.7913,4153.1
428,1,0,4,15.7863,4127.73
429,1,0,4,15.7643,4017.4
1988,1,0,4,15.74,3891.37
430,1,0,4,15.7364,3873.19
1989,1,0,4,15.7275,3832.45
432,1,0,4,15.7225,3807.66
435,1,0,4,15.7172,3781.07
431,1,0,4,15.7104,3747.02
439,1,0,4,15.6962,3675.59
436,1,0,4,15.6873,3632.13
936,1,0,5,15.9966,5183.24,0,0,0
1737,1,0,5,15.9855,5121.97
917,1,0,5,15.972,5052.45
916,1,0,5,15.9719,5051.54
906,1,0,5,15.9486,4929.48
889,1,0,5,15.9361,4866.09
888,1,0,5,15.9161,4759.15
887,1,0,5,15.8994,4669.42
2012,1,0,5,15.8768,4556.38
884,1,0,5,15.8721,4532.22
1336,2,0,0,12.5279,764.587,0.0533333,232.624,0.21,1
1792,2,0,0,12.5204,727.242
1334,2,0,0,12.5131,689.424
1335,2,0,0,12.5024,639.192
1333,2,0,0,12.48,524.133
2163,2,0,0,12.4533,383.309
2023,2,0,0,12.4273,241.926
1787,2,0,0,12.4197,202.721
1788,2,0,0,12.4189,199.018
943,2,0,0,12.3995,103.973
934,2,0,0,12.3893,49.9245
933,2,0,0,12.3806,2.93996
936,2,0,0,12.38,0
999,2,0,1,12.782,2014.06,0.0941667,410.727,0.12,2
1002,2,0,1,12.7757,1980.01
1031,2,0,1,12.7612,1908.3
2031,2,0,1,12.7539,1871.31
2032,2,0,1,12.7535,1869.48
1053,2,0,1,12.7455,1829.69
1784,2,0,1,12.7422,1812.62
1069,2,0,1,12.7221,1710.61
1848,2,0,1,12.7163,1676.41
1847,2,0,1,12.7128,1656.77
1086,2,0,1,12.7091,1636.54
2036,2,0,1,12.6945,1563.64
1112,2,0,1,12.6909,1544.8
2041,2,0,1,12.6788,1483.73
2042,2,0,1,12.6594,1390.66
1564,2,0,1,12.649,1338.8
2107,2,0,1,12.6409,1297.3
1145,2,0,1,12.6343,1265.29
2053,2,0,1,12.6188,1187.98
2073,2,0,1,12.6105,1146.92
1336,2,0,1,12.5812,997.211
436,2,0,2,12.9818,3005.31,0.0958333,417.996,0.13,3
425,2,0,2,12.9747,2968.23
426,2,0,2,12.9698,2943.28
424,2,0,2,12.9674,2929.57
613,2,0,2,12.9644,2904.59
611,2,0,2,12.9589,2871.69
609,2,0,2,12.9569,2853.9
628,2,0,2,12.947,2779.89
615,2,0,2,12.9414,2749.24
617,2,0,2,12.9379,2731.69
616,2,0,2,12.9285,2686.21
676,2,0,2,12.9223,2655.15
674,2,0,2,12.9082,2588.46
675,2,0,2,12.9016,2555.38
962,2,0,2,12.8951,2522.25
961,2,0,2,12.8872,2482.83
999,2,0,2,12.8761,2424.79
884,2,0,3,13.2264,4164.67,0.0738333,322.039,0.04,4
1987,2,0,3,13.1885,3972.66
428,2,0,3,13.1835,3947.29
429,2,0,3,13.1584,3824.22
1988,2,0,3,13.132,3689.56
430,2,0,3,13.1284,3671.39
1989,2,0,3,13.1232,3645.65
432,2,0,3,13.119,3623.64
435,2,0,3,13.1136,3597.05
431,2,0,3,13.1064,3561.32
439,2,0,3,13.0849,3459.57
436,2,0,3,13.0777,3423.3
936,2,0,4,13.4327,5171.07,0,0,0
1737,2,0,4,13.4212,5107.84
917,2,0,4,13.4044,5024.6
916,2,0,4,13.4042,5023.69
906,2,0,4,13.3783,4890.6
889,2,0,4,13.3662,4828.69
888,2,0,4,13.3456,4719.17
887,2,0,4,13.3282,4626.5
2012,2,0,4,13.3045,4508.71
884,2,0,4,13.3003,4486.71
1307,2,1,0,15.0255,554.042,0.0428333,186.826,0.28,1
1303,2,1,0,15.0145,496.053
2021,2,1,0,14.9762,306.727
1791,2,1,0,14.9683,267.142
939,2,1,0,14.9515,182.874
940,2,1,0,14.9468,151.022
934,2,1,0,14.9273,42.0448
933,2,1,0,14.9206,2.93996
936,2,1,0,14.92,0
936,2,1,1,15.1775,1313.23,0,0,0
933,2,1,1,15.1769,1310.29
934,2,1,1,15.1714,1272.64
935,2,1,1,15.1708,1270.04
2020,2,1,1,15.1598,1213.06
943,2,1,1,15.1589,1209.13
942,2,1,1,15.1511,1168.06
941,2,1,1,15.1395,1109.91
1790,2,1,1,15.1267,1042.74
2022,2,1,1,15.1162,991.844
2021,2,1,1,15.1059,938.155
1303,2,1,1,15.0841,818.443
1307,2,1,1,15.0684,740.869
1307,3,0,0,14.3555,554.042,0.0546667,238.44,0.3,1
1303,3,0,0,14.3445,496.053
2021,3,0,0,14.3062,306.727
1791,3,0,0,14.2983,267.142
939,3,0,0,14.2815,182.874
940,3,0,0,14.2768,151.022
934,3,0,0,14.2573,42.0448
933,3,0,0,14.2506,2.93996
936,3,0,0,14.25,0
1336,3,0,1,14.5211,1357.19,0.0633333,276.241,0.28,2
1792,3,0,1,14.5128,1316.37
1334,3,0,1,14.503,1268.49
1335,3,0,1,14.4924,1218.26
1341,3,0,1,14.4838,1171.29
1315,3,0,1,14.4664,1075.52
1314,3,0,1,14.4463,973.405
1309,3,0,1,14.4457,970.535
1308,3,0,1,14.4294,885.27
1307,3,0,1,14.4102,792.482
999,3,0,2,14.7802,2633.05,0.0648333,282.783,0.16,3
1002,3,0,2,14.7761,2604.98
1031,3,0,2,14.7632,2539.71
2031,3,0,2,14.7559,2502.72
2032,3,0,2,14.7555,2500.89
1053,3,0,2,14.7479,2463
1784,3,0,2,14.7445,2445.25
1069,3,0,2,14.7234,2339.45
1848,3,0,2,14.7176,2305.2
1109,3,0,2,14.7088,2257.6
1113,3,0,2,14.7017,2222.36
2036,3,0,2,14.6942,2185.46
1112,3,0,2,14.6906,2166.62
2041,3,0,2,14.6768,2098.35
2042,3,0,2,14.6634,2030.26
1564,3,0,2,14.6521,1974.64
2107,3,0,2,14.642,1924.73
1145,3,0,2,14.6352,1892.06
2053,3,0,2,14.6222,1825.07
2073,3,0,2,14.6146,1786.93
1336,3,0,2,14.5844,1633.44
436,3,0,3,14.9644,3523.09,0.038,165.745,0.13,4
425,3,0,3,14.9579,3488.71
426,3,0,3,14.9529,3463.16
424,3,0,3,14.9508,3450.15
613,3,0,3,14.9432,3411.22
611,3,0,3,14.9374,3377.78
619,3,0,3,14.9195,3285.62
618,3,0,3,14.9171,3273.85
615,3,0,3,14.9156,3262.06
617,3,0,3,14.9121,3244.51
616,3,0,3,14.9055,3210.58
676,3,0,3,14.8993,3179.52
674,3,0,3,14.8844,3109.87
675,3,0,3,14.8778,3076.79
962,3,0,3,14.8692,3034.7
961,3,0,3,14.8619,2997.65
999,3,0,3,14.845,2915.84
884,3,0,4,15.1418,4391.19,0.0453333,197.73,0.06,5
1987,3,0,4,15.1064,4209.8
428,3,0,4,15.1014,4184.43
429,3,0,4,15.0794,4074.1
1988,3,0,4,15.055,3948.08
430,3,0,4,15.0515,3929.9
1989,3,0,4,15.0426,3889.15
432,3,0,4,15.0376,3864.36
435,3,0,4,15.0323,3837.77
431,3,0,4,15.0254,3803.72
439,3,0,4,15.0113,3732.3
436,3,0,4,15.0024,3688.83
936,3,0,5,15.3117,5239.94,0,0,0
1737,3,0,5,15.3006,5178.68
917,3,0,5,15.2871,5109.15
916,3,0,5,15.2869,5108.24
906,3,0,5,15.2636,4986.19
889,3,0,5,15.2511,4922.79
888,3,0,5,15.2312,4815.85
887,3,0,5,15.2144,4726.13
2012,3,0,5,15.1919,4613.09
884,3,0,5,15.1871,4588.92
1336,4,0,0,12.8179,764.587,0.0533333,232.624,0.21,1
1792,4,0,0,12.8104,727.242
1334,4,0,0,12.8031,689.424
1335,4,0,0,12.7924,639.192
1333,4,0,0,12.77,524.133
2163,4,0,0,12.7433,383.309
2023,4,0,0,12.7173,241.926
1787,4,0,0,12.7097,202.721
1788,4,0,0,12.7089,199.018
943,4,0,0,12.6895,103.973
934,4,0,0,12.6793,49.9245
933,4,0,0,12.6706,2.93996
936,4,0,0,12.67,0
999,4,0,1,13.072,2014.06,0.056,244.255,0.15,2
1002,4,0,1,13.0657,1980.01
1031,4,0,1,13.0512,1908.3
2031,4,0,1,13.0439,1871.31
2032,4,0,1,13.0435,1869.48
1053,4,0,1,13.0355,1829.69
1784,4,0,1,13.0322,1812.62
1069,4,0,1,13.0121,1710.61
1848,4,0,1,13.0063,1676.41
1847,4,0,1,13.0028,1656.77
1086,4,0,1,12.9991,1636.54
2036,4,0,1,12.9845,1563.64
1112,4,0,1,12.9809,1544.8
2041,4,0,1,12.9688,1483.73
2042,4,0,1,12.9494,1390.66
1564,4,0,1,12.939,1338.8
2107,4,0,1,12.9309,1297.3
1145,4,0,1,12.9243,1265.29
2053,4,0,1,12.9088,1187.98
2073,4,0,1,12.9005,1146.92
1336,4,0,1,12.8712,997.211
436,4,0,2,13.2391,2856.62,0.0588333,256.613,0.14,3
425,4,0,2,13.2316,2817.81
426,4,0,2,13.2253,2787.07
424,4,0,2,13.223,2773.64
613,4,0,2,13.215,2733.27
611,4,0,2,13.2081,2695.38
609,4,0,2,13.2062,2677.54
628,4,0,2,13.1963,2603.53
615,4,0,2,13.1915,2575.55
617,4,0,2,13.188,2558
616,4,0,2,13.1803,2519.79
676,4,0,2,13.1742,2488.72
674,4,0,2,13.1637,2437.23
675,4,0,2,13.1571,2404.16
962,4,0,2,13.1467,2354.79
961,4,0,2,13.1413,2325.66
999,4,0,2,13.128,2258.32
884,4,0,3,13.4467,3854.6,0.0738333,322.039,0.04,4
1987,4,0,3,13.4088,3662.59
428,4,0,3,13.4038,3637.22
429,4,0,3,13.3787,3514.15
1988,4,0,3,13.3523,3379.49
430,4,0,3,13.3487,3361.32
1989,4,0,3,13.3435,3335.59
432,4,0,3,13.3393,3313.57
435,4,0,3,13.3339,3286.98
431,4,0,3,13.3267,3251.25
439,4,0,3,13.3052,3149.5
436,4,0,3,13.298,3113.24
936,4,0,4,13.653,4861,0,0,0
1737,4,0,4,13.6415,4797.77
917,4,0,4,13.6247,4714.53
916,4,0,4,13.6245,4713.63
906,4,0,4,13.5986,4580.54
889,4,0,4,13.5865,4518.62
888,4,0,4,13.5659,4409.11
887,4,0,4,13.5485,4316.43
2012,4,0,4,13.5248,4198.65
884,4,0,4,13.5206,4176.64
1307,4,1,0,15.0355,554.042,0.0428333,186.826,0.28,1
1303,4,1,0,15.0245,496.053
2021,4,1,0,14.9862,306.727
1791,4,1,0,14.9783,267.142
939,4,1,0,14.9615,182.874
940,4,1,0,14.9568,151.022
934,4,1,0,14.9373,42.0448
933,4,1,0,14.9306,2.93996
936,4,1,0,14.93,0
936,4,1,1,15.1875,1313.23,0,0,0
933,4,1,1,15.1869,1310.29
934,4,1,1,15.1814,1272.64
935,4,1,1,15.1808,1270.04
2020,4,1,1,15.1698,1213.06
943,4,1,1,15.1689,1209.13
942,4,1,1,15.1611,1168.06
941,4,1,1,15.1495,1109.91
1790,4,1,1,15.1367,1042.74
2022,4,1,1,15.1262,991.844
2021,4,1,1,15.1159,938.155
1303,4,1,1,15.0941,818.443
1307,4,1,1,15.0784,740.869
1336,5,0,0,12.5979,764.587,0.0533333,232.624,0.21,1
1792,5,0,0,12.5904,727.242
1334,5,0,0,12.5831,689.424
1335,5,0,0,12.5724,639.192
1333,5,0,0,12.55,524.133
2163,5,0,0,12.5233,383.309
2023,5,0,0,12.4973,241.926
1787,5,0,0,12.4897,202.721
1788,5,0,0,12.4889,199.018
943,5,0,0,12.4695,103.973
934,5,0,0,12.4593,49.9245
933,5,0,0,12.4506,2.93996
936,5,0,0,12.45,0
999,5,0,1,12.852,2014.06,0.0941667,410.727,0.12,2
1002,5,0,1,12.8457,1980.01
1031,5,0,1,12.8312,1908.3
2031,5,0,1,12.8239,1871.31
2032,5,0,1,12.8235,1869.48
1053,5,0,1,12.8155,1829.69
1784,5,0,1,12.8122,1812.62
1069,5,0,1,12.7921,1710.61
1848,5,0,1,12.7863,1676.41
1847,5,0,1,12.7828,1656.77
1086,5,0,1,12.7791,1636.54
2036,5,0,1,12.7645,1563.64
1112,5,0,1,12.7609,1544.8
2041,5,0,1,12.7488,1483.73
2042,5,0,1,12.7294,1390.66
1564,5,0,1,12.719,1338.8
2107,5,0,1,12.7109,1297.3
1145,5,0,1,12.7043,1265.29
2053,5,0,1,12.6888,1187.98
2073,5,0,1,12.6805,1146.92
1336,5,0,1,12.6512,997.211
436,5,0,2,13.0518,3005.31,0.0588333,256.613,0.14,3
425,5,0,2,13.0447,2968.23
426,5,0,2,13.0398,2943.28
424,5,0,2,13.0374,2929.57
613,5,0,2,13.0344,2904.59
611,5,0,2,13.0289,2871.69
609,5,0,2,13.0269,2853.9
628,5,0,2,13.017,2779.89
615,5,0,2,13.0114,2749.24
617,5,0,2,13.0079,2731.69
616,5,0,2,12.9985,2686.21
676,5,0,2,12.9923,2655.15
674,5,0,2,12.9782,2588.46
675,5,0,2,12.9716,2555.38
962,5,0,2,12.9651,2522.25
961,5,0,2,12.9572,2482.83
999,5,0,2,12.9461,2424.79
884,5,0,3,13.2594,4003.28,0.0738333,322.039,0.04,4
1987,5,0,3,13.2215,3811.28
428,5,0,3,13.2165,3785.91
429,5,0,3,13.1914,3662.84
1988,5,0,3,13.165,3528.18
430,5,0,3,13.1614,3510.01
1989,5,0,3,13.1562,3484.27
432,5,0,3,13.152,3462.26
435,5,0,3,13.1466,3435.67
431,5,0,3,13.1394,3399.93
439,5,0,3,13.1179,3298.19
436,5,0,3,13.1107,3261.92
936,5,0,4,13.4657,5009.69,0,0,0
1737,5,0,4,13.4542,4946.46
917,5,0,4,13.4374,4863.22
916,5,0,4,13.4372,4862.31
906,5,0,4,13.4113,4729.22
889,5,0,4,13.3992,4667.3
888,5,0,4,13.3786,4557.79
887,5,0,4,13.3612,4465.11
2012,5,0,4,13.3375,4347.33
884,5,0,4,13.3333,4325.32
1307,5,1,0,15.0655,554.042,0.0428333,186.826,0.28,1
1303,5,1,0,15.0545,496.053
2021,5,1,0,15.0162,306.727
1791,5,1,0,15.0083,267.142
939,5,1,0,14.9915,182.874
940,5,1,0,14.9868,151.022
934,5,1,0,14.9673,42.0448
933,5,1,0,14.9606,2.93996
936,5,1,0,14.96,0
936,5,1,1,15.2175,1313.23,0,0,0
933,5,1,1,15.2169,1310.29
934,5,1,1,15.2114,1272.64
935,5,1,1,15.2108,1270.04
2020,5,1,1,15.1998,1213.06
943,5,1,1,15.1989,1209.13
942,5,1,1,15.1911,1168.06
941,5,1,1,15.1795,1109.91
1790,5,1,1,15.1667,1042.74
2022,5,1,1,15.1562,991.844
2021,5,1,1,15.1459,938.155
1303,5,1,1,15.1241,818.443
1307,5,1,1,15.1084,740.869
999,6,0,0,14.7934,633.053,0.0648333,282.783,0.16,1
1002,6,0,0,14.7893,604.982
1024,6,0,0,14.7683,498.436
1029,6,0,0,14.7623,469.049
1027,6,0,0,14.7494,405.671
1051,6,0,0,14.737,342.327
1052,6,0,0,14.7294,303.497
1804,6,0,0,14.7289,301.389
2015,6,0,0,14.7177,245.173
2014,6,0,0,14.7099,205.533
2017,6,0,0,14.7087,199.838
2170,6,0,0,14.7059,185.645
1738,6,0,0,14.6893,101.655
1737,6,0,0,14.6833,71.1284
936,6,0,0,14.67,0
436,6,0,1,14.9776,1523.09,0.038,165.745,0.13,2
425,6,0,1,14.9711,1488.71
426,6,0,1,14.9661,1463.17
424,6,0,1,14.964,1450.15
613,6,0,1,14.9564,1411.22
611,6,0,1,14.9506,1377.78
619,6,0,1,14.9327,1285.62
618,6,0,1,14.9304,1273.85
615,6,0,1,14.9288,1262.06
617,6,0,1,14.9253,1244.52
616,6,0,1,14.9187,1210.59
676,6,0,1,14.9125,1179.52
674,6,0,1,14.8976,1109.87
675,6,0,1,14.8911,1076.79
962,6,0,1,14.8824,1034.7
961,6,0,1,14.8751,997.651
999,6,0,1,14.8583,915.837
884,6,0,2,15.155,2391.19,0.0453333,197.73,0.06,3
1987,6,0,2,15.1196,2209.8
428,6,0,2,15.1146,2184.44
429,6,0,2,15.0926,2074.11
1988,6,0,2,15.0683,1948.08
430,6,0,2,15.0647,1929.9
1989,6,0,2,15.0558,1889.15
432,6,0,2,15.0508,1864.37
435,6,0,2,15.0455,1837.77
431,6,0,2,15.0387,1803.72
439,6,0,2,15.0245,1732.3
436,6,0,2,15.0156,1688.84
1307,6,0,3,15.3828,3531.06,0.0428333,186.826,0.28,4
1302,6,0,3,15.3664,3441.89
949,6,0,3,15.3441,3321.04
2025,6,0,3,15.3406,3303.58
1598,6,0,3,15.3358,3278.21
948,6,0,3,15.3309,3251.48
928,6,0,3,15.3209,3195.77
923,6,0,3,15.2788,2990.86
924,6,0,3,15.2705,2951.54
914,6,0,3,15.2509,2847.9
902,6,0,3,15.2442,2810.86
887,6,0,3,15.2277,2726.13
2012,6,0,3,15.2051,2613.09
884,6,0,3,15.2004,2588.92
936,6,0,4,15.5347,4290.25,0,0,0
933,6,0,4,15.5341,4287.31
934,6,0,4,15.5286,4249.67
935,6,0,4,15.5281,4247.06
2020,6,0,4,15.517,4190.08
943,6,0,4,15.5162,4186.15
942,6,0,4,15.5083,4145.08
941,6,0,4,15.4968,4086.93
1790,6,0,4,15.4839,4019.76
2022,6,0,4,15.4734,3968.87
2021,6,0,4,15.4632,3915.18
1303,6,0,4,15.4414,3795.47
1307,6,0,4,15.4256,3717.89
1336,6,1,0,13.3645,750.638,0.0515,224.627,0.24,1
1792,6,1,0,13.3582,718.22
1334,6,1,0,13.3502,677.786
1335,6,1,0,13.3396,627.554
1333,6,1,0,13.3225,535.212
2163,6,1,0,13.2942,387.56
2023,6,1,0,13.2645,230.349
1787,6,1,0,13.2564,189.064
1788,6,1,0,13.2556,185.36
943,6,1,0,13.2397,104.713
934,6,1,0,13.2309,56.8666
933,6,1,0,13.2206,2.93996
936,6,1,0,13.22,0
936,6,1,1,13.573,1782.92,0,0,0
933,6,1,1,13.5724,1779.98
934,6,1,1,13.5669,1742.34
935,6,1,1,13.5664,1739.73
2020,6,1,1,13.5553,1682.75
1787,6,1,1,13.5354,1584.44
2023,6,1,1,13.526,1537.62
2163,6,1,1,13.497,1383.21
1333,6,1,1,13.4665,1226.46
1335,6,1,1,13.4407,1097.21
1334,6,1,1,13.4348,1066.52
1792,6,1,1,13.4224,1007.99
1336,6,1,1,13.416,975.265
884,7,0,0,13.3534,917.424,0.0738333,322.039,0.04,1
883,7,0,0,13.3261,778.363
882,7,0,0,13.3146,716.093
2155,7,0,0,13.3114,699.368
901,7,0,0,13.2844,552.187
902,7,0,0,13.2715,482.635
904,7,0,0,13.2582,411.663
925,7,0,0,13.2348,283.766
2019,7,0,0,13.2294,256.499
929,7,0,0,13.229,254.516
930,7,0,0,13.212,162.739
931,7,0,0,13.2,105.498
932,7,0,0,13.1861,30.6376
933,7,0,0,13.1806,2.93996
936,7,0,0,13.18,0
436,7,0,1,13.543,1838.69,0.0588333,256.613,0.14,2
425,7,0,1,13.5354,1799.87
420,7,0,1,13.5197,1722.71
421,7,0,1,13.5157,1695.93
417,7,0,1,13.5112,1671.45
1989,7,0,1,13.4947,1585.04
2011,7,0,1,13.4769,1491.85
2156,7,0,1,13.4717,1464.52
2013,7,0,1,13.471,1461.37
886,7,0,1,13.4591,1403.19
885,7,0,1,13.4372,1289.07
2012,7,0,1,13.4315,1261.47
884,7,0,1,13.4273,1239.46
999,7,0,2,13.6948,2561.25,0.056,244.255,0.15,3
961,7,0,2,13.6792,2484.18
962,7,0,2,13.6714,2445.48
675,7,0,2,13.6603,2393.37
674,7,0,2,13.6542,2362
669,7,0,2,13.6377,2278.09
673,7,0,2,13.6281,2229.32
438,7,0,2,13.6226,2201.63
437,7,0,2,13.6129,2152.43
439,7,0,2,13.609,2131.57
436,7,0,2,13.6018,2095.3
1336,7,0,3,13.9633,3875.04,0.0515,224.627,0.24,4
1792,7,0,3,13.957,3842.63
1334,7,0,3,13.949,3802.19
1325,7,0,3,13.9218,3663.75
1156,7,0,3,13.9127,3620.04
1155,7,0,3,13.8997,3553.72
2052,7,0,3,13.8944,3526.72
1782,7,0,3,13.8878,3492.98
2043,7,0,3,13.8748,3422.45
1111,7,0,3,13.8599,3348.01
1109,7,0,3,13.8425,3261.56
1848,7,0,3,13.8224,3167.05
1069,7,0,3,13.8145,3124.51
1784,7,0,3,13.7973,3035.04
1053,7,0,3,13.7934,3015.22
2032,7,0,3,13.783,2965.69
2031,7,0,3,13.7826,2963.86
1031,7,0,3,13.7727,2916.46
1002,7,0,3,13.7585,2845.73
999,7,0,3,13.7508,2805.51
1307,7,0,4,14.1436,4738.18,0.0546667,238.44,0.3,5
1308,7,0,4,14.1324,4678.61
1309,7,0,4,14.1141,4585.25
1314,7,0,4,14.1135,4582.38
1315,7,0,4,14.0754,4406.68
1341,7,0,4,14.0553,4299.2
1342,7,0,4,14.0467,4256.47
1334,7,0,4,14.0359,4200.59
1792,7,0,4,14.0235,4142.05
1336,7,0,4,14.0148,4099.67
936,7,0,5,14.3193,5599.34,0,0,0
933,7,0,5,14.3187,5596.4
934,7,0,5,14.3131,5558.75
935,7,0,5,14.3126,5556.14
2020,7,0,5,14.3016,5499.17
943,7,0,5,14.3007,5495.23
942,7,0,5,14.2933,5456.1
941,7,0,5,14.2814,5396.54
1790,7,0,5,14.265,5314.41
2022,7,0,5,14.2545,5263.51
2021,7,0,5,14.24,5192.08
1303,7,0,5,14.2073,5025.93
1307,7,0,5,14.1983,4976.62
1336,8,0,0,12.8879,764.587,0.0533333,232.624,0.21,1
1792,8,0,0,12.8804,727.242
1334,8,0,0,12.8731,689.424
1335,8,0,0,12.8624,639.192
1333,8,0,0,12.84,524.133
2163,8,0,0,12.8133,383.309
2023,8,0,0,12.7873,241.926
1787,8,0,0,12.7797,202.721
1788,8,0,0,12.7789,199.018
943,8,0,0,12.7595,103.973
934,8,0,0,12.7493,49.9245
933,8,0,0,12.7406,2.93996
936,8,0,0,12.74,0
1307,8,0,1,13.0496,1551.85,0.0495,215.904,0.34,2
1308,8,0,1,13.038,1490.8
1309,8,0,1,13.0205,1400.7
1314,8,0,1,13.02,1397.83
1315,8,0,1,13.007,1325.89
1341,8,0,1,12.9826,1200.6
1342,8,0,1,12.974,1157.87
1334,8,0,1,12.9618,1095.73
1792,8,0,1,12.9493,1037.19
1336,8,0,1,12.9412,997.211
884,8,0,2,13.3094,2884.57,0.0738333,322.039,0.04,3
883,8,0,2,13.2821,2745.5
882,8,0,2,13.2706,2683.23
2155,8,0,2,13.2673,2666.51
901,8,0,2,13.2404,2519.33
902,8,0,2,13.2274,2449.78
904,8,0,2,13.2142,2378.8
925,8,0,2,13.1907,2250.91
2019,8,0,2,13.1853,2223.64
929,8,0,2,13.1849,2221.66
938,8,0,2,13.1729,2155.81
950,8,0,2,13.1594,2085.25
951,8,0,2,13.1524,2049.53
949,8,0,2,13.1414,1993.05
1302,8,0,2,13.1224,1886.33
1307,8,0,2,13.0991,1767.76
436,8,0,3,13.4989,3805.83,0.0588333,256.613,0.14,4
425,8,0,3,13.4914,3767.02
420,8,0,3,13.4757,3689.85
421,8,0,3,13.4717,3663.07
417,8,0,3,13.4672,3638.59
1989,8,0,3,13.4506,3552.18
2011,8,0,3,13.4329,3458.99
2156,8,0,3,13.4276,3431.66
2013,8,0,3,13.4269,3428.51
886,8,0,3,13.415,3370.33
885,8,0,3,13.3931,3256.21
2012,8,0,3,13.3874,3228.61
884,8,0,3,13.3832,3206.6
999,8,0,4,13.6508,4528.39,0.056,244.255,0.15,5
961,8,0,4,13.6351,4451.32
962,8,0,4,13.6274,4412.62
675,8,0,4,13.6163,4360.51
674,8,0,4,13.6101,4329.15
669,8,0,4,13.5936,4245.23
673,8,0,4,13.5841,4196.46
438,8,0,4,13.5785,4168.77
437,8,0,4,13.5688,4119.57
439,8,0,4,13.5649,4098.71
436,8,0,4,13.5578,4062.44
936,8,0,5,13.8288,5401.61,0,0,0
1737,8,0,5,13.8173,5338.38
917,8,0,5,13.8005,5255.15
916,8,0,5,13.8003,5254.24
919,8,0,5,13.7946,5215.15
2017,8,0,5,13.7945,5214.98
2014,8,0,5,13.7935,5209.96
2015,8,0,5,13.7854,5169.25
910,8,0,5,13.7853,5168.76
909,8,0,5,13.777,5126.62
1051,8,0,5,13.7671,5076.46
1025,8,0,5,13.7549,5015.16
1029,8,0,5,13.741,4945.8
1026,8,0,5,13.7304,4893.76
998,8,0,5,13.7259,4870.63
999,8,0,5,13.7068,4772.65
999,9,0,0,14.8134,633.053,0.0648333,282.783,0.16,1
1002,9,0,0,14.8093,604.982
1024,9,0,0,14.7883,498.436
1029,9,0,0,14.7823,469.049
1027,9,0,0,14.7694,405.671
1051,9,0,0,14.757,342.327
1052,9,0,0,14.7494,303.497
1804,9,0,0,14.7489,301.389
2015,9,0,0,14.7377,245.173
2014,9,0,0,14.7299,205.533
2017,9,0,0,14.7287,199.838
2170,9,0,0,14.7259,185.645
1738,9,0,0,14.7093,101.655
1737,9,0,0,14.7033,71.1284
936,9,0,0,14.69,0
436,9,0,1,14.9976,1523.09,0.038,165.745,0.13,2
425,9,0,1,14.9911,1488.71
426,9,0,1,14.9861,1463.17
424,9,0,1,14.984,1450.15
613,9,0,1,14.9764,1411.22
611,9,0,1,14.9706,1377.78
619,9,0,1,14.9527,1285.62
618,9,0,1,14.9504,1273.85
615,9,0,1,14.9488,1262.06
617,9,0,1,14.9453,1244.52
616,9,0,1,14.9387,1210.59
676,9,0,1,14.9325,1179.52
674,9,0,1,14.9176,1109.87
675,9,0,1,14.9111,1076.79
962,9,0,1,14.9024,1034.7
961,9,0,1,14.8951,997.651
999,9,0,1,14.8783,915.837
884,9,0,2,15.175,2391.19,0.0453333,197.73,0.06,3
1987,9,0,2,15.1396,2209.8
428,9,0,2,15.1346,2184.44
429,9,0,2,15.1126,2074.11
1988,9,0,2,15.0883,1948.08
430,9,0,2,15.0847,1929.9
1989,9,0,2,15.0758,1889.15
432,9,0,2,15.0708,1864.37
435,9,0,2,15.0655,1837.77
431,9,0,2,15.0587,1803.72
439,9,0,2,15.0445,1732.3
436,9,0,2,15.0356,1688.84
1307,9,0,3,15.4028,3531.06,0.0428333,186.826,0.28,4
1302,9,0,3,15.3864,3441.89
949,9,0,3,15.3641,3321.04
2025,9,0,3,15.3606,3303.58
1598,9,0,3,15.3558,3278.21
948,9,0,3,15.3509,3251.48
928,9,0,3,15.3409,3195.77
923,9,0,3,15.2988,2990.86
924,9,0,3,15.2905,2951.54
914,9,0,3,15.2709,2847.9
902,9,0,3,15.2642,2810.86
887,9,0,3,15.2477,2726.13
2012,9,0,3,15.2251,2613.09
884,9,0,3,15.2204,2588.92
936,9,0,4,15.5547,4290.25,0,0,0
933,9,0,4,15.5541,4287.31
934,9,0,4,15.5486,4249.67
935,9,0,4,15.5481,4247.06
2020,9,0,4,15.537,4190.08
943,9,0,4,15.5362,4186.15
942,9,0,4,15.5283,4145.08
941,9,0,4,15.5168,4086.93
1790,9,0,4,15.5039,4019.76
2022,9,0,4,15.4934,3968.87
2021,9,0,4,15.4832,3915.18
1303,9,0,4,15.4614,3795.47
1307,9,0,4,15.4456,3717.89
1336,9,1,0,12.9579,764.587,0.0533333,232.624,0.21,1
1792,9,1,0,12.9504,727.242
1334,9,1,0,12.9431,689.424
1335,9,1,0,12.9324,639.192
1333,9,1,0,12.91,524.133
2163,9,1,0,12.8833,383.309
2023,9,1,0,12.8573,241.926
1787,9,1,0,12.8497,202.721
1788,9,1,0,12.8489,199.018
943,9,1,0,12.8295,103.973
934,9,1,0,12.8193,49.9245
933,9,1,0,12.8106,2.93996
936,9,1,0,12.81,0
936,9,1,1,13.1683,1804.87,0,0,0
933,9,1,1,13.1677,1801.93
934,9,1,1,13.1621,1764.28
935,9,1,1,13.1616,1761.67
2020,9,1,1,13.1506,1704.7
1787,9,1,1,13.1307,1606.38
2023,9,1,1,13.1212,1559.56
2163,9,1,1,13.0922,1405.16
1333,9,1,1,13.0618,1248.41
1335,9,1,1,13.0359,1119.15
1334,9,1,1,13.03,1088.47
1792,9,1,1,13.0176,1029.93
1336,9,1,1,13.0112,997.211
884,10,0,0,14.4083,938.52,0.0611667,266.791,0.05,1
883,10,0,0,14.3759,777.951
882,10,0,0,14.3627,708.309
2155,10,0,0,14.3592,690.597
901,10,0,0,14.3278,524.626
902,10,0,0,14.3149,454.953
904,10,0,0,14.3018,384.906
925,10,0,0,14.2803,265.332
2019,10,0,0,14.2751,239.037
929,10,0,0,14.2747,237.053
930,10,0,0,14.2544,130.978
931,10,0,0,14.2492,102.033
932,10,0,0,14.235,25.8242
933,10,0,0,14.2306,2.93996
936,10,0,0,14.23,0
436,10,0,1,14.588,1816.23,0.038,165.745,0.13,2
425,10,0,1,14.5815,1781.85
420,10,0,1,14.567,1709.7
421,10,0,1,14.563,1682.88
417,10,0,1,14.5589,1660.21
1989,10,0,1,14.541,1568.29
2011,10,0,1,14.5208,1464.73
2156,10,0,1,14.5151,1435.43
2013,10,0,1,14.5144,1432.28
886,10,0,1,14.5041,1380.66
885,10,0,1,14.4797,1255.93
2012,10,0,1,14.474,1228.33
884,10,0,1,14.4695,1205.31
999,10,0,2,14.7231,2469.37,0.0648333,282.783,0.16,3
961,10,0,2,14.7049,2381.87
962,10,0,2,14.6972,2343.18
675,10,0,2,14.6874,2296.4
674,10,0,2,14.6825,2270.37
676,10,0,2,14.6785,2243.04
616,10,0,2,14.6719,2210.39
606,10,0,2,14.6518,2111.68
610,10,0,2,14.6401,2054.36
436,10,0,2,14.626,1981.97
1336,10,0,3,14.978,3741.42,0.0633333,276.241,0.28,4
1792,10,0,3,14.9697,3700.6
1334,10,0,3,14.9599,3652.71
1325,10,0,3,14.9353,3525.25
1156,10,0,3,14.9278,3488.14
1155,10,0,3,14.9162,3427.72
2052,10,0,3,14.9112,3401.84
1782,10,0,3,14.9048,3369.23
2043,10,0,3,14.8962,3310.49
1111,10,0,3,14.8861,3256.31
1110,10,0,3,14.8802,3226.45
1113,10,0,3,14.866,3153.17
1847,10,0,3,14.8573,3105.9
1068,10,0,3,14.8467,3051.77
1785,10,0,3,14.8418,3026.31
1053,10,0,3,14.825,2938.88
2032,10,0,3,14.8156,2893.36
2031,10,0,3,14.8152,2891.54
1031,10,0,3,14.8071,2851.24
1002,10,0,3,14.7942,2785.93
999,10,0,3,14.788,2752.15
1307,10,0,4,15.1532,4587.33,0.0428333,186.826,0.28,5
1308,10,0,4,15.139,4515.06
1309,10,0,4,15.1195,4416.83
1314,10,0,4,15.119,4413.96
1315,10,0,4,15.0986,4310.56
1341,10,0,4,15.0791,4205.84
1342,10,0,4,15.0705,4163.11
1334,10,0,4,15.0595,4106.38
1792,10,0,4,15.0471,4047.85
1336,10,0,4,15.0413,4017.66
936,10,0,5,15.3051,5346.52,0,0,0
933,10,0,5,15.3045,5343.58
934,10,0,5,15.299,5305.93
935,10,0,5,15.2985,5303.32
2020,10,0,5,15.2874,5246.35
943,10,0,5,15.2866,5242.41
942,10,0,5,15.2787,5201.34
941,10,0,5,15.2672,5143.19
1790,10,0,5,15.2543,5076.02
2022,10,0,5,15.2438,5025.13
2021,10,0,5,15.2336,4971.44
1303,10,0,5,15.2118,4851.73
1307,10,0,5,15.196,4774.15
1307,11,0,0,13.8017,580.427,0.0495,215.904,0.34,1
1303,11,0,0,13.7869,506.554
2021,11,0,0,13.7552,344.641
1791,11,0,0,13.7459,299.315
939,11,0,0,13.7327,230.444
940,11,0,0,13.728,198.593
934,11,0,0,13.7009,56.8666
933,11,0,0,13.6906,2.93996
936,11,0,0,13.69,0
1336,11,0,1,13.952,1319.25,0.0515,224.627,0.24,2
1792,11,0,1,13.9458,1286.83
1334,11,0,1,13.9378,1246.39
1335,11,0,1,13.9271,1196.16
1341,11,0,1,13.9196,1153.46
1315,11,0,1,13.8994,1045.7
1314,11,0,1,13.8825,956.845
1309,11,0,1,13.8819,953.975
1308,11,0,1,13.8678,878.201
1307,11,0,1,13.8512,796.332
999,11,0,2,14.1993,2543.49,0.0648333,282.783,0.16,3
1002,11,0,2,14.1952,2515.42
1031,11,0,2,14.1823,2450.15
2031,11,0,2,14.175,2413.15
2032,11,0,2,14.1746,2411.33
1053,11,0,2,14.167,2373.44
1784,11,0,2,14.1636,2355.69
1069,11,0,2,14.1426,2249.89
1848,11,0,2,14.1367,2215.63
1109,11,0,2,14.1279,2168.04
1113,11,0,2,14.1208,2132.79
2036,11,0,2,14.1133,2095.89
1112,11,0,2,14.1097,2077.06
2041,11,0,2,14.0959,2008.79
2042,11,0,2,14.0826,1940.7
1564,11,0,2,14.0712,1885.08
2107,11,0,2,14.0611,1835.17
1145,11,0,2,14.0543,1802.49
2053,11,0,2,14.0413,1735.5
2073,11,0,2,14.0337,1697.36
1336,11,0,2,14.0035,1543.87
436,11,0,3,14.3835,3433.53,0.038,165.745,0.13,4
425,11,0,3,14.377,3399.14
426,11,0,3,14.372,3373.6
424,11,0,3,14.3699,3360.59
613,11,0,3,14.3623,3321.66
611,11,0,3,14.3565,3288.22
619,11,0,3,14.3386,3196.05
618,11,0,3,14.3362,3184.29
615,11,0,3,14.3347,3172.5
617,11,0,3,14.3312,3154.95
616,11,0,3,14.3246,3121.02
676,11,0,3,14.3184,3089.96
674,11,0,3,14.3035,3020.31
675,11,0,3,14.2969,2987.23
962,11,0,3,14.2883,2945.14
961,11,0,3,14.281,2908.09
999,11,0,3,14.2642,2826.27
884,11,0,4,14.5757,4363.53,0.0611667,266.791,0.05,5
1987,11,0,4,14.5327,4150.53
428,11,0,4,14.5277,4125.17
429,11,0,4,14.5009,3995.16
1988,11,0,4,14.4724,3851.54
430,11,0,4,14.469,3834.28
1989,11,0,4,14.464,3809.19
432,11,0,4,14.4578,3779.12
435,11,0,4,14.4524,3752.53
431,11,0,4,14.4456,3718.73
439,11,0,4,14.4292,3637.64
436,11,0,4,14.4215,3599.27
936,11,0,5,14.7748,5337.56,0,0,0
1737,11,0,5,14.7626,5271.42
917,11,0,5,14.748,5197.25
916,11,0,5,14.7478,5196.34
906,11,0,5,14.7184,5048.42
889,11,0,5,14.7078,4993.18
888,11,0,5,14.6803,4854.56
887,11,0,5,14.6659,4774.73
2012,11,0,5,14.6413,4653.34
884,11,0,5,14.6369,4630.32
1336,12,0,0,13.9945,750.638,0.0515,224.627,0.24,1
1792,12,0,0,13.9882,718.22
1334,12,0,0,13.9802,677.786
1335,12,0,0,13.9696,627.554
1333,12,0,0,13.9525,535.212
2163,12,0,0,13.9242,387.56
2023,12,0,0,13.8945,230.349
1787,12,0,0,13.8864,189.064
1788,12,0,0,13.8856,185.36
943,12,0,0,13.8697,104.713
934,12,0,0,13.8609,56.8666
933,12,0,0,13.8506,2.93996
936,12,0,0,13.85,0
999,12,0,1,14.2418,1974.88,0.0648333,282.783,0.16,2
1002,12,0,1,14.2377,1946.81
1031,12,0,1,14.2248,1881.54
2031,12,0,1,14.2174,1844.55
2032,12,0,1,14.217,1842.72
1053,12,0,1,14.2094,1804.83
1784,12,0,1,14.206,1787.08
1069,12,0,1,14.185,1681.28
1848,12,0,1,14.1792,1647.03
1109,12,0,1,14.1704,1599.43
1113,12,0,1,14.1633,1564.19
2036,12,0,1,14.1558,1527.29
1112,12,0,1,14.1521,1508.45
2041,12,0,1,14.1384,1440.18
2042,12,0,1,14.125,1372.09
1564,12,0,1,14.1137,1316.47
2107,12,0,1,14.1035,1266.56
1145,12,0,1,14.0968,1233.89
2053,12,0,1,14.0837,1166.9
2073,12,0,1,14.0762,1128.76
1336,12,0,1,14.046,975.265
436,12,0,2,14.426,2864.92,0.038,165.745,0.13,3
425,12,0,2,14.4195,2830.54
426,12,0,2,14.4144,2804.99
424,12,0,2,14.4124,2791.98
613,12,0,2,14.4048,2753.05
611,12,0,2,14.3989,2719.61
619,12,0,2,14.381,2627.45
618,12,0,2,14.3787,2615.68
615,12,0,2,14.3772,2603.89
617,12,0,2,14.3737,2586.34
616,12,0,2,14.3671,2552.41
676,12,0,2,14.3609,2521.35
674,12,0,2,14.346,2451.7
675,12,0,2,14.3394,2418.62
962,12,0,2,14.3308,2376.53
961,12,0,2,14.3234,2339.48
999,12,0,2,14.3066,2257.67
884,12,0,3,14.6181,3794.92,0.0611667,266.791,0.05,4
1987,12,0,3,14.5752,3581.93
428,12,0,3,14.5701,3556.56
429,12,0,3,14.5434,3426.55
1988,12,0,3,14.5148,3282.93
430,12,0,3,14.5115,3265.67
1989,12,0,3,14.5064,3240.59
432,12,0,3,14.5002,3210.51
435,12,0,3,14.4949,3183.92
431,12,0,3,14.4881,3150.12
439,12,0,3,14.4716,3069.03
436,12,0,3,14.464,3030.67
936,12,0,4,14.8172,4768.95,0,0,0
1737,12,0,4,14.805,4702.81
917,12,0,4,14.7904,4628.64
916,12,0,4,14.7903,4627.73
906,12,0,4,14.7608,4479.81
889,12,0,4,14.7502,4424.57
888,12,0,4,14.7228,4285.96
887,12,0,4,14.7084,4206.12
2012,12,0,4,14.6838,4084.73
884,12,0,4,14.6793,4061.71
1307,12,1,0,15.0655,554.042,0.0428333,186.826,0.28,1
1303,12,1,0,15.0545,496.053
2021,12,1,0,15.0162,306.727
1791,12,1,0,15.0083,267.142
939,12,1,0,14.9915,182.874
940,12,1,0,14.9868,151.022
934,12,1,0,14.9673,42.0448
933,12,1,0,14.9606,2.93996
936,12,1,0,14.96,0
936,12,1,1,15.2175,1313.23,0,0,0
933,12,1,1,15.2169,1310.29
934,12,1,1,15.2114,1272.64
935,12,1,1,15.2108,1270.04
2020,12,1,1,15.1998,1213.06
943,12,1,1,15.1989,1209.13
942,12,1,1,15.1911,1168.06
941,12,1,1,15.1795,1109.91
1790,12,1,1,15.1667,1042.74
2022,12,1,1,15.1562,991.844
2021,12,1,1,15.1459,938.155
1303,12,1,1,15.1241,818.443
1307,12,1,1,15.1084,740.869
