Nodo,Individuo,Ruta,Segmento,Tiempo viaje,Costo viaje,Tiempo atencion,Costo atencion,Tasa fallo,Demanda
1307,0,0,0,15.0155,554.042,0.0428333,186.826,0.28,1
1303,0,0,0,15.0045,496.053
2021,0,0,0,14.9662,306.727
1791,0,0,0,14.9583,267.142
939,0,0,0,14.9415,182.874
940,0,0,0,14.9368,151.022
934,0,0,0,14.9173,42.0448
933,0,0,0,14.9106,2.93996
936,0,0,0,14.91,0
1336,0,0,1,15.1593,1263.92,0.0595,259.521,0.34,2
1792,0,0,1,15.1533,1232.8
1334,0,0,1,15.1438,1186.27
1335,0,0,1,15.1332,1136.04
1341,0,0,1,15.1253,1092.01
1315,0,0,1,15.1077,995.332
1314,0,0,1,15.092,911.668
1309,0,0,1,15.0914,908.797
1308,0,0,1,15.0716,808.959
1307,0,0,1,15.0584,740.869
999,0,0,2,15.4093,2503.53,0.0515,224.627,0.17,3
1002,0,0,2,15.4024,2466.7
1031,0,0,2,15.3882,2395.75
2031,0,0,2,15.3808,2358.75
2032,0,0,2,15.3804,2356.93
1053,0,0,2,15.3727,2318.47
1784,0,0,2,15.3695,2301.77
1066,0,0,2,15.3604,2254.95
1070,0,0,2,15.3498,2198.39
1849,0,0,2,15.3391,2144.14
1108,0,0,2,15.3278,2086.26
1107,0,0,2,15.3143,2016.15
2040,0,0,2,15.3036,1959.09
1783,0,0,2,15.2875,1875.04
1153,0,0,2,15.2803,1838.82
1154,0,0,2,15.2698,1782.55
1324,0,0,2,15.2647,1756.63
1325,0,0,2,15.2537,1702.32
2073,0,0,2,15.246,1664.53
1336,0,0,2,15.2188,1523.44
436,0,0,3,15.5703,3296.28,0.077,335.851,0.12,4
425,0,0,3,15.5638,3261.57
426,0,0,3,15.5592,3238.26
424,0,0,3,15.5573,3225.38
613,0,0,3,15.5526,3198.86
611,0,0,3,15.5476,3166.62
619,0,0,3,15.5297,3074.45
618,0,0,3,15.5273,3062.61
615,0,0,3,15.5258,3050.83
617,0,0,3,15.5223,3033.28
616,0,0,3,15.5147,2995.31
676,0,0,3,15.5085,2964.25
674,0,0,3,15.4974,2910.2
675,0,0,3,15.4909,2877.13
962,0,0,3,15.4784,2819.34
961,0,0,3,15.4736,2793.06
999,0,0,3,15.4608,2728.16
884,0,0,4,15.7867,4334.48,0.0453333,197.73,0.06,5
1987,0,0,4,15.7513,4153.1
428,0,0,4,15.7463,4127.73
429,0,0,4,15.7243,4017.4
1988,0,0,4,15.7,3891.37
430,0,0,4,15.6964,3873.19
1989,0,0,4,15.6875,3832.45
432,0,0,4,15.6825,3807.66
435,0,0,4,15.6772,3781.07
431,0,0,4,15.6704,3747.02
439,0,0,4,15.6562,3675.59
436,0,0,4,15.6473,3632.13
936,0,0,5,15.9566,5183.24,0,0,0
1737,0,0,5,15.9455,5121.97
917,0,0,5,15.932,5052.45
916,0,0,5,15.9319,5051.54
906,0,0,5,15.9086,4929.48
889,0,0,5,15.8961,4866.09
888,0,0,5,15.8761,4759.15
887,0,0,5,15.8594,4669.42
2012,0,0,5,15.8368,4556.38
884,0,0,5,15.8321,4532.22
1336,1,0,0,12.4579,764.587,0.0533333,232.624,0.21,1
1792,1,0,0,12.4504,727.242
1334,1,0,0,12.4431,689.424
1335,1,0,0,12.4324,639.192
1333,1,0,0,12.41,524.133
2163,1,0,0,12.3833,383.309
2023,1,0,0,12.3573,241.926
1787,1,0,0,12.3497,202.721
1788,1,0,0,12.3489,199.018
943,1,0,0,12.3295,103.973
934,1,0,0,12.3193,49.9245
933,1,0,0,12.3106,2.93996
936,1,0,0,12.31,0
999,1,0,1,12.712,2014.06,0.0941667,410.727,0.12,2
1002,1,0,1,12.7057,1980.01
1031,1,0,1,12.6912,1908.3
2031,1,0,1,12.6839,1871.31
2032,1,0,1,12.6835,1869.48
1053,1,0,1,12.6755,1829.69
1784,1,0,1,12.6722,1812.62
1069,1,0,1,12.6521,1710.61
1848,1,0,1,12.6463,1676.41
1847,1,0,1,12.6428,1656.77
1086,1,0,1,12.6391,1636.54
2036,1,0,1,12.6245,1563.64
1112,1,0,1,12.6209,1544.8
2041,1,0,1,12.6088,1483.73
2042,1,0,1,12.5894,1390.66
1564,1,0,1,12.579,1338.8
2107,1,0,1,12.5709,1297.3
1145,1,0,1,12.5643,1265.29
2053,1,0,1,12.5488,1187.98
2073,1,0,1,12.5405,1146.92
1336,1,0,1,12.5112,997.211
884,1,0,2,13.0061,3449.6,0.0738333,322.039,0.04,3
883,1,0,2,12.9768,3302.21
882,1,0,2,12.9636,3232.7
2155,1,0,2,12.9604,3216.14
2012,1,0,2,12.9437,3126.24
885,1,0,2,12.9388,3102.14
886,1,0,2,12.9185,2994.61
2013,1,0,2,12.9111,2955.14
2156,1,0,2,12.9104,2951.98
2011,1,0,2,12.9051,2924.47
891,1,0,2,12.8832,2810.01
893,1,0,2,12.8771,2779.14
894,1,0,2,12.8719,2754.39
897,1,0,2,12.853,2661.18
1028,1,0,2,12.845,2619
1026,1,0,2,12.8335,2561.27
998,1,0,2,12.8285,2536.52
999,1,0,2,12.8061,2424.79
936,1,0,3,13.2123,4456,0,0,0
1737,1,0,3,13.2008,4392.77
917,1,0,3,13.184,4309.54
916,1,0,3,13.1839,4308.63
906,1,0,3,13.158,4175.54
889,1,0,3,13.1458,4113.62
888,1,0,3,13.1252,4004.11
887,1,0,3,13.1078,3911.43
2012,1,0,3,13.0841,3793.65
884,1,0,3,13.0799,3771.64
1307,1,1,0,15.0155,554.042,0.0428333,186.826,0.28,1
1303,1,1,0,15.0045,496.053
2021,1,1,0,14.9662,306.727
1791,1,1,0,14.9583,267.142
939,1,1,0,14.9415,182.874
940,1,1,0,14.9368,151.022
934,1,1,0,14.9173,42.0448
933,1,1,0,14.9106,2.93996
936,1,1,0,14.91,0
436,1,1,1,15.2833,1934.87,0.077,335.851,0.12,2
425,1,1,1,15.2767,1900.16
420,1,1,1,15.2656,1842.37
421,1,1,1,15.2615,1815.47
417,1,1,1,15.2573,1792.19
1989,1,1,1,15.2392,1699.52
2011,1,1,1,15.221,1604.42
2156,1,1,1,15.2163,1579.41
2013,1,1,1,15.2157,1576.26
886,1,1,1,15.205,1523.21
888,1,1,1,15.1869,1424.39
903,1,1,1,15.1778,1374.54
904,1,1,1,15.1737,1353.3
925,1,1,1,15.1504,1225.93
2019,1,1,1,15.1459,1202.53
929,1,1,1,15.1455,1200.54
938,1,1,1,15.1331,1132.9
950,1,1,1,15.1178,1054.74
951,1,1,1,15.1113,1021.01
949,1,1,1,15.1001,963.892
1302,1,1,1,15.0733,823.666
1307,1,1,1,15.0584,740.869
936,1,1,2,15.4875,2927.28,0,0,0
1737,1,1,2,15.4764,2866.02
917,1,1,2,15.4629,2796.49
916,1,1,2,15.4627,2795.59
919,1,1,2,15.457,2756.5
2017,1,1,2,15.457,2756.33
2014,1,1,2,15.456,2751.58
2015,1,1,2,15.4479,2710.87
910,1,1,2,15.4478,2710.38
909,1,1,2,15.4384,2663.7
898,1,1,2,15.4252,2597.12
897,1,1,2,15.4156,2548.74
877,1,1,2,15.3931,2437.89
878,1,1,2,15.3871,2407.18
879,1,1,2,15.3786,2363.29
437,1,1,2,15.3726,2332.96
439,1,1,2,15.3692,2314.19
436,1,1,2,15.3603,2270.72
1336,2,0,0,13.9545,750.638,0.0515,224.627,0.24,1
1792,2,0,0,13.9482,718.22
1334,2,0,0,13.9402,677.786
1335,2,0,0,13.9296,627.554
1333,2,0,0,13.9125,535.212
2163,2,0,0,13.8842,387.56
2023,2,0,0,13.8545,230.349
1787,2,0,0,13.8464,189.064
1788,2,0,0,13.8456,185.36
943,2,0,0,13.8297,104.713
934,2,0,0,13.8209,56.8666
933,2,0,0,13.8106,2.93996
936,2,0,0,13.81,0
999,2,0,1,14.2018,1974.88,0.0648333,282.783,0.16,2
1002,2,0,1,14.1977,1946.81
1031,2,0,1,14.1848,1881.54
2031,2,0,1,14.1774,1844.55
2032,2,0,1,14.177,1842.72
1053,2,0,1,14.1694,1804.83
1784,2,0,1,14.166,1787.08
1069,2,0,1,14.145,1681.28
1848,2,0,1,14.1392,1647.03
1109,2,0,1,14.1304,1599.43
1113,2,0,1,14.1233,1564.19
2036,2,0,1,14.1158,1527.29
1112,2,0,1,14.1121,1508.45
2041,2,0,1,14.0984,1440.18
2042,2,0,1,14.085,1372.09
1564,2,0,1,14.0737,1316.47
2107,2,0,1,14.0635,1266.56
1145,2,0,1,14.0568,1233.89
2053,2,0,1,14.0437,1166.9
2073,2,0,1,14.0362,1128.76
1336,2,0,1,14.006,975.265
436,2,0,2,14.386,2864.92,0.038,165.745,0.13,3
425,2,0,2,14.3795,2830.54
426,2,0,2,14.3744,2804.99
424,2,0,2,14.3724,2791.98
613,2,0,2,14.3648,2753.05
611,2,0,2,14.3589,2719.61
619,2,0,2,14.341,2627.45
618,2,0,2,14.3387,2615.68
615,2,0,2,14.3372,2603.89
617,2,0,2,14.3337,2586.34
616,2,0,2,14.3271,2552.41
676,2,0,2,14.3209,2521.35
674,2,0,2,14.306,2451.7
675,2,0,2,14.2994,2418.62
962,2,0,2,14.2908,2376.53
961,2,0,2,14.2834,2339.48
999,2,0,2,14.2666,2257.67
884,2,0,3,14.5781,3794.92,0.0611667,266.791,0.05,4
1987,2,0,3,14.5352,3581.93
428,2,0,3,14.5301,3556.56
429,2,0,3,14.5034,3426.55
1988,2,0,3,14.4748,3282.93
430,2,0,3,14.4715,3265.67
1989,2,0,3,14.4664,3240.59
432,2,0,3,14.4602,3210.51
435,2,0,3,14.4549,3183.92
431,2,0,3,14.4481,3150.12
439,2,0,3,14.4316,3069.03
436,2,0,3,14.424,3030.67
936,2,0,4,14.7772,4768.95,0,0,0
1737,2,0,4,14.765,4702.81
917,2,0,4,14.7504,4628.64
916,2,0,4,14.7503,4627.73
906,2,0,4,14.7208,4479.81
889,2,0,4,14.7102,4424.57
888,2,0,4,14.6828,4285.96
887,2,0,4,14.6684,4206.12
2012,2,0,4,14.6438,4084.73
884,2,0,4,14.6393,4061.71
1307,2,1,0,15.0355,554.042,0.0428333,186.826,0.28,1
1303,2,1,0,15.0245,496.053
2021,2,1,0,14.9862,306.727
1791,2,1,0,14.9783,267.142
939,2,1,0,14.9615,182.874
940,2,1,0,14.9568,151.022
934,2,1,0,14.9373,42.0448
933,2,1,0,14.9306,2.93996
936,2,1,0,14.93,0
936,2,1,1,15.1875,1313.23,0,0,0
933,2,1,1,15.1869,1310.29
934,2,1,1,15.1814,1272.64
935,2,1,1,15.1808,1270.04
2020,2,1,1,15.1698,1213.06
943,2,1,1,15.1689,1209.13
942,2,1,1,15.1611,1168.06
941,2,1,1,15.1495,1109.91
1790,2,1,1,15.1367,1042.74
2022,2,1,1,15.1262,991.844
2021,2,1,1,15.1159,938.155
1303,2,1,1,15.0941,818.443
1307,2,1,1,15.0784,740.869
884,3,0,0,13.3634,917.424,0.0738333,322.039,0.04,1
883,3,0,0,13.3361,778.363
882,3,0,0,13.3246,716.093
2155,3,0,0,13.3214,699.368
901,3,0,0,13.2944,552.187
902,3,0,0,13.2815,482.635
904,3,0,0,13.2682,411.663
925,3,0,0,13.2448,283.766
2019,3,0,0,13.2394,256.499
929,3,0,0,13.239,254.516
930,3,0,0,13.222,162.739
931,3,0,0,13.21,105.498
932,3,0,0,13.1961,30.6376
933,3,0,0,13.1906,2.93996
936,3,0,0,13.19,0
436,3,0,1,13.553,1838.69,0.0588333,256.613,0.14,2
425,3,0,1,13.5454,1799.87
420,3,0,1,13.5297,1722.71
421,3,0,1,13.5257,1695.93
417,3,0,1,13.5212,1671.45
1989,3,0,1,13.5047,1585.04
2011,3,0,1,13.4869,1491.85
2156,3,0,1,13.4817,1464.52
2013,3,0,1,13.481,1461.37
886,3,0,1,13.4691,1403.19
885,3,0,1,13.4472,1289.07
2012,3,0,1,13.4415,1261.47
884,3,0,1,13.4373,1239.46
999,3,0,2,13.7048,2561.25,0.056,244.255,0.15,3
961,3,0,2,13.6892,2484.18
962,3,0,2,13.6814,2445.48
675,3,0,2,13.6703,2393.37
674,3,0,2,13.6642,2362
669,3,0,2,13.6477,2278.09
673,3,0,2,13.6381,2229.32
438,3,0,2,13.6326,2201.63
437,3,0,2,13.6229,2152.43
439,3,0,2,13.619,2131.57
436,3,0,2,13.6118,2095.3
1336,3,0,3,13.9733,3875.04,0.0515,224.627,0.24,4
1792,3,0,3,13.967,3842.63
1334,3,0,3,13.959,3802.19
1325,3,0,3,13.9318,3663.75
1156,3,0,3,13.9227,3620.04
1155,3,0,3,13.9097,3553.72
2052,3,0,3,13.9044,3526.72
1782,3,0,3,13.8978,3492.98
2043,3,0,3,13.8848,3422.45
1111,3,0,3,13.8699,3348.01
1109,3,0,3,13.8525,3261.56
1848,3,0,3,13.8324,3167.05
1069,3,0,3,13.8245,3124.51
1784,3,0,3,13.8073,3035.04
1053,3,0,3,13.8034,3015.22
2032,3,0,3,13.793,2965.69
2031,3,0,3,13.7926,2963.86
1031,3,0,3,13.7827,2916.46
1002,3,0,3,13.7685,2845.73
999,3,0,3,13.7608,2805.51
1307,3,0,4,14.1536,4738.18,0.0546667,238.44,0.3,5
1308,3,0,4,14.1424,4678.61
1309,3,0,4,14.1241,4585.25
1314,3,0,4,14.1235,4582.38
1315,3,0,4,14.0854,4406.68
1341,3,0,4,14.0653,4299.2
1342,3,0,4,14.0567,4256.47
1334,3,0,4,14.0459,4200.59
1792,3,0,4,14.0335,4142.05
1336,3,0,4,14.0248,4099.67
936,3,0,5,14.3293,5599.34,0,0,0
933,3,0,5,14.3287,5596.4
934,3,0,5,14.3231,5558.75
935,3,0,5,14.3226,5556.14
2020,3,0,5,14.3116,5499.17
943,3,0,5,14.3107,5495.23
942,3,0,5,14.3033,5456.1
941,3,0,5,14.2914,5396.54
1790,3,0,5,14.275,5314.41
2022,3,0,5,14.2645,5263.51
2021,3,0,5,14.25,5192.08
1303,3,0,5,14.2173,5025.93
1307,3,0,5,14.2083,4976.62
1307,4,0,0,14.3655,554.042,0.0546667,238.44,0.3,1
1303,4,0,0,14.3545,496.053
2021,4,0,0,14.3162,306.727
1791,4,0,0,14.3083,267.142
939,4,0,0,14.2915,182.874
940,4,0,0,14.2868,151.022
934,4,0,0,14.2673,42.0448
933,4,0,0,14.2606,2.93996
936,4,0,0,14.26,0
1336,4,0,1,14.5311,1357.19,0.0633333,276.241,0.28,2
1792,4,0,1,14.5228,1316.37
1334,4,0,1,14.513,1268.49
1335,4,0,1,14.5024,1218.26
1341,4,0,1,14.4938,1171.29
1315,4,0,1,14.4764,1075.52
1314,4,0,1,14.4563,973.405
1309,4,0,1,14.4557,970.535
1308,4,0,1,14.4394,885.27
1307,4,0,1,14.4202,792.482
999,4,0,2,14.7902,2633.05,0.0648333,282.783,0.16,3
1002,4,0,2,14.7861,2604.98
1031,4,0,2,14.7732,2539.71
2031,4,0,2,14.7659,2502.72
2032,4,0,2,14.7655,2500.89
1053,4,0,2,14.7579,2463
1784,4,0,2,14.7545,2445.25
1069,4,0,2,14.7334,2339.45
1848,4,0,2,14.7276,2305.2
1109,4,0,2,14.7188,2257.6
1113,4,0,2,14.7117,2222.36
2036,4,0,2,14.7042,2185.46
1112,4,0,2,14.7006,2166.62
2041,4,0,2,14.6868,2098.35
2042,4,0,2,14.6734,2030.26
1564,4,0,2,14.6621,1974.64
2107,4,0,2,14.652,1924.73
1145,4,0,2,14.6452,1892.06
2053,4,0,2,14.6322,1825.07
2073,4,0,2,14.6246,1786.93
1336,4,0,2,14.5944,1633.44
436,4,0,3,14.9744,3523.09,0.038,165.745,0.13,4
425,4,0,3,14.9679,3488.71
426,4,0,3,14.9629,3463.16
424,4,0,3,14.9608,3450.15
613,4,0,3,14.9532,3411.22
611,4,0,3,14.9474,3377.78
619,4,0,3,14.9295,3285.62
618,4,0,3,14.9271,3273.85
615,4,0,3,14.9256,3262.06
617,4,0,3,14.9221,3244.51
616,4,0,3,14.9155,3210.58
676,4,0,3,14.9093,3179.52
674,4,0,3,14.8944,3109.87
675,4,0,3,14.8878,3076.79
962,4,0,3,14.8792,3034.7
961,4,0,3,14.8719,2997.65
999,4,0,3,14.855,2915.84
884,4,0,4,15.1518,4391.19,0.0453333,197.73,0.06,5
1987,4,0,4,15.1164,4209.8
428,4,0,4,15.1114,4184.43
429,4,0,4,15.0894,4074.1
1988,4,0,4,15.065,3948.08
430,4,0,4,15.0615,3929.9
1989,4,0,4,15.0526,3889.15
432,4,0,4,15.0476,3864.36
435,4,0,4,15.0423,3837.77
431,4,0,4,15.0354,3803.72
439,4,0,4,15.0213,3732.3
436,4,0,4,15.0124,3688.83
936,4,0,5,15.3217,5239.94,0,0,0
1737,4,0,5,15.3106,5178.68
917,4,0,5,15.2971,5109.15
916,4,0,5,15.2969,5108.24
906,4,0,5,15.2736,4986.19
889,4,0,5,15.2611,4922.79
888,4,0,5,15.2412,4815.85
887,4,0,5,15.2244,4726.13
2012,4,0,5,15.2019,4613.09
884,4,0,5,15.1971,4588.92
1336,5,0,0,12.6079,764.587,0.0533333,232.624,0.21,1
1792,5,0,0,12.6004,727.242
1334,5,0,0,12.5931,689.424
1335,5,0,0,12.5824,639.192
1333,5,0,0,12.56,524.133
2163,5,0,0,12.5333,383.309
2023,5,0,0,12.5073,241.926
1787,5,0,0,12.4997,202.721
1788,5,0,0,12.4989,199.018
943,5,0,0,12.4795,103.973
934,5,0,0,12.4693,49.9245
933,5,0,0,12.4606,2.93996
936,5,0,0,12.46,0
999,5,0,1,12.862,2014.06,0.0941667,410.727,0.12,2
1002,5,0,1,12.8557,1980.01
1031,5,0,1,12.8412,1908.3
2031,5,0,1,12.8339,1871.31
2032,5,0,1,12.8335,1869.48
1053,5,0,1,12.8255,1829.69
1784,5,0,1,12.8222,1812.62
1069,5,0,1,12.8021,1710.61
1848,5,0,1,12.7963,1676.41
1847,5,0,1,12.7928,1656.77
1086,5,0,1,12.7891,1636.54
2036,5,0,1,12.7745,1563.64
1112,5,0,1,12.7709,1544.8
2041,5,0,1,12.7588,1483.73
2042,5,0,1,12.7394,1390.66
1564,5,0,1,12.729,1338.8
2107,5,0,1,12.7209,1297.3
1145,5,0,1,12.7143,1265.29
2053,5,0,1,12.6988,1187.98
2073,5,0,1,12.6905,1146.92
1336,5,0,1,12.6612,997.211
436,5,0,2,13.0618,3005.31,0.0588333,256.613,0.14,3
425,5,0,2,13.0547,2968.23
426,5,0,2,13.0498,2943.28
424,5,0,2,13.0474,2929.57
613,5,0,2,13.0444,2904.59
611,5,0,2,13.0389,2871.69
609,5,0,2,13.0369,2853.9
628,5,0,2,13.027,2779.89
615,5,0,2,13.0214,2749.24
617,5,0,2,13.0179,2731.69
616,5,0,2,13.0085,2686.21
676,5,0,2,13.0023,2655.15
674,5,0,2,12.9882,2588.46
675,5,0,2,12.9816,2555.38
962,5,0,2,12.9751,2522.25
961,5,0,2,12.9672,2482.83
999,5,0,2,12.9561,2424.79
884,5,0,3,13.2694,4003.28,0.0738333,322.039,0.04,4
1987,5,0,3,13.2315,3811.28
428,5,0,3,13.2265,3785.91
429,5,0,3,13.2014,3662.84
1988,5,0,3,13.175,3528.18
430,5,0,3,13.1714,3510.01
1989,5,0,3,13.1662,3484.27
432,5,0,3,13.162,3462.26
435,5,0,3,13.1566,3435.67
431,5,0,3,13.1494,3399.93
439,5,0,3,13.1279,3298.19
436,5,0,3,13.1207,3261.92
936,5,0,4,13.4757,5009.69,0,0,0
1737,5,0,4,13.4642,4946.46
917,5,0,4,13.4474,4863.22
916,5,0,4,13.4472,4862.31
906,5,0,4,13.4213,4729.22
889,5,0,4,13.4092,4667.3
888,5,0,4,13.3886,4557.79
887,5,0,4,13.3712,4465.11
2012,5,0,4,13.3475,4347.33
884,5,0,4,13.3433,4325.32
1307,5,1,0,15.0355,554.042,0.0428333,186.826,0.28,1
1303,5,1,0,15.0245,496.053
2021,5,1,0,14.9862,306.727
1791,5,1,0,14.9783,267.142
939,5,1,0,14.9615,182.874
940,5,1,0,14.9568,151.022
934,5,1,0,14.9373,42.0448
933,5,1,0,14.9306,2.93996
936,5,1,0,14.93,0
936,5,1,1,15.1875,1313.23,0,0,0
933,5,1,1,15.1869,1310.29
934,5,1,1,15.1814,1272.64
935,5,1,1,15.1808,1270.04
2020,5,1,1,15.1698,1213.06
943,5,1,1,15.1689,1209.13
942,5,1,1,15.1611,1168.06
941,5,1,1,15.1495,1109.91
1790,5,1,1,15.1367,1042.74
2022,5,1,1,15.1262,991.844
2021,5,1,1,15.1159,938.155
1303,5,1,1,15.0941,818.443
1307,5,1,1,15.0784,740.869
1336,6,0,0,12.8679,764.587,0.0533333,232.624,0.21,1
1792,6,0,0,12.8604,727.242
1334,6,0,0,12.8531,689.424
1335,6,0,0,12.8424,639.192
1333,6,0,0,12.82,524.133
2163,6,0,0,12.7933,383.309
2023,6,0,0,12.7673,241.926
1787,6,0,0,12.7597,202.721
1788,6,0,0,12.7589,199.018
943,6,0,0,12.7395,103.973
934,6,0,0,12.7293,49.9245
933,6,0,0,12.7206,2.93996
936,6,0,0,12.72,0
1307,6,0,1,13.0296,1551.85,0.0495,215.904,0.34,2
1308,6,0,1,13.018,1490.8
1309,6,0,1,13.0005,1400.7
1314,6,0,1,13,1397.83
1315,6,0,1,12.987,1325.89
1341,6,0,1,12.9626,1200.6
1342,6,0,1,12.954,1157.87
1334,6,0,1,12.9418,1095.73
1792,6,0,1,12.9293,1037.19
1336,6,0,1,12.9212,997.211
884,6,0,2,13.2894,2884.57,0.0738333,322.039,0.04,3
883,6,0,2,13.2621,2745.5
882,6,0,2,13.2506,2683.23
2155,6,0,2,13.2473,2666.51
901,6,0,2,13.2204,2519.33
902,6,0,2,13.2074,2449.78
904,6,0,2,13.1942,2378.8
925,6,0,2,13.1707,2250.91
2019,6,0,2,13.1653,2223.64
929,6,0,2,13.1649,2221.66
938,6,0,2,13.1529,2155.81
950,6,0,2,13.1394,2085.25
951,6,0,2,13.1324,2049.53
949,6,0,2,13.1214,1993.05
1302,6,0,2,13.1024,1886.33
1307,6,0,2,13.0791,1767.76
436,6,0,3,13.4789,3805.83,0.0588333,256.613,0.14,4
425,6,0,3,13.4714,3767.02
420,6,0,3,13.4557,3689.85
421,6,0,3,13.4517,3663.07
417,6,0,3,13.4472,3638.59
1989,6,0,3,13.4306,3552.18
2011,6,0,3,13.4129,3458.99
2156,6,0,3,13.4076,3431.66
2013,6,0,3,13.4069,3428.51
886,6,0,3,13.395,3370.33
885,6,0,3,13.3731,3256.21
2012,6,0,3,13.3674,3228.61
884,6,0,3,13.3632,3206.6
999,6,0,4,13.6308,4528.39,0.056,244.255,0.15,5
961,6,0,4,13.6151,4451.32
962,6,0,4,13.6074,4412.62
675,6,0,4,13.5963,4360.51
674,6,0,4,13.5901,4329.15
669,6,0,4,13.5736,4245.23
673,6,0,4,13.5641,4196.46
438,6,0,4,13.5585,4168.77
437,6,0,4,13.5488,4119.57
439,6,0,4,13.5449,4098.71
436,6,0,4,13.5378,4062.44
936,6,0,5,13.8088,5401.61,0,0,0
1737,6,0,5,13.7973,5338.38
917,6,0,5,13.7805,5255.15
916,6,0,5,13.7803,5254.24
919,6,0,5,13.7746,5215.15
2017,6,0,5,13.7745,5214.98
2014,6,0,5,13.7735,5209.96
2015,6,0,5,13.7654,5169.25
910,6,0,5,13.7653,5168.76
909,6,0,5,13.757,5126.62
1051,6,0,5,13.7471,5076.46
1025,6,0,5,13.7349,5015.16
1029,6,0,5,13.721,4945.8
1026,6,0,5,13.7104,4893.76
998,6,0,5,13.7059,4870.63
999,6,0,5,13.6868,4772.65
1336,7,0,0,12.8679,764.587,0.0533333,232.624,0.21,1
1792,7,0,0,12.8604,727.242
1334,7,0,0,12.8531,689.424
1335,7,0,0,12.8424,639.192
1333,7,0,0,12.82,524.133
2163,7,0,0,12.7933,383.309
2023,7,0,0,12.7673,241.926
1787,7,0,0,12.7597,202.721
1788,7,0,0,12.7589,199.018
943,7,0,0,12.7395,103.973
934,7,0,0,12.7293,49.9245
933,7,0,0,12.7206,2.93996
936,7,0,0,12.72,0
999,7,0,1,13.122,2014.06,0.056,244.255,0.15,2
1002,7,0,1,13.1157,1980.01
1031,7,0,1,13.1012,1908.3
2031,7,0,1,13.0939,1871.31
2032,7,0,1,13.0935,1869.48
1053,7,0,1,13.0855,1829.69
1784,7,0,1,13.0822,1812.62
1069,7,0,1,13.0621,1710.61
1848,7,0,1,13.0563,1676.41
1847,7,0,1,13.0528,1656.77
1086,7,0,1,13.0491,1636.54
2036,7,0,1,13.0345,1563.64
1112,7,0,1,13.0309,1544.8
2041,7,0,1,13.0188,1483.73
2042,7,0,1,12.9994,1390.66
1564,7,0,1,12.989,1338.8
2107,7,0,1,12.9809,1297.3
1145,7,0,1,12.9743,1265.29
2053,7,0,1,12.9588,1187.98
2073,7,0,1,12.9505,1146.92
1336,7,0,1,12.9212,997.211
436,7,0,2,13.2891,2856.62,0.0588333,256.613,0.14,3
425,7,0,2,13.2816,2817.81
426,7,0,2,13.2753,2787.07
424,7,0,2,13.273,2773.64
613,7,0,2,13.265,2733.27
611,7,0,2,13.2581,2695.38
609,7,0,2,13.2562,2677.54
628,7,0,2,13.2463,2603.53
615,7,0,2,13.2415,2575.55
617,7,0,2,13.238,2558
616,7,0,2,13.2303,2519.79
676,7,0,2,13.2242,2488.72
674,7,0,2,13.2137,2437.23
675,7,0,2,13.2071,2404.16
962,7,0,2,13.1967,2354.79
961,7,0,2,13.1913,2325.66
999,7,0,2,13.178,2258.32
884,7,0,3,13.4967,3854.6,0.0738333,322.039,0.04,4
1987,7,0,3,13.4588,3662.59
428,7,0,3,13.4538,3637.22
429,7,0,3,13.4287,3514.15
1988,7,0,3,13.4023,3379.49
430,7,0,3,13.3987,3361.32
1989,7,0,3,13.3935,3335.59
432,7,0,3,13.3893,3313.57
435,7,0,3,13.3839,3286.98
431,7,0,3,13.3767,3251.25
439,7,0,3,13.3552,3149.5
436,7,0,3,13.348,3113.24
936,7,0,4,13.703,4861,0,0,0
1737,7,0,4,13.6915,4797.77
917,7,0,4,13.6747,4714.53
916,7,0,4,13.6745,4713.63
906,7,0,4,13.6486,4580.54
889,7,0,4,13.6365,4518.62
888,7,0,4,13.6159,4409.11
887,7,0,4,13.5985,4316.43
2012,7,0,4,13.5748,4198.65
884,7,0,4,13.5706,4176.64
1307,7,1,0,15.0355,554.042,0.0428333,186.826,0.28,1
1303,7,1,0,15.0245,496.053
2021,7,1,0,14.9862,306.727
1791,7,1,0,14.9783,267.142
939,7,1,0,14.9615,182.874
940,7,1,0,14.9568,151.022
934,7,1,0,14.9373,42.0448
933,7,1,0,14.9306,2.93996
936,7,1,0,14.93,0
936,7,1,1,15.1875,1313.23,0,0,0
933,7,1,1,15.1869,1310.29
934,7,1,1,15.1814,1272.64
935,7,1,1,15.1808,1270.04
2020,7,1,1,15.1698,1213.06
943,7,1,1,15.1689,1209.13
942,7,1,1,15.1611,1168.06
941,7,1,1,15.1495,1109.91
1790,7,1,1,15.1367,1042.74
2022,7,1,1,15.1262,991.844
2021,7,1,1,15.1159,938.155
1303,7,1,1,15.0941,818.443
1307,7,1,1,15.0784,740.869
884,8,0,0,12.1993,985.1,0.115333,503.049,0.04,1
883,8,0,0,12.17,837.705
882,8,0,0,12.1569,768.2
2155,8,0,0,12.1536,751.641
901,8,0,0,12.118,567.326
902,8,0,0,12.1055,499.78
904,8,0,0,12.0924,429.227
925,8,0,0,12.0688,300.744
2019,8,0,0,12.0634,273.424
929,8,0,0,12.0629,271.441
930,8,0,0,12.0429,166.74
931,8,0,0,12.0302,106.514
932,8,0,0,12.0158,29.1229
933,8,0,0,12.0106,2.93996
936,8,0,0,12.01,0
436,8,0,1,12.4309,2088.05,0.0958333,417.996,0.13,2
425,8,0,1,12.4237,2050.97
420,8,0,1,12.412,1990.24
421,8,0,1,12.4074,1962.75
417,8,0,1,12.4024,1936.03
1989,8,0,1,12.384,1841.82
2011,8,0,1,12.3647,1742.11
2156,8,0,1,12.3592,1714.07
2013,8,0,1,12.3586,1710.91
886,8,0,1,12.3504,1668.31
885,8,0,1,12.3248,1538.68
2012,8,0,1,12.3191,1511.08
884,8,0,1,12.3147,1488.15
999,8,0,2,12.6326,3026,0.0941667,410.727,0.12,3
961,8,0,2,12.6201,2961.84
962,8,0,2,12.6124,2923.15
675,8,0,2,12.6037,2881.1
674,8,0,2,12.5934,2832.53
669,8,0,2,12.5723,2729.74
673,8,0,2,12.5597,2668.55
672,8,0,2,12.5513,2627.67
610,8,0,2,12.5408,2578.28
436,8,0,2,12.5267,2506.04
1336,8,0,3,12.9327,4485.3,0.0533333,232.624,0.21,4
1792,8,0,3,12.9253,4447.95
1334,8,0,3,12.9179,4410.13
1325,8,0,3,12.8907,4271.7
1156,8,0,3,12.8835,4235.68
1155,8,0,3,12.8701,4168.11
2052,8,0,3,12.8646,4140.1
1782,8,0,3,12.8578,4105.73
2043,8,0,3,12.8492,4047
1111,8,0,3,12.8364,3981.39
1109,8,0,3,12.8185,3892.99
1848,8,0,3,12.7984,3798.48
1069,8,0,3,12.7907,3756.73
1784,8,0,3,12.7745,3671.18
1053,8,0,3,12.771,3653.33
2032,8,0,3,12.7622,3610.5
2031,8,0,3,12.7618,3608.68
1031,8,0,3,12.7524,3562.86
1002,8,0,3,12.7358,3482.48
999,8,0,3,12.7268,3436.73
1307,8,0,4,13.0944,5272.56,0.0495,215.904,0.34,5
1308,8,0,4,13.0828,5211.51
1309,8,0,4,13.0653,5121.41
1314,8,0,4,13.0648,5118.54
1315,8,0,4,13.0518,5046.6
1341,8,0,4,13.0274,4921.31
1342,8,0,4,13.0188,4878.58
1334,8,0,4,13.0066,4816.44
1792,8,0,4,12.9941,4757.9
1336,8,0,4,12.986,4717.92
936,8,0,5,13.265,6111.7,0,0,0
933,8,0,5,13.2644,6108.76
934,8,0,5,13.2589,6071.11
935,8,0,5,13.2583,6068.5
2020,8,0,5,13.2473,6011.53
943,8,0,5,13.2465,6007.59
942,8,0,5,13.2379,5963.63
941,8,0,5,13.226,5903.97
1790,8,0,5,13.2089,5819.11
2022,8,0,5,13.1984,5768.21
2021,8,0,5,13.1857,5704.03
1303,8,0,5,13.1528,5537.11
1307,8,0,5,13.1439,5488.47
884,9,0,0,14.3883,938.52,0.0611667,266.791,0.05,1
883,9,0,0,14.3559,777.951
882,9,0,0,14.3427,708.309
2155,9,0,0,14.3392,690.597
901,9,0,0,14.3078,524.626
902,9,0,0,14.2949,454.953
904,9,0,0,14.2818,384.906
925,9,0,0,14.2603,265.332
2019,9,0,0,14.2551,239.037
929,9,0,0,14.2547,237.053
930,9,0,0,14.2344,130.978
931,9,0,0,14.2292,102.033
932,9,0,0,14.215,25.8242
933,9,0,0,14.2106,2.93996
936,9,0,0,14.21,0
436,9,0,1,14.568,1816.23,0.038,165.745,0.13,2
425,9,0,1,14.5615,1781.85
420,9,0,1,14.547,1709.7
421,9,0,1,14.543,1682.88
417,9,0,1,14.5389,1660.21
1989,9,0,1,14.521,1568.29
2011,9,0,1,14.5008,1464.73
2156,9,0,1,14.4951,1435.43
2013,9,0,1,14.4944,1432.28
886,9,0,1,14.4841,1380.66
885,9,0,1,14.4597,1255.93
2012,9,0,1,14.454,1228.33
884,9,0,1,14.4495,1205.31
999,9,0,2,14.7031,2469.37,0.0648333,282.783,0.16,3
961,9,0,2,14.6849,2381.87
962,9,0,2,14.6772,2343.18
675,9,0,2,14.6674,2296.4
674,9,0,2,14.6625,2270.37
676,9,0,2,14.6585,2243.04
616,9,0,2,14.6519,2210.39
606,9,0,2,14.6318,2111.68
610,9,0,2,14.6201,2054.36
436,9,0,2,14.606,1981.97
1336,9,0,3,14.958,3741.42,0.0633333,276.241,0.28,4
1792,9,0,3,14.9497,3700.6
1334,9,0,3,14.9399,3652.71
1325,9,0,3,14.9153,3525.25
1156,9,0,3,14.9078,3488.14
1155,9,0,3,14.8962,3427.72
2052,9,0,3,14.8912,3401.84
1782,9,0,3,14.8848,3369.23
2043,9,0,3,14.8762,3310.49
1111,9,0,3,14.8661,3256.31
1110,9,0,3,14.8602,3226.45
1113,9,0,3,14.846,3153.17
1847,9,0,3,14.8373,3105.9
1068,9,0,3,14.8267,3051.77
1785,9,0,3,14.8218,3026.31
1053,9,0,3,14.805,2938.88
2032,9,0,3,14.7956,2893.36
2031,9,0,3,14.7952,2891.54
1031,9,0,3,14.7871,2851.24
1002,9,0,3,14.7742,2785.93
999,9,0,3,14.768,2752.15
1307,9,0,4,15.1332,4587.33,0.0428333,186.826,0.28,5
1308,9,0,4,15.119,4515.06
1309,9,0,4,15.0995,4416.83
1314,9,0,4,15.099,4413.96
1315,9,0,4,15.0786,4310.56
1341,9,0,4,15.0591,4205.84
1342,9,0,4,15.0505,4163.11
1334,9,0,4,15.0395,4106.38
1792,9,0,4,15.0271,4047.85
1336,9,0,4,15.0213,4017.66
936,9,0,5,15.2851,5346.52,0,0,0
933,9,0,5,15.2845,5343.58
934,9,0,5,15.279,5305.93
935,9,0,5,15.2785,5303.32
2020,9,0,5,15.2674,5246.35
943,9,0,5,15.2666,5242.41
942,9,0,5,15.2587,5201.34
941,9,0,5,15.2472,5143.19
1790,9,0,5,15.2343,5076.02
2022,9,0,5,15.2238,5025.13
2021,9,0,5,15.2136,4971.44
1303,9,0,5,15.1918,4851.73
1307,9,0,5,15.176,4774.15
1336,10,0,0,12.4779,764.587,0.0533333,232.624,0.21,1
1792,10,0,0,12.4704,727.242
1334,10,0,0,12.4631,689.424
1335,10,0,0,12.4524,639.192
1333,10,0,0,12.43,524.133
2163,10,0,0,12.4033,383.309
2023,10,0,0,12.3773,241.926
1787,10,0,0,12.3697,202.721
1788,10,0,0,12.3689,199.018
943,10,0,0,12.3495,103.973
934,10,0,0,12.3393,49.9245
933,10,0,0,12.3306,2.93996
936,10,0,0,12.33,0
999,10,0,1,12.732,2014.06,0.0941667,410.727,0.12,2
1002,10,0,1,12.7257,1980.01
1031,10,0,1,12.7112,1908.3
2031,10,0,1,12.7039,1871.31
2032,10,0,1,12.7035,1869.48
1053,10,0,1,12.6955,1829.69
1784,10,0,1,12.6922,1812.62
1069,10,0,1,12.6721,1710.61
1848,10,0,1,12.6663,1676.41
1847,10,0,1,12.6628,1656.77
1086,10,0,1,12.6591,1636.54
2036,10,0,1,12.6445,1563.64
1112,10,0,1,12.6409,1544.8
2041,10,0,1,12.6288,1483.73
2042,10,0,1,12.6094,1390.66
1564,10,0,1,12.599,1338.8
2107,10,0,1,12.5909,1297.3
1145,10,0,1,12.5843,1265.29
2053,10,0,1,12.5688,1187.98
2073,10,0,1,12.5605,1146.92
1336,10,0,1,12.5312,997.211
436,10,0,2,12.9318,3005.31,0.0958333,417.996,0.13,3
425,10,0,2,12.9247,2968.23
426,10,0,2,12.9198,2943.28
424,10,0,2,12.9174,2929.57
613,10,0,2,12.9144,2904.59
611,10,0,2,12.9089,2871.69
609,10,0,2,12.9069,2853.9
628,10,0,2,12.897,2779.89
615,10,0,2,12.8914,2749.24
617,10,0,2,12.8879,2731.69
616,10,0,2,12.8785,2686.21
676,10,0,2,12.8723,2655.15
674,10,0,2,12.8582,2588.46
675,10,0,2,12.8516,2555.38
962,10,0,2,12.8451,2522.25
961,10,0,2,12.8372,2482.83
999,10,0,2,12.8261,2424.79
884,10,0,3,13.1764,4164.67,0.0738333,322.039,0.04,4
1987,10,0,3,13.1385,3972.66
428,10,0,3,13.1335,3947.29
429,10,0,3,13.1084,3824.22
1988,10,0,3,13.082,3689.56
430,10,0,3,13.0784,3671.39
1989,10,0,3,13.0732,3645.65
432,10,0,3,13.069,3623.64
435,10,0,3,13.0636,3597.05
431,10,0,3,13.0564,3561.32
439,10,0,3,13.0349,3459.57
436,10,0,3,13.0277,3423.3
936,10,0,4,13.3827,5171.07,0,0,0
1737,10,0,4,13.3712,5107.84
917,10,0,4,13.3544,5024.6
916,10,0,4,13.3542,5023.69
906,10,0,4,13.3283,4890.6
889,10,0,4,13.3162,4828.69
888,10,0,4,13.2956,4719.17
887,10,0,4,13.2782,4626.5
2012,10,0,4,13.2545,4508.71
884,10,0,4,13.2503,4486.71
1307,10,1,0,15.0955,554.042,0.0428333,186.826,0.28,1
1303,10,1,0,15.0845,496.053
2021,10,1,0,15.0462,306.727
1791,10,1,0,15.0383,267.142
939,10,1,0,15.0215,182.874
940,10,1,0,15.0168,151.022
934,10,1,0,14.9973,42.0448
933,10,1,0,14.9906,2.93996
936,10,1,0,14.99,0
936,10,1,1,15.2475,1313.23,0,0,0
933,10,1,1,15.2469,1310.29
934,10,1,1,15.2414,1272.64
935,10,1,1,15.2408,1270.04
2020,10,1,1,15.2298,1213.06
943,10,1,1,15.2289,1209.13
942,10,1,1,15.2211,1168.06
941,10,1,1,15.2095,1109.91
1790,10,1,1,15.1967,1042.74
2022,10,1,1,15.1862,991.844
2021,10,1,1,15.1759,938.155
1303,10,1,1,15.1541,818.443
1307,10,1,1,15.1384,740.869
1307,11,0,0,13.8217,580.427,0.0495,215.904,0.34,1
1303,11,0,0,13.8069,506.554
2021,11,0,0,13.7752,344.641
1791,11,0,0,13.7659,299.315
939,11,0,0,13.7527,230.444
940,11,0,0,13.748,198.593
934,11,0,0,13.7209,56.8666
933,11,0,0,13.7106,2.93996
936,11,0,0,13.71,0
1336,11,0,1,13.972,1319.25,0.0515,224.627,0.24,2
1792,11,0,1,13.9658,1286.83
1334,11,0,1,13.9578,1246.39
1335,11,0,1,13.9471,1196.16
1341,11,0,1,13.9396,1153.46
1315,11,0,1,13.9194,1045.7
1314,11,0,1,13.9025,956.845
1309,11,0,1,13.9019,953.975
1308,11,0,1,13.8878,878.201
1307,11,0,1,13.8712,796.332
999,11,0,2,14.2193,2543.49,0.0648333,282.783,0.16,3
1002,11,0,2,14.2152,2515.42
1031,11,0,2,14.2023,2450.15
2031,11,0,2,14.195,2413.15
2032,11,0,2,14.1946,2411.33
1053,11,0,2,14.187,2373.44
1784,11,0,2,14.1836,2355.69
1069,11,0,2,14.1626,2249.89
1848,11,0,2,14.1567,2215.63
1109,11,0,2,14.1479,2168.04
1113,11,0,2,14.1408,2132.79
2036,11,0,2,14.1333,2095.89
1112,11,0,2,14.1297,2077.06
2041,11,0,2,14.1159,2008.79
2042,11,0,2,14.1026,1940.7
1564,11,0,2,14.0912,1885.08
2107,11,0,2,14.0811,1835.17
1145,11,0,2,14.0743,1802.49
2053,11,0,2,14.0613,1735.5
2073,11,0,2,14.0537,1697.36
1336,11,0,2,14.0235,1543.87
436,11,0,3,14.4035,3433.53,0.038,165.745,0.13,4
425,11,0,3,14.397,3399.14
426,11,0,3,14.392,3373.6
424,11,0,3,14.3899,3360.59
613,11,0,3,14.3823,3321.66
611,11,0,3,14.3765,3288.22
619,11,0,3,14.3586,3196.05
618,11,0,3,14.3562,3184.29
615,11,0,3,14.3547,3172.5
617,11,0,3,14.3512,3154.95
616,11,0,3,14.3446,3121.02
676,11,0,3,14.3384,3089.96
674,11,0,3,14.3235,3020.31
675,11,0,3,14.3169,2987.23
962,11,0,3,14.3083,2945.14
961,11,0,3,14.301,2908.09
999,11,0,3,14.2842,2826.27
884,11,0,4,14.5957,4363.53,0.0611667,266.791,0.05,5
1987,11,0,4,14.5527,4150.53
428,11,0,4,14.5477,4125.17
429,11,0,4,14.5209,3995.16
1988,11,0,4,14.4924,3851.54
430,11,0,4,14.489,3834.28
1989,11,0,4,14.484,3809.19
432,11,0,4,14.4778,3779.12
435,11,0,4,14.4724,3752.53
431,11,0,4,14.4656,3718.73
439,11,0,4,14.4492,3637.64
436,11,0,4,14.4415,3599.27
936,11,0,5,14.7948,5337.56,0,0,0
1737,11,0,5,14.7826,5271.42
917,11,0,5,14.768,5197.25
916,11,0,5,14.7678,5196.34
906,11,0,5,14.7384,5048.42
889,11,0,5,14.7278,4993.18
888,11,0,5,14.7003,4854.56
887,11,0,5,14.6859,4774.73
2012,11,0,5,14.6613,4653.34
884,11,0,5,14.6569,4630.32
