Nodo,Individuo,Ruta,Segmento,Tiempo viaje,Costo viaje,Tiempo atencion,Costo atencion,Tasa fallo,Demanda
1307,0,0,0,15.0255,554.042,0.0428333,186.826,0.28,1
1303,0,0,0,15.0145,496.053
2021,0,0,0,14.9762,306.727
1791,0,0,0,14.9683,267.142
939,0,0,0,14.9515,182.874
940,0,0,0,14.9468,151.022
934,0,0,0,14.9273,42.0448
933,0,0,0,14.9206,2.93996
936,0,0,0,14.92,0
1336,0,0,1,15.1693,1263.92,0.0595,259.521,0.34,2
1792,0,0,1,15.1633,1232.8
1334,0,0,1,15.1538,1186.27
1335,0,0,1,15.1432,1136.04
1341,0,0,1,15.1353,1092.01
1315,0,0,1,15.1177,995.332
1314,0,0,1,15.102,911.668
1309,0,0,1,15.1014,908.797
1308,0,0,1,15.0816,808.959
1307,0,0,1,15.0684,740.869
999,0,0,2,15.4193,2503.53,0.0515,224.627,0.17,3
1002,0,0,2,15.4124,2466.7
1031,0,0,2,15.3982,2395.75
2031,0,0,2,15.3908,2358.75
2032,0,0,2,15.3904,2356.93
1053,0,0,2,15.3827,2318.47
1784,0,0,2,15.3795,2301.77
1066,0,0,2,15.3704,2254.95
1070,0,0,2,15.3598,2198.39
1849,0,0,2,15.3491,2144.14
1108,0,0,2,15.3378,2086.26
1107,0,0,2,15.3243,2016.15
2040,0,0,2,15.3136,1959.09
1783,0,0,2,15.2975,1875.04
1153,0,0,2,15.2903,1838.82
1154,0,0,2,15.2798,1782.55
1324,0,0,2,15.2747,1756.63
1325,0,0,2,15.2637,1702.32
2073,0,0,2,15.256,1664.53
1336,0,0,2,15.2288,1523.44
436,0,0,3,15.5803,3296.28,0.077,335.851,0.12,4
425,0,0,3,15.5738,3261.57
426,0,0,3,15.5692,3238.26
424,0,0,3,15.5673,3225.38
613,0,0,3,15.5626,3198.86
611,0,0,3,15.5576,3166.62
619,0,0,3,15.5397,3074.45
618,0,0,3,15.5373,3062.61
615,0,0,3,15.5358,3050.83
617,0,0,3,15.5323,3033.28
616,0,0,3,15.5247,2995.31
676,0,0,3,15.5185,2964.25
674,0,0,3,15.5074,2910.2
675,0,0,3,15.5009,2877.13
962,0,0,3,15.4884,2819.34
961,0,0,3,15.4836,2793.06
999,0,0,3,15.4708,2728.16
884,0,0,4,15.7967,4334.48,0.0453333,197.73,0.06,5
1987,0,0,4,15.7613,4153.1
428,0,0,4,15.7563,4127.73
429,0,0,4,15.7343,4017.4
1988,0,0,4,15.71,3891.37
430,0,0,4,15.7064,3873.19
1989,0,0,4,15.6975,3832.45
432,0,0,4,15.6925,3807.66
435,0,0,4,15.6872,3781.07
431,0,0,4,15.6804,3747.02
439,0,0,4,15.6662,3675.59
436,0,0,4,15.6573,3632.13
936,0,0,5,15.9666,5183.24,0,0,0
1737,0,0,5,15.9555,5121.97
917,0,0,5,15.942,5052.45
916,0,0,5,15.9419,5051.54
906,0,0,5,15.9186,4929.48
889,0,0,5,15.9061,4866.09
888,0,0,5,15.8861,4759.15
887,0,0,5,15.8694,4669.42
2012,0,0,5,15.8468,4556.38
884,0,0,5,15.8421,4532.22
1336,1,0,0,12.5479,764.587,0.0533333,232.624,0.21,1
1792,1,0,0,12.5404,727.242
1334,1,0,0,12.5331,689.424
1335,1,0,0,12.5224,639.192
1333,1,0,0,12.5,524.133
2163,1,0,0,12.4733,383.309
2023,1,0,0,12.4473,241.926
1787,1,0,0,12.4397,202.721
1788,1,0,0,12.4389,199.018
943,1,0,0,12.4195,103.973
934,1,0,0,12.4093,49.9245
933,1,0,0,12.4006,2.93996
936,1,0,0,12.4,0
999,1,0,1,12.802,2014.06,0.0941667,410.727,0.12,2
1002,1,0,1,12.7957,1980.01
1031,1,0,1,12.7812,1908.3
2031,1,0,1,12.7739,1871.31
2032,1,0,1,12.7735,1869.48
1053,1,0,1,12.7655,1829.69
1784,1,0,1,12.7622,1812.62
1069,1,0,1,12.7421,1710.61
1848,1,0,1,12.7363,1676.41
1847,1,0,1,12.7328,1656.77
1086,1,0,1,12.7291,1636.54
2036,1,0,1,12.7145,1563.64
1112,1,0,1,12.7109,1544.8
2041,1,0,1,12.6988,1483.73
2042,1,0,1,12.6794,1390.66
1564,1,0,1,12.669,1338.8
2107,1,0,1,12.6609,1297.3
1145,1,0,1,12.6543,1265.29
2053,1,0,1,12.6388,1187.98
2073,1,0,1,12.6305,1146.92
1336,1,0,1,12.6012,997.211
884,1,0,2,13.0961,3449.6,0.0738333,322.039,0.04,3
883,1,0,2,13.0667,3302.21
882,1,0,2,13.0536,3232.7
2155,1,0,2,13.0504,3216.14
2012,1,0,2,13.0337,3126.24
885,1,0,2,13.0288,3102.14
886,1,0,2,13.0085,2994.61
2013,1,0,2,13.0011,2955.14
2156,1,0,2,13.0004,2951.98
2011,1,0,2,12.9951,2924.47
891,1,0,2,12.9732,2810.01
893,1,0,2,12.9671,2779.14
894,1,0,2,12.9619,2754.39
897,1,0,2,12.943,2661.18
1028,1,0,2,12.935,2619
1026,1,0,2,12.9234,2561.27
998,1,0,2,12.9185,2536.52
999,1,0,2,12.8961,2424.79
936,1,0,3,13.3023,4456,0,0,0
1737,1,0,3,13.2908,4392.77
917,1,0,3,13.274,4309.54
916,1,0,3,13.2739,4308.63
906,1,0,3,13.248,4175.54
889,1,0,3,13.2358,4113.62
888,1,0,3,13.2152,4004.11
887,1,0,3,13.1978,3911.43
2012,1,0,3,13.1741,3793.65
884,1,0,3,13.1699,3771.64
1307,1,1,0,15.0755,554.042,0.0428333,186.826,0.28,1
1303,1,1,0,15.0645,496.053
2021,1,1,0,15.0262,306.727
1791,1,1,0,15.0183,267.142
939,1,1,0,15.0015,182.874
940,1,1,0,14.9968,151.022
934,1,1,0,14.9773,42.0448
933,1,1,0,14.9706,2.93996
936,1,1,0,14.97,0
436,1,1,1,15.3433,1934.87,0.077,335.851,0.12,2
425,1,1,1,15.3367,1900.16
420,1,1,1,15.3256,1842.37
421,1,1,1,15.3215,1815.47
417,1,1,1,15.3173,1792.19
1989,1,1,1,15.2992,1699.52
2011,1,1,1,15.281,1604.42
2156,1,1,1,15.2763,1579.41
2013,1,1,1,15.2757,1576.26
886,1,1,1,15.265,1523.21
888,1,1,1,15.2469,1424.39
903,1,1,1,15.2378,1374.54
904,1,1,1,15.2337,1353.3
925,1,1,1,15.2104,1225.93
2019,1,1,1,15.2059,1202.53
929,1,1,1,15.2055,1200.54
938,1,1,1,15.1931,1132.9
950,1,1,1,15.1778,1054.74
951,1,1,1,15.1713,1021.01
949,1,1,1,15.1601,963.892
1302,1,1,1,15.1333,823.666
1307,1,1,1,15.1184,740.869
936,1,1,2,15.5475,2927.28,0,0,0
1737,1,1,2,15.5364,2866.02
917,1,1,2,15.5229,2796.49
916,1,1,2,15.5227,2795.59
919,1,1,2,15.517,2756.5
2017,1,1,2,15.517,2756.33
2014,1,1,2,15.516,2751.58
2015,1,1,2,15.5079,2710.87
910,1,1,2,15.5078,2710.38
909,1,1,2,15.4984,2663.7
898,1,1,2,15.4852,2597.12
897,1,1,2,15.4756,2548.74
877,1,1,2,15.4531,2437.89
878,1,1,2,15.4471,2407.18
879,1,1,2,15.4386,2363.29
437,1,1,2,15.4326,2332.96
439,1,1,2,15.4292,2314.19
436,1,1,2,15.4203,2270.72
1336,2,0,0,12.5479,764.587,0.0533333,232.624,0.21,1
1792,2,0,0,12.5404,727.242
1334,2,0,0,12.5331,689.424
1335,2,0,0,12.5224,639.192
1333,2,0,0,12.5,524.133
2163,2,0,0,12.4733,383.309
2023,2,0,0,12.4473,241.926
1787,2,0,0,12.4397,202.721
1788,2,0,0,12.4389,199.018
943,2,0,0,12.4195,103.973
934,2,0,0,12.4093,49.9245
933,2,0,0,12.4006,2.93996
936,2,0,0,12.4,0
999,2,0,1,12.802,2014.06,0.0941667,410.727,0.12,2
1002,2,0,1,12.7957,1980.01
1031,2,0,1,12.7812,1908.3
2031,2,0,1,12.7739,1871.31
2032,2,0,1,12.7735,1869.48
1053,2,0,1,12.7655,1829.69
1784,2,0,1,12.7622,1812.62
1069,2,0,1,12.7421,1710.61
1848,2,0,1,12.7363,1676.41
1847,2,0,1,12.7328,1656.77
1086,2,0,1,12.7291,1636.54
2036,2,0,1,12.7145,1563.64
1112,2,0,1,12.7109,1544.8
2041,2,0,1,12.6988,1483.73
2042,2,0,1,12.6794,1390.66
1564,2,0,1,12.669,1338.8
2107,2,0,1,12.6609,1297.3
1145,2,0,1,12.6543,1265.29
2053,2,0,1,12.6388,1187.98
2073,2,0,1,12.6305,1146.92
1336,2,0,1,12.6012,997.211
436,2,0,2,13.0018,3005.31,0.0588333,256.613,0.14,3
425,2,0,2,12.9947,2968.23
426,2,0,2,12.9898,2943.28
424,2,0,2,12.9874,2929.57
613,2,0,2,12.9844,2904.59
611,2,0,2,12.9789,2871.69
609,2,0,2,12.9769,2853.9
628,2,0,2,12.967,2779.89
615,2,0,2,12.9614,2749.24
617,2,0,2,12.9579,2731.69
616,2,0,2,12.9485,2686.21
676,2,0,2,12.9423,2655.15
674,2,0,2,12.9282,2588.46
675,2,0,2,12.9216,2555.38
962,2,0,2,12.9151,2522.25
961,2,0,2,12.9072,2482.83
999,2,0,2,12.8961,2424.79
884,2,0,3,13.2094,4003.28,0.0738333,322.039,0.04,4
1987,2,0,3,13.1715,3811.28
428,2,0,3,13.1665,3785.91
429,2,0,3,13.1414,3662.84
1988,2,0,3,13.115,3528.18
430,2,0,3,13.1114,3510.01
1989,2,0,3,13.1062,3484.27
432,2,0,3,13.102,3462.26
435,2,0,3,13.0966,3435.67
431,2,0,3,13.0894,3399.93
439,2,0,3,13.0679,3298.19
436,2,0,3,13.0607,3261.92
936,2,0,4,13.4157,5009.69,0,0,0
1737,2,0,4,13.4042,4946.46
917,2,0,4,13.3874,4863.22
916,2,0,4,13.3872,4862.31
906,2,0,4,13.3613,4729.22
889,2,0,4,13.3492,4667.3
888,2,0,4,13.3286,4557.79
887,2,0,4,13.3112,4465.11
2012,2,0,4,13.2875,4347.33
884,2,0,4,13.2833,4325.32
1307,2,1,0,15.0255,554.042,0.0428333,186.826,0.28,1
1303,2,1,0,15.0145,496.053
2021,2,1,0,14.9762,306.727
1791,2,1,0,14.9683,267.142
939,2,1,0,14.9515,182.874
940,2,1,0,14.9468,151.022
934,2,1,0,14.9273,42.0448
933,2,1,0,14.9206,2.93996
936,2,1,0,14.92,0
936,2,1,1,15.1775,1313.23,0,0,0
933,2,1,1,15.1769,1310.29
934,2,1,1,15.1714,1272.64
935,2,1,1,15.1708,1270.04
2020,2,1,1,15.1598,1213.06
943,2,1,1,15.1589,1209.13
942,2,1,1,15.1511,1168.06
941,2,1,1,15.1395,1109.91
1790,2,1,1,15.1267,1042.74
2022,2,1,1,15.1162,991.844
2021,2,1,1,15.1059,938.155
1303,2,1,1,15.0841,818.443
1307,2,1,1,15.0684,740.869
999,3,0,0,14.7934,633.053,0.0648333,282.783,0.16,1
1002,3,0,0,14.7893,604.982
1024,3,0,0,14.7683,498.436
1029,3,0,0,14.7623,469.049
1027,3,0,0,14.7494,405.671
1051,3,0,0,14.737,342.327
1052,3,0,0,14.7294,303.497
1804,3,0,0,14.7289,301.389
2015,3,0,0,14.7177,245.173
2014,3,0,0,14.7099,205.533
2017,3,0,0,14.7087,199.838
2170,3,0,0,14.7059,185.645
1738,3,0,0,14.6893,101.655
1737,3,0,0,14.6833,71.1284
936,3,0,0,14.67,0
436,3,0,1,14.9776,1523.09,0.038,165.745,0.13,2
425,3,0,1,14.9711,1488.71
426,3,0,1,14.9661,1463.17
424,3,0,1,14.964,1450.15
613,3,0,1,14.9564,1411.22
611,3,0,1,14.9506,1377.78
619,3,0,1,14.9327,1285.62
618,3,0,1,14.9304,1273.85
615,3,0,1,14.9288,1262.06
617,3,0,1,14.9253,1244.52
616,3,0,1,14.9187,1210.59
676,3,0,1,14.9125,1179.52
674,3,0,1,14.8976,1109.87
675,3,0,1,14.8911,1076.79
962,3,0,1,14.8824,1034.7
961,3,0,1,14.8751,997.651
999,3,0,1,14.8583,915.837
884,3,0,2,15.155,2391.19,0.0453333,197.73,0.06,3
1987,3,0,2,15.1196,2209.8
428,3,0,2,15.1146,2184.44
429,3,0,2,15.0926,2074.11
1988,3,0,2,15.0683,1948.08
430,3,0,2,15.0647,1929.9
1989,3,0,2,15.0558,1889.15
432,3,0,2,15.0508,1864.37
435,3,0,2,15.0455,1837.77
431,3,0,2,15.0387,1803.72
439,3,0,2,15.0245,1732.3
436,3,0,2,15.0156,1688.84
1307,3,0,3,15.3828,3531.06,0.0428333,186.826,0.28,4
1302,3,0,3,15.3664,3441.89
949,3,0,3,15.3441,3321.04
2025,3,0,3,15.3406,3303.58
1598,3,0,3,15.3358,3278.21
948,3,0,3,15.3309,3251.48
928,3,0,3,15.3209,3195.77
923,3,0,3,15.2788,2990.86
924,3,0,3,15.2705,2951.54
914,3,0,3,15.2509,2847.9
902,3,0,3,15.2442,2810.86
887,3,0,3,15.2277,2726.13
2012,3,0,3,15.2051,2613.09
884,3,0,3,15.2004,2588.92
936,3,0,4,15.5347,4290.25,0,0,0
933,3,0,4,15.5341,4287.31
934,3,0,4,15.5286,4249.67
935,3,0,4,15.5281,4247.06
2020,3,0,4,15.517,4190.08
943,3,0,4,15.5162,4186.15
942,3,0,4,15.5083,4145.08
941,3,0,4,15.4968,4086.93
1790,3,0,4,15.4839,4019.76
2022,3,0,4,15.4734,3968.87
2021,3,0,4,15.4632,3915.18
1303,3,0,4,15.4414,3795.47
1307,3,0,4,15.4256,3717.89
1336,3,1,0,13.8545,750.638,0.0515,224.627,0.24,1
1792,3,1,0,13.8482,718.22
1334,3,1,0,13.8402,677.786
1335,3,1,0,13.8296,627.554
1333,3,1,0,13.8125,535.212
2163,3,1,0,13.7842,387.56
2023,3,1,0,13.7545,230.349
1787,3,1,0,13.7464,189.064
1788,3,1,0,13.7456,185.36
943,3,1,0,13.7297,104.713
934,3,1,0,13.7209,56.8666
933,3,1,0,13.7106,2.93996
936,3,1,0,13.71,0
936,3,1,1,14.063,1782.92,0,0,0
933,3,1,1,14.0624,1779.98
934,3,1,1,14.0569,1742.34
935,3,1,1,14.0564,1739.73
2020,3,1,1,14.0453,1682.75
1787,3,1,1,14.0254,1584.44
2023,3,1,1,14.016,1537.62
2163,3,1,1,13.987,1383.21
1333,3,1,1,13.9565,1226.46
1335,3,1,1,13.9307,1097.21
1334,3,1,1,13.9248,1066.52
1792,3,1,1,13.9124,1007.99
1336,3,1,1,13.906,975.265
884,4,0,0,13.3434,917.424,0.0738333,322.039,0.04,1
883,4,0,0,13.3161,778.363
882,4,0,0,13.3046,716.093
2155,4,0,0,13.3014,699.368
901,4,0,0,13.2744,552.187
902,4,0,0,13.2615,482.635
904,4,0,0,13.2482,411.663
925,4,0,0,13.2248,283.766
2019,4,0,0,13.2194,256.499
929,4,0,0,13.219,254.516
930,4,0,0,13.202,162.739
931,4,0,0,13.19,105.498
932,4,0,0,13.1761,30.6376
933,4,0,0,13.1706,2.93996
936,4,0,0,13.17,0
436,4,0,1,13.533,1838.69,0.0588333,256.613,0.14,2
425,4,0,1,13.5254,1799.87
420,4,0,1,13.5097,1722.71
421,4,0,1,13.5057,1695.93
417,4,0,1,13.5012,1671.45
1989,4,0,1,13.4847,1585.04
2011,4,0,1,13.4669,1491.85
2156,4,0,1,13.4617,1464.52
2013,4,0,1,13.461,1461.37
886,4,0,1,13.4491,1403.19
885,4,0,1,13.4272,1289.07
2012,4,0,1,13.4215,1261.47
884,4,0,1,13.4173,1239.46
999,4,0,2,13.6848,2561.25,0.056,244.255,0.15,3
961,4,0,2,13.6692,2484.18
962,4,0,2,13.6614,2445.48
675,4,0,2,13.6503,2393.37
674,4,0,2,13.6442,2362
669,4,0,2,13.6277,2278.09
673,4,0,2,13.6181,2229.32
438,4,0,2,13.6126,2201.63
437,4,0,2,13.6029,2152.43
439,4,0,2,13.599,2131.57
436,4,0,2,13.5918,2095.3
1336,4,0,3,13.9533,3875.04,0.0515,224.627,0.24,4
1792,4,0,3,13.947,3842.63
1334,4,0,3,13.939,3802.19
1325,4,0,3,13.9118,3663.75
1156,4,0,3,13.9027,3620.04
1155,4,0,3,13.8897,3553.72
2052,4,0,3,13.8844,3526.72
1782,4,0,3,13.8778,3492.98
2043,4,0,3,13.8648,3422.45
1111,4,0,3,13.8499,3348.01
1109,4,0,3,13.8325,3261.56
1848,4,0,3,13.8124,3167.05
1069,4,0,3,13.8045,3124.51
1784,4,0,3,13.7873,3035.04
1053,4,0,3,13.7834,3015.22
2032,4,0,3,13.773,2965.69
2031,4,0,3,13.7726,2963.86
1031,4,0,3,13.7627,2916.46
1002,4,0,3,13.7485,2845.73
999,4,0,3,13.7408,2805.51
1307,4,0,4,14.1336,4738.18,0.0546667,238.44,0.3,5
1308,4,0,4,14.1224,4678.61
1309,4,0,4,14.1041,4585.25
1314,4,0,4,14.1035,4582.38
1315,4,0,4,14.0654,4406.68
1341,4,0,4,14.0453,4299.2
1342,4,0,4,14.0367,4256.47
1334,4,0,4,14.0259,4200.59
1792,4,0,4,14.0135,4142.05
1336,4,0,4,14.0048,4099.67
936,4,0,5,14.3093,5599.34,0,0,0
933,4,0,5,14.3087,5596.4
934,4,0,5,14.3031,5558.75
935,4,0,5,14.3026,5556.14
2020,4,0,5,14.2916,5499.17
943,4,0,5,14.2907,5495.23
942,4,0,5,14.2833,5456.1
941,4,0,5,14.2714,5396.54
1790,4,0,5,14.255,5314.41
2022,4,0,5,14.2445,5263.51
2021,4,0,5,14.23,5192.08
1303,4,0,5,14.1973,5025.93
1307,4,0,5,14.1883,4976.62
1336,5,0,0,12.8979,764.587,0.0533333,232.624,0.21,1
1792,5,0,0,12.8904,727.242
1334,5,0,0,12.8831,689.424
1335,5,0,0,12.8724,639.192
1333,5,0,0,12.85,524.133
2163,5,0,0,12.8233,383.309
2023,5,0,0,12.7973,241.926
1787,5,0,0,12.7897,202.721
1788,5,0,0,12.7889,199.018
943,5,0,0,12.7695,103.973
934,5,0,0,12.7593,49.9245
933,5,0,0,12.7506,2.93996
936,5,0,0,12.75,0
1307,5,0,1,13.0596,1551.85,0.0495,215.904,0.34,2
1308,5,0,1,13.048,1490.8
1309,5,0,1,13.0305,1400.7
1314,5,0,1,13.03,1397.83
1315,5,0,1,13.017,1325.89
1341,5,0,1,12.9926,1200.6
1342,5,0,1,12.984,1157.87
1334,5,0,1,12.9718,1095.73
1792,5,0,1,12.9593,1037.19
1336,5,0,1,12.9512,997.211
884,5,0,2,13.3194,2884.57,0.0738333,322.039,0.04,3
883,5,0,2,13.2921,2745.5
882,5,0,2,13.2806,2683.23
2155,5,0,2,13.2773,2666.51
901,5,0,2,13.2504,2519.33
902,5,0,2,13.2374,2449.78
904,5,0,2,13.2242,2378.8
925,5,0,2,13.2007,2250.91
2019,5,0,2,13.1953,2223.64
929,5,0,2,13.1949,2221.66
938,5,0,2,13.1829,2155.81
950,5,0,2,13.1694,2085.25
951,5,0,2,13.1624,2049.53
949,5,0,2,13.1514,1993.05
1302,5,0,2,13.1324,1886.33
1307,5,0,2,13.1091,1767.76
436,5,0,3,13.5089,3805.83,0.0588333,256.613,0.14,4
425,5,0,3,13.5014,3767.02
420,5,0,3,13.4857,3689.85
421,5,0,3,13.4817,3663.07
417,5,0,3,13.4772,3638.59
1989,5,0,3,13.4606,3552.18
2011,5,0,3,13.4429,3458.99
2156,5,0,3,13.4376,3431.66
2013,5,0,3,13.4369,3428.51
886,5,0,3,13.425,3370.33
885,5,0,3,13.4031,3256.21
2012,5,0,3,13.3974,3228.61
884,5,0,3,13.3932,3206.6
999,5,0,4,13.6608,4528.39,0.056,244.255,0.15,5
961,5,0,4,13.6451,4451.32
962,5,0,4,13.6374,4412.62
675,5,0,4,13.6263,4360.51
674,5,0,4,13.6201,4329.15
669,5,0,4,13.6036,4245.23
673,5,0,4,13.5941,4196.46
438,5,0,4,13.5885,4168.77
437,5,0,4,13.5788,4119.57
439,5,0,4,13.5749,4098.71
436,5,0,4,13.5678,4062.44
936,5,0,5,13.8388,5401.61,0,0,0
1737,5,0,5,13.8273,5338.38
917,5,0,5,13.8105,5255.15
916,5,0,5,13.8103,5254.24
919,5,0,5,13.8046,5215.15
2017,5,0,5,13.8045,5214.98
2014,5,0,5,13.8035,5209.96
2015,5,0,5,13.7954,5169.25
910,5,0,5,13.7953,5168.76
909,5,0,5,13.787,5126.62
1051,5,0,5,13.7771,5076.46
1025,5,0,5,13.7649,5015.16
1029,5,0,5,13.751,4945.8
1026,5,0,5,13.7404,4893.76
998,5,0,5,13.7359,4870.63
999,5,0,5,13.7168,4772.65
1336,6,0,0,12.7979,764.587,0.0533333,232.624,0.21,1
1792,6,0,0,12.7904,727.242
1334,6,0,0,12.7831,689.424
1335,6,0,0,12.7724,639.192
1333,6,0,0,12.75,524.133
2163,6,0,0,12.7233,383.309
2023,6,0,0,12.6973,241.926
1787,6,0,0,12.6897,202.721
1788,6,0,0,12.6889,199.018
943,6,0,0,12.6695,103.973
934,6,0,0,12.6593,49.9245
933,6,0,0,12.6506,2.93996
936,6,0,0,12.65,0
999,6,0,1,13.052,2014.06,0.056,244.255,0.15,2
1002,6,0,1,13.0457,1980.01
1031,6,0,1,13.0312,1908.3
2031,6,0,1,13.0239,1871.31
2032,6,0,1,13.0235,1869.48
1053,6,0,1,13.0155,1829.69
1784,6,0,1,13.0122,1812.62
1069,6,0,1,12.9921,1710.61
1848,6,0,1,12.9863,1676.41
1847,6,0,1,12.9828,1656.77
1086,6,0,1,12.9791,1636.54
2036,6,0,1,12.9645,1563.64
1112,6,0,1,12.9609,1544.8
2041,6,0,1,12.9488,1483.73
2042,6,0,1,12.9294,1390.66
1564,6,0,1,12.919,1338.8
2107,6,0,1,12.9109,1297.3
1145,6,0,1,12.9043,1265.29
2053,6,0,1,12.8888,1187.98
2073,6,0,1,12.8805,1146.92
1336,6,0,1,12.8512,997.211
436,6,0,2,13.2191,2856.62,0.0588333,256.613,0.14,3
425,6,0,2,13.2116,2817.81
426,6,0,2,13.2053,2787.07
424,6,0,2,13.203,2773.64
613,6,0,2,13.195,2733.27
611,6,0,2,13.1881,2695.38
609,6,0,2,13.1862,2677.54
628,6,0,2,13.1763,2603.53
615,6,0,2,13.1715,2575.55
617,6,0,2,13.168,2558
616,6,0,2,13.1603,2519.79
676,6,0,2,13.1542,2488.72
674,6,0,2,13.1437,2437.23
675,6,0,2,13.1371,2404.16
962,6,0,2,13.1267,2354.79
961,6,0,2,13.1213,2325.66
999,6,0,2,13.108,2258.32
884,6,0,3,13.4267,3854.6,0.0738333,322.039,0.04,4
1987,6,0,3,13.3888,3662.59
428,6,0,3,13.3838,3637.22
429,6,0,3,13.3587,3514.15
1988,6,0,3,13.3323,3379.49
430,6,0,3,13.3287,3361.32
1989,6,0,3,13.3235,3335.59
432,6,0,3,13.3193,3313.57
435,6,0,3,13.3139,3286.98
431,6,0,3,13.3067,3251.25
439,6,0,3,13.2852,3149.5
436,6,0,3,13.278,3113.24
936,6,0,4,13.633,4861,0,0,0
1737,6,0,4,13.6215,4797.77
917,6,0,4,13.6047,4714.53
916,6,0,4,13.6045,4713.63
906,6,0,4,13.5786,4580.54
889,6,0,4,13.5665,4518.62
888,6,0,4,13.5459,4409.11
887,6,0,4,13.5285,4316.43
2012,6,0,4,13.5048,4198.65
884,6,0,4,13.5006,4176.64
1307,6,1,0,15.0155,554.042,0.0428333,186.826,0.28,1
1303,6,1,0,15.0045,496.053
2021,6,1,0,14.9662,306.727
1791,6,1,0,14.9583,267.142
939,6,1,0,14.9415,182.874
940,6,1,0,14.9368,151.022
934,6,1,0,14.9173,42.0448
933,6,1,0,14.9106,2.93996
936,6,1,0,14.91,0
936,6,1,1,15.1675,1313.23,0,0,0
933,6,1,1,15.1669,1310.29
934,6,1,1,15.1614,1272.64
935,6,1,1,15.1608,1270.04
2020,6,1,1,15.1498,1213.06
943,6,1,1,15.1489,1209.13
942,6,1,1,15.1411,1168.06
941,6,1,1,15.1295,1109.91
1790,6,1,1,15.1167,1042.74
2022,6,1,1,15.1062,991.844
2021,6,1,1,15.0959,938.155
1303,6,1,1,15.0741,818.443
1307,6,1,1,15.0584,740.869
999,7,0,0,14.7934,633.053,0.0648333,282.783,0.16,1
1002,7,0,0,14.7893,604.982
1024,7,0,0,14.7683,498.436
1029,7,0,0,14.7623,469.049
1027,7,0,0,14.7494,405.671
1051,7,0,0,14.737,342.327
1052,7,0,0,14.7294,303.497
1804,7,0,0,14.7289,301.389
2015,7,0,0,14.7177,245.173
2014,7,0,0,14.7099,205.533
2017,7,0,0,14.7087,199.838
2170,7,0,0,14.7059,185.645
1738,7,0,0,14.6893,101.655
1737,7,0,0,14.6833,71.1284
936,7,0,0,14.67,0
436,7,0,1,14.9776,1523.09,0.038,165.745,0.13,2
425,7,0,1,14.9711,1488.71
426,7,0,1,14.9661,1463.17
424,7,0,1,14.964,1450.15
613,7,0,1,14.9564,1411.22
611,7,0,1,14.9506,1377.78
619,7,0,1,14.9327,1285.62
618,7,0,1,14.9304,1273.85
615,7,0,1,14.9288,1262.06
617,7,0,1,14.9253,1244.52
616,7,0,1,14.9187,1210.59
676,7,0,1,14.9125,1179.52
674,7,0,1,14.8976,1109.87
675,7,0,1,14.8911,1076.79
962,7,0,1,14.8824,1034.7
961,7,0,1,14.8751,997.651
999,7,0,1,14.8583,915.837
884,7,0,2,15.155,2391.19,0.0453333,197.73,0.06,3
1987,7,0,2,15.1196,2209.8
428,7,0,2,15.1146,2184.44
429,7,0,2,15.0926,2074.11
1988,7,0,2,15.0683,1948.08
430,7,0,2,15.0647,1929.9
1989,7,0,2,15.0558,1889.15
432,7,0,2,15.0508,1864.37
435,7,0,2,15.0455,1837.77
431,7,0,2,15.0387,1803.72
439,7,0,2,15.0245,1732.3
436,7,0,2,15.0156,1688.84
1307,7,0,3,15.3828,3531.06,0.0428333,186.826,0.28,4
1302,7,0,3,15.3664,3441.89
949,7,0,3,15.3441,3321.04
2025,7,0,3,15.3406,3303.58
1598,7,0,3,15.3358,3278.21
948,7,0,3,15.3309,3251.48
928,7,0,3,15.3209,3195.77
923,7,0,3,15.2788,2990.86
924,7,0,3,15.2705,2951.54
914,7,0,3,15.2509,2847.9
902,7,0,3,15.2442,2810.86
887,7,0,3,15.2277,2726.13
2012,7,0,3,15.2051,2613.09
884,7,0,3,15.2004,2588.92
936,7,0,4,15.5347,4290.25,0,0,0
933,7,0,4,15.5341,4287.31
934,7,0,4,15.5286,4249.67
935,7,0,4,15.5281,4247.06
2020,7,0,4,15.517,4190.08
943,7,0,4,15.5162,4186.15
942,7,0,4,15.5083,4145.08
941,7,0,4,15.4968,4086.93
1790,7,0,4,15.4839,4019.76
2022,7,0,4,15.4734,3968.87
2021,7,0,4,15.4632,3915.18
1303,7,0,4,15.4414,3795.47
1307,7,0,4,15.4256,3717.89
1336,7,1,0,12.9479,764.587,0.0533333,232.624,0.21,1
1792,7,1,0,12.9404,727.242
1334,7,1,0,12.9331,689.424
1335,7,1,0,12.9224,639.192
1333,7,1,0,12.9,524.133
2163,7,1,0,12.8733,383.309
2023,7,1,0,12.8473,241.926
1787,7,1,0,12.8397,202.721
1788,7,1,0,12.8389,199.018
943,7,1,0,12.8195,103.973
934,7,1,0,12.8093,49.9245
933,7,1,0,12.8006,2.93996
936,7,1,0,12.8,0
936,7,1,1,13.1583,1804.87,0,0,0
933,7,1,1,13.1577,1801.93
934,7,1,1,13.1521,1764.28
935,7,1,1,13.1516,1761.67
2020,7,1,1,13.1406,1704.7
1787,7,1,1,13.1207,1606.38
2023,7,1,1,13.1112,1559.56
2163,7,1,1,13.0822,1405.16
1333,7,1,1,13.0518,1248.41
1335,7,1,1,13.0259,1119.15
1334,7,1,1,13.02,1088.47
1792,7,1,1,13.0076,1029.93
1336,7,1,1,13.0012,997.211
884,8,0,0,14.3683,938.52,0.0611667,266.791,0.05,1
883,8,0,0,14.3359,777.951
882,8,0,0,14.3227,708.309
2155,8,0,0,14.3192,690.597
901,8,0,0,14.2878,524.626
902,8,0,0,14.2749,454.953
904,8,0,0,14.2618,384.906
925,8,0,0,14.2403,265.332
2019,8,0,0,14.2351,239.037
929,8,0,0,14.2347,237.053
930,8,0,0,14.2144,130.978
931,8,0,0,14.2092,102.033
932,8,0,0,14.195,25.8242
933,8,0,0,14.1906,2.93996
936,8,0,0,14.19,0
436,8,0,1,14.548,1816.23,0.038,165.745,0.13,2
425,8,0,1,14.5415,1781.85
420,8,0,1,14.527,1709.7
421,8,0,1,14.523,1682.88
417,8,0,1,14.5189,1660.21
1989,8,0,1,14.501,1568.29
2011,8,0,1,14.4808,1464.73
2156,8,0,1,14.4751,1435.43
2013,8,0,1,14.4744,1432.28
886,8,0,1,14.4641,1380.66
885,8,0,1,14.4397,1255.93
2012,8,0,1,14.434,1228.33
884,8,0,1,14.4295,1205.31
999,8,0,2,14.6831,2469.37,0.0648333,282.783,0.16,3
961,8,0,2,14.6649,2381.87
962,8,0,2,14.6572,2343.18
675,8,0,2,14.6474,2296.4
674,8,0,2,14.6425,2270.37
676,8,0,2,14.6385,2243.04
616,8,0,2,14.6319,2210.39
606,8,0,2,14.6118,2111.68
610,8,0,2,14.6001,2054.36
436,8,0,2,14.586,1981.97
1336,8,0,3,14.938,3741.42,0.0633333,276.241,0.28,4
1792,8,0,3,14.9297,3700.6
1334,8,0,3,14.9199,3652.71
1325,8,0,3,14.8953,3525.25
1156,8,0,3,14.8878,3488.14
1155,8,0,3,14.8762,3427.72
2052,8,0,3,14.8712,3401.84
1782,8,0,3,14.8648,3369.23
2043,8,0,3,14.8562,3310.49
1111,8,0,3,14.8461,3256.31
1110,8,0,3,14.8402,3226.45
1113,8,0,3,14.826,3153.17
1847,8,0,3,14.8173,3105.9
1068,8,0,3,14.8067,3051.77
1785,8,0,3,14.8018,3026.31
1053,8,0,3,14.785,2938.88
2032,8,0,3,14.7756,2893.36
2031,8,0,3,14.7752,2891.54
1031,8,0,3,14.7671,2851.24
1002,8,0,3,14.7542,2785.93
999,8,0,3,14.748,2752.15
1307,8,0,4,15.1132,4587.33,0.0428333,186.826,0.28,5
1308,8,0,4,15.099,4515.06
1309,8,0,4,15.0795,4416.83
1314,8,0,4,15.079,4413.96
1315,8,0,4,15.0586,4310.56
1341,8,0,4,15.0391,4205.84
1342,8,0,4,15.0305,4163.11
1334,8,0,4,15.0195,4106.38
1792,8,0,4,15.0071,4047.85
1336,8,0,4,15.0013,4017.66
936,8,0,5,15.2651,5346.52,0,0,0
933,8,0,5,15.2645,5343.58
934,8,0,5,15.259,5305.93
935,8,0,5,15.2585,5303.32
2020,8,0,5,15.2474,5246.35
943,8,0,5,15.2466,5242.41
942,8,0,5,15.2387,5201.34
941,8,0,5,15.2272,5143.19
1790,8,0,5,15.2143,5076.02
2022,8,0,5,15.2038,5025.13
2021,8,0,5,15.1936,4971.44
1303,8,0,5,15.1718,4851.73
1307,8,0,5,15.156,4774.15
1336,9,0,0,12.4879,764.587,0.0533333,232.624,0.21,1
1792,9,0,0,12.4804,727.242
1334,9,0,0,12.4731,689.424
1335,9,0,0,12.4624,639.192
1333,9,0,0,12.44,524.133
2163,9,0,0,12.4133,383.309
2023,9,0,0,12.3873,241.926
1787,9,0,0,12.3797,202.721
1788,9,0,0,12.3789,199.018
943,9,0,0,12.3595,103.973
934,9,0,0,12.3493,49.9245
933,9,0,0,12.3406,2.93996
936,9,0,0,12.34,0
999,9,0,1,12.742,2014.06,0.0941667,410.727,0.12,2
1002,9,0,1,12.7357,1980.01
1031,9,0,1,12.7212,1908.3
2031,9,0,1,12.7139,1871.31
2032,9,0,1,12.7135,1869.48
1053,9,0,1,12.7055,1829.69
1784,9,0,1,12.7022,1812.62
1069,9,0,1,12.6821,1710.61
1848,9,0,1,12.6763,1676.41
1847,9,0,1,12.6728,1656.77
1086,9,0,1,12.6691,1636.54
2036,9,0,1,12.6545,1563.64
1112,9,0,1,12.6509,1544.8
2041,9,0,1,12.6388,1483.73
2042,9,0,1,12.6194,1390.66
1564,9,0,1,12.609,1338.8
2107,9,0,1,12.6009,1297.3
1145,9,0,1,12.5943,1265.29
2053,9,0,1,12.5788,1187.98
2073,9,0,1,12.5705,1146.92
1336,9,0,1,12.5412,997.211
436,9,0,2,12.9418,3005.31,0.0958333,417.996,0.13,3
425,9,0,2,12.9347,2968.23
426,9,0,2,12.9298,2943.28
424,9,0,2,12.9274,2929.57
613,9,0,2,12.9244,2904.59
611,9,0,2,12.9189,2871.69
609,9,0,2,12.9169,2853.9
628,9,0,2,12.907,2779.89
615,9,0,2,12.9014,2749.24
617,9,0,2,12.8979,2731.69
616,9,0,2,12.8885,2686.21
676,9,0,2,12.8823,2655.15
674,9,0,2,12.8682,2588.46
675,9,0,2,12.8616,2555.38
962,9,0,2,12.8551,2522.25
961,9,0,2,12.8472,2482.83
999,9,0,2,12.8361,2424.79
884,9,0,3,13.1865,4164.67,0.0738333,322.039,0.04,4
1987,9,0,3,13.1485,3972.66
428,9,0,3,13.1435,3947.29
429,9,0,3,13.1184,3824.22
1988,9,0,3,13.092,3689.56
430,9,0,3,13.0884,3671.39
1989,9,0,3,13.0832,3645.65
432,9,0,3,13.079,3623.64
435,9,0,3,13.0736,3597.05
431,9,0,3,13.0664,3561.32
439,9,0,3,13.0449,3459.57
436,9,0,3,13.0377,3423.3
936,9,0,4,13.3927,5171.07,0,0,0
1737,9,0,4,13.3812,5107.84
917,9,0,4,13.3644,5024.6
916,9,0,4,13.3642,5023.69
906,9,0,4,13.3383,4890.6
889,9,0,4,13.3262,4828.69
888,9,0,4,13.3056,4719.17
887,9,0,4,13.2882,4626.5
2012,9,0,4,13.2645,4508.71
884,9,0,4,13.2603,4486.71
1307,9,1,0,15.0155,554.042,0.0428333,186.826,0.28,1
1303,9,1,0,15.0045,496.053
2021,9,1,0,14.9662,306.727
1791,9,1,0,14.9583,267.142
939,9,1,0,14.9415,182.874
940,9,1,0,14.9368,151.022
934,9,1,0,14.9173,42.0448
933,9,1,0,14.9106,2.93996
936,9,1,0,14.91,0
936,9,1,1,15.1675,1313.23,0,0,0
933,9,1,1,15.1669,1310.29
934,9,1,1,15.1614,1272.64
935,9,1,1,15.1608,1270.04
2020,9,1,1,15.1498,1213.06
943,9,1,1,15.1489,1209.13
942,9,1,1,15.1411,1168.06
941,9,1,1,15.1295,1109.91
1790,9,1,1,15.1167,1042.74
2022,9,1,1,15.1062,991.844
2021,9,1,1,15.0959,938.155
1303,9,1,1,15.0741,818.443
1307,9,1,1,15.0584,740.869
1336,10,0,0,13.9645,750.638,0.0515,224.627,0.24,1
1792,10,0,0,13.9582,718.22
1334,10,0,0,13.9502,677.786
1335,10,0,0,13.9396,627.554
1333,10,0,0,13.9225,535.212
2163,10,0,0,13.8942,387.56
2023,10,0,0,13.8645,230.349
1787,10,0,0,13.8564,189.064
1788,10,0,0,13.8556,185.36
943,10,0,0,13.8397,104.713
934,10,0,0,13.8309,56.8666
933,10,0,0,13.8206,2.93996
936,10,0,0,13.82,0
999,10,0,1,14.2118,1974.88,0.0648333,282.783,0.16,2
1002,10,0,1,14.2077,1946.81
1031,10,0,1,14.1948,1881.54
2031,10,0,1,14.1874,1844.55
2032,10,0,1,14.187,1842.72
1053,10,0,1,14.1794,1804.83
1784,10,0,1,14.176,1787.08
1069,10,0,1,14.155,1681.28
1848,10,0,1,14.1492,1647.03
1109,10,0,1,14.1404,1599.43
1113,10,0,1,14.1333,1564.19
2036,10,0,1,14.1258,1527.29
1112,10,0,1,14.1221,1508.45
2041,10,0,1,14.1084,1440.18
2042,10,0,1,14.095,1372.09
1564,10,0,1,14.0837,1316.47
2107,10,0,1,14.0735,1266.56
1145,10,0,1,14.0668,1233.89
2053,10,0,1,14.0537,1166.9
2073,10,0,1,14.0462,1128.76
1336,10,0,1,14.016,975.265
436,10,0,2,14.396,2864.92,0.038,165.745,0.13,3
425,10,0,2,14.3895,2830.54
426,10,0,2,14.3844,2804.99
424,10,0,2,14.3824,2791.98
613,10,0,2,14.3748,2753.05
611,10,0,2,14.3689,2719.61
619,10,0,2,14.351,2627.45
618,10,0,2,14.3487,2615.68
615,10,0,2,14.3472,2603.89
617,10,0,2,14.3437,2586.34
616,10,0,2,14.3371,2552.41
676,10,0,2,14.3309,2521.35
674,10,0,2,14.316,2451.7
675,10,0,2,14.3094,2418.62
962,10,0,2,14.3008,2376.53
961,10,0,2,14.2934,2339.48
999,10,0,2,14.2766,2257.67
884,10,0,3,14.5881,3794.92,0.0611667,266.791,0.05,4
1987,10,0,3,14.5452,3581.93
428,10,0,3,14.5401,3556.56
429,10,0,3,14.5134,3426.55
1988,10,0,3,14.4848,3282.93
430,10,0,3,14.4815,3265.67
1989,10,0,3,14.4764,3240.59
432,10,0,3,14.4702,3210.51
435,10,0,3,14.4649,3183.92
431,10,0,3,14.4581,3150.12
439,10,0,3,14.4416,3069.03
436,10,0,3,14.434,3030.67
936,10,0,4,14.7872,4768.95,0,0,0
1737,10,0,4,14.775,4702.81
917,10,0,4,14.7604,4628.64
916,10,0,4,14.7603,4627.73
906,10,0,4,14.7308,4479.81
889,10,0,4,14.7202,4424.57
888,10,0,4,14.6928,4285.96
887,10,0,4,14.6784,4206.12
2012,10,0,4,14.6538,4084.73
884,10,0,4,14.6493,4061.71
1307,10,1,0,15.0155,554.042,0.0428333,186.826,0.28,1
1303,10,1,0,15.0045,496.053
2021,10,1,0,14.9662,306.727
1791,10,1,0,14.9583,267.142
939,10,1,0,14.9415,182.874
940,10,1,0,14.9368,151.022
934,10,1,0,14.9173,42.0448
933,10,1,0,14.9106,2.93996
936,10,1,0,14.91,0
936,10,1,1,15.1675,1313.23,0,0,0
933,10,1,1,15.1669,1310.29
934,10,1,1,15.1614,1272.64
935,10,1,1,15.1608,1270.04
2020,10,1,1,15.1498,1213.06
943,10,1,1,15.1489,1209.13
942,10,1,1,15.1411,1168.06
941,10,1,1,15.1295,1109.91
1790,10,1,1,15.1167,1042.74
2022,10,1,1,15.1062,991.844
2021,10,1,1,15.0959,938.155
1303,10,1,1,15.0741,818.443
1307,10,1,1,15.0584,740.869
1307,11,0,0,13.8017,580.427,0.0495,215.904,0.34,1
1303,11,0,0,13.7869,506.554
2021,11,0,0,13.7552,344.641
1791,11,0,0,13.7459,299.315
939,11,0,0,13.7327,230.444
940,11,0,0,13.728,198.593
934,11,0,0,13.7009,56.8666
933,11,0,0,13.6906,2.93996
936,11,0,0,13.69,0
1336,11,0,1,13.952,1319.25,0.0515,224.627,0.24,2
1792,11,0,1,13.9458,1286.83
1334,11,0,1,13.9378,1246.39
1335,11,0,1,13.9271,1196.16
1341,11,0,1,13.9196,1153.46
1315,11,0,1,13.8994,1045.7
1314,11,0,1,13.8825,956.845
1309,11,0,1,13.8819,953.975
1308,11,0,1,13.8678,878.201
1307,11,0,1,13.8512,796.332
999,11,0,2,14.1993,2543.49,0.0648333,282.783,0.16,3
1002,11,0,2,14.1952,2515.42
1031,11,0,2,14.1823,2450.15
2031,11,0,2,14.175,2413.15
2032,11,0,2,14.1746,2411.33
1053,11,0,2,14.167,2373.44
1784,11,0,2,14.1636,2355.69
1069,11,0,2,14.1426,2249.89
1848,11,0,2,14.1367,2215.63
1109,11,0,2,14.1279,2168.04
1113,11,0,2,14.1208,2132.79
2036,11,0,2,14.1133,2095.89
1112,11,0,2,14.1097,2077.06
2041,11,0,2,14.0959,2008.79
2042,11,0,2,14.0826,1940.7
1564,11,0,2,14.0712,1885.08
2107,11,0,2,14.0611,1835.17
1145,11,0,2,14.0543,1802.49
2053,11,0,2,14.0413,1735.5
2073,11,0,2,14.0337,1697.36
1336,11,0,2,14.0035,1543.87
436,11,0,3,14.3835,3433.53,0.038,165.745,0.13,4
425,11,0,3,14.377,3399.14
426,11,0,3,14.372,3373.6
424,11,0,3,14.3699,3360.59
613,11,0,3,14.3623,3321.66
611,11,0,3,14.3565,3288.22
619,11,0,3,14.3386,3196.05
618,11,0,3,14.3362,3184.29
615,11,0,3,14.3347,3172.5
617,11,0,3,14.3312,3154.95
616,11,0,3,14.3246,3121.02
676,11,0,3,14.3184,3089.96
674,11,0,3,14.3035,3020.31
675,11,0,3,14.2969,2987.23
962,11,0,3,14.2883,2945.14
961,11,0,3,14.281,2908.09
999,11,0,3,14.2642,2826.27
884,11,0,4,14.5757,4363.53,0.0611667,266.791,0.05,5
1987,11,0,4,14.5327,4150.53
428,11,0,4,14.5277,4125.17
429,11,0,4,14.5009,3995.16
1988,11,0,4,14.4724,3851.54
430,11,0,4,14.469,3834.28
1989,11,0,4,14.464,3809.19
432,11,0,4,14.4578,3779.12
435,11,0,4,14.4524,3752.53
431,11,0,4,14.4456,3718.73
439,11,0,4,14.4292,3637.64
436,11,0,4,14.4215,3599.27
936,11,0,5,14.7748,5337.56,0,0,0
1737,11,0,5,14.7626,5271.42
917,11,0,5,14.748,5197.25
916,11,0,5,14.7478,5196.34
906,11,0,5,14.7184,5048.42
889,11,0,5,14.7078,4993.18
888,11,0,5,14.6803,4854.56
887,11,0,5,14.6659,4774.73
2012,11,0,5,14.6413,4653.34
884,11,0,5,14.6369,4630.32
1307,12,0,0,14.3555,554.042,0.0546667,238.44,0.3,1
1303,12,0,0,14.3445,496.053
2021,12,0,0,14.3062,306.727
1791,12,0,0,14.2983,267.142
939,12,0,0,14.2815,182.874
940,12,0,0,14.2768,151.022
934,12,0,0,14.2573,42.0448
933,12,0,0,14.2506,2.93996
936,12,0,0,14.25,0
1336,12,0,1,14.5211,1357.19,0.0633333,276.241,0.28,2
1792,12,0,1,14.5128,1316.37
1334,12,0,1,14.503,1268.49
1335,12,0,1,14.4924,1218.26
1341,12,0,1,14.4838,1171.29
1315,12,0,1,14.4664,1075.52
1314,12,0,1,14.4463,973.405
1309,12,0,1,14.4457,970.535
1308,12,0,1,14.4294,885.27
1307,12,0,1,14.4102,792.482
999,12,0,2,14.7802,2633.05,0.0648333,282.783,0.16,3
1002,12,0,2,14.7761,2604.98
1031,12,0,2,14.7632,2539.71
2031,12,0,2,14.7559,2502.72
2032,12,0,2,14.7555,2500.89
1053,12,0,2,14.7479,2463
1784,12,0,2,14.7445,2445.25
1069,12,0,2,14.7234,2339.45
1848,12,0,2,14.7176,2305.2
1109,12,0,2,14.7088,2257.6
1113,12,0,2,14.7017,2222.36
2036,12,0,2,14.6942,2185.46
1112,12,0,2,14.6906,2166.62
2041,12,0,2,14.6768,2098.35
2042,12,0,2,14.6634,2030.26
1564,12,0,2,14.6521,1974.64
2107,12,0,2,14.642,1924.73
1145,12,0,2,14.6352,1892.06
2053,12,0,2,14.6222,1825.07
2073,12,0,2,14.6146,1786.93
1336,12,0,2,14.5844,1633.44
436,12,0,3,14.9644,3523.09,0.038,165.745,0.13,4
425,12,0,3,14.9579,3488.71
426,12,0,3,14.9529,3463.16
424,12,0,3,14.9508,3450.15
613,12,0,3,14.9432,3411.22
611,12,0,3,14.9374,3377.78
619,12,0,3,14.9195,3285.62
618,12,0,3,14.9171,3273.85
615,12,0,3,14.9156,3262.06
617,12,0,3,14.9121,3244.51
616,12,0,3,14.9055,3210.58
676,12,0,3,14.8993,3179.52
674,12,0,3,14.8844,3109.87
675,12,0,3,14.8778,3076.79
962,12,0,3,14.8692,3034.7
961,12,0,3,14.8619,2997.65
999,12,0,3,14.845,2915.84
884,12,0,4,15.1418,4391.19,0.0453333,197.73,0.06,5
1987,12,0,4,15.1064,4209.8
428,12,0,4,15.1014,4184.43
429,12,0,4,15.0794,4074.1
1988,12,0,4,15.055,3948.08
430,12,0,4,15.0515,3929.9
1989,12,0,4,15.0426,3889.15
432,12,0,4,15.0376,3864.36
435,12,0,4,15.0323,3837.77
431,12,0,4,15.0254,3803.72
439,12,0,4,15.0113,3732.3
436,12,0,4,15.0024,3688.83
936,12,0,5,15.3117,5239.94,0,0,0
1737,12,0,5,15.3006,5178.68
917,12,0,5,15.2871,5109.15
916,12,0,5,15.2869,5108.24
906,12,0,5,15.2636,4986.19
889,12,0,5,15.2511,4922.79
888,12,0,5,15.2312,4815.85
887,12,0,5,15.2144,4726.13
2012,12,0,5,15.1919,4613.09
884,12,0,5,15.1871,4588.92
