Nodo,Individuo,Ruta,Segmento,Tiempo viaje,Costo viaje,Tiempo atencion,Costo atencion,Tasa fallo,Demanda
1307,0,0,0,15.0055,554.042,0.0428333,186.826,0.28,1
1303,0,0,0,14.9945,496.053
2021,0,0,0,14.9562,306.727
1791,0,0,0,14.9483,267.142
939,0,0,0,14.9315,182.874
940,0,0,0,14.9268,151.022
934,0,0,0,14.9073,42.0448
933,0,0,0,14.9006,2.93996
936,0,0,0,14.9,0
1336,0,0,1,15.1493,1263.92,0.0595,259.521,0.34,2
1792,0,0,1,15.1433,1232.8
1334,0,0,1,15.1338,1186.27
1335,0,0,1,15.1232,1136.04
1341,0,0,1,15.1153,1092.01
1315,0,0,1,15.0977,995.332
1314,0,0,1,15.082,911.668
1309,0,0,1,15.0814,908.797
1308,0,0,1,15.0616,808.959
1307,0,0,1,15.0484,740.869
999,0,0,2,15.3993,2503.53,0.0515,224.627,0.17,3
1002,0,0,2,15.3924,2466.7
1031,0,0,2,15.3782,2395.75
2031,0,0,2,15.3708,2358.75
2032,0,0,2,15.3704,2356.93
1053,0,0,2,15.3627,2318.47
1784,0,0,2,15.3595,2301.77
1066,0,0,2,15.3504,2254.95
1070,0,0,2,15.3398,2198.39
1849,0,0,2,15.3291,2144.14
1108,0,0,2,15.3178,2086.26
1107,0,0,2,15.3043,2016.15
2040,0,0,2,15.2936,1959.09
1783,0,0,2,15.2775,1875.04
1153,0,0,2,15.2703,1838.82
1154,0,0,2,15.2598,1782.55
1324,0,0,2,15.2547,1756.63
1325,0,0,2,15.2437,1702.32
2073,0,0,2,15.236,1664.53
1336,0,0,2,15.2088,1523.44
436,0,0,3,15.5603,3296.28,0.077,335.851,0.12,4
425,0,0,3,15.5538,3261.57
426,0,0,3,15.5492,3238.26
424,0,0,3,15.5473,3225.38
613,0,0,3,15.5426,3198.86
611,0,0,3,15.5376,3166.62
619,0,0,3,15.5197,3074.45
618,0,0,3,15.5173,3062.61
615,0,0,3,15.5158,3050.83
617,0,0,3,15.5123,3033.28
616,0,0,3,15.5047,2995.31
676,0,0,3,15.4985,2964.25
674,0,0,3,15.4874,2910.2
675,0,0,3,15.4809,2877.13
962,0,0,3,15.4684,2819.34
961,0,0,3,15.4636,2793.06
999,0,0,3,15.4508,2728.16
884,0,0,4,15.7767,4334.48,0.0453333,197.73,0.06,5
1987,0,0,4,15.7413,4153.1
428,0,0,4,15.7363,4127.73
429,0,0,4,15.7143,4017.4
1988,0,0,4,15.69,3891.37
430,0,0,4,15.6864,3873.19
1989,0,0,4,15.6775,3832.45
432,0,0,4,15.6725,3807.66
435,0,0,4,15.6672,3781.07
431,0,0,4,15.6604,3747.02
439,0,0,4,15.6462,3675.59
436,0,0,4,15.6373,3632.13
936,0,0,5,15.9466,5183.24,0,0,0
1737,0,0,5,15.9355,5121.97
917,0,0,5,15.922,5052.45
916,0,0,5,15.9219,5051.54
906,0,0,5,15.8986,4929.48
889,0,0,5,15.8861,4866.09
888,0,0,5,15.8661,4759.15
887,0,0,5,15.8494,4669.42
2012,0,0,5,15.8268,4556.38
884,0,0,5,15.8221,4532.22
1336,1,0,0,12.6479,764.587,0.0533333,232.624,0.21,1
1792,1,0,0,12.6404,727.242
1334,1,0,0,12.6331,689.424
1335,1,0,0,12.6224,639.192
1333,1,0,0,12.6,524.133
2163,1,0,0,12.5733,383.309
2023,1,0,0,12.5473,241.926
1787,1,0,0,12.5397,202.721
1788,1,0,0,12.5389,199.018
943,1,0,0,12.5195,103.973
934,1,0,0,12.5093,49.9245
933,1,0,0,12.5006,2.93996
936,1,0,0,12.5,0
999,1,0,1,12.902,2014.06,0.0941667,410.727,0.12,2
1002,1,0,1,12.8957,1980.01
1031,1,0,1,12.8812,1908.3
2031,1,0,1,12.8739,1871.31
2032,1,0,1,12.8735,1869.48
1053,1,0,1,12.8655,1829.69
1784,1,0,1,12.8622,1812.62
1069,1,0,1,12.8421,1710.61
1848,1,0,1,12.8363,1676.41
1847,1,0,1,12.8328,1656.77
1086,1,0,1,12.8291,1636.54
2036,1,0,1,12.8145,1563.64
1112,1,0,1,12.8109,1544.8
2041,1,0,1,12.7988,1483.73
2042,1,0,1,12.7794,1390.66
1564,1,0,1,12.769,1338.8
2107,1,0,1,12.7609,1297.3
1145,1,0,1,12.7543,1265.29
2053,1,0,1,12.7388,1187.98
2073,1,0,1,12.7305,1146.92
1336,1,0,1,12.7012,997.211
884,1,0,2,13.1961,3449.6,0.0738333,322.039,0.04,3
883,1,0,2,13.1667,3302.21
882,1,0,2,13.1536,3232.7
2155,1,0,2,13.1504,3216.14
2012,1,0,2,13.1337,3126.24
885,1,0,2,13.1288,3102.14
886,1,0,2,13.1085,2994.61
2013,1,0,2,13.1011,2955.14
2156,1,0,2,13.1004,2951.98
2011,1,0,2,13.0951,2924.47
891,1,0,2,13.0732,2810.01
893,1,0,2,13.0671,2779.14
894,1,0,2,13.0619,2754.39
897,1,0,2,13.043,2661.18
1028,1,0,2,13.035,2619
1026,1,0,2,13.0234,2561.27
998,1,0,2,13.0185,2536.52
999,1,0,2,12.9961,2424.79
936,1,0,3,13.4023,4456,0,0,0
1737,1,0,3,13.3908,4392.77
917,1,0,3,13.374,4309.54
916,1,0,3,13.3739,4308.63
906,1,0,3,13.348,4175.54
889,1,0,3,13.3358,4113.62
888,1,0,3,13.3152,4004.11
887,1,0,3,13.2978,3911.43
2012,1,0,3,13.2741,3793.65
884,1,0,3,13.2699,3771.64
1307,1,1,0,15.0255,554.042,0.0428333,186.826,0.28,1
1303,1,1,0,15.0145,496.053
2021,1,1,0,14.9762,306.727
1791,1,1,0,14.9683,267.142
939,1,1,0,14.9515,182.874
940,1,1,0,14.9468,151.022
934,1,1,0,14.9273,42.0448
933,1,1,0,14.9206,2.93996
936,1,1,0,14.92,0
436,1,1,1,15.2933,1934.87,0.077,335.851,0.12,2
425,1,1,1,15.2867,1900.16
420,1,1,1,15.2756,1842.37
421,1,1,1,15.2715,1815.47
417,1,1,1,15.2673,1792.19
1989,1,1,1,15.2492,1699.52
2011,1,1,1,15.231,1604.42
2156,1,1,1,15.2263,1579.41
2013,1,1,1,15.2257,1576.26
886,1,1,1,15.215,1523.21
888,1,1,1,15.1969,1424.39
903,1,1,1,15.1878,1374.54
904,1,1,1,15.1837,1353.3
925,1,1,1,15.1604,1225.93
2019,1,1,1,15.1559,1202.53
929,1,1,1,15.1555,1200.54
938,1,1,1,15.1431,1132.9
950,1,1,1,15.1278,1054.74
951,1,1,1,15.1213,1021.01
949,1,1,1,15.1101,963.892
1302,1,1,1,15.0833,823.666
1307,1,1,1,15.0684,740.869
936,1,1,2,15.4975,2927.28,0,0,0
1737,1,1,2,15.4864,2866.02
917,1,1,2,15.4729,2796.49
916,1,1,2,15.4727,2795.59
919,1,1,2,15.467,2756.5
2017,1,1,2,15.467,2756.33
2014,1,1,2,15.466,2751.58
2015,1,1,2,15.4579,2710.87
910,1,1,2,15.4578,2710.38
909,1,1,2,15.4484,2663.7
898,1,1,2,15.4352,2597.12
897,1,1,2,15.4256,2548.74
877,1,1,2,15.4031,2437.89
878,1,1,2,15.3971,2407.18
879,1,1,2,15.3886,2363.29
437,1,1,2,15.3826,2332.96
439,1,1,2,15.3792,2314.19
436,1,1,2,15.3703,2270.72
1336,2,0,0,13.9945,750.638,0.0515,224.627,0.24,1
1792,2,0,0,13.9882,718.22
1334,2,0,0,13.9802,677.786
1335,2,0,0,13.9696,627.554
1333,2,0,0,13.9525,535.212
2163,2,0,0,13.9242,387.56
2023,2,0,0,13.8945,230.349
1787,2,0,0,13.8864,189.064
1788,2,0,0,13.8856,185.36
943,2,0,0,13.8697,104.713
934,2,0,0,13.8609,56.8666
933,2,0,0,13.8506,2.93996
936,2,0,0,13.85,0
999,2,0,1,14.2418,1974.88,0.0648333,282.783,0.16,2
1002,2,0,1,14.2377,1946.81
1031,2,0,1,14.2248,1881.54
2031,2,0,1,14.2174,1844.55
2032,2,0,1,14.217,1842.72
1053,2,0,1,14.2094,1804.83
1784,2,0,1,14.206,1787.08
1069,2,0,1,14.185,1681.28
1848,2,0,1,14.1792,1647.03
1109,2,0,1,14.1704,1599.43
1113,2,0,1,14.1633,1564.19
2036,2,0,1,14.1558,1527.29
1112,2,0,1,14.1521,1508.45
2041,2,0,1,14.1384,1440.18
2042,2,0,1,14.125,1372.09
1564,2,0,1,14.1137,1316.47
2107,2,0,1,14.1035,1266.56
1145,2,0,1,14.0968,1233.89
2053,2,0,1,14.0837,1166.9
2073,2,0,1,14.0762,1128.76
1336,2,0,1,14.046,975.265
436,2,0,2,14.426,2864.92,0.038,165.745,0.13,3
425,2,0,2,14.4195,2830.54
426,2,0,2,14.4144,2804.99
424,2,0,2,14.4124,2791.98
613,2,0,2,14.4048,2753.05
611,2,0,2,14.3989,2719.61
619,2,0,2,14.381,2627.45
618,2,0,2,14.3787,2615.68
615,2,0,2,14.3772,2603.89
617,2,0,2,14.3737,2586.34
616,2,0,2,14.3671,2552.41
676,2,0,2,14.3609,2521.35
674,2,0,2,14.346,2451.7
675,2,0,2,14.3394,2418.62
962,2,0,2,14.3308,2376.53
961,2,0,2,14.3234,2339.48
999,2,0,2,14.3066,2257.67
884,2,0,3,14.6181,3794.92,0.0611667,266.791,0.05,4
1987,2,0,3,14.5752,3581.93
428,2,0,3,14.5701,3556.56
429,2,0,3,14.5434,3426.55
1988,2,0,3,14.5148,3282.93
430,2,0,3,14.5115,3265.67
1989,2,0,3,14.5064,3240.59
432,2,0,3,14.5002,3210.51
435,2,0,3,14.4949,3183.92
431,2,0,3,14.4881,3150.12
439,2,0,3,14.4716,3069.03
436,2,0,3,14.464,3030.67
936,2,0,4,14.8172,4768.95,0,0,0
1737,2,0,4,14.805,4702.81
917,2,0,4,14.7904,4628.64
916,2,0,4,14.7903,4627.73
906,2,0,4,14.7608,4479.81
889,2,0,4,14.7502,4424.57
888,2,0,4,14.7228,4285.96
887,2,0,4,14.7084,4206.12
2012,2,0,4,14.6838,4084.73
884,2,0,4,14.6793,4061.71
1307,2,1,0,15.0855,554.042,0.0428333,186.826,0.28,1
1303,2,1,0,15.0745,496.053
2021,2,1,0,15.0362,306.727
1791,2,1,0,15.0283,267.142
939,2,1,0,15.0115,182.874
940,2,1,0,15.0068,151.022
934,2,1,0,14.9873,42.0448
933,2,1,0,14.9806,2.93996
936,2,1,0,14.98,0
936,2,1,1,15.2375,1313.23,0,0,0
933,2,1,1,15.2369,1310.29
934,2,1,1,15.2314,1272.64
935,2,1,1,15.2308,1270.04
2020,2,1,1,15.2198,1213.06
943,2,1,1,15.2189,1209.13
942,2,1,1,15.2111,1168.06
941,2,1,1,15.1995,1109.91
1790,2,1,1,15.1867,1042.74
2022,2,1,1,15.1762,991.844
2021,2,1,1,15.1659,938.155
1303,2,1,1,15.1441,818.443
1307,2,1,1,15.1284,740.869
884,3,0,0,13.3534,917.424,0.0738333,322.039,0.04,1
883,3,0,0,13.3261,778.363
882,3,0,0,13.3146,716.093
2155,3,0,0,13.3114,699.368
901,3,0,0,13.2844,552.187
902,3,0,0,13.2715,482.635
904,3,0,0,13.2582,411.663
925,3,0,0,13.2348,283.766
2019,3,0,0,13.2294,256.499
929,3,0,0,13.229,254.516
930,3,0,0,13.212,162.739
931,3,0,0,13.2,105.498
932,3,0,0,13.1861,30.6376
933,3,0,0,13.1806,2.93996
936,3,0,0,13.18,0
436,3,0,1,13.543,1838.69,0.0588333,256.613,0.14,2
425,3,0,1,13.5354,1799.87
420,3,0,1,13.5197,1722.71
421,3,0,1,13.5157,1695.93
417,3,0,1,13.5112,1671.45
1989,3,0,1,13.4947,1585.04
2011,3,0,1,13.4769,1491.85
2156,3,0,1,13.4717,1464.52
2013,3,0,1,13.471,1461.37
886,3,0,1,13.4591,1403.19
885,3,0,1,13.4372,1289.07
2012,3,0,1,13.4315,1261.47
884,3,0,1,13.4273,1239.46
999,3,0,2,13.6948,2561.25,0.056,244.255,0.15,3
961,3,0,2,13.6792,2484.18
962,3,0,2,13.6714,2445.48
675,3,0,2,13.6603,2393.37
674,3,0,2,13.6542,2362
669,3,0,2,13.6377,2278.09
673,3,0,2,13.6281,2229.32
438,3,0,2,13.6226,2201.63
437,3,0,2,13.6129,2152.43
439,3,0,2,13.609,2131.57
436,3,0,2,13.6018,2095.3
1336,3,0,3,13.9633,3875.04,0.0515,224.627,0.24,4
1792,3,0,3,13.957,3842.63
1334,3,0,3,13.949,3802.19
1325,3,0,3,13.9218,3663.75
1156,3,0,3,13.9127,3620.04
1155,3,0,3,13.8997,3553.72
2052,3,0,3,13.8944,3526.72
1782,3,0,3,13.8878,3492.98
2043,3,0,3,13.8748,3422.45
1111,3,0,3,13.8599,3348.01
1109,3,0,3,13.8425,3261.56
1848,3,0,3,13.8224,3167.05
1069,3,0,3,13.8145,3124.51
1784,3,0,3,13.7973,3035.04
1053,3,0,3,13.7934,3015.22
2032,3,0,3,13.783,2965.69
2031,3,0,3,13.7826,2963.86
1031,3,0,3,13.7727,2916.46
1002,3,0,3,13.7585,2845.73
999,3,0,3,13.7508,2805.51
1307,3,0,4,14.1436,4738.18,0.0546667,238.44,0.3,5
1308,3,0,4,14.1324,4678.61
1309,3,0,4,14.1141,4585.25
1314,3,0,4,14.1135,4582.38
1315,3,0,4,14.0754,4406.68
1341,3,0,4,14.0553,4299.2
1342,3,0,4,14.0467,4256.47
1334,3,0,4,14.0359,4200.59
1792,3,0,4,14.0235,4142.05
1336,3,0,4,14.0148,4099.67
936,3,0,5,14.3193,5599.34,0,0,0
933,3,0,5,14.3187,5596.4
934,3,0,5,14.3131,5558.75
935,3,0,5,14.3126,5556.14
2020,3,0,5,14.3016,5499.17
943,3,0,5,14.3007,5495.23
942,3,0,5,14.2933,5456.1
941,3,0,5,14.2814,5396.54
1790,3,0,5,14.265,5314.41
2022,3,0,5,14.2545,5263.51
2021,3,0,5,14.24,5192.08
1303,3,0,5,14.2073,5025.93
1307,3,0,5,14.1983,4976.62
1307,4,0,0,14.3755,554.042,0.0546667,238.44,0.3,1
1303,4,0,0,14.3645,496.053
2021,4,0,0,14.3262,306.727
1791,4,0,0,14.3183,267.142
939,4,0,0,14.3015,182.874
940,4,0,0,14.2968,151.022
934,4,0,0,14.2773,42.0448
933,4,0,0,14.2706,2.93996
936,4,0,0,14.27,0
1336,4,0,1,14.5411,1357.19,0.0633333,276.241,0.28,2
1792,4,0,1,14.5328,1316.37
1334,4,0,1,14.523,1268.49
1335,4,0,1,14.5124,1218.26
1341,4,0,1,14.5038,1171.29
1315,4,0,1,14.4864,1075.52
1314,4,0,1,14.4663,973.405
1309,4,0,1,14.4657,970.535
1308,4,0,1,14.4494,885.27
1307,4,0,1,14.4302,792.482
999,4,0,2,14.8002,2633.05,0.0648333,282.783,0.16,3
1002,4,0,2,14.7961,2604.98
1031,4,0,2,14.7832,2539.71
2031,4,0,2,14.7759,2502.72
2032,4,0,2,14.7755,2500.89
1053,4,0,2,14.7679,2463
1784,4,0,2,14.7645,2445.25
1069,4,0,2,14.7434,2339.45
1848,4,0,2,14.7376,2305.2
1109,4,0,2,14.7288,2257.6
1113,4,0,2,14.7217,2222.36
2036,4,0,2,14.7142,2185.46
1112,4,0,2,14.7106,2166.62
2041,4,0,2,14.6968,2098.35
2042,4,0,2,14.6834,2030.26
1564,4,0,2,14.6721,1974.64
2107,4,0,2,14.662,1924.73
1145,4,0,2,14.6552,1892.06
2053,4,0,2,14.6422,1825.07
2073,4,0,2,14.6346,1786.93
1336,4,0,2,14.6044,1633.44
436,4,0,3,14.9844,3523.09,0.038,165.745,0.13,4
425,4,0,3,14.9779,3488.71
426,4,0,3,14.9729,3463.16
424,4,0,3,14.9708,3450.15
613,4,0,3,14.9632,3411.22
611,4,0,3,14.9574,3377.78
619,4,0,3,14.9395,3285.62
618,4,0,3,14.9371,3273.85
615,4,0,3,14.9356,3262.06
617,4,0,3,14.9321,3244.51
616,4,0,3,14.9255,3210.58
676,4,0,3,14.9193,3179.52
674,4,0,3,14.9044,3109.87
675,4,0,3,14.8978,3076.79
962,4,0,3,14.8892,3034.7
961,4,0,3,14.8819,2997.65
999,4,0,3,14.865,2915.84
884,4,0,4,15.1618,4391.19,0.0453333,197.73,0.06,5
1987,4,0,4,15.1264,4209.8
428,4,0,4,15.1214,4184.43
429,4,0,4,15.0994,4074.1
1988,4,0,4,15.075,3948.08
430,4,0,4,15.0715,3929.9
1989,4,0,4,15.0626,3889.15
432,4,0,4,15.0576,3864.36
435,4,0,4,15.0523,3837.77
431,4,0,4,15.0454,3803.72
439,4,0,4,15.0313,3732.3
436,4,0,4,15.0224,3688.83
936,4,0,5,15.3317,5239.94,0,0,0
1737,4,0,5,15.3206,5178.68
917,4,0,5,15.3071,5109.15
916,4,0,5,15.3069,5108.24
906,4,0,5,15.2836,4986.19
889,4,0,5,15.2711,4922.79
888,4,0,5,15.2512,4815.85
887,4,0,5,15.2344,4726.13
2012,4,0,5,15.2119,4613.09
884,4,0,5,15.2071,4588.92
1336,5,0,0,12.5679,764.587,0.0533333,232.624,0.21,1
1792,5,0,0,12.5604,727.242
1334,5,0,0,12.5531,689.424
1335,5,0,0,12.5424,639.192
1333,5,0,0,12.52,524.133
2163,5,0,0,12.4933,383.309
2023,5,0,0,12.4673,241.926
1787,5,0,0,12.4597,202.721
1788,5,0,0,12.4589,199.018
943,5,0,0,12.4395,103.973
934,5,0,0,12.4293,49.9245
933,5,0,0,12.4206,2.93996
936,5,0,0,12.42,0
999,5,0,1,12.822,2014.06,0.0941667,410.727,0.12,2
1002,5,0,1,12.8157,1980.01
1031,5,0,1,12.8012,1908.3
2031,5,0,1,12.7939,1871.31
2032,5,0,1,12.7935,1869.48
1053,5,0,1,12.7855,1829.69
1784,5,0,1,12.7822,1812.62
1069,5,0,1,12.7621,1710.61
1848,5,0,1,12.7563,1676.41
1847,5,0,1,12.7528,1656.77
1086,5,0,1,12.7491,1636.54
2036,5,0,1,12.7345,1563.64
1112,5,0,1,12.7309,1544.8
2041,5,0,1,12.7188,1483.73
2042,5,0,1,12.6994,1390.66
1564,5,0,1,12.689,1338.8
2107,5,0,1,12.6809,1297.3
1145,5,0,1,12.6743,1265.29
2053,5,0,1,12.6588,1187.98
2073,5,0,1,12.6505,1146.92
1336,5,0,1,12.6212,997.211
436,5,0,2,13.0218,3005.31,0.0588333,256.613,0.14,3
425,5,0,2,13.0147,2968.23
426,5,0,2,13.0098,2943.28
424,5,0,2,13.0074,2929.57
613,5,0,2,13.0044,2904.59
611,5,0,2,12.9989,2871.69
609,5,0,2,12.9969,2853.9
628,5,0,2,12.987,2779.89
615,5,0,2,12.9814,2749.24
617,5,0,2,12.9779,2731.69
616,5,0,2,12.9685,2686.21
676,5,0,2,12.9623,2655.15
674,5,0,2,12.9482,2588.46
675,5,0,2,12.9416,2555.38
962,5,0,2,12.9351,2522.25
961,5,0,2,12.9272,2482.83
999,5,0,2,12.9161,2424.79
884,5,0,3,13.2294,4003.28,0.0738333,322.039,0.04,4
1987,5,0,3,13.1915,3811.28
428,5,0,3,13.1865,3785.91
429,5,0,3,13.1614,3662.84
1988,5,0,3,13.135,3528.18
430,5,0,3,13.1314,3510.01
1989,5,0,3,13.1262,3484.27
432,5,0,3,13.122,3462.26
435,5,0,3,13.1166,3435.67
431,5,0,3,13.1094,3399.93
439,5,0,3,13.0879,3298.19
436,5,0,3,13.0807,3261.92
936,5,0,4,13.4357,5009.69,0,0,0
1737,5,0,4,13.4242,4946.46
917,5,0,4,13.4074,4863.22
916,5,0,4,13.4072,4862.31
906,5,0,4,13.3813,4729.22
889,5,0,4,13.3692,4667.3
888,5,0,4,13.3486,4557.79
887,5,0,4,13.3312,4465.11
2012,5,0,4,13.3075,4347.33
884,5,0,4,13.3033,4325.32
1307,5,1,0,15.0755,554.042,0.0428333,186.826,0.28,1
1303,5,1,0,15.0645,496.053
2021,5,1,0,15.0262,306.727
1791,5,1,0,15.0183,267.142
939,5,1,0,15.0015,182.874
940,5,1,0,14.9968,151.022
934,5,1,0,14.9773,42.0448
933,5,1,0,14.9706,2.93996
936,5,1,0,14.97,0
936,5,1,1,15.2275,1313.23,0,0,0
933,5,1,1,15.2269,1310.29
934,5,1,1,15.2214,1272.64
935,5,1,1,15.2208,1270.04
2020,5,1,1,15.2098,1213.06
943,5,1,1,15.2089,1209.13
942,5,1,1,15.2011,1168.06
941,5,1,1,15.1895,1109.91
1790,5,1,1,15.1767,1042.74
2022,5,1,1,15.1662,991.844
2021,5,1,1,15.1559,938.155
1303,5,1,1,15.1341,818.443
1307,5,1,1,15.1184,740.869
1336,6,0,0,12.9279,764.587,0.0533333,232.624,0.21,1
1792,6,0,0,12.9204,727.242
1334,6,0,0,12.9131,689.424
1335,6,0,0,12.9024,639.192
1333,6,0,0,12.88,524.133
2163,6,0,0,12.8533,383.309
2023,6,0,0,12.8273,241.926
1787,6,0,0,12.8197,202.721
1788,6,0,0,12.8189,199.018
943,6,0,0,12.7995,103.973
934,6,0,0,12.7893,49.9245
933,6,0,0,12.7806,2.93996
936,6,0,0,12.78,0
1307,6,0,1,13.0896,1551.85,0.0495,215.904,0.34,2
1308,6,0,1,13.078,1490.8
1309,6,0,1,13.0605,1400.7
1314,6,0,1,13.06,1397.83
1315,6,0,1,13.047,1325.89
1341,6,0,1,13.0226,1200.6
1342,6,0,1,13.014,1157.87
1334,6,0,1,13.0018,1095.73
1792,6,0,1,12.9893,1037.19
1336,6,0,1,12.9812,997.211
884,6,0,2,13.3494,2884.57,0.0738333,322.039,0.04,3
883,6,0,2,13.3221,2745.5
882,6,0,2,13.3106,2683.23
2155,6,0,2,13.3073,2666.51
901,6,0,2,13.2804,2519.33
902,6,0,2,13.2674,2449.78
904,6,0,2,13.2542,2378.8
925,6,0,2,13.2307,2250.91
2019,6,0,2,13.2253,2223.64
929,6,0,2,13.2249,2221.66
938,6,0,2,13.2129,2155.81
950,6,0,2,13.1994,2085.25
951,6,0,2,13.1924,2049.53
949,6,0,2,13.1814,1993.05
1302,6,0,2,13.1624,1886.33
1307,6,0,2,13.1391,1767.76
436,6,0,3,13.5389,3805.83,0.0588333,256.613,0.14,4
425,6,0,3,13.5314,3767.02
420,6,0,3,13.5157,3689.85
421,6,0,3,13.5117,3663.07
417,6,0,3,13.5072,3638.59
1989,6,0,3,13.4906,3552.18
2011,6,0,3,13.4729,3458.99
2156,6,0,3,13.4676,3431.66
2013,6,0,3,13.4669,3428.51
886,6,0,3,13.455,3370.33
885,6,0,3,13.4331,3256.21
2012,6,0,3,13.4274,3228.61
884,6,0,3,13.4232,3206.6
999,6,0,4,13.6908,4528.39,0.056,244.255,0.15,5
961,6,0,4,13.6751,4451.32
962,6,0,4,13.6674,4412.62
675,6,0,4,13.6563,4360.51
674,6,0,4,13.6501,4329.15
669,6,0,4,13.6336,4245.23
673,6,0,4,13.6241,4196.46
438,6,0,4,13.6185,4168.77
437,6,0,4,13.6088,4119.57
439,6,0,4,13.6049,4098.71
436,6,0,4,13.5978,4062.44
936,6,0,5,13.8688,5401.61,0,0,0
1737,6,0,5,13.8573,5338.38
917,6,0,5,13.8405,5255.15
916,6,0,5,13.8403,5254.24
919,6,0,5,13.8346,5215.15
2017,6,0,5,13.8345,5214.98
2014,6,0,5,13.8335,5209.96
2015,6,0,5,13.8254,5169.25
910,6,0,5,13.8253,5168.76
909,6,0,5,13.817,5126.62
1051,6,0,5,13.8071,5076.46
1025,6,0,5,13.7949,5015.16
1029,6,0,5,13.781,4945.8
1026,6,0,5,13.7704,4893.76
998,6,0,5,13.7659,4870.63
999,6,0,5,13.7468,4772.65
1336,7,0,0,12.8279,764.587,0.0533333,232.624,0.21,1
1792,7,0,0,12.8204,727.242
1334,7,0,0,12.8131,689.424
1335,7,0,0,12.8024,639.192
1333,7,0,0,12.78,524.133
2163,7,0,0,12.7533,383.309
2023,7,0,0,12.7273,241.926
1787,7,0,0,12.7197,202.721
1788,7,0,0,12.7189,199.018
943,7,0,0,12.6995,103.973
934,7,0,0,12.6893,49.9245
933,7,0,0,12.6806,2.93996
936,7,0,0,12.68,0
999,7,0,1,13.082,2014.06,0.056,244.255,0.15,2
1002,7,0,1,13.0757,1980.01
1031,7,0,1,13.0612,1908.3
2031,7,0,1,13.0539,1871.31
2032,7,0,1,13.0535,1869.48
1053,7,0,1,13.0455,1829.69
1784,7,0,1,13.0422,1812.62
1069,7,0,1,13.0221,1710.61
1848,7,0,1,13.0163,1676.41
1847,7,0,1,13.0128,1656.77
1086,7,0,1,13.0091,1636.54
2036,7,0,1,12.9945,1563.64
1112,7,0,1,12.9909,1544.8
2041,7,0,1,12.9788,1483.73
2042,7,0,1,12.9594,1390.66
1564,7,0,1,12.949,1338.8
2107,7,0,1,12.9409,1297.3
1145,7,0,1,12.9343,1265.29
2053,7,0,1,12.9188,1187.98
2073,7,0,1,12.9105,1146.92
1336,7,0,1,12.8812,997.211
436,7,0,2,13.2491,2856.62,0.0588333,256.613,0.14,3
425,7,0,2,13.2416,2817.81
426,7,0,2,13.2353,2787.07
424,7,0,2,13.233,2773.64
613,7,0,2,13.225,2733.27
611,7,0,2,13.2181,2695.38
609,7,0,2,13.2162,2677.54
628,7,0,2,13.2063,2603.53
615,7,0,2,13.2015,2575.55
617,7,0,2,13.198,2558
616,7,0,2,13.1903,2519.79
676,7,0,2,13.1842,2488.72
674,7,0,2,13.1737,2437.23
675,7,0,2,13.1671,2404.16
962,7,0,2,13.1567,2354.79
961,7,0,2,13.1513,2325.66
999,7,0,2,13.138,2258.32
884,7,0,3,13.4567,3854.6,0.0738333,322.039,0.04,4
1987,7,0,3,13.4188,3662.59
428,7,0,3,13.4138,3637.22
429,7,0,3,13.3887,3514.15
1988,7,0,3,13.3623,3379.49
430,7,0,3,13.3587,3361.32
1989,7,0,3,13.3535,3335.59
432,7,0,3,13.3493,3313.57
435,7,0,3,13.3439,3286.98
431,7,0,3,13.3367,3251.25
439,7,0,3,13.3152,3149.5
436,7,0,3,13.308,3113.24
936,7,0,4,13.663,4861,0,0,0
1737,7,0,4,13.6515,4797.77
917,7,0,4,13.6347,4714.53
916,7,0,4,13.6345,4713.63
906,7,0,4,13.6086,4580.54
889,7,0,4,13.5965,4518.62
888,7,0,4,13.5759,4409.11
887,7,0,4,13.5585,4316.43
2012,7,0,4,13.5348,4198.65
884,7,0,4,13.5306,4176.64
1307,7,1,0,15.0855,554.042,0.0428333,186.826,0.28,1
1303,7,1,0,15.0745,496.053
2021,7,1,0,15.0362,306.727
1791,7,1,0,15.0283,267.142
939,7,1,0,15.0115,182.874
940,7,1,0,15.0068,151.022
934,7,1,0,14.9873,42.0448
933,7,1,0,14.9806,2.93996
936,7,1,0,14.98,0
936,7,1,1,15.2375,1313.23,0,0,0
933,7,1,1,15.2369,1310.29
934,7,1,1,15.2314,1272.64
935,7,1,1,15.2308,1270.04
2020,7,1,1,15.2198,1213.06
943,7,1,1,15.2189,1209.13
942,7,1,1,15.2111,1168.06
941,7,1,1,15.1995,1109.91
1790,7,1,1,15.1867,1042.74
2022,7,1,1,15.1762,991.844
2021,7,1,1,15.1659,938.155
1303,7,1,1,15.1441,818.443
1307,7,1,1,15.1284,740.869
884,8,0,0,12.1893,985.1,0.115333,503.049,0.04,1
883,8,0,0,12.16,837.705
882,8,0,0,12.1469,768.2
2155,8,0,0,12.1436,751.641
901,8,0,0,12.108,567.326
902,8,0,0,12.0955,499.78
904,8,0,0,12.0824,429.227
925,8,0,0,12.0588,300.744
2019,8,0,0,12.0534,273.424
929,8,0,0,12.0529,271.441
930,8,0,0,12.0329,166.74
931,8,0,0,12.0202,106.514
932,8,0,0,12.0058,29.1229
933,8,0,0,12.0006,2.93996
936,8,0,0,12,0
436,8,0,1,12.4209,2088.05,0.0958333,417.996,0.13,2
425,8,0,1,12.4137,2050.97
420,8,0,1,12.402,1990.24
421,8,0,1,12.3974,1962.75
417,8,0,1,12.3924,1936.03
1989,8,0,1,12.374,1841.82
2011,8,0,1,12.3547,1742.11
2156,8,0,1,12.3492,1714.07
2013,8,0,1,12.3486,1710.91
886,8,0,1,12.3404,1668.31
885,8,0,1,12.3148,1538.68
2012,8,0,1,12.3091,1511.08
884,8,0,1,12.3047,1488.15
999,8,0,2,12.6226,3026,0.0941667,410.727,0.12,3
961,8,0,2,12.6101,2961.84
962,8,0,2,12.6024,2923.15
675,8,0,2,12.5937,2881.1
674,8,0,2,12.5834,2832.53
669,8,0,2,12.5623,2729.74
673,8,0,2,12.5497,2668.55
672,8,0,2,12.5413,2627.67
610,8,0,2,12.5308,2578.28
436,8,0,2,12.5167,2506.04
1336,8,0,3,12.9227,4485.3,0.0533333,232.624,0.21,4
1792,8,0,3,12.9153,4447.95
1334,8,0,3,12.9079,4410.13
1325,8,0,3,12.8807,4271.7
1156,8,0,3,12.8735,4235.68
1155,8,0,3,12.8601,4168.11
2052,8,0,3,12.8546,4140.1
1782,8,0,3,12.8478,4105.73
2043,8,0,3,12.8392,4047
1111,8,0,3,12.8264,3981.39
1109,8,0,3,12.8085,3892.99
1848,8,0,3,12.7884,3798.48
1069,8,0,3,12.7807,3756.73
1784,8,0,3,12.7645,3671.18
1053,8,0,3,12.761,3653.33
2032,8,0,3,12.7522,3610.5
2031,8,0,3,12.7518,3608.68
1031,8,0,3,12.7424,3562.86
1002,8,0,3,12.7258,3482.48
999,8,0,3,12.7168,3436.73
1307,8,0,4,13.0844,5272.56,0.0495,215.904,0.34,5
1308,8,0,4,13.0728,5211.51
1309,8,0,4,13.0553,5121.41
1314,8,0,4,13.0548,5118.54
1315,8,0,4,13.0418,5046.6
1341,8,0,4,13.0174,4921.31
1342,8,0,4,13.0088,4878.58
1334,8,0,4,12.9966,4816.44
1792,8,0,4,12.9841,4757.9
1336,8,0,4,12.976,4717.92
936,8,0,5,13.255,6111.7,0,0,0
933,8,0,5,13.2544,6108.76
934,8,0,5,13.2489,6071.11
935,8,0,5,13.2483,6068.5
2020,8,0,5,13.2373,6011.53
943,8,0,5,13.2365,6007.59
942,8,0,5,13.2279,5963.63
941,8,0,5,13.216,5903.97
1790,8,0,5,13.1989,5819.11
2022,8,0,5,13.1884,5768.21
2021,8,0,5,13.1757,5704.03
1303,8,0,5,13.1428,5537.11
1307,8,0,5,13.1339,5488.47
884,9,0,0,14.3683,938.52,0.0611667,266.791,0.05,1
883,9,0,0,14.3359,777.951
882,9,0,0,14.3227,708.309
2155,9,0,0,14.3192,690.597
901,9,0,0,14.2878,524.626
902,9,0,0,14.2749,454.953
904,9,0,0,14.2618,384.906
925,9,0,0,14.2403,265.332
2019,9,0,0,14.2351,239.037
929,9,0,0,14.2347,237.053
930,9,0,0,14.2144,130.978
931,9,0,0,14.2092,102.033
932,9,0,0,14.195,25.8242
933,9,0,0,14.1906,2.93996
936,9,0,0,14.19,0
436,9,0,1,14.548,1816.23,0.038,165.745,0.13,2
425,9,0,1,14.5415,1781.85
420,9,0,1,14.527,1709.7
421,9,0,1,14.523,1682.88
417,9,0,1,14.5189,1660.21
1989,9,0,1,14.501,1568.29
2011,9,0,1,14.4808,1464.73
2156,9,0,1,14.4751,1435.43
2013,9,0,1,14.4744,1432.28
886,9,0,1,14.4641,1380.66
885,9,0,1,14.4397,1255.93
2012,9,0,1,14.434,1228.33
884,9,0,1,14.4295,1205.31
999,9,0,2,14.6831,2469.37,0.0648333,282.783,0.16,3
961,9,0,2,14.6649,2381.87
962,9,0,2,14.6572,2343.18
675,9,0,2,14.6474,2296.4
674,9,0,2,14.6425,2270.37
676,9,0,2,14.6385,2243.04
616,9,0,2,14.6319,2210.39
606,9,0,2,14.6118,2111.68
610,9,0,2,14.6001,2054.36
436,9,0,2,14.586,1981.97
1336,9,0,3,14.938,3741.42,0.0633333,276.241,0.28,4
1792,9,0,3,14.9297,3700.6
1334,9,0,3,14.9199,3652.71
1325,9,0,3,14.8953,3525.25
1156,9,0,3,14.8878,3488.14
1155,9,0,3,14.8762,3427.72
2052,9,0,3,14.8712,3401.84
1782,9,0,3,14.8648,3369.23
2043,9,0,3,14.8562,3310.49
1111,9,0,3,14.8461,3256.31
1110,9,0,3,14.8402,3226.45
1113,9,0,3,14.826,3153.17
1847,9,0,3,14.8173,3105.9
1068,9,0,3,14.8067,3051.77
1785,9,0,3,14.8018,3026.31
1053,9,0,3,14.785,2938.88
2032,9,0,3,14.7756,2893.36
2031,9,0,3,14.7752,2891.54
1031,9,0,3,14.7671,2851.24
1002,9,0,3,14.7542,2785.93
999,9,0,3,14.748,2752.15
1307,9,0,4,15.1132,4587.33,0.0428333,186.826,0.28,5
1308,9,0,4,15.099,4515.06
1309,9,0,4,15.0795,4416.83
1314,9,0,4,15.079,4413.96
1315,9,0,4,15.0586,4310.56
1341,9,0,4,15.0391,4205.84
1342,9,0,4,15.0305,4163.11
1334,9,0,4,15.0195,4106.38
1792,9,0,4,15.0071,4047.85
1336,9,0,4,15.0013,4017.66
936,9,0,5,15.2651,5346.52,0,0,0
933,9,0,5,15.2645,5343.58
934,9,0,5,15.259,5305.93
935,9,0,5,15.2585,5303.32
2020,9,0,5,15.2474,5246.35
943,9,0,5,15.2466,5242.41
942,9,0,5,15.2387,5201.34
941,9,0,5,15.2272,5143.19
1790,9,0,5,15.2143,5076.02
2022,9,0,5,15.2038,5025.13
2021,9,0,5,15.1936,4971.44
1303,9,0,5,15.1718,4851.73
1307,9,0,5,15.156,4774.15
1336,10,0,0,12.5179,764.587,0.0533333,232.624,0.21,1
1792,10,0,0,12.5104,727.242
1334,10,0,0,12.5031,689.424
1335,10,0,0,12.4924,639.192
1333,10,0,0,12.47,524.133
2163,10,0,0,12.4433,383.309
2023,10,0,0,12.4173,241.926
1787,10,0,0,12.4097,202.721
1788,10,0,0,12.4089,199.018
943,10,0,0,12.3895,103.973
934,10,0,0,12.3793,49.9245
933,10,0,0,12.3706,2.93996
936,10,0,0,12.37,0
999,10,0,1,12.772,2014.06,0.0941667,410.727,0.12,2
1002,10,0,1,12.7657,1980.01
1031,10,0,1,12.7512,1908.3
2031,10,0,1,12.7439,1871.31
2032,10,0,1,12.7435,1869.48
1053,10,0,1,12.7355,1829.69
1784,10,0,1,12.7322,1812.62
1069,10,0,1,12.7121,1710.61
1848,10,0,1,12.7063,1676.41
1847,10,0,1,12.7028,1656.77
1086,10,0,1,12.6991,1636.54
2036,10,0,1,12.6845,1563.64
1112,10,0,1,12.6809,1544.8
2041,10,0,1,12.6688,1483.73
2042,10,0,1,12.6494,1390.66
1564,10,0,1,12.639,1338.8
2107,10,0,1,12.6309,1297.3
1145,10,0,1,12.6243,1265.29
2053,10,0,1,12.6088,1187.98
2073,10,0,1,12.6005,1146.92
1336,10,0,1,12.5712,997.211
436,10,0,2,12.9718,3005.31,0.0958333,417.996,0.13,3
425,10,0,2,12.9647,2968.23
426,10,0,2,12.9598,2943.28
424,10,0,2,12.9574,2929.57
613,10,0,2,12.9544,2904.59
611,10,0,2,12.9489,2871.69
609,10,0,2,12.9469,2853.9
628,10,0,2,12.937,2779.89
615,10,0,2,12.9314,2749.24
617,10,0,2,12.9279,2731.69
616,10,0,2,12.9185,2686.21
676,10,0,2,12.9123,2655.15
674,10,0,2,12.8982,2588.46
675,10,0,2,12.8916,2555.38
962,10,0,2,12.8851,2522.25
961,10,0,2,12.8772,2482.83
999,10,0,2,12.8661,2424.79
884,10,0,3,13.2164,4164.67,0.0738333,322.039,0.04,4
1987,10,0,3,13.1785,3972.66
428,10,0,3,13.1735,3947.29
429,10,0,3,13.1484,3824.22
1988,10,0,3,13.122,3689.56
430,10,0,3,13.1184,3671.39
1989,10,0,3,13.1132,3645.65
432,10,0,3,13.109,3623.64
435,10,0,3,13.1036,3597.05
431,10,0,3,13.0964,3561.32
439,10,0,3,13.0749,3459.57
436,10,0,3,13.0677,3423.3
936,10,0,4,13.4227,5171.07,0,0,0
1737,10,0,4,13.4112,5107.84
917,10,0,4,13.3944,5024.6
916,10,0,4,13.3942,5023.69
906,10,0,4,13.3683,4890.6
889,10,0,4,13.3562,4828.69
888,10,0,4,13.3356,4719.17
887,10,0,4,13.3182,4626.5
2012,10,0,4,13.2945,4508.71
884,10,0,4,13.2903,4486.71
1307,10,1,0,15.0855,554.042,0.0428333,186.826,0.28,1
1303,10,1,0,15.0745,496.053
2021,10,1,0,15.0362,306.727
1791,10,1,0,15.0283,267.142
939,10,1,0,15.0115,182.874
940,10,1,0,15.0068,151.022
934,10,1,0,14.9873,42.0448
933,10,1,0,14.9806,2.93996
936,10,1,0,14.98,0
936,10,1,1,15.2375,1313.23,0,0,0
933,10,1,1,15.2369,1310.29
934,10,1,1,15.2314,1272.64
935,10,1,1,15.2308,1270.04
2020,10,1,1,15.2198,1213.06
943,10,1,1,15.2189,1209.13
942,10,1,1,15.2111,1168.06
941,10,1,1,15.1995,1109.91
1790,10,1,1,15.1867,1042.74
2022,10,1,1,15.1762,991.844
2021,10,1,1,15.1659,938.155
1303,10,1,1,15.1441,818.443
1307,10,1,1,15.1284,740.869
1307,11,0,0,13.8417,580.427,0.0495,215.904,0.34,1
1303,11,0,0,13.8269,506.554
2021,11,0,0,13.7952,344.641
1791,11,0,0,13.7859,299.315
939,11,0,0,13.7727,230.444
940,11,0,0,13.768,198.593
934,11,0,0,13.7409,56.8666
933,11,0,0,13.7306,2.93996
936,11,0,0,13.73,0
1336,11,0,1,13.992,1319.25,0.0515,224.627,0.24,2
1792,11,0,1,13.9858,1286.83
1334,11,0,1,13.9778,1246.39
1335,11,0,1,13.9671,1196.16
1341,11,0,1,13.9596,1153.46
1315,11,0,1,13.9394,1045.7
1314,11,0,1,13.9225,956.845
1309,11,0,1,13.9219,953.975
1308,11,0,1,13.9078,878.201
1307,11,0,1,13.8912,796.332
999,11,0,2,14.2393,2543.49,0.0648333,282.783,0.16,3
1002,11,0,2,14.2352,2515.42
1031,11,0,2,14.2223,2450.15
2031,11,0,2,14.215,2413.15
2032,11,0,2,14.2146,2411.33
1053,11,0,2,14.207,2373.44
1784,11,0,2,14.2036,2355.69
1069,11,0,2,14.1826,2249.89
1848,11,0,2,14.1767,2215.63
1109,11,0,2,14.1679,2168.04
1113,11,0,2,14.1608,2132.79
2036,11,0,2,14.1533,2095.89
1112,11,0,2,14.1497,2077.06
2041,11,0,2,14.1359,2008.79
2042,11,0,2,14.1226,1940.7
1564,11,0,2,14.1112,1885.08
2107,11,0,2,14.1011,1835.17
1145,11,0,2,14.0943,1802.49
2053,11,0,2,14.0813,1735.5
2073,11,0,2,14.0737,1697.36
1336,11,0,2,14.0435,1543.87
436,11,0,3,14.4235,3433.53,0.038,165.745,0.13,4
425,11,0,3,14.417,3399.14
426,11,0,3,14.412,3373.6
424,11,0,3,14.4099,3360.59
613,11,0,3,14.4023,3321.66
611,11,0,3,14.3965,3288.22
619,11,0,3,14.3786,3196.05
618,11,0,3,14.3762,3184.29
615,11,0,3,14.3747,3172.5
617,11,0,3,14.3712,3154.95
616,11,0,3,14.3646,3121.02
676,11,0,3,14.3584,3089.96
674,11,0,3,14.3435,3020.31
675,11,0,3,14.3369,2987.23
962,11,0,3,14.3283,2945.14
961,11,0,3,14.321,2908.09
999,11,0,3,14.3042,2826.27
884,11,0,4,14.6157,4363.53,0.0611667,266.791,0.05,5
1987,11,0,4,14.5727,4150.53
428,11,0,4,14.5677,4125.17
429,11,0,4,14.5409,3995.16
1988,11,0,4,14.5124,3851.54
430,11,0,4,14.509,3834.28
1989,11,0,4,14.504,3809.19
432,11,0,4,14.4978,3779.12
435,11,0,4,14.4924,3752.53
431,11,0,4,14.4856,3718.73
439,11,0,4,14.4692,3637.64
436,11,0,4,14.4615,3599.27
936,11,0,5,14.8148,5337.56,0,0,0
1737,11,0,5,14.8026,5271.42
917,11,0,5,14.788,5197.25
916,11,0,5,14.7878,5196.34
906,11,0,5,14.7584,5048.42
889,11,0,5,14.7478,4993.18
888,11,0,5,14.7203,4854.56
887,11,0,5,14.7059,4774.73
2012,11,0,5,14.6813,4653.34
884,11,0,5,14.6769,4630.32
