Nodo,Individuo,Ruta,Segmento,Tiempo viaje,Costo viaje,Tiempo atencion,Costo atencion,Tasa fallo,Demanda
1307,0,0,0,15.0055,554.042,0.0428333,186.826,0.28,1
1303,0,0,0,14.9945,496.053
2021,0,0,0,14.9562,306.727
1791,0,0,0,14.9483,267.142
939,0,0,0,14.9315,182.874
940,0,0,0,14.9268,151.022
934,0,0,0,14.9073,42.0448
933,0,0,0,14.9006,2.93996
936,0,0,0,14.9,0
1336,0,0,1,15.1493,1263.92,0.0595,259.521,0.34,2
1792,0,0,1,15.1433,1232.8
1334,0,0,1,15.1338,1186.27
1335,0,0,1,15.1232,1136.04
1341,0,0,1,15.1153,1092.01
1315,0,0,1,15.0977,995.332
1314,0,0,1,15.082,911.668
1309,0,0,1,15.0814,908.797
1308,0,0,1,15.0616,808.959
1307,0,0,1,15.0484,740.869
999,0,0,2,15.3993,2503.53,0.0515,224.627,0.17,3
1002,0,0,2,15.3924,2466.7
1031,0,0,2,15.3782,2395.75
2031,0,0,2,15.3708,2358.75
2032,0,0,2,15.3704,2356.93
1053,0,0,2,15.3627,2318.47
1784,0,0,2,15.3595,2301.77
1066,0,0,2,15.3504,2254.95
1070,0,0,2,15.3398,2198.39
1849,0,0,2,15.3291,2144.14
1108,0,0,2,15.3178,2086.26
1107,0,0,2,15.3043,2016.15
2040,0,0,2,15.2936,1959.09
1783,0,0,2,15.2775,1875.04
1153,0,0,2,15.2703,1838.82
1154,0,0,2,15.2598,1782.55
1324,0,0,2,15.2547,1756.63
1325,0,0,2,15.2437,1702.32
2073,0,0,2,15.236,1664.53
1336,0,0,2,15.2088,1523.44
436,0,0,3,15.5603,3296.28,0.077,335.851,0.12,4
425,0,0,3,15.5538,3261.57
426,0,0,3,15.5492,3238.26
424,0,0,3,15.5473,3225.38
613,0,0,3,15.5426,3198.86
611,0,0,3,15.5376,3166.62
619,0,0,3,15.5197,3074.45
618,0,0,3,15.5173,3062.61
615,0,0,3,15.5158,3050.83
617,0,0,3,15.5123,3033.28
616,0,0,3,15.5047,2995.31
676,0,0,3,15.4985,2964.25
674,0,0,3,15.4874,2910.2
675,0,0,3,15.4809,2877.13
962,0,0,3,15.4684,2819.34
961,0,0,3,15.4636,2793.06
999,0,0,3,15.4508,2728.16
884,0,0,4,15.7767,4334.48,0.0453333,197.73,0.06,5
1987,0,0,4,15.7413,4153.1
428,0,0,4,15.7363,4127.73
429,0,0,4,15.7143,4017.4
1988,0,0,4,15.69,3891.37
430,0,0,4,15.6864,3873.19
1989,0,0,4,15.6775,3832.45
432,0,0,4,15.6725,3807.66
435,0,0,4,15.6672,3781.07
431,0,0,4,15.6604,3747.02
439,0,0,4,15.6462,3675.59
436,0,0,4,15.6373,3632.13
936,0,0,5,15.9466,5183.24,0,0,0
1737,0,0,5,15.9355,5121.97
917,0,0,5,15.922,5052.45
916,0,0,5,15.9219,5051.54
906,0,0,5,15.8986,4929.48
889,0,0,5,15.8861,4866.09
888,0,0,5,15.8661,4759.15
887,0,0,5,15.8494,4669.42
2012,0,0,5,15.8268,4556.38
884,0,0,5,15.8221,4532.22
1336,1,0,0,12.6879,764.587,0.0533333,232.624,0.21,1
1792,1,0,0,12.6804,727.242
1334,1,0,0,12.6731,689.424
1335,1,0,0,12.6624,639.192
1333,1,0,0,12.64,524.133
2163,1,0,0,12.6133,383.309
2023,1,0,0,12.5873,241.926
1787,1,0,0,12.5797,202.721
1788,1,0,0,12.5789,199.018
943,1,0,0,12.5595,103.973
934,1,0,0,12.5493,49.9245
933,1,0,0,12.5406,2.93996
936,1,0,0,12.54,0
999,1,0,1,12.942,2014.06,0.0941667,410.727,0.12,2
1002,1,0,1,12.9357,1980.01
1031,1,0,1,12.9212,1908.3
2031,1,0,1,12.9139,1871.31
2032,1,0,1,12.9135,1869.48
1053,1,0,1,12.9055,1829.69
1784,1,0,1,12.9022,1812.62
1069,1,0,1,12.8821,1710.61
1848,1,0,1,12.8763,1676.41
1847,1,0,1,12.8728,1656.77
1086,1,0,1,12.8691,1636.54
2036,1,0,1,12.8545,1563.64
1112,1,0,1,12.8509,1544.8
2041,1,0,1,12.8388,1483.73
2042,1,0,1,12.8194,1390.66
1564,1,0,1,12.809,1338.8
2107,1,0,1,12.8009,1297.3
1145,1,0,1,12.7943,1265.29
2053,1,0,1,12.7788,1187.98
2073,1,0,1,12.7705,1146.92
1336,1,0,1,12.7412,997.211
884,1,0,2,13.2425,3476.47,0.0738333,322.039,0.04,3
883,1,0,2,13.2151,3337.41
882,1,0,2,13.2037,3275.14
2155,1,0,2,13.2004,3258.42
2012,1,0,2,13.1797,3151.39
885,1,0,2,13.1725,3117.66
886,1,0,2,13.1485,2994.73
2013,1,0,2,13.1381,2942.72
2156,1,0,2,13.1374,2939.56
2011,1,0,2,13.1322,2912.2
891,1,0,2,13.1122,2806.31
893,1,0,2,13.106,2774.9
894,1,0,2,13.1023,2756.41
897,1,0,2,13.0823,2658.38
1028,1,0,2,13.0719,2605.96
1026,1,0,2,13.0598,2545.9
998,1,0,2,13.0552,2522.77
999,1,0,2,13.0361,2424.79
936,1,0,3,13.4487,4482.87,0,0,0
1737,1,0,3,13.4372,4419.65
917,1,0,3,13.4204,4336.41
916,1,0,3,13.4202,4335.5
906,1,0,3,13.3944,4202.41
889,1,0,3,13.3822,4140.49
888,1,0,3,13.3616,4030.98
887,1,0,3,13.3442,3938.3
2012,1,0,3,13.3205,3820.52
884,1,0,3,13.3163,3798.51
1307,1,1,0,15.0055,554.042,0.0428333,186.826,0.28,1
1303,1,1,0,14.9945,496.053
2021,1,1,0,14.9562,306.727
1791,1,1,0,14.9483,267.142
939,1,1,0,14.9315,182.874
940,1,1,0,14.9268,151.022
934,1,1,0,14.9073,42.0448
933,1,1,0,14.9006,2.93996
936,1,1,0,14.9,0
436,1,1,1,15.2733,1934.87,0.077,335.851,0.12,2
425,1,1,1,15.2667,1900.16
420,1,1,1,15.2556,1842.37
421,1,1,1,15.2515,1815.47
417,1,1,1,15.2473,1792.19
1989,1,1,1,15.2292,1699.52
2011,1,1,1,15.211,1604.42
2156,1,1,1,15.2063,1579.41
2013,1,1,1,15.2057,1576.26
886,1,1,1,15.195,1523.21
888,1,1,1,15.1769,1424.39
903,1,1,1,15.1678,1374.54
904,1,1,1,15.1637,1353.3
925,1,1,1,15.1404,1225.93
2019,1,1,1,15.1359,1202.53
929,1,1,1,15.1355,1200.54
938,1,1,1,15.1231,1132.9
950,1,1,1,15.1078,1054.74
951,1,1,1,15.1013,1021.01
949,1,1,1,15.0901,963.892
1302,1,1,1,15.0633,823.666
1307,1,1,1,15.0484,740.869
936,1,1,2,15.4775,2927.28,0,0,0
1737,1,1,2,15.4664,2866.02
917,1,1,2,15.4529,2796.49
916,1,1,2,15.4527,2795.59
919,1,1,2,15.447,2756.5
2017,1,1,2,15.447,2756.33
2014,1,1,2,15.446,2751.58
2015,1,1,2,15.4379,2710.87
910,1,1,2,15.4378,2710.38
909,1,1,2,15.4284,2663.7
898,1,1,2,15.4152,2597.12
897,1,1,2,15.4056,2548.74
877,1,1,2,15.3831,2437.89
878,1,1,2,15.3771,2407.18
879,1,1,2,15.3686,2363.29
437,1,1,2,15.3626,2332.96
439,1,1,2,15.3592,2314.19
436,1,1,2,15.3503,2270.72
884,2,0,0,13.3534,917.424,0.0738333,322.039,0.04,1
883,2,0,0,13.3261,778.363
882,2,0,0,13.3146,716.093
2155,2,0,0,13.3114,699.368
901,2,0,0,13.2844,552.187
902,2,0,0,13.2715,482.635
904,2,0,0,13.2582,411.663
925,2,0,0,13.2348,283.766
2019,2,0,0,13.2294,256.499
929,2,0,0,13.229,254.516
930,2,0,0,13.212,162.739
931,2,0,0,13.2,105.498
932,2,0,0,13.1861,30.6376
933,2,0,0,13.1806,2.93996
936,2,0,0,13.18,0
436,2,0,1,13.543,1838.69,0.0588333,256.613,0.14,2
425,2,0,1,13.5354,1799.87
420,2,0,1,13.5197,1722.71
421,2,0,1,13.5157,1695.93
417,2,0,1,13.5112,1671.45
1989,2,0,1,13.4947,1585.04
2011,2,0,1,13.4769,1491.85
2156,2,0,1,13.4717,1464.52
2013,2,0,1,13.471,1461.37
886,2,0,1,13.4591,1403.19
885,2,0,1,13.4372,1289.07
2012,2,0,1,13.4315,1261.47
884,2,0,1,13.4273,1239.46
999,2,0,2,13.6948,2561.25,0.056,244.255,0.15,3
961,2,0,2,13.6792,2484.18
962,2,0,2,13.6714,2445.48
675,2,0,2,13.6603,2393.37
674,2,0,2,13.6542,2362
669,2,0,2,13.6377,2278.09
673,2,0,2,13.6281,2229.32
438,2,0,2,13.6226,2201.63
437,2,0,2,13.6129,2152.43
439,2,0,2,13.609,2131.57
436,2,0,2,13.6018,2095.3
1336,2,0,3,13.9633,3875.04,0.0515,224.627,0.24,4
1792,2,0,3,13.957,3842.63
1334,2,0,3,13.949,3802.19
1325,2,0,3,13.9218,3663.75
1156,2,0,3,13.9127,3620.04
1155,2,0,3,13.8997,3553.72
2052,2,0,3,13.8944,3526.72
1782,2,0,3,13.8878,3492.98
2043,2,0,3,13.8748,3422.45
1111,2,0,3,13.8599,3348.01
1109,2,0,3,13.8425,3261.56
1848,2,0,3,13.8224,3167.05
1069,2,0,3,13.8145,3124.51
1784,2,0,3,13.7973,3035.04
1053,2,0,3,13.7934,3015.22
2032,2,0,3,13.783,2965.69
2031,2,0,3,13.7826,2963.86
1031,2,0,3,13.7727,2916.46
1002,2,0,3,13.7585,2845.73
999,2,0,3,13.7508,2805.51
1307,2,0,4,14.1436,4738.18,0.0546667,238.44,0.3,5
1308,2,0,4,14.1324,4678.61
1309,2,0,4,14.1141,4585.25
1314,2,0,4,14.1135,4582.38
1315,2,0,4,14.0754,4406.68
1341,2,0,4,14.0553,4299.2
1342,2,0,4,14.0467,4256.47
1334,2,0,4,14.0359,4200.59
1792,2,0,4,14.0235,4142.05
1336,2,0,4,14.0148,4099.67
936,2,0,5,14.3193,5599.34,0,0,0
933,2,0,5,14.3187,5596.4
934,2,0,5,14.3131,5558.75
935,2,0,5,14.3126,5556.14
2020,2,0,5,14.3016,5499.17
943,2,0,5,14.3007,5495.23
942,2,0,5,14.2933,5456.1
941,2,0,5,14.2814,5396.54
1790,2,0,5,14.265,5314.41
2022,2,0,5,14.2545,5263.51
2021,2,0,5,14.24,5192.08
1303,2,0,5,14.2073,5025.93
1307,2,0,5,14.1983,4976.62
1336,3,0,0,13.9645,750.638,0.0515,224.627,0.24,1
1792,3,0,0,13.9582,718.22
1334,3,0,0,13.9502,677.786
1335,3,0,0,13.9396,627.554
1333,3,0,0,13.9225,535.212
2163,3,0,0,13.8942,387.56
2023,3,0,0,13.8645,230.349
1787,3,0,0,13.8564,189.064
1788,3,0,0,13.8556,185.36
943,3,0,0,13.8397,104.713
934,3,0,0,13.8309,56.8666
933,3,0,0,13.8206,2.93996
936,3,0,0,13.82,0
999,3,0,1,14.2118,1974.88,0.0648333,282.783,0.16,2
1002,3,0,1,14.2077,1946.81
1031,3,0,1,14.1948,1881.54
2031,3,0,1,14.1874,1844.55
2032,3,0,1,14.187,1842.72
1053,3,0,1,14.1794,1804.83
1784,3,0,1,14.176,1787.08
1069,3,0,1,14.155,1681.28
1848,3,0,1,14.1492,1647.03
1109,3,0,1,14.1404,1599.43
1113,3,0,1,14.1333,1564.19
2036,3,0,1,14.1258,1527.29
1112,3,0,1,14.1221,1508.45
2041,3,0,1,14.1084,1440.18
2042,3,0,1,14.095,1372.09
1564,3,0,1,14.0837,1316.47
2107,3,0,1,14.0735,1266.56
1145,3,0,1,14.0668,1233.89
2053,3,0,1,14.0537,1166.9
2073,3,0,1,14.0462,1128.76
1336,3,0,1,14.016,975.265
436,3,0,2,14.396,2864.92,0.038,165.745,0.13,3
425,3,0,2,14.3895,2830.54
426,3,0,2,14.3844,2804.99
424,3,0,2,14.3824,2791.98
613,3,0,2,14.3748,2753.05
611,3,0,2,14.3689,2719.61
619,3,0,2,14.351,2627.45
618,3,0,2,14.3487,2615.68
615,3,0,2,14.3472,2603.89
617,3,0,2,14.3437,2586.34
616,3,0,2,14.3371,2552.41
676,3,0,2,14.3309,2521.35
674,3,0,2,14.316,2451.7
675,3,0,2,14.3094,2418.62
962,3,0,2,14.3008,2376.53
961,3,0,2,14.2934,2339.48
999,3,0,2,14.2766,2257.67
884,3,0,3,14.5881,3794.92,0.0611667,266.791,0.05,4
1987,3,0,3,14.5452,3581.93
428,3,0,3,14.5401,3556.56
429,3,0,3,14.5134,3426.55
1988,3,0,3,14.4848,3282.93
430,3,0,3,14.4815,3265.67
1989,3,0,3,14.4764,3240.59
432,3,0,3,14.4702,3210.51
435,3,0,3,14.4649,3183.92
431,3,0,3,14.4581,3150.12
439,3,0,3,14.4416,3069.03
436,3,0,3,14.434,3030.67
936,3,0,4,14.7872,4768.95,0,0,0
1737,3,0,4,14.775,4702.81
917,3,0,4,14.7604,4628.64
916,3,0,4,14.7603,4627.73
906,3,0,4,14.7308,4479.81
889,3,0,4,14.7202,4424.57
888,3,0,4,14.6928,4285.96
887,3,0,4,14.6784,4206.12
2012,3,0,4,14.6538,4084.73
884,3,0,4,14.6493,4061.71
1307,3,1,0,15.0855,554.042,0.0428333,186.826,0.28,1
1303,3,1,0,15.0745,496.053
2021,3,1,0,15.0362,306.727
1791,3,1,0,15.0283,267.142
939,3,1,0,15.0115,182.874
940,3,1,0,15.0068,151.022
934,3,1,0,14.9873,42.0448
933,3,1,0,14.9806,2.93996
936,3,1,0,14.98,0
936,3,1,1,15.2375,1313.23,0,0,0
933,3,1,1,15.2369,1310.29
934,3,1,1,15.2314,1272.64
935,3,1,1,15.2308,1270.04
2020,3,1,1,15.2198,1213.06
943,3,1,1,15.2189,1209.13
942,3,1,1,15.2111,1168.06
941,3,1,1,15.1995,1109.91
1790,3,1,1,15.1867,1042.74
2022,3,1,1,15.1762,991.844
2021,3,1,1,15.1659,938.155
1303,3,1,1,15.1441,818.443
1307,3,1,1,15.1284,740.869
1307,4,0,0,14.3755,554.042,0.0546667,238.44,0.3,1
1303,4,0,0,14.3645,496.053
2021,4,0,0,14.3262,306.727
1791,4,0,0,14.3183,267.142
939,4,0,0,14.3015,182.874
940,4,0,0,14.2968,151.022
934,4,0,0,14.2773,42.0448
933,4,0,0,14.2706,2.93996
936,4,0,0,14.27,0
1336,4,0,1,14.5411,1357.19,0.0633333,276.241,0.28,2
1792,4,0,1,14.5328,1316.37
1334,4,0,1,14.523,1268.49
1335,4,0,1,14.5124,1218.26
1341,4,0,1,14.5038,1171.29
1315,4,0,1,14.4864,1075.52
1314,4,0,1,14.4663,973.405
1309,4,0,1,14.4657,970.535
1308,4,0,1,14.4494,885.27
1307,4,0,1,14.4302,792.482
999,4,0,2,14.8002,2633.05,0.0648333,282.783,0.16,3
1002,4,0,2,14.7961,2604.98
1031,4,0,2,14.7832,2539.71
2031,4,0,2,14.7759,2502.72
2032,4,0,2,14.7755,2500.89
1053,4,0,2,14.7679,2463
1784,4,0,2,14.7645,2445.25
1069,4,0,2,14.7434,2339.45
1848,4,0,2,14.7376,2305.2
1109,4,0,2,14.7288,2257.6
1113,4,0,2,14.7217,2222.36
2036,4,0,2,14.7142,2185.46
1112,4,0,2,14.7106,2166.62
2041,4,0,2,14.6968,2098.35
2042,4,0,2,14.6834,2030.26
1564,4,0,2,14.6721,1974.64
2107,4,0,2,14.662,1924.73
1145,4,0,2,14.6552,1892.06
2053,4,0,2,14.6422,1825.07
2073,4,0,2,14.6346,1786.93
1336,4,0,2,14.6044,1633.44
436,4,0,3,14.9844,3523.09,0.038,165.745,0.13,4
425,4,0,3,14.9779,3488.71
426,4,0,3,14.9729,3463.16
424,4,0,3,14.9708,3450.15
613,4,0,3,14.9632,3411.22
611,4,0,3,14.9574,3377.78
619,4,0,3,14.9395,3285.62
618,4,0,3,14.9371,3273.85
615,4,0,3,14.9356,3262.06
617,4,0,3,14.9321,3244.51
616,4,0,3,14.9255,3210.58
676,4,0,3,14.9193,3179.52
674,4,0,3,14.9044,3109.87
675,4,0,3,14.8978,3076.79
962,4,0,3,14.8892,3034.7
961,4,0,3,14.8819,2997.65
999,4,0,3,14.865,2915.84
884,4,0,4,15.1618,4391.19,0.0453333,197.73,0.06,5
1987,4,0,4,15.1264,4209.8
428,4,0,4,15.1214,4184.43
429,4,0,4,15.0994,4074.1
1988,4,0,4,15.075,3948.08
430,4,0,4,15.0715,3929.9
1989,4,0,4,15.0626,3889.15
432,4,0,4,15.0576,3864.36
435,4,0,4,15.0523,3837.77
431,4,0,4,15.0454,3803.72
439,4,0,4,15.0313,3732.3
436,4,0,4,15.0224,3688.83
936,4,0,5,15.3317,5239.94,0,0,0
1737,4,0,5,15.3206,5178.68
917,4,0,5,15.3071,5109.15
916,4,0,5,15.3069,5108.24
906,4,0,5,15.2836,4986.19
889,4,0,5,15.2711,4922.79
888,4,0,5,15.2512,4815.85
887,4,0,5,15.2344,4726.13
2012,4,0,5,15.2119,4613.09
884,4,0,5,15.2071,4588.92
1336,5,0,0,12.6179,764.587,0.0533333,232.624,0.21,1
1792,5,0,0,12.6104,727.242
1334,5,0,0,12.6031,689.424
1335,5,0,0,12.5924,639.192
1333,5,0,0,12.57,524.133
2163,5,0,0,12.5433,383.309
2023,5,0,0,12.5173,241.926
1787,5,0,0,12.5097,202.721
1788,5,0,0,12.5089,199.018
943,5,0,0,12.4895,103.973
934,5,0,0,12.4793,49.9245
933,5,0,0,12.4706,2.93996
936,5,0,0,12.47,0
999,5,0,1,12.872,2014.06,0.0941667,410.727,0.12,2
1002,5,0,1,12.8657,1980.01
1031,5,0,1,12.8512,1908.3
2031,5,0,1,12.8439,1871.31
2032,5,0,1,12.8435,1869.48
1053,5,0,1,12.8355,1829.69
1784,5,0,1,12.8322,1812.62
1069,5,0,1,12.8121,1710.61
1848,5,0,1,12.8063,1676.41
1847,5,0,1,12.8028,1656.77
1086,5,0,1,12.7991,1636.54
2036,5,0,1,12.7845,1563.64
1112,5,0,1,12.7809,1544.8
2041,5,0,1,12.7688,1483.73
2042,5,0,1,12.7494,1390.66
1564,5,0,1,12.739,1338.8
2107,5,0,1,12.7309,1297.3
1145,5,0,1,12.7243,1265.29
2053,5,0,1,12.7088,1187.98
2073,5,0,1,12.7005,1146.92
1336,5,0,1,12.6712,997.211
436,5,0,2,13.0718,3005.31,0.0588333,256.613,0.14,3
425,5,0,2,13.0647,2968.23
426,5,0,2,13.0598,2943.28
424,5,0,2,13.0574,2929.57
613,5,0,2,13.0544,2904.59
611,5,0,2,13.0489,2871.69
609,5,0,2,13.0469,2853.9
628,5,0,2,13.037,2779.89
615,5,0,2,13.0314,2749.24
617,5,0,2,13.0279,2731.69
616,5,0,2,13.0185,2686.21
676,5,0,2,13.0124,2655.15
674,5,0,2,12.9982,2588.46
675,5,0,2,12.9916,2555.38
962,5,0,2,12.9851,2522.25
961,5,0,2,12.9772,2482.83
999,5,0,2,12.9661,2424.79
884,5,0,3,13.2794,4003.28,0.0738333,322.039,0.04,4
1987,5,0,3,13.2415,3811.28
428,5,0,3,13.2365,3785.91
429,5,0,3,13.2114,3662.84
1988,5,0,3,13.185,3528.18
430,5,0,3,13.1814,3510.01
1989,5,0,3,13.1762,3484.27
432,5,0,3,13.172,3462.26
435,5,0,3,13.1666,3435.67
431,5,0,3,13.1594,3399.93
439,5,0,3,13.1379,3298.19
436,5,0,3,13.1307,3261.92
936,5,0,4,13.4857,5009.69,0,0,0
1737,5,0,4,13.4742,4946.46
917,5,0,4,13.4574,4863.22
916,5,0,4,13.4572,4862.31
906,5,0,4,13.4313,4729.22
889,5,0,4,13.4192,4667.3
888,5,0,4,13.3986,4557.79
887,5,0,4,13.3812,4465.11
2012,5,0,4,13.3575,4347.33
884,5,0,4,13.3533,4325.32
1307,5,1,0,15.0855,554.042,0.0428333,186.826,0.28,1
1303,5,1,0,15.0745,496.053
2021,5,1,0,15.0362,306.727
1791,5,1,0,15.0283,267.142
939,5,1,0,15.0115,182.874
940,5,1,0,15.0068,151.022
934,5,1,0,14.9873,42.0448
933,5,1,0,14.9806,2.93996
936,5,1,0,14.98,0
936,5,1,1,15.2375,1313.23,0,0,0
933,5,1,1,15.2369,1310.29
934,5,1,1,15.2314,1272.64
935,5,1,1,15.2308,1270.04
2020,5,1,1,15.2198,1213.06
943,5,1,1,15.2189,1209.13
942,5,1,1,15.2111,1168.06
941,5,1,1,15.1995,1109.91
1790,5,1,1,15.1867,1042.74
2022,5,1,1,15.1762,991.844
2021,5,1,1,15.1659,938.155
1303,5,1,1,15.1441,818.443
1307,5,1,1,15.1284,740.869
1336,6,0,0,12.8279,764.587,0.0533333,232.624,0.21,1
1792,6,0,0,12.8204,727.242
1334,6,0,0,12.8131,689.424
1335,6,0,0,12.8024,639.192
1333,6,0,0,12.78,524.133
2163,6,0,0,12.7533,383.309
2023,6,0,0,12.7273,241.926
1787,6,0,0,12.7197,202.721
1788,6,0,0,12.7189,199.018
943,6,0,0,12.6995,103.973
934,6,0,0,12.6893,49.9245
933,6,0,0,12.6806,2.93996
936,6,0,0,12.68,0
999,6,0,1,13.082,2014.06,0.056,244.255,0.15,2
1002,6,0,1,13.0757,1980.01
1031,6,0,1,13.0612,1908.3
2031,6,0,1,13.0539,1871.31
2032,6,0,1,13.0535,1869.48
1053,6,0,1,13.0455,1829.69
1784,6,0,1,13.0422,1812.62
1069,6,0,1,13.0221,1710.61
1848,6,0,1,13.0163,1676.41
1847,6,0,1,13.0128,1656.77
1086,6,0,1,13.0091,1636.54
2036,6,0,1,12.9945,1563.64
1112,6,0,1,12.9909,1544.8
2041,6,0,1,12.9788,1483.73
2042,6,0,1,12.9594,1390.66
1564,6,0,1,12.949,1338.8
2107,6,0,1,12.9409,1297.3
1145,6,0,1,12.9343,1265.29
2053,6,0,1,12.9188,1187.98
2073,6,0,1,12.9105,1146.92
1336,6,0,1,12.8812,997.211
436,6,0,2,13.2491,2856.62,0.0588333,256.613,0.14,3
425,6,0,2,13.2416,2817.81
426,6,0,2,13.2353,2787.07
424,6,0,2,13.233,2773.64
613,6,0,2,13.225,2733.27
611,6,0,2,13.2181,2695.38
609,6,0,2,13.2162,2677.54
628,6,0,2,13.2063,2603.53
615,6,0,2,13.2015,2575.55
617,6,0,2,13.198,2558
616,6,0,2,13.1903,2519.79
676,6,0,2,13.1842,2488.72
674,6,0,2,13.1737,2437.23
675,6,0,2,13.1671,2404.16
962,6,0,2,13.1567,2354.79
961,6,0,2,13.1513,2325.66
999,6,0,2,13.138,2258.32
884,6,0,3,13.4567,3854.6,0.0738333,322.039,0.04,4
1987,6,0,3,13.4188,3662.59
428,6,0,3,13.4138,3637.22
429,6,0,3,13.3887,3514.15
1988,6,0,3,13.3623,3379.49
430,6,0,3,13.3587,3361.32
1989,6,0,3,13.3535,3335.59
432,6,0,3,13.3493,3313.57
435,6,0,3,13.3439,3286.98
431,6,0,3,13.3367,3251.25
439,6,0,3,13.3152,3149.5
436,6,0,3,13.308,3113.24
936,6,0,4,13.663,4861,0,0,0
1737,6,0,4,13.6515,4797.77
917,6,0,4,13.6347,4714.53
916,6,0,4,13.6345,4713.63
906,6,0,4,13.6086,4580.54
889,6,0,4,13.5965,4518.62
888,6,0,4,13.5759,4409.11
887,6,0,4,13.5585,4316.43
2012,6,0,4,13.5348,4198.65
884,6,0,4,13.5306,4176.64
1307,6,1,0,15.0255,554.042,0.0428333,186.826,0.28,1
1303,6,1,0,15.0145,496.053
2021,6,1,0,14.9762,306.727
1791,6,1,0,14.9683,267.142
939,6,1,0,14.9515,182.874
940,6,1,0,14.9468,151.022
934,6,1,0,14.9273,42.0448
933,6,1,0,14.9206,2.93996
936,6,1,0,14.92,0
936,6,1,1,15.1775,1313.23,0,0,0
933,6,1,1,15.1769,1310.29
934,6,1,1,15.1714,1272.64
935,6,1,1,15.1708,1270.04
2020,6,1,1,15.1598,1213.06
943,6,1,1,15.1589,1209.13
942,6,1,1,15.1511,1168.06
941,6,1,1,15.1395,1109.91
1790,6,1,1,15.1267,1042.74
2022,6,1,1,15.1162,991.844
2021,6,1,1,15.1059,938.155
1303,6,1,1,15.0841,818.443
1307,6,1,1,15.0684,740.869
1336,7,0,0,12.8879,764.587,0.0533333,232.624,0.21,1
1792,7,0,0,12.8804,727.242
1334,7,0,0,12.8731,689.424
1335,7,0,0,12.8624,639.192
1333,7,0,0,12.84,524.133
2163,7,0,0,12.8133,383.309
2023,7,0,0,12.7873,241.926
1787,7,0,0,12.7797,202.721
1788,7,0,0,12.7789,199.018
943,7,0,0,12.7595,103.973
934,7,0,0,12.7493,49.9245
933,7,0,0,12.7406,2.93996
936,7,0,0,12.74,0
1307,7,0,1,13.0496,1551.85,0.0495,215.904,0.34,2
1308,7,0,1,13.038,1490.8
1309,7,0,1,13.0205,1400.7
1314,7,0,1,13.02,1397.83
1315,7,0,1,13.007,1325.89
1341,7,0,1,12.9826,1200.6
1342,7,0,1,12.974,1157.87
1334,7,0,1,12.9618,1095.73
1792,7,0,1,12.9493,1037.19
1336,7,0,1,12.9412,997.211
884,7,0,2,13.3094,2884.57,0.0738333,322.039,0.04,3
883,7,0,2,13.2821,2745.5
882,7,0,2,13.2706,2683.23
2155,7,0,2,13.2673,2666.51
901,7,0,2,13.2404,2519.33
902,7,0,2,13.2274,2449.78
904,7,0,2,13.2142,2378.8
925,7,0,2,13.1907,2250.91
2019,7,0,2,13.1853,2223.64
929,7,0,2,13.1849,2221.66
938,7,0,2,13.1729,2155.81
950,7,0,2,13.1594,2085.25
951,7,0,2,13.1524,2049.53
949,7,0,2,13.1414,1993.05
1302,7,0,2,13.1224,1886.33
1307,7,0,2,13.0991,1767.76
436,7,0,3,13.4989,3805.83,0.0588333,256.613,0.14,4
425,7,0,3,13.4914,3767.02
420,7,0,3,13.4757,3689.85
421,7,0,3,13.4717,3663.07
417,7,0,3,13.4672,3638.59
1989,7,0,3,13.4506,3552.18
2011,7,0,3,13.4329,3458.99
2156,7,0,3,13.4276,3431.66
2013,7,0,3,13.4269,3428.51
886,7,0,3,13.415,3370.33
885,7,0,3,13.3931,3256.21
2012,7,0,3,13.3874,3228.61
884,7,0,3,13.3832,3206.6
999,7,0,4,13.6508,4528.39,0.056,244.255,0.15,5
961,7,0,4,13.6351,4451.32
962,7,0,4,13.6274,4412.62
675,7,0,4,13.6163,4360.51
674,7,0,4,13.6101,4329.15
669,7,0,4,13.5936,4245.23
673,7,0,4,13.5841,4196.46
438,7,0,4,13.5785,4168.77
437,7,0,4,13.5688,4119.57
439,7,0,4,13.5649,4098.71
436,7,0,4,13.5578,4062.44
936,7,0,5,13.8288,5401.61,0,0,0
1737,7,0,5,13.8173,5338.38
917,7,0,5,13.8005,5255.15
916,7,0,5,13.8003,5254.24
919,7,0,5,13.7946,5215.15
2017,7,0,5,13.7945,5214.98
2014,7,0,5,13.7935,5209.96
2015,7,0,5,13.7854,5169.25
910,7,0,5,13.7853,5168.76
909,7,0,5,13.777,5126.62
1051,7,0,5,13.7671,5076.46
1025,7,0,5,13.7549,5015.16
1029,7,0,5,13.741,4945.8
1026,7,0,5,13.7304,4893.76
998,7,0,5,13.7259,4870.63
999,7,0,5,13.7068,4772.65
884,8,0,0,12.2093,985.1,0.115333,503.049,0.04,1
883,8,0,0,12.18,837.705
882,8,0,0,12.1669,768.2
2155,8,0,0,12.1636,751.641
901,8,0,0,12.128,567.326
902,8,0,0,12.1155,499.78
904,8,0,0,12.1024,429.227
925,8,0,0,12.0788,300.744
2019,8,0,0,12.0734,273.424
929,8,0,0,12.0729,271.441
930,8,0,0,12.0529,166.74
931,8,0,0,12.0402,106.514
932,8,0,0,12.0258,29.1229
933,8,0,0,12.0206,2.93996
936,8,0,0,12.02,0
436,8,0,1,12.4409,2088.05,0.0958333,417.996,0.13,2
425,8,0,1,12.4337,2050.97
420,8,0,1,12.422,1990.24
421,8,0,1,12.4174,1962.75
417,8,0,1,12.4124,1936.03
1989,8,0,1,12.394,1841.82
2011,8,0,1,12.3747,1742.11
2156,8,0,1,12.3692,1714.07
2013,8,0,1,12.3686,1710.91
886,8,0,1,12.3604,1668.31
885,8,0,1,12.3348,1538.68
2012,8,0,1,12.3291,1511.08
884,8,0,1,12.3247,1488.15
999,8,0,2,12.6426,3026,0.0941667,410.727,0.12,3
961,8,0,2,12.6301,2961.84
962,8,0,2,12.6224,2923.15
675,8,0,2,12.6137,2881.1
674,8,0,2,12.6034,2832.53
669,8,0,2,12.5823,2729.74
673,8,0,2,12.5697,2668.55
672,8,0,2,12.5613,2627.67
610,8,0,2,12.5508,2578.28
436,8,0,2,12.5367,2506.04
1336,8,0,3,12.9427,4485.3,0.0533333,232.624,0.21,4
1792,8,0,3,12.9353,4447.95
1334,8,0,3,12.9279,4410.13
1325,8,0,3,12.9007,4271.7
1156,8,0,3,12.8935,4235.68
1155,8,0,3,12.8801,4168.11
2052,8,0,3,12.8746,4140.1
1782,8,0,3,12.8678,4105.73
2043,8,0,3,12.8592,4047
1111,8,0,3,12.8464,3981.39
1109,8,0,3,12.8285,3892.99
1848,8,0,3,12.8084,3798.48
1069,8,0,3,12.8007,3756.73
1784,8,0,3,12.7845,3671.18
1053,8,0,3,12.781,3653.33
2032,8,0,3,12.7722,3610.5
2031,8,0,3,12.7718,3608.68
1031,8,0,3,12.7624,3562.86
1002,8,0,3,12.7458,3482.48
999,8,0,3,12.7368,3436.73
1307,8,0,4,13.1044,5272.56,0.0495,215.904,0.34,5
1308,8,0,4,13.0928,5211.51
1309,8,0,4,13.0753,5121.41
1314,8,0,4,13.0748,5118.54
1315,8,0,4,13.0618,5046.6
1341,8,0,4,13.0374,4921.31
1342,8,0,4,13.0288,4878.58
1334,8,0,4,13.0166,4816.44
1792,8,0,4,13.0041,4757.9
1336,8,0,4,12.996,4717.92
936,8,0,5,13.275,6111.7,0,0,0
933,8,0,5,13.2744,6108.76
934,8,0,5,13.2689,6071.11
935,8,0,5,13.2683,6068.5
2020,8,0,5,13.2573,6011.53
943,8,0,5,13.2565,6007.59
942,8,0,5,13.2479,5963.63
941,8,0,5,13.236,5903.97
1790,8,0,5,13.2189,5819.11
2022,8,0,5,13.2084,5768.21
2021,8,0,5,13.1957,5704.03
1303,8,0,5,13.1628,5537.11
1307,8,0,5,13.1539,5488.47
884,9,0,0,14.4183,938.52,0.0611667,266.791,0.05,1
883,9,0,0,14.3859,777.951
882,9,0,0,14.3727,708.309
2155,9,0,0,14.3692,690.597
901,9,0,0,14.3378,524.626
902,9,0,0,14.3249,454.953
904,9,0,0,14.3118,384.906
925,9,0,0,14.2903,265.332
2019,9,0,0,14.2851,239.037
929,9,0,0,14.2847,237.053
930,9,0,0,14.2644,130.978
931,9,0,0,14.2592,102.033
932,9,0,0,14.245,25.8242
933,9,0,0,14.2406,2.93996
936,9,0,0,14.24,0
436,9,0,1,14.598,1816.23,0.038,165.745,0.13,2
425,9,0,1,14.5915,1781.85
420,9,0,1,14.577,1709.7
421,9,0,1,14.573,1682.88
417,9,0,1,14.5689,1660.21
1989,9,0,1,14.551,1568.29
2011,9,0,1,14.5308,1464.73
2156,9,0,1,14.5251,1435.43
2013,9,0,1,14.5244,1432.28
886,9,0,1,14.5141,1380.66
885,9,0,1,14.4897,1255.93
2012,9,0,1,14.484,1228.33
884,9,0,1,14.4795,1205.31
999,9,0,2,14.7331,2469.37,0.0648333,282.783,0.16,3
961,9,0,2,14.7149,2381.87
962,9,0,2,14.7072,2343.18
675,9,0,2,14.6974,2296.4
674,9,0,2,14.6925,2270.37
676,9,0,2,14.6885,2243.04
616,9,0,2,14.6819,2210.39
606,9,0,2,14.6618,2111.68
610,9,0,2,14.6501,2054.36
436,9,0,2,14.636,1981.97
1336,9,0,3,14.988,3741.42,0.0633333,276.241,0.28,4
1792,9,0,3,14.9797,3700.6
1334,9,0,3,14.9699,3652.71
1325,9,0,3,14.9453,3525.25
1156,9,0,3,14.9378,3488.14
1155,9,0,3,14.9262,3427.72
2052,9,0,3,14.9212,3401.84
1782,9,0,3,14.9148,3369.23
2043,9,0,3,14.9062,3310.49
1111,9,0,3,14.8961,3256.31
1110,9,0,3,14.8902,3226.45
1113,9,0,3,14.876,3153.17
1847,9,0,3,14.8673,3105.9
1068,9,0,3,14.8567,3051.77
1785,9,0,3,14.8518,3026.31
1053,9,0,3,14.835,2938.88
2032,9,0,3,14.8256,2893.36
2031,9,0,3,14.8252,2891.54
1031,9,0,3,14.8171,2851.24
1002,9,0,3,14.8042,2785.93
999,9,0,3,14.798,2752.15
1307,9,0,4,15.1632,4587.33,0.0428333,186.826,0.28,5
1308,9,0,4,15.149,4515.06
1309,9,0,4,15.1295,4416.83
1314,9,0,4,15.129,4413.96
1315,9,0,4,15.1086,4310.56
1341,9,0,4,15.0891,4205.84
1342,9,0,4,15.0805,4163.11
1334,9,0,4,15.0695,4106.38
1792,9,0,4,15.0571,4047.85
1336,9,0,4,15.0513,4017.66
936,9,0,5,15.3151,5346.52,0,0,0
933,9,0,5,15.3145,5343.58
934,9,0,5,15.309,5305.93
935,9,0,5,15.3085,5303.32
2020,9,0,5,15.2974,5246.35
943,9,0,5,15.2966,5242.41
942,9,0,5,15.2887,5201.34
941,9,0,5,15.2772,5143.19
1790,9,0,5,15.2643,5076.02
2022,9,0,5,15.2538,5025.13
2021,9,0,5,15.2436,4971.44
1303,9,0,5,15.2218,4851.73
1307,9,0,5,15.206,4774.15
1336,10,0,0,12.6879,764.587,0.0533333,232.624,0.21,1
1792,10,0,0,12.6804,727.242
1334,10,0,0,12.6731,689.424
1335,10,0,0,12.6624,639.192
1333,10,0,0,12.64,524.133
2163,10,0,0,12.6133,383.309
2023,10,0,0,12.5873,241.926
1787,10,0,0,12.5797,202.721
1788,10,0,0,12.5789,199.018
943,10,0,0,12.5595,103.973
934,10,0,0,12.5493,49.9245
933,10,0,0,12.5406,2.93996
936,10,0,0,12.54,0
999,10,0,1,12.942,2014.06,0.0941667,410.727,0.12,2
1002,10,0,1,12.9357,1980.01
1031,10,0,1,12.9212,1908.3
2031,10,0,1,12.9139,1871.31
2032,10,0,1,12.9135,1869.48
1053,10,0,1,12.9055,1829.69
1784,10,0,1,12.9022,1812.62
1069,10,0,1,12.8821,1710.61
1848,10,0,1,12.8763,1676.41
1847,10,0,1,12.8728,1656.77
1086,10,0,1,12.8691,1636.54
2036,10,0,1,12.8545,1563.64
1112,10,0,1,12.8509,1544.8
2041,10,0,1,12.8388,1483.73
2042,10,0,1,12.8194,1390.66
1564,10,0,1,12.809,1338.8
2107,10,0,1,12.8009,1297.3
1145,10,0,1,12.7943,1265.29
2053,10,0,1,12.7788,1187.98
2073,10,0,1,12.7705,1146.92
1336,10,0,1,12.7412,997.211
436,10,0,2,13.1473,3023.09,0.0588333,256.613,0.14,3
425,10,0,2,13.1398,2984.28
426,10,0,2,13.1335,2953.54
424,10,0,2,13.1312,2940.11
613,10,0,2,13.1232,2899.74
611,10,0,2,13.1163,2861.85
609,10,0,2,13.1143,2844.01
628,10,0,2,13.1045,2770
615,10,0,2,13.0996,2742.02
617,10,0,2,13.0962,2724.48
616,10,0,2,13.0885,2686.26
676,10,0,2,13.0823,2655.2
674,10,0,2,13.0719,2603.7
675,10,0,2,13.0653,2570.63
962,10,0,2,13.0549,2521.27
961,10,0,2,13.0494,2492.13
999,10,0,2,13.0361,2424.79
884,10,0,3,13.3549,4021.07,0.0738333,322.039,0.04,4
1987,10,0,3,13.317,3829.06
428,10,0,3,13.312,3803.69
429,10,0,3,13.2869,3680.62
1988,10,0,3,13.2605,3545.96
430,10,0,3,13.2569,3527.8
1989,10,0,3,13.2517,3502.06
432,10,0,3,13.2474,3480.04
435,10,0,3,13.2421,3453.45
431,10,0,3,13.2348,3417.72
439,10,0,3,13.2133,3315.97
436,10,0,3,13.2061,3279.71
936,10,0,4,13.5612,5027.47,0,0,0
1737,10,0,4,13.5497,4964.24
917,10,0,4,13.5329,4881
916,10,0,4,13.5327,4880.1
906,10,0,4,13.5068,4747.01
889,10,0,4,13.4947,4685.09
888,10,0,4,13.4741,4575.58
887,10,0,4,13.4567,4482.9
2012,10,0,4,13.433,4365.12
884,10,0,4,13.4287,4343.11
1307,10,1,0,15.0055,554.042,0.0428333,186.826,0.28,1
1303,10,1,0,14.9945,496.053
2021,10,1,0,14.9562,306.727
1791,10,1,0,14.9483,267.142
939,10,1,0,14.9315,182.874
940,10,1,0,14.9268,151.022
934,10,1,0,14.9073,42.0448
933,10,1,0,14.9006,2.93996
936,10,1,0,14.9,0
936,10,1,1,15.1575,1313.23,0,0,0
933,10,1,1,15.1569,1310.29
934,10,1,1,15.1514,1272.64
935,10,1,1,15.1508,1270.04
2020,10,1,1,15.1398,1213.06
943,10,1,1,15.1389,1209.13
942,10,1,1,15.1311,1168.06
941,10,1,1,15.1195,1109.91
1790,10,1,1,15.1067,1042.74
2022,10,1,1,15.0962,991.844
2021,10,1,1,15.0859,938.155
1303,10,1,1,15.0641,818.443
1307,10,1,1,15.0484,740.869
1336,11,0,0,12.4879,764.587,0.0533333,232.624,0.21,1
1792,11,0,0,12.4804,727.242
1334,11,0,0,12.4731,689.424
1335,11,0,0,12.4624,639.192
1333,11,0,0,12.44,524.133
2163,11,0,0,12.4133,383.309
2023,11,0,0,12.3873,241.926
1787,11,0,0,12.3797,202.721
1788,11,0,0,12.3789,199.018
943,11,0,0,12.3595,103.973
934,11,0,0,12.3493,49.9245
933,11,0,0,12.3406,2.93996
936,11,0,0,12.34,0
999,11,0,1,12.742,2014.06,0.0941667,410.727,0.12,2
1002,11,0,1,12.7357,1980.01
1031,11,0,1,12.7212,1908.3
2031,11,0,1,12.7139,1871.31
2032,11,0,1,12.7135,1869.48
1053,11,0,1,12.7055,1829.69
1784,11,0,1,12.7022,1812.62
1069,11,0,1,12.6821,1710.61
1848,11,0,1,12.6763,1676.41
1847,11,0,1,12.6728,1656.77
1086,11,0,1,12.6691,1636.54
2036,11,0,1,12.6545,1563.64
1112,11,0,1,12.6509,1544.8
2041,11,0,1,12.6388,1483.73
2042,11,0,1,12.6194,1390.66
1564,11,0,1,12.609,1338.8
2107,11,0,1,12.6009,1297.3
1145,11,0,1,12.5943,1265.29
2053,11,0,1,12.5788,1187.98
2073,11,0,1,12.5705,1146.92
1336,11,0,1,12.5412,997.211
436,11,0,2,12.9418,3005.31,0.0958333,417.996,0.13,3
425,11,0,2,12.9347,2968.23
426,11,0,2,12.9298,2943.28
424,11,0,2,12.9274,2929.57
613,11,0,2,12.9244,2904.59
611,11,0,2,12.9189,2871.69
609,11,0,2,12.9169,2853.9
628,11,0,2,12.907,2779.89
615,11,0,2,12.9014,2749.24
617,11,0,2,12.8979,2731.69
616,11,0,2,12.8885,2686.21
676,11,0,2,12.8823,2655.15
674,11,0,2,12.8682,2588.46
675,11,0,2,12.8616,2555.38
962,11,0,2,12.8551,2522.25
961,11,0,2,12.8472,2482.83
999,11,0,2,12.8361,2424.79
884,11,0,3,13.1865,4164.67,0.0738333,322.039,0.04,4
1987,11,0,3,13.1485,3972.66
428,11,0,3,13.1435,3947.29
429,11,0,3,13.1184,3824.22
1988,11,0,3,13.092,3689.56
430,11,0,3,13.0884,3671.39
1989,11,0,3,13.0832,3645.65
432,11,0,3,13.079,3623.64
435,11,0,3,13.0736,3597.05
431,11,0,3,13.0664,3561.32
439,11,0,3,13.0449,3459.57
436,11,0,3,13.0377,3423.3
936,11,0,4,13.3927,5171.07,0,0,0
1737,11,0,4,13.3812,5107.84
917,11,0,4,13.3644,5024.6
916,11,0,4,13.3642,5023.69
906,11,0,4,13.3383,4890.6
889,11,0,4,13.3262,4828.69
888,11,0,4,13.3056,4719.17
887,11,0,4,13.2882,4626.5
2012,11,0,4,13.2645,4508.71
884,11,0,4,13.2603,4486.71
1307,11,1,0,15.0955,554.042,0.0428333,186.826,0.28,1
1303,11,1,0,15.0845,496.053
2021,11,1,0,15.0462,306.727
1791,11,1,0,15.0383,267.142
939,11,1,0,15.0215,182.874
940,11,1,0,15.0168,151.022
934,11,1,0,14.9973,42.0448
933,11,1,0,14.9906,2.93996
936,11,1,0,14.99,0
936,11,1,1,15.2475,1313.23,0,0,0
933,11,1,1,15.2469,1310.29
934,11,1,1,15.2414,1272.64
935,11,1,1,15.2408,1270.04
2020,11,1,1,15.2298,1213.06
943,11,1,1,15.2289,1209.13
942,11,1,1,15.2211,1168.06
941,11,1,1,15.2095,1109.91
1790,11,1,1,15.1967,1042.74
2022,11,1,1,15.1862,991.844
2021,11,1,1,15.1759,938.155
1303,11,1,1,15.1541,818.443
1307,11,1,1,15.1384,740.869
1307,12,0,0,13.8417,580.427,0.0495,215.904,0.34,1
1303,12,0,0,13.8269,506.554
2021,12,0,0,13.7952,344.641
1791,12,0,0,13.7859,299.315
939,12,0,0,13.7727,230.444
940,12,0,0,13.768,198.593
934,12,0,0,13.7409,56.8666
933,12,0,0,13.7306,2.93996
936,12,0,0,13.73,0
1336,12,0,1,13.992,1319.25,0.0515,224.627,0.24,2
1792,12,0,1,13.9858,1286.83
1334,12,0,1,13.9778,1246.39
1335,12,0,1,13.9671,1196.16
1341,12,0,1,13.9596,1153.46
1315,12,0,1,13.9394,1045.7
1314,12,0,1,13.9225,956.845
1309,12,0,1,13.9219,953.975
1308,12,0,1,13.9078,878.201
1307,12,0,1,13.8912,796.332
999,12,0,2,14.2393,2543.49,0.0648333,282.783,0.16,3
1002,12,0,2,14.2352,2515.42
1031,12,0,2,14.2223,2450.15
2031,12,0,2,14.215,2413.15
2032,12,0,2,14.2146,2411.33
1053,12,0,2,14.207,2373.44
1784,12,0,2,14.2036,2355.69
1069,12,0,2,14.1826,2249.89
1848,12,0,2,14.1767,2215.63
1109,12,0,2,14.1679,2168.04
1113,12,0,2,14.1608,2132.79
2036,12,0,2,14.1533,2095.89
1112,12,0,2,14.1497,2077.06
2041,12,0,2,14.1359,2008.79
2042,12,0,2,14.1226,1940.7
1564,12,0,2,14.1112,1885.08
2107,12,0,2,14.1011,1835.17
1145,12,0,2,14.0943,1802.49
2053,12,0,2,14.0813,1735.5
2073,12,0,2,14.0737,1697.36
1336,12,0,2,14.0435,1543.87
436,12,0,3,14.4235,3433.53,0.038,165.745,0.13,4
425,12,0,3,14.417,3399.14
426,12,0,3,14.412,3373.6
424,12,0,3,14.4099,3360.59
613,12,0,3,14.4023,3321.66
611,12,0,3,14.3965,3288.22
619,12,0,3,14.3786,3196.05
618,12,0,3,14.3762,3184.29
615,12,0,3,14.3747,3172.5
617,12,0,3,14.3712,3154.95
616,12,0,3,14.3646,3121.02
676,12,0,3,14.3584,3089.96
674,12,0,3,14.3435,3020.31
675,12,0,3,14.3369,2987.23
962,12,0,3,14.3283,2945.14
961,12,0,3,14.321,2908.09
999,12,0,3,14.3042,2826.27
884,12,0,4,14.6157,4363.53,0.0611667,266.791,0.05,5
1987,12,0,4,14.5727,4150.53
428,12,0,4,14.5677,4125.17
429,12,0,4,14.5409,3995.16
1988,12,0,4,14.5124,3851.54
430,12,0,4,14.509,3834.28
1989,12,0,4,14.504,3809.19
432,12,0,4,14.4978,3779.12
435,12,0,4,14.4924,3752.53
431,12,0,4,14.4856,3718.73
439,12,0,4,14.4692,3637.64
436,12,0,4,14.4615,3599.27
936,12,0,5,14.8148,5337.56,0,0,0
1737,12,0,5,14.8026,5271.42
917,12,0,5,14.788,5197.25
916,12,0,5,14.7878,5196.34
906,12,0,5,14.7584,5048.42
889,12,0,5,14.7478,4993.18
888,12,0,5,14.7203,4854.56
887,12,0,5,14.7059,4774.73
2012,12,0,5,14.6813,4653.34
884,12,0,5,14.6769,4630.32
