Nodo,Individuo,Ruta,Segmento,Tiempo viaje,Costo viaje,Tiempo atencion,Costo atencion,Tasa fallo,Demanda
1307,0,0,0,15.0455,554.042,0.0428333,186.826,0.28,1
1303,0,0,0,15.0345,496.053
2021,0,0,0,14.9962,306.727
1791,0,0,0,14.9883,267.142
939,0,0,0,14.9715,182.874
940,0,0,0,14.9668,151.022
934,0,0,0,14.9473,42.0448
933,0,0,0,14.9406,2.93996
936,0,0,0,14.94,0
1336,0,0,1,15.1893,1263.92,0.0595,259.521,0.34,2
1792,0,0,1,15.1833,1232.8
1334,0,0,1,15.1738,1186.27
1335,0,0,1,15.1632,1136.04
1341,0,0,1,15.1553,1092.01
1315,0,0,1,15.1377,995.332
1314,0,0,1,15.122,911.668
1309,0,0,1,15.1214,908.797
1308,0,0,1,15.1016,808.959
1307,0,0,1,15.0884,740.869
999,0,0,2,15.4393,2503.53,0.0515,224.627,0.17,3
1002,0,0,2,15.4324,2466.7
1031,0,0,2,15.4182,2395.75
2031,0,0,2,15.4108,2358.75
2032,0,0,2,15.4104,2356.93
1053,0,0,2,15.4027,2318.47
1784,0,0,2,15.3995,2301.77
1066,0,0,2,15.3904,2254.95
1070,0,0,2,15.3798,2198.39
1849,0,0,2,15.3691,2144.14
1108,0,0,2,15.3578,2086.26
1107,0,0,2,15.3443,2016.15
2040,0,0,2,15.3336,1959.09
1783,0,0,2,15.3175,1875.04
1153,0,0,2,15.3103,1838.82
1154,0,0,2,15.2998,1782.55
1324,0,0,2,15.2947,1756.63
1325,0,0,2,15.2837,1702.32
2073,0,0,2,15.276,1664.53
1336,0,0,2,15.2488,1523.44
436,0,0,3,15.6003,3296.28,0.077,335.851,0.12,4
425,0,0,3,15.5938,3261.57
426,0,0,3,15.5892,3238.26
424,0,0,3,15.5873,3225.38
613,0,0,3,15.5826,3198.86
611,0,0,3,15.5776,3166.62
619,0,0,3,15.5597,3074.45
618,0,0,3,15.5573,3062.61
615,0,0,3,15.5558,3050.83
617,0,0,3,15.5523,3033.28
616,0,0,3,15.5447,2995.31
676,0,0,3,15.5385,2964.25
674,0,0,3,15.5274,2910.2
675,0,0,3,15.5209,2877.13
962,0,0,3,15.5084,2819.34
961,0,0,3,15.5036,2793.06
999,0,0,3,15.4908,2728.16
884,0,0,4,15.8167,4334.48,0.0453333,197.73,0.06,5
1987,0,0,4,15.7813,4153.1
428,0,0,4,15.7763,4127.73
429,0,0,4,15.7543,4017.4
1988,0,0,4,15.73,3891.37
430,0,0,4,15.7264,3873.19
1989,0,0,4,15.7175,3832.45
432,0,0,4,15.7125,3807.66
435,0,0,4,15.7072,3781.07
431,0,0,4,15.7004,3747.02
439,0,0,4,15.6862,3675.59
436,0,0,4,15.6773,3632.13
936,0,0,5,15.9866,5183.24,0,0,0
1737,0,0,5,15.9755,5121.97
917,0,0,5,15.962,5052.45
916,0,0,5,15.9619,5051.54
906,0,0,5,15.9386,4929.48
889,0,0,5,15.9261,4866.09
888,0,0,5,15.9061,4759.15
887,0,0,5,15.8894,4669.42
2012,0,0,5,15.8668,4556.38
884,0,0,5,15.8621,4532.22
1336,1,0,0,12.4679,764.587,0.0533333,232.624,0.21,1
1792,1,0,0,12.4604,727.242
1334,1,0,0,12.4531,689.424
1335,1,0,0,12.4424,639.192
1333,1,0,0,12.42,524.133
2163,1,0,0,12.3933,383.309
2023,1,0,0,12.3673,241.926
1787,1,0,0,12.3597,202.721
1788,1,0,0,12.3589,199.018
943,1,0,0,12.3395,103.973
934,1,0,0,12.3293,49.9245
933,1,0,0,12.3206,2.93996
936,1,0,0,12.32,0
999,1,0,1,12.722,2014.06,0.0941667,410.727,0.12,2
1002,1,0,1,12.7157,1980.01
1031,1,0,1,12.7012,1908.3
2031,1,0,1,12.6939,1871.31
2032,1,0,1,12.6935,1869.48
1053,1,0,1,12.6855,1829.69
1784,1,0,1,12.6822,1812.62
1069,1,0,1,12.6621,1710.61
1848,1,0,1,12.6563,1676.41
1847,1,0,1,12.6528,1656.77
1086,1,0,1,12.6491,1636.54
2036,1,0,1,12.6345,1563.64
1112,1,0,1,12.6309,1544.8
2041,1,0,1,12.6188,1483.73
2042,1,0,1,12.5994,1390.66
1564,1,0,1,12.589,1338.8
2107,1,0,1,12.5809,1297.3
1145,1,0,1,12.5743,1265.29
2053,1,0,1,12.5588,1187.98
2073,1,0,1,12.5505,1146.92
1336,1,0,1,12.5212,997.211
884,1,0,2,13.0161,3449.6,0.0738333,322.039,0.04,3
883,1,0,2,12.9867,3302.21
882,1,0,2,12.9736,3232.7
2155,1,0,2,12.9704,3216.14
2012,1,0,2,12.9537,3126.24
885,1,0,2,12.9488,3102.14
886,1,0,2,12.9285,2994.61
2013,1,0,2,12.9211,2955.14
2156,1,0,2,12.9204,2951.98
2011,1,0,2,12.9151,2924.47
891,1,0,2,12.8932,2810.01
893,1,0,2,12.8871,2779.14
894,1,0,2,12.8819,2754.39
897,1,0,2,12.863,2661.18
1028,1,0,2,12.855,2619
1026,1,0,2,12.8434,2561.27
998,1,0,2,12.8385,2536.52
999,1,0,2,12.8161,2424.79
936,1,0,3,13.2223,4456,0,0,0
1737,1,0,3,13.2108,4392.77
917,1,0,3,13.194,4309.54
916,1,0,3,13.1939,4308.63
906,1,0,3,13.168,4175.54
889,1,0,3,13.1558,4113.62
888,1,0,3,13.1352,4004.11
887,1,0,3,13.1178,3911.43
2012,1,0,3,13.0941,3793.65
884,1,0,3,13.0899,3771.64
1307,1,1,0,15.0555,554.042,0.0428333,186.826,0.28,1
1303,1,1,0,15.0445,496.053
2021,1,1,0,15.0062,306.727
1791,1,1,0,14.9983,267.142
939,1,1,0,14.9815,182.874
940,1,1,0,14.9768,151.022
934,1,1,0,14.9573,42.0448
933,1,1,0,14.9506,2.93996
936,1,1,0,14.95,0
436,1,1,1,15.3233,1934.87,0.077,335.851,0.12,2
425,1,1,1,15.3167,1900.16
420,1,1,1,15.3056,1842.37
421,1,1,1,15.3015,1815.47
417,1,1,1,15.2973,1792.19
1989,1,1,1,15.2792,1699.52
2011,1,1,1,15.261,1604.42
2156,1,1,1,15.2563,1579.41
2013,1,1,1,15.2557,1576.26
886,1,1,1,15.245,1523.21
888,1,1,1,15.2269,1424.39
903,1,1,1,15.2178,1374.54
904,1,1,1,15.2137,1353.3
925,1,1,1,15.1904,1225.93
2019,1,1,1,15.1859,1202.53
929,1,1,1,15.1855,1200.54
938,1,1,1,15.1731,1132.9
950,1,1,1,15.1578,1054.74
951,1,1,1,15.1513,1021.01
949,1,1,1,15.1401,963.892
1302,1,1,1,15.1133,823.666
1307,1,1,1,15.0984,740.869
936,1,1,2,15.5275,2927.28,0,0,0
1737,1,1,2,15.5164,2866.02
917,1,1,2,15.5029,2796.49
916,1,1,2,15.5027,2795.59
919,1,1,2,15.497,2756.5
2017,1,1,2,15.497,2756.33
2014,1,1,2,15.496,2751.58
2015,1,1,2,15.4879,2710.87
910,1,1,2,15.4878,2710.38
909,1,1,2,15.4784,2663.7
898,1,1,2,15.4652,2597.12
897,1,1,2,15.4556,2548.74
877,1,1,2,15.4331,2437.89
878,1,1,2,15.4271,2407.18
879,1,1,2,15.4186,2363.29
437,1,1,2,15.4126,2332.96
439,1,1,2,15.4092,2314.19
436,1,1,2,15.4003,2270.72
1336,2,0,0,12.4679,764.587,0.0533333,232.624,0.21,1
1792,2,0,0,12.4604,727.242
1334,2,0,0,12.4531,689.424
1335,2,0,0,12.4424,639.192
1333,2,0,0,12.42,524.133
2163,2,0,0,12.3933,383.309
2023,2,0,0,12.3673,241.926
1787,2,0,0,12.3597,202.721
1788,2,0,0,12.3589,199.018
943,2,0,0,12.3395,103.973
934,2,0,0,12.3293,49.9245
933,2,0,0,12.3206,2.93996
936,2,0,0,12.32,0
999,2,0,1,12.722,2014.06,0.0941667,410.727,0.12,2
1002,2,0,1,12.7157,1980.01
1031,2,0,1,12.7012,1908.3
2031,2,0,1,12.6939,1871.31
2032,2,0,1,12.6935,1869.48
1053,2,0,1,12.6855,1829.69
1784,2,0,1,12.6822,1812.62
1069,2,0,1,12.6621,1710.61
1848,2,0,1,12.6563,1676.41
1847,2,0,1,12.6528,1656.77
1086,2,0,1,12.6491,1636.54
2036,2,0,1,12.6345,1563.64
1112,2,0,1,12.6309,1544.8
2041,2,0,1,12.6188,1483.73
2042,2,0,1,12.5994,1390.66
1564,2,0,1,12.589,1338.8
2107,2,0,1,12.5809,1297.3
1145,2,0,1,12.5743,1265.29
2053,2,0,1,12.5588,1187.98
2073,2,0,1,12.5505,1146.92
1336,2,0,1,12.5212,997.211
436,2,0,2,12.9218,3005.31,0.0958333,417.996,0.13,3
425,2,0,2,12.9147,2968.23
426,2,0,2,12.9098,2943.28
424,2,0,2,12.9074,2929.57
613,2,0,2,12.9044,2904.59
611,2,0,2,12.8989,2871.69
609,2,0,2,12.8969,2853.9
628,2,0,2,12.887,2779.89
615,2,0,2,12.8814,2749.24
617,2,0,2,12.8779,2731.69
616,2,0,2,12.8685,2686.21
676,2,0,2,12.8623,2655.15
674,2,0,2,12.8482,2588.46
675,2,0,2,12.8416,2555.38
962,2,0,2,12.8351,2522.25
961,2,0,2,12.8272,2482.83
999,2,0,2,12.8161,2424.79
884,2,0,3,13.1664,4164.67,0.0738333,322.039,0.04,4
1987,2,0,3,13.1285,3972.66
428,2,0,3,13.1235,3947.29
429,2,0,3,13.0984,3824.22
1988,2,0,3,13.072,3689.56
430,2,0,3,13.0684,3671.39
1989,2,0,3,13.0632,3645.65
432,2,0,3,13.059,3623.64
435,2,0,3,13.0536,3597.05
431,2,0,3,13.0464,3561.32
439,2,0,3,13.0249,3459.57
436,2,0,3,13.0177,3423.3
936,2,0,4,13.3727,5171.07,0,0,0
1737,2,0,4,13.3612,5107.84
917,2,0,4,13.3444,5024.6
916,2,0,4,13.3442,5023.69
906,2,0,4,13.3183,4890.6
889,2,0,4,13.3062,4828.69
888,2,0,4,13.2856,4719.17
887,2,0,4,13.2682,4626.5
2012,2,0,4,13.2445,4508.71
884,2,0,4,13.2403,4486.71
1307,2,1,0,15.0655,554.042,0.0428333,186.826,0.28,1
1303,2,1,0,15.0545,496.053
2021,2,1,0,15.0162,306.727
1791,2,1,0,15.0083,267.142
939,2,1,0,14.9915,182.874
940,2,1,0,14.9868,151.022
934,2,1,0,14.9673,42.0448
933,2,1,0,14.9606,2.93996
936,2,1,0,14.96,0
936,2,1,1,15.2175,1313.23,0,0,0
933,2,1,1,15.2169,1310.29
934,2,1,1,15.2114,1272.64
935,2,1,1,15.2108,1270.04
2020,2,1,1,15.1998,1213.06
943,2,1,1,15.1989,1209.13
942,2,1,1,15.1911,1168.06
941,2,1,1,15.1795,1109.91
1790,2,1,1,15.1667,1042.74
2022,2,1,1,15.1562,991.844
2021,2,1,1,15.1459,938.155
1303,2,1,1,15.1241,818.443
1307,2,1,1,15.1084,740.869
1336,3,0,0,12.5579,764.587,0.0533333,232.624,0.21,1
1792,3,0,0,12.5504,727.242
1334,3,0,0,12.5431,689.424
1335,3,0,0,12.5324,639.192
1333,3,0,0,12.51,524.133
2163,3,0,0,12.4833,383.309
2023,3,0,0,12.4573,241.926
1787,3,0,0,12.4497,202.721
1788,3,0,0,12.4489,199.018
943,3,0,0,12.4295,103.973
934,3,0,0,12.4193,49.9245
933,3,0,0,12.4106,2.93996
936,3,0,0,12.41,0
999,3,0,1,12.812,2014.06,0.0941667,410.727,0.12,2
1002,3,0,1,12.8057,1980.01
1031,3,0,1,12.7912,1908.3
2031,3,0,1,12.7839,1871.31
2032,3,0,1,12.7835,1869.48
1053,3,0,1,12.7755,1829.69
1784,3,0,1,12.7722,1812.62
1069,3,0,1,12.7521,1710.61
1848,3,0,1,12.7463,1676.41
1847,3,0,1,12.7428,1656.77
1086,3,0,1,12.7391,1636.54
2036,3,0,1,12.7245,1563.64
1112,3,0,1,12.7209,1544.8
2041,3,0,1,12.7088,1483.73
2042,3,0,1,12.6894,1390.66
1564,3,0,1,12.679,1338.8
2107,3,0,1,12.6709,1297.3
1145,3,0,1,12.6643,1265.29
2053,3,0,1,12.6488,1187.98
2073,3,0,1,12.6405,1146.92
1336,3,0,1,12.6112,997.211
436,3,0,2,13.0118,3005.31,0.0588333,256.613,0.14,3
425,3,0,2,13.0047,2968.23
426,3,0,2,12.9998,2943.28
424,3,0,2,12.9974,2929.57
613,3,0,2,12.9944,2904.59
611,3,0,2,12.9889,2871.69
609,3,0,2,12.9869,2853.9
628,3,0,2,12.977,2779.89
615,3,0,2,12.9714,2749.24
617,3,0,2,12.9679,2731.69
616,3,0,2,12.9585,2686.21
676,3,0,2,12.9523,2655.15
674,3,0,2,12.9382,2588.46
675,3,0,2,12.9316,2555.38
962,3,0,2,12.9251,2522.25
961,3,0,2,12.9172,2482.83
999,3,0,2,12.9061,2424.79
884,3,0,3,13.2194,4003.28,0.0738333,322.039,0.04,4
1987,3,0,3,13.1815,3811.28
428,3,0,3,13.1765,3785.91
429,3,0,3,13.1514,3662.84
1988,3,0,3,13.125,3528.18
430,3,0,3,13.1214,3510.01
1989,3,0,3,13.1162,3484.27
432,3,0,3,13.112,3462.26
435,3,0,3,13.1066,3435.67
431,3,0,3,13.0994,3399.93
439,3,0,3,13.0779,3298.19
436,3,0,3,13.0707,3261.92
936,3,0,4,13.4257,5009.69,0,0,0
1737,3,0,4,13.4142,4946.46
917,3,0,4,13.3974,4863.22
916,3,0,4,13.3972,4862.31
906,3,0,4,13.3713,4729.22
889,3,0,4,13.3592,4667.3
888,3,0,4,13.3386,4557.79
887,3,0,4,13.3212,4465.11
2012,3,0,4,13.2975,4347.33
884,3,0,4,13.2933,4325.32
1307,3,1,0,15.0055,554.042,0.0428333,186.826,0.28,1
1303,3,1,0,14.9945,496.053
2021,3,1,0,14.9562,306.727
1791,3,1,0,14.9483,267.142
939,3,1,0,14.9315,182.874
940,3,1,0,14.9268,151.022
934,3,1,0,14.9073,42.0448
933,3,1,0,14.9006,2.93996
936,3,1,0,14.9,0
936,3,1,1,15.1575,1313.23,0,0,0
933,3,1,1,15.1569,1310.29
934,3,1,1,15.1514,1272.64
935,3,1,1,15.1508,1270.04
2020,3,1,1,15.1398,1213.06
943,3,1,1,15.1389,1209.13
942,3,1,1,15.1311,1168.06
941,3,1,1,15.1195,1109.91
1790,3,1,1,15.1067,1042.74
2022,3,1,1,15.0962,991.844
2021,3,1,1,15.0859,938.155
1303,3,1,1,15.0641,818.443
1307,3,1,1,15.0484,740.869
1307,4,0,0,14.3855,554.042,0.0546667,238.44,0.3,1
1303,4,0,0,14.3745,496.053
2021,4,0,0,14.3362,306.727
1791,4,0,0,14.3283,267.142
939,4,0,0,14.3115,182.874
940,4,0,0,14.3068,151.022
934,4,0,0,14.2873,42.0448
933,4,0,0,14.2806,2.93996
936,4,0,0,14.28,0
1336,4,0,1,14.5511,1357.19,0.0633333,276.241,0.28,2
1792,4,0,1,14.5428,1316.37
1334,4,0,1,14.533,1268.49
1335,4,0,1,14.5224,1218.26
1341,4,0,1,14.5138,1171.29
1315,4,0,1,14.4964,1075.52
1314,4,0,1,14.4763,973.405
1309,4,0,1,14.4757,970.535
1308,4,0,1,14.4594,885.27
1307,4,0,1,14.4402,792.482
999,4,0,2,14.8102,2633.05,0.0648333,282.783,0.16,3
1002,4,0,2,14.8061,2604.98
1031,4,0,2,14.7932,2539.71
2031,4,0,2,14.7859,2502.72
2032,4,0,2,14.7855,2500.89
1053,4,0,2,14.7779,2463
1784,4,0,2,14.7745,2445.25
1069,4,0,2,14.7534,2339.45
1848,4,0,2,14.7476,2305.2
1109,4,0,2,14.7388,2257.6
1113,4,0,2,14.7317,2222.36
2036,4,0,2,14.7242,2185.46
1112,4,0,2,14.7206,2166.62
2041,4,0,2,14.7068,2098.35
2042,4,0,2,14.6934,2030.26
1564,4,0,2,14.6821,1974.64
2107,4,0,2,14.672,1924.73
1145,4,0,2,14.6652,1892.06
2053,4,0,2,14.6522,1825.07
2073,4,0,2,14.6446,1786.93
1336,4,0,2,14.6144,1633.44
436,4,0,3,14.9944,3523.09,0.038,165.745,0.13,4
425,4,0,3,14.9879,3488.71
426,4,0,3,14.9829,3463.16
424,4,0,3,14.9808,3450.15
613,4,0,3,14.9732,3411.22
611,4,0,3,14.9674,3377.78
619,4,0,3,14.9495,3285.62
618,4,0,3,14.9471,3273.85
615,4,0,3,14.9456,3262.06
617,4,0,3,14.9421,3244.51
616,4,0,3,14.9355,3210.58
676,4,0,3,14.9293,3179.52
674,4,0,3,14.9144,3109.87
675,4,0,3,14.9078,3076.79
962,4,0,3,14.8992,3034.7
961,4,0,3,14.8919,2997.65
999,4,0,3,14.875,2915.84
884,4,0,4,15.1718,4391.19,0.0453333,197.73,0.06,5
1987,4,0,4,15.1364,4209.8
428,4,0,4,15.1314,4184.43
429,4,0,4,15.1094,4074.1
1988,4,0,4,15.085,3948.08
430,4,0,4,15.0815,3929.9
1989,4,0,4,15.0726,3889.15
432,4,0,4,15.0676,3864.36
435,4,0,4,15.0623,3837.77
431,4,0,4,15.0554,3803.72
439,4,0,4,15.0413,3732.3
436,4,0,4,15.0324,3688.83
936,4,0,5,15.3417,5239.94,0,0,0
1737,4,0,5,15.3306,5178.68
917,4,0,5,15.3171,5109.15
916,4,0,5,15.3169,5108.24
906,4,0,5,15.2936,4986.19
889,4,0,5,15.2811,4922.79
888,4,0,5,15.2612,4815.85
887,4,0,5,15.2444,4726.13
2012,4,0,5,15.2219,4613.09
884,4,0,5,15.2171,4588.92
1336,5,0,0,12.8579,764.587,0.0533333,232.624,0.21,1
1792,5,0,0,12.8504,727.242
1334,5,0,0,12.8431,689.424
1335,5,0,0,12.8324,639.192
1333,5,0,0,12.81,524.133
2163,5,0,0,12.7833,383.309
2023,5,0,0,12.7573,241.926
1787,5,0,0,12.7497,202.721
1788,5,0,0,12.7489,199.018
943,5,0,0,12.7295,103.973
934,5,0,0,12.7193,49.9245
933,5,0,0,12.7106,2.93996
936,5,0,0,12.71,0
999,5,0,1,13.112,2014.06,0.056,244.255,0.15,2
1002,5,0,1,13.1057,1980.01
1031,5,0,1,13.0912,1908.3
2031,5,0,1,13.0839,1871.31
2032,5,0,1,13.0835,1869.48
1053,5,0,1,13.0755,1829.69
1784,5,0,1,13.0722,1812.62
1069,5,0,1,13.0521,1710.61
1848,5,0,1,13.0463,1676.41
1847,5,0,1,13.0428,1656.77
1086,5,0,1,13.0391,1636.54
2036,5,0,1,13.0245,1563.64
1112,5,0,1,13.0209,1544.8
2041,5,0,1,13.0088,1483.73
2042,5,0,1,12.9894,1390.66
1564,5,0,1,12.979,1338.8
2107,5,0,1,12.9709,1297.3
1145,5,0,1,12.9643,1265.29
2053,5,0,1,12.9488,1187.98
2073,5,0,1,12.9405,1146.92
1336,5,0,1,12.9112,997.211
436,5,0,2,13.2791,2856.62,0.0588333,256.613,0.14,3
425,5,0,2,13.2716,2817.81
426,5,0,2,13.2653,2787.07
424,5,0,2,13.263,2773.64
613,5,0,2,13.255,2733.27
611,5,0,2,13.2481,2695.38
609,5,0,2,13.2462,2677.54
628,5,0,2,13.2363,2603.53
615,5,0,2,13.2315,2575.55
617,5,0,2,13.228,2558
616,5,0,2,13.2203,2519.79
676,5,0,2,13.2142,2488.72
674,5,0,2,13.2037,2437.23
675,5,0,2,13.1971,2404.16
962,5,0,2,13.1867,2354.79
961,5,0,2,13.1813,2325.66
999,5,0,2,13.168,2258.32
884,5,0,3,13.4867,3854.6,0.0738333,322.039,0.04,4
1987,5,0,3,13.4488,3662.59
428,5,0,3,13.4438,3637.22
429,5,0,3,13.4187,3514.15
1988,5,0,3,13.3923,3379.49
430,5,0,3,13.3887,3361.32
1989,5,0,3,13.3835,3335.59
432,5,0,3,13.3793,3313.57
435,5,0,3,13.3739,3286.98
431,5,0,3,13.3667,3251.25
439,5,0,3,13.3452,3149.5
436,5,0,3,13.338,3113.24
936,5,0,4,13.693,4861,0,0,0
1737,5,0,4,13.6815,4797.77
917,5,0,4,13.6647,4714.53
916,5,0,4,13.6645,4713.63
906,5,0,4,13.6386,4580.54
889,5,0,4,13.6265,4518.62
888,5,0,4,13.6059,4409.11
887,5,0,4,13.5885,4316.43
2012,5,0,4,13.5648,4198.65
884,5,0,4,13.5606,4176.64
1307,5,1,0,15.0655,554.042,0.0428333,186.826,0.28,1
1303,5,1,0,15.0545,496.053
2021,5,1,0,15.0162,306.727
1791,5,1,0,15.0083,267.142
939,5,1,0,14.9915,182.874
940,5,1,0,14.9868,151.022
934,5,1,0,14.9673,42.0448
933,5,1,0,14.9606,2.93996
936,5,1,0,14.96,0
936,5,1,1,15.2175,1313.23,0,0,0
933,5,1,1,15.2169,1310.29
934,5,1,1,15.2114,1272.64
935,5,1,1,15.2108,1270.04
2020,5,1,1,15.1998,1213.06
943,5,1,1,15.1989,1209.13
942,5,1,1,15.1911,1168.06
941,5,1,1,15.1795,1109.91
1790,5,1,1,15.1667,1042.74
2022,5,1,1,15.1562,991.844
2021,5,1,1,15.1459,938.155
1303,5,1,1,15.1241,818.443
1307,5,1,1,15.1084,740.869
999,6,0,0,14.7934,633.053,0.0648333,282.783,0.16,1
1002,6,0,0,14.7893,604.982
1024,6,0,0,14.7683,498.436
1029,6,0,0,14.7623,469.049
1027,6,0,0,14.7494,405.671
1051,6,0,0,14.737,342.327
1052,6,0,0,14.7294,303.497
1804,6,0,0,14.7289,301.389
2015,6,0,0,14.7177,245.173
2014,6,0,0,14.7099,205.533
2017,6,0,0,14.7087,199.838
2170,6,0,0,14.7059,185.645
1738,6,0,0,14.6893,101.655
1737,6,0,0,14.6833,71.1284
936,6,0,0,14.67,0
436,6,0,1,14.9776,1523.09,0.038,165.745,0.13,2
425,6,0,1,14.9711,1488.71
426,6,0,1,14.9661,1463.17
424,6,0,1,14.964,1450.15
613,6,0,1,14.9564,1411.22
611,6,0,1,14.9506,1377.78
619,6,0,1,14.9327,1285.62
618,6,0,1,14.9304,1273.85
615,6,0,1,14.9288,1262.06
617,6,0,1,14.9253,1244.52
616,6,0,1,14.9187,1210.59
676,6,0,1,14.9125,1179.52
674,6,0,1,14.8976,1109.87
675,6,0,1,14.8911,1076.79
962,6,0,1,14.8824,1034.7
961,6,0,1,14.8751,997.651
999,6,0,1,14.8583,915.837
884,6,0,2,15.155,2391.19,0.0453333,197.73,0.06,3
1987,6,0,2,15.1196,2209.8
428,6,0,2,15.1146,2184.44
429,6,0,2,15.0926,2074.11
1988,6,0,2,15.0683,1948.08
430,6,0,2,15.0647,1929.9
1989,6,0,2,15.0558,1889.15
432,6,0,2,15.0508,1864.37
435,6,0,2,15.0455,1837.77
431,6,0,2,15.0387,1803.72
439,6,0,2,15.0245,1732.3
436,6,0,2,15.0156,1688.84
1307,6,0,3,15.3828,3531.06,0.0428333,186.826,0.28,4
1302,6,0,3,15.3664,3441.89
949,6,0,3,15.3441,3321.04
2025,6,0,3,15.3406,3303.58
1598,6,0,3,15.3358,3278.21
948,6,0,3,15.3309,3251.48
928,6,0,3,15.3209,3195.77
923,6,0,3,15.2788,2990.86
924,6,0,3,15.2705,2951.54
914,6,0,3,15.2509,2847.9
902,6,0,3,15.2442,2810.86
887,6,0,3,15.2277,2726.13
2012,6,0,3,15.2051,2613.09
884,6,0,3,15.2004,2588.92
936,6,0,4,15.5347,4290.25,0,0,0
933,6,0,4,15.5341,4287.31
934,6,0,4,15.5286,4249.67
935,6,0,4,15.5281,4247.06
2020,6,0,4,15.517,4190.08
943,6,0,4,15.5162,4186.15
942,6,0,4,15.5083,4145.08
941,6,0,4,15.4968,4086.93
1790,6,0,4,15.4839,4019.76
2022,6,0,4,15.4734,3968.87
2021,6,0,4,15.4632,3915.18
1303,6,0,4,15.4414,3795.47
1307,6,0,4,15.4256,3717.89
1336,6,1,0,13.7545,750.638,0.0515,224.627,0.24,1
1792,6,1,0,13.7482,718.22
1334,6,1,0,13.7402,677.786
1335,6,1,0,13.7296,627.554
1333,6,1,0,13.7125,535.212
2163,6,1,0,13.6842,387.56
2023,6,1,0,13.6545,230.349
1787,6,1,0,13.6464,189.064
1788,6,1,0,13.6456,185.36
943,6,1,0,13.6297,104.713
934,6,1,0,13.6209,56.8666
933,6,1,0,13.6106,2.93996
936,6,1,0,13.61,0
936,6,1,1,13.963,1782.92,0,0,0
933,6,1,1,13.9624,1779.98
934,6,1,1,13.9569,1742.34
935,6,1,1,13.9564,1739.73
2020,6,1,1,13.9453,1682.75
1787,6,1,1,13.9254,1584.44
2023,6,1,1,13.916,1537.62
2163,6,1,1,13.887,1383.21
1333,6,1,1,13.8565,1226.46
1335,6,1,1,13.8307,1097.21
1334,6,1,1,13.8248,1066.52
1792,6,1,1,13.8124,1007.99
1336,6,1,1,13.806,975.265
884,7,0,0,13.3534,917.424,0.0738333,322.039,0.04,1
883,7,0,0,13.3261,778.363
882,7,0,0,13.3146,716.093
2155,7,0,0,13.3114,699.368
901,7,0,0,13.2844,552.187
902,7,0,0,13.2715,482.635
904,7,0,0,13.2582,411.663
925,7,0,0,13.2348,283.766
2019,7,0,0,13.2294,256.499
929,7,0,0,13.229,254.516
930,7,0,0,13.212,162.739
931,7,0,0,13.2,105.498
932,7,0,0,13.1861,30.6376
933,7,0,0,13.1806,2.93996
936,7,0,0,13.18,0
436,7,0,1,13.543,1838.69,0.0588333,256.613,0.14,2
425,7,0,1,13.5354,1799.87
420,7,0,1,13.5197,1722.71
421,7,0,1,13.5157,1695.93
417,7,0,1,13.5112,1671.45
1989,7,0,1,13.4947,1585.04
2011,7,0,1,13.4769,1491.85
2156,7,0,1,13.4717,1464.52
2013,7,0,1,13.471,1461.37
886,7,0,1,13.4591,1403.19
885,7,0,1,13.4372,1289.07
2012,7,0,1,13.4315,1261.47
884,7,0,1,13.4273,1239.46
999,7,0,2,13.6948,2561.25,0.056,244.255,0.15,3
961,7,0,2,13.6792,2484.18
962,7,0,2,13.6714,2445.48
675,7,0,2,13.6603,2393.37
674,7,0,2,13.6542,2362
669,7,0,2,13.6377,2278.09
673,7,0,2,13.6281,2229.32
438,7,0,2,13.6226,2201.63
437,7,0,2,13.6129,2152.43
439,7,0,2,13.609,2131.57
436,7,0,2,13.6018,2095.3
1336,7,0,3,13.9633,3875.04,0.0515,224.627,0.24,4
1792,7,0,3,13.957,3842.63
1334,7,0,3,13.949,3802.19
1325,7,0,3,13.9218,3663.75
1156,7,0,3,13.9127,3620.04
1155,7,0,3,13.8997,3553.72
2052,7,0,3,13.8944,3526.72
1782,7,0,3,13.8878,3492.98
2043,7,0,3,13.8748,3422.45
1111,7,0,3,13.8599,3348.01
1109,7,0,3,13.8425,3261.56
1848,7,0,3,13.8224,3167.05
1069,7,0,3,13.8145,3124.51
1784,7,0,3,13.7973,3035.04
1053,7,0,3,13.7934,3015.22
2032,7,0,3,13.783,2965.69
2031,7,0,3,13.7826,2963.86
1031,7,0,3,13.7727,2916.46
1002,7,0,3,13.7585,2845.73
999,7,0,3,13.7508,2805.51
1307,7,0,4,14.1436,4738.18,0.0546667,238.44,0.3,5
1308,7,0,4,14.1324,4678.61
1309,7,0,4,14.1141,4585.25
1314,7,0,4,14.1135,4582.38
1315,7,0,4,14.0754,4406.68
1341,7,0,4,14.0553,4299.2
1342,7,0,4,14.0467,4256.47
1334,7,0,4,14.0359,4200.59
1792,7,0,4,14.0235,4142.05
1336,7,0,4,14.0148,4099.67
936,7,0,5,14.3193,5599.34,0,0,0
933,7,0,5,14.3187,5596.4
934,7,0,5,14.3131,5558.75
935,7,0,5,14.3126,5556.14
2020,7,0,5,14.3016,5499.17
943,7,0,5,14.3007,5495.23
942,7,0,5,14.2933,5456.1
941,7,0,5,14.2814,5396.54
1790,7,0,5,14.265,5314.41
2022,7,0,5,14.2545,5263.51
2021,7,0,5,14.24,5192.08
1303,7,0,5,14.2073,5025.93
1307,7,0,5,14.1983,4976.62
1336,8,0,0,12.9279,764.587,0.0533333,232.624,0.21,1
1792,8,0,0,12.9204,727.242
1334,8,0,0,12.9131,689.424
1335,8,0,0,12.9024,639.192
1333,8,0,0,12.88,524.133
2163,8,0,0,12.8533,383.309
2023,8,0,0,12.8273,241.926
1787,8,0,0,12.8197,202.721
1788,8,0,0,12.8189,199.018
943,8,0,0,12.7995,103.973
934,8,0,0,12.7893,49.9245
933,8,0,0,12.7806,2.93996
936,8,0,0,12.78,0
1307,8,0,1,13.0896,1551.85,0.0495,215.904,0.34,2
1308,8,0,1,13.078,1490.8
1309,8,0,1,13.0605,1400.7
1314,8,0,1,13.06,1397.83
1315,8,0,1,13.047,1325.89
1341,8,0,1,13.0226,1200.6
1342,8,0,1,13.014,1157.87
1334,8,0,1,13.0018,1095.73
1792,8,0,1,12.9893,1037.19
1336,8,0,1,12.9812,997.211
884,8,0,2,13.3494,2884.57,0.0738333,322.039,0.04,3
883,8,0,2,13.3221,2745.5
882,8,0,2,13.3106,2683.23
2155,8,0,2,13.3073,2666.51
901,8,0,2,13.2804,2519.33
902,8,0,2,13.2674,2449.78
904,8,0,2,13.2542,2378.8
925,8,0,2,13.2307,2250.91
2019,8,0,2,13.2253,2223.64
929,8,0,2,13.2249,2221.66
938,8,0,2,13.2129,2155.81
950,8,0,2,13.1994,2085.25
951,8,0,2,13.1924,2049.53
949,8,0,2,13.1814,1993.05
1302,8,0,2,13.1624,1886.33
1307,8,0,2,13.1391,1767.76
436,8,0,3,13.5389,3805.83,0.0588333,256.613,0.14,4
425,8,0,3,13.5314,3767.02
420,8,0,3,13.5157,3689.85
421,8,0,3,13.5117,3663.07
417,8,0,3,13.5072,3638.59
1989,8,0,3,13.4906,3552.18
2011,8,0,3,13.4729,3458.99
2156,8,0,3,13.4676,3431.66
2013,8,0,3,13.4669,3428.51
886,8,0,3,13.455,3370.33
885,8,0,3,13.4331,3256.21
2012,8,0,3,13.4274,3228.61
884,8,0,3,13.4232,3206.6
999,8,0,4,13.6908,4528.39,0.056,244.255,0.15,5
961,8,0,4,13.6751,4451.32
962,8,0,4,13.6674,4412.62
675,8,0,4,13.6563,4360.51
674,8,0,4,13.6501,4329.15
669,8,0,4,13.6336,4245.23
673,8,0,4,13.6241,4196.46
438,8,0,4,13.6185,4168.77
437,8,0,4,13.6088,4119.57
439,8,0,4,13.6049,4098.71
436,8,0,4,13.5978,4062.44
936,8,0,5,13.8688,5401.61,0,0,0
1737,8,0,5,13.8573,5338.38
917,8,0,5,13.8405,5255.15
916,8,0,5,13.8403,5254.24
919,8,0,5,13.8346,5215.15
2017,8,0,5,13.8345,5214.98
2014,8,0,5,13.8335,5209.96
2015,8,0,5,13.8254,5169.25
910,8,0,5,13.8253,5168.76
909,8,0,5,13.817,5126.62
1051,8,0,5,13.8071,5076.46
1025,8,0,5,13.7949,5015.16
1029,8,0,5,13.781,4945.8
1026,8,0,5,13.7704,4893.76
998,8,0,5,13.7659,4870.63
999,8,0,5,13.7468,4772.65
884,9,0,0,14.4283,938.52,0.0611667,266.791,0.05,1
883,9,0,0,14.3959,777.951
882,9,0,0,14.3827,708.309
2155,9,0,0,14.3792,690.597
901,9,0,0,14.3478,524.626
902,9,0,0,14.3349,454.953
904,9,0,0,14.3218,384.906
925,9,0,0,14.3003,265.332
2019,9,0,0,14.2951,239.037
929,9,0,0,14.2947,237.053
930,9,0,0,14.2744,130.978
931,9,0,0,14.2692,102.033
932,9,0,0,14.255,25.8242
933,9,0,0,14.2506,2.93996
936,9,0,0,14.25,0
436,9,0,1,14.608,1816.23,0.038,165.745,0.13,2
425,9,0,1,14.6015,1781.85
420,9,0,1,14.587,1709.7
421,9,0,1,14.583,1682.88
417,9,0,1,14.5789,1660.21
1989,9,0,1,14.561,1568.29
2011,9,0,1,14.5408,1464.73
2156,9,0,1,14.5351,1435.43
2013,9,0,1,14.5344,1432.28
886,9,0,1,14.5241,1380.66
885,9,0,1,14.4997,1255.93
2012,9,0,1,14.494,1228.33
884,9,0,1,14.4895,1205.31
999,9,0,2,14.7431,2469.37,0.0648333,282.783,0.16,3
961,9,0,2,14.7249,2381.87
962,9,0,2,14.7172,2343.18
675,9,0,2,14.7074,2296.4
674,9,0,2,14.7025,2270.37
676,9,0,2,14.6985,2243.04
616,9,0,2,14.6919,2210.39
606,9,0,2,14.6718,2111.68
610,9,0,2,14.6601,2054.36
436,9,0,2,14.646,1981.97
1336,9,0,3,14.998,3741.42,0.0633333,276.241,0.28,4
1792,9,0,3,14.9897,3700.6
1334,9,0,3,14.9799,3652.71
1325,9,0,3,14.9553,3525.25
1156,9,0,3,14.9478,3488.14
1155,9,0,3,14.9362,3427.72
2052,9,0,3,14.9312,3401.84
1782,9,0,3,14.9248,3369.23
2043,9,0,3,14.9162,3310.49
1111,9,0,3,14.9061,3256.31
1110,9,0,3,14.9002,3226.45
1113,9,0,3,14.886,3153.17
1847,9,0,3,14.8773,3105.9
1068,9,0,3,14.8667,3051.77
1785,9,0,3,14.8618,3026.31
1053,9,0,3,14.845,2938.88
2032,9,0,3,14.8356,2893.36
2031,9,0,3,14.8352,2891.54
1031,9,0,3,14.8271,2851.24
1002,9,0,3,14.8142,2785.93
999,9,0,3,14.808,2752.15
1307,9,0,4,15.1732,4587.33,0.0428333,186.826,0.28,5
1308,9,0,4,15.159,4515.06
1309,9,0,4,15.1395,4416.83
1314,9,0,4,15.139,4413.96
1315,9,0,4,15.1186,4310.56
1341,9,0,4,15.0991,4205.84
1342,9,0,4,15.0905,4163.11
1334,9,0,4,15.0795,4106.38
1792,9,0,4,15.0671,4047.85
1336,9,0,4,15.0613,4017.66
936,9,0,5,15.3251,5346.52,0,0,0
933,9,0,5,15.3245,5343.58
934,9,0,5,15.319,5305.93
935,9,0,5,15.3185,5303.32
2020,9,0,5,15.3074,5246.35
943,9,0,5,15.3066,5242.41
942,9,0,5,15.2987,5201.34
941,9,0,5,15.2872,5143.19
1790,9,0,5,15.2743,5076.02
2022,9,0,5,15.2638,5025.13
2021,9,0,5,15.2536,4971.44
1303,9,0,5,15.2318,4851.73
1307,9,0,5,15.216,4774.15
999,10,0,0,14.7934,633.053,0.0648333,282.783,0.16,1
1002,10,0,0,14.7893,604.982
1024,10,0,0,14.7683,498.436
1029,10,0,0,14.7623,469.049
1027,10,0,0,14.7494,405.671
1051,10,0,0,14.737,342.327
1052,10,0,0,14.7294,303.497
1804,10,0,0,14.7289,301.389
2015,10,0,0,14.7177,245.173
2014,10,0,0,14.7099,205.533
2017,10,0,0,14.7087,199.838
2170,10,0,0,14.7059,185.645
1738,10,0,0,14.6893,101.655
1737,10,0,0,14.6833,71.1284
936,10,0,0,14.67,0
436,10,0,1,14.9776,1523.09,0.038,165.745,0.13,2
425,10,0,1,14.9711,1488.71
426,10,0,1,14.9661,1463.17
424,10,0,1,14.964,1450.15
613,10,0,1,14.9564,1411.22
611,10,0,1,14.9506,1377.78
619,10,0,1,14.9327,1285.62
618,10,0,1,14.9304,1273.85
615,10,0,1,14.9288,1262.06
617,10,0,1,14.9253,1244.52
616,10,0,1,14.9187,1210.59
676,10,0,1,14.9125,1179.52
674,10,0,1,14.8976,1109.87
675,10,0,1,14.8911,1076.79
962,10,0,1,14.8824,1034.7
961,10,0,1,14.8751,997.651
999,10,0,1,14.8583,915.837
884,10,0,2,15.155,2391.19,0.0453333,197.73,0.06,3
1987,10,0,2,15.1196,2209.8
428,10,0,2,15.1146,2184.44
429,10,0,2,15.0926,2074.11
1988,10,0,2,15.0683,1948.08
430,10,0,2,15.0647,1929.9
1989,10,0,2,15.0558,1889.15
432,10,0,2,15.0508,1864.37
435,10,0,2,15.0455,1837.77
431,10,0,2,15.0387,1803.72
439,10,0,2,15.0245,1732.3
436,10,0,2,15.0156,1688.84
1307,10,0,3,15.3828,3531.06,0.0428333,186.826,0.28,4
1302,10,0,3,15.3664,3441.89
949,10,0,3,15.3441,3321.04
2025,10,0,3,15.3406,3303.58
1598,10,0,3,15.3358,3278.21
948,10,0,3,15.3309,3251.48
928,10,0,3,15.3209,3195.77
923,10,0,3,15.2788,2990.86
924,10,0,3,15.2705,2951.54
914,10,0,3,15.2509,2847.9
902,10,0,3,15.2442,2810.86
887,10,0,3,15.2277,2726.13
2012,10,0,3,15.2051,2613.09
884,10,0,3,15.2004,2588.92
936,10,0,4,15.5347,4290.25,0,0,0
933,10,0,4,15.5341,4287.31
934,10,0,4,15.5286,4249.67
935,10,0,4,15.5281,4247.06
2020,10,0,4,15.517,4190.08
943,10,0,4,15.5162,4186.15
942,10,0,4,15.5083,4145.08
941,10,0,4,15.4968,4086.93
1790,10,0,4,15.4839,4019.76
2022,10,0,4,15.4734,3968.87
2021,10,0,4,15.4632,3915.18
1303,10,0,4,15.4414,3795.47
1307,10,0,4,15.4256,3717.89
1336,10,1,0,12.9479,764.587,0.0533333,232.624,0.21,1
1792,10,1,0,12.9404,727.242
1334,10,1,0,12.9331,689.424
1335,10,1,0,12.9224,639.192
1333,10,1,0,12.9,524.133
2163,10,1,0,12.8733,383.309
2023,10,1,0,12.8473,241.926
1787,10,1,0,12.8397,202.721
1788,10,1,0,12.8389,199.018
943,10,1,0,12.8195,103.973
934,10,1,0,12.8093,49.9245
933,10,1,0,12.8006,2.93996
936,10,1,0,12.8,0
936,10,1,1,13.1583,1804.87,0,0,0
933,10,1,1,13.1577,1801.93
934,10,1,1,13.1521,1764.28
935,10,1,1,13.1516,1761.67
2020,10,1,1,13.1406,1704.7
1787,10,1,1,13.1207,1606.38
2023,10,1,1,13.1112,1559.56
2163,10,1,1,13.0822,1405.16
1333,10,1,1,13.0518,1248.41
1335,10,1,1,13.0259,1119.15
1334,10,1,1,13.02,1088.47
1792,10,1,1,13.0076,1029.93
1336,10,1,1,13.0012,997.211
1336,11,0,0,13.9845,750.638,0.0515,224.627,0.24,1
1792,11,0,0,13.9782,718.22
1334,11,0,0,13.9702,677.786
1335,11,0,0,13.9596,627.554
1333,11,0,0,13.9425,535.212
2163,11,0,0,13.9142,387.56
2023,11,0,0,13.8845,230.349
1787,11,0,0,13.8764,189.064
1788,11,0,0,13.8756,185.36
943,11,0,0,13.8597,104.713
934,11,0,0,13.8509,56.8666
933,11,0,0,13.8406,2.93996
936,11,0,0,13.84,0
999,11,0,1,14.2318,1974.88,0.0648333,282.783,0.16,2
1002,11,0,1,14.2277,1946.81
1031,11,0,1,14.2148,1881.54
2031,11,0,1,14.2074,1844.55
2032,11,0,1,14.207,1842.72
1053,11,0,1,14.1994,1804.83
1784,11,0,1,14.196,1787.08
1069,11,0,1,14.175,1681.28
1848,11,0,1,14.1692,1647.03
1109,11,0,1,14.1604,1599.43
1113,11,0,1,14.1533,1564.19
2036,11,0,1,14.1458,1527.29
1112,11,0,1,14.1421,1508.45
2041,11,0,1,14.1284,1440.18
2042,11,0,1,14.115,1372.09
1564,11,0,1,14.1037,1316.47
2107,11,0,1,14.0935,1266.56
1145,11,0,1,14.0868,1233.89
2053,11,0,1,14.0737,1166.9
2073,11,0,1,14.0662,1128.76
1336,11,0,1,14.036,975.265
436,11,0,2,14.416,2864.92,0.038,165.745,0.13,3
425,11,0,2,14.4095,2830.54
426,11,0,2,14.4044,2804.99
424,11,0,2,14.4024,2791.98
613,11,0,2,14.3948,2753.05
611,11,0,2,14.3889,2719.61
619,11,0,2,14.371,2627.45
618,11,0,2,14.3687,2615.68
615,11,0,2,14.3672,2603.89
617,11,0,2,14.3637,2586.34
616,11,0,2,14.3571,2552.41
676,11,0,2,14.3509,2521.35
674,11,0,2,14.336,2451.7
675,11,0,2,14.3294,2418.62
962,11,0,2,14.3208,2376.53
961,11,0,2,14.3134,2339.48
999,11,0,2,14.2966,2257.67
884,11,0,3,14.6081,3794.92,0.0611667,266.791,0.05,4
1987,11,0,3,14.5652,3581.93
428,11,0,3,14.5601,3556.56
429,11,0,3,14.5334,3426.55
1988,11,0,3,14.5048,3282.93
430,11,0,3,14.5015,3265.67
1989,11,0,3,14.4964,3240.59
432,11,0,3,14.4902,3210.51
435,11,0,3,14.4849,3183.92
431,11,0,3,14.4781,3150.12
439,11,0,3,14.4616,3069.03
436,11,0,3,14.454,3030.67
936,11,0,4,14.8072,4768.95,0,0,0
1737,11,0,4,14.795,4702.81
917,11,0,4,14.7804,4628.64
916,11,0,4,14.7803,4627.73
906,11,0,4,14.7508,4479.81
889,11,0,4,14.7402,4424.57
888,11,0,4,14.7128,4285.96
887,11,0,4,14.6984,4206.12
2012,11,0,4,14.6738,4084.73
884,11,0,4,14.6693,4061.71
1307,11,1,0,15.0055,554.042,0.0428333,186.826,0.28,1
1303,11,1,0,14.9945,496.053
2021,11,1,0,14.9562,306.727
1791,11,1,0,14.9483,267.142
939,11,1,0,14.9315,182.874
940,11,1,0,14.9268,151.022
934,11,1,0,14.9073,42.0448
933,11,1,0,14.9006,2.93996
936,11,1,0,14.9,0
936,11,1,1,15.1575,1313.23,0,0,0
933,11,1,1,15.1569,1310.29
934,11,1,1,15.1514,1272.64
935,11,1,1,15.1508,1270.04
2020,11,1,1,15.1398,1213.06
943,11,1,1,15.1389,1209.13
942,11,1,1,15.1311,1168.06
941,11,1,1,15.1195,1109.91
1790,11,1,1,15.1067,1042.74
2022,11,1,1,15.0962,991.844
2021,11,1,1,15.0859,938.155
1303,11,1,1,15.0641,818.443
1307,11,1,1,15.0484,740.869
1307,12,0,0,13.8417,580.427,0.0495,215.904,0.34,1
1303,12,0,0,13.8269,506.554
2021,12,0,0,13.7952,344.641
1791,12,0,0,13.7859,299.315
939,12,0,0,13.7727,230.444
940,12,0,0,13.768,198.593
934,12,0,0,13.7409,56.8666
933,12,0,0,13.7306,2.93996
936,12,0,0,13.73,0
1336,12,0,1,13.992,1319.25,0.0515,224.627,0.24,2
1792,12,0,1,13.9858,1286.83
1334,12,0,1,13.9778,1246.39
1335,12,0,1,13.9671,1196.16
1341,12,0,1,13.9596,1153.46
1315,12,0,1,13.9394,1045.7
1314,12,0,1,13.9225,956.845
1309,12,0,1,13.9219,953.975
1308,12,0,1,13.9078,878.201
1307,12,0,1,13.8912,796.332
999,12,0,2,14.2393,2543.49,0.0648333,282.783,0.16,3
1002,12,0,2,14.2352,2515.42
1031,12,0,2,14.2223,2450.15
2031,12,0,2,14.215,2413.15
2032,12,0,2,14.2146,2411.33
1053,12,0,2,14.207,2373.44
1784,12,0,2,14.2036,2355.69
1069,12,0,2,14.1826,2249.89
1848,12,0,2,14.1767,2215.63
1109,12,0,2,14.1679,2168.04
1113,12,0,2,14.1608,2132.79
2036,12,0,2,14.1533,2095.89
1112,12,0,2,14.1497,2077.06
2041,12,0,2,14.1359,2008.79
2042,12,0,2,14.1226,1940.7
1564,12,0,2,14.1112,1885.08
2107,12,0,2,14.1011,1835.17
1145,12,0,2,14.0943,1802.49
2053,12,0,2,14.0813,1735.5
2073,12,0,2,14.0737,1697.36
1336,12,0,2,14.0435,1543.87
436,12,0,3,14.4235,3433.53,0.038,165.745,0.13,4
425,12,0,3,14.417,3399.14
426,12,0,3,14.412,3373.6
424,12,0,3,14.4099,3360.59
613,12,0,3,14.4023,3321.66
611,12,0,3,14.3965,3288.22
619,12,0,3,14.3786,3196.05
618,12,0,3,14.3762,3184.29
615,12,0,3,14.3747,3172.5
617,12,0,3,14.3712,3154.95
616,12,0,3,14.3646,3121.02
676,12,0,3,14.3584,3089.96
674,12,0,3,14.3435,3020.31
675,12,0,3,14.3369,2987.23
962,12,0,3,14.3283,2945.14
961,12,0,3,14.321,2908.09
999,12,0,3,14.3042,2826.27
884,12,0,4,14.6157,4363.53,0.0611667,266.791,0.05,5
1987,12,0,4,14.5727,4150.53
428,12,0,4,14.5677,4125.17
429,12,0,4,14.5409,3995.16
1988,12,0,4,14.5124,3851.54
430,12,0,4,14.509,3834.28
1989,12,0,4,14.504,3809.19
432,12,0,4,14.4978,3779.12
435,12,0,4,14.4924,3752.53
431,12,0,4,14.4856,3718.73
439,12,0,4,14.4692,3637.64
436,12,0,4,14.4615,3599.27
936,12,0,5,14.8148,5337.56,0,0,0
1737,12,0,5,14.8026,5271.42
917,12,0,5,14.788,5197.25
916,12,0,5,14.7878,5196.34
906,12,0,5,14.7584,5048.42
889,12,0,5,14.7478,4993.18
888,12,0,5,14.7203,4854.56
887,12,0,5,14.7059,4774.73
2012,12,0,5,14.6813,4653.34
884,12,0,5,14.6769,4630.32
