Nodo,Individuo,Ruta,Segmento,Tiempo viaje,Costo viaje,Tiempo atencion,Costo atencion,Tasa fallo,Demanda
1307,0,0,0,15.0455,554.042,0.0428333,186.826,0.28,1
1303,0,0,0,15.0345,496.053
2021,0,0,0,14.9962,306.727
1791,0,0,0,14.9883,267.142
939,0,0,0,14.9715,182.874
940,0,0,0,14.9668,151.022
934,0,0,0,14.9473,42.0448
933,0,0,0,14.9406,2.93996
936,0,0,0,14.94,0
1336,0,0,1,15.1893,1263.92,0.0595,259.521,0.34,2
1792,0,0,1,15.1833,1232.8
1334,0,0,1,15.1738,1186.27
1335,0,0,1,15.1632,1136.04
1341,0,0,1,15.1553,1092.01
1315,0,0,1,15.1377,995.332
1314,0,0,1,15.122,911.668
1309,0,0,1,15.1214,908.797
1308,0,0,1,15.1016,808.959
1307,0,0,1,15.0884,740.869
999,0,0,2,15.4393,2503.53,0.0515,224.627,0.17,3
1002,0,0,2,15.4324,2466.7
1031,0,0,2,15.4182,2395.75
2031,0,0,2,15.4108,2358.75
2032,0,0,2,15.4104,2356.93
1053,0,0,2,15.4027,2318.47
1784,0,0,2,15.3995,2301.77
1066,0,0,2,15.3904,2254.95
1070,0,0,2,15.3798,2198.39
1849,0,0,2,15.3691,2144.14
1108,0,0,2,15.3578,2086.26
1107,0,0,2,15.3443,2016.15
2040,0,0,2,15.3336,1959.09
1783,0,0,2,15.3175,1875.04
1153,0,0,2,15.3103,1838.82
1154,0,0,2,15.2998,1782.55
1324,0,0,2,15.2947,1756.63
1325,0,0,2,15.2837,1702.32
2073,0,0,2,15.276,1664.53
1336,0,0,2,15.2488,1523.44
436,0,0,3,15.6003,3296.28,0.077,335.851,0.12,4
425,0,0,3,15.5938,3261.57
426,0,0,3,15.5892,3238.26
424,0,0,3,15.5873,3225.38
613,0,0,3,15.5826,3198.86
611,0,0,3,15.5776,3166.62
619,0,0,3,15.5597,3074.45
618,0,0,3,15.5573,3062.61
615,0,0,3,15.5558,3050.83
617,0,0,3,15.5523,3033.28
616,0,0,3,15.5447,2995.31
676,0,0,3,15.5385,2964.25
674,0,0,3,15.5274,2910.2
675,0,0,3,15.5209,2877.13
962,0,0,3,15.5084,2819.34
961,0,0,3,15.5036,2793.06
999,0,0,3,15.4908,2728.16
884,0,0,4,15.8167,4334.48,0.0453333,197.73,0.06,5
1987,0,0,4,15.7813,4153.1
428,0,0,4,15.7763,4127.73
429,0,0,4,15.7543,4017.4
1988,0,0,4,15.73,3891.37
430,0,0,4,15.7264,3873.19
1989,0,0,4,15.7175,3832.45
432,0,0,4,15.7125,3807.66
435,0,0,4,15.7072,3781.07
431,0,0,4,15.7004,3747.02
439,0,0,4,15.6862,3675.59
436,0,0,4,15.6773,3632.13
936,0,0,5,15.9866,5183.24,0,0,0
1737,0,0,5,15.9755,5121.97
917,0,0,5,15.962,5052.45
916,0,0,5,15.9619,5051.54
906,0,0,5,15.9386,4929.48
889,0,0,5,15.9261,4866.09
888,0,0,5,15.9061,4759.15
887,0,0,5,15.8894,4669.42
2012,0,0,5,15.8668,4556.38
884,0,0,5,15.8621,4532.22
1336,1,0,0,12.6479,764.587,0.0533333,232.624,0.21,1
1792,1,0,0,12.6404,727.242
1334,1,0,0,12.6331,689.424
1335,1,0,0,12.6224,639.192
1333,1,0,0,12.6,524.133
2163,1,0,0,12.5733,383.309
2023,1,0,0,12.5473,241.926
1787,1,0,0,12.5397,202.721
1788,1,0,0,12.5389,199.018
943,1,0,0,12.5195,103.973
934,1,0,0,12.5093,49.9245
933,1,0,0,12.5006,2.93996
936,1,0,0,12.5,0
999,1,0,1,12.902,2014.06,0.0941667,410.727,0.12,2
1002,1,0,1,12.8957,1980.01
1031,1,0,1,12.8812,1908.3
2031,1,0,1,12.8739,1871.31
2032,1,0,1,12.8735,1869.48
1053,1,0,1,12.8655,1829.69
1784,1,0,1,12.8622,1812.62
1069,1,0,1,12.8421,1710.61
1848,1,0,1,12.8363,1676.41
1847,1,0,1,12.8328,1656.77
1086,1,0,1,12.8291,1636.54
2036,1,0,1,12.8145,1563.64
1112,1,0,1,12.8109,1544.8
2041,1,0,1,12.7988,1483.73
2042,1,0,1,12.7794,1390.66
1564,1,0,1,12.769,1338.8
2107,1,0,1,12.7609,1297.3
1145,1,0,1,12.7543,1265.29
2053,1,0,1,12.7388,1187.98
2073,1,0,1,12.7305,1146.92
1336,1,0,1,12.7012,997.211
884,1,0,2,13.1961,3449.6,0.0738333,322.039,0.04,3
883,1,0,2,13.1667,3302.21
882,1,0,2,13.1536,3232.7
2155,1,0,2,13.1504,3216.14
2012,1,0,2,13.1337,3126.24
885,1,0,2,13.1288,3102.14
886,1,0,2,13.1085,2994.61
2013,1,0,2,13.1011,2955.14
2156,1,0,2,13.1004,2951.98
2011,1,0,2,13.0951,2924.47
891,1,0,2,13.0732,2810.01
893,1,0,2,13.0671,2779.14
894,1,0,2,13.0619,2754.39
897,1,0,2,13.043,2661.18
1028,1,0,2,13.035,2619
1026,1,0,2,13.0234,2561.27
998,1,0,2,13.0185,2536.52
999,1,0,2,12.9961,2424.79
936,1,0,3,13.4023,4456,0,0,0
1737,1,0,3,13.3908,4392.77
917,1,0,3,13.374,4309.54
916,1,0,3,13.3739,4308.63
906,1,0,3,13.348,4175.54
889,1,0,3,13.3358,4113.62
888,1,0,3,13.3152,4004.11
887,1,0,3,13.2978,3911.43
2012,1,0,3,13.2741,3793.65
884,1,0,3,13.2699,3771.64
1307,1,1,0,15.0055,554.042,0.0428333,186.826,0.28,1
1303,1,1,0,14.9945,496.053
2021,1,1,0,14.9562,306.727
1791,1,1,0,14.9483,267.142
939,1,1,0,14.9315,182.874
940,1,1,0,14.9268,151.022
934,1,1,0,14.9073,42.0448
933,1,1,0,14.9006,2.93996
936,1,1,0,14.9,0
436,1,1,1,15.2733,1934.87,0.077,335.851,0.12,2
425,1,1,1,15.2667,1900.16
420,1,1,1,15.2556,1842.37
421,1,1,1,15.2515,1815.47
417,1,1,1,15.2473,1792.19
1989,1,1,1,15.2292,1699.52
2011,1,1,1,15.211,1604.42
2156,1,1,1,15.2063,1579.41
2013,1,1,1,15.2057,1576.26
886,1,1,1,15.195,1523.21
888,1,1,1,15.1769,1424.39
903,1,1,1,15.1678,1374.54
904,1,1,1,15.1637,1353.3
925,1,1,1,15.1404,1225.93
2019,1,1,1,15.1359,1202.53
929,1,1,1,15.1355,1200.54
938,1,1,1,15.1231,1132.9
950,1,1,1,15.1078,1054.74
951,1,1,1,15.1013,1021.01
949,1,1,1,15.0901,963.892
1302,1,1,1,15.0633,823.666
1307,1,1,1,15.0484,740.869
936,1,1,2,15.4775,2927.28,0,0,0
1737,1,1,2,15.4664,2866.02
917,1,1,2,15.4529,2796.49
916,1,1,2,15.4527,2795.59
919,1,1,2,15.447,2756.5
2017,1,1,2,15.447,2756.33
2014,1,1,2,15.446,2751.58
2015,1,1,2,15.4379,2710.87
910,1,1,2,15.4378,2710.38
909,1,1,2,15.4284,2663.7
898,1,1,2,15.4152,2597.12
897,1,1,2,15.4056,2548.74
877,1,1,2,15.3831,2437.89
878,1,1,2,15.3771,2407.18
879,1,1,2,15.3686,2363.29
437,1,1,2,15.3626,2332.96
439,1,1,2,15.3592,2314.19
436,1,1,2,15.3503,2270.72
1307,2,0,0,14.3755,554.042,0.0546667,238.44,0.3,1
1303,2,0,0,14.3645,496.053
2021,2,0,0,14.3262,306.727
1791,2,0,0,14.3183,267.142
939,2,0,0,14.3015,182.874
940,2,0,0,14.2968,151.022
934,2,0,0,14.2773,42.0448
933,2,0,0,14.2706,2.93996
936,2,0,0,14.27,0
1336,2,0,1,14.5411,1357.19,0.0633333,276.241,0.28,2
1792,2,0,1,14.5328,1316.37
1334,2,0,1,14.523,1268.49
1335,2,0,1,14.5124,1218.26
1341,2,0,1,14.5038,1171.29
1315,2,0,1,14.4864,1075.52
1314,2,0,1,14.4663,973.405
1309,2,0,1,14.4657,970.535
1308,2,0,1,14.4494,885.27
1307,2,0,1,14.4302,792.482
999,2,0,2,14.8002,2633.05,0.0648333,282.783,0.16,3
1002,2,0,2,14.7961,2604.98
1031,2,0,2,14.7832,2539.71
2031,2,0,2,14.7759,2502.72
2032,2,0,2,14.7755,2500.89
1053,2,0,2,14.7679,2463
1784,2,0,2,14.7645,2445.25
1069,2,0,2,14.7434,2339.45
1848,2,0,2,14.7376,2305.2
1109,2,0,2,14.7288,2257.6
1113,2,0,2,14.7217,2222.36
2036,2,0,2,14.7142,2185.46
1112,2,0,2,14.7106,2166.62
2041,2,0,2,14.6968,2098.35
2042,2,0,2,14.6834,2030.26
1564,2,0,2,14.6721,1974.64
2107,2,0,2,14.662,1924.73
1145,2,0,2,14.6552,1892.06
2053,2,0,2,14.6422,1825.07
2073,2,0,2,14.6346,1786.93
1336,2,0,2,14.6044,1633.44
436,2,0,3,14.9844,3523.09,0.038,165.745,0.13,4
425,2,0,3,14.9779,3488.71
426,2,0,3,14.9729,3463.16
424,2,0,3,14.9708,3450.15
613,2,0,3,14.9632,3411.22
611,2,0,3,14.9574,3377.78
619,2,0,3,14.9395,3285.62
618,2,0,3,14.9371,3273.85
615,2,0,3,14.9356,3262.06
617,2,0,3,14.9321,3244.51
616,2,0,3,14.9255,3210.58
676,2,0,3,14.9193,3179.52
674,2,0,3,14.9044,3109.87
675,2,0,3,14.8978,3076.79
962,2,0,3,14.8892,3034.7
961,2,0,3,14.8819,2997.65
999,2,0,3,14.865,2915.84
884,2,0,4,15.1618,4391.19,0.0453333,197.73,0.06,5
1987,2,0,4,15.1264,4209.8
428,2,0,4,15.1214,4184.43
429,2,0,4,15.0994,4074.1
1988,2,0,4,15.075,3948.08
430,2,0,4,15.0715,3929.9
1989,2,0,4,15.0626,3889.15
432,2,0,4,15.0576,3864.36
435,2,0,4,15.0523,3837.77
431,2,0,4,15.0454,3803.72
439,2,0,4,15.0313,3732.3
436,2,0,4,15.0224,3688.83
936,2,0,5,15.3317,5239.94,0,0,0
1737,2,0,5,15.3206,5178.68
917,2,0,5,15.3071,5109.15
916,2,0,5,15.3069,5108.24
906,2,0,5,15.2836,4986.19
889,2,0,5,15.2711,4922.79
888,2,0,5,15.2512,4815.85
887,2,0,5,15.2344,4726.13
2012,2,0,5,15.2119,4613.09
884,2,0,5,15.2071,4588.92
1336,3,0,0,12.6479,764.587,0.0533333,232.624,0.21,1
1792,3,0,0,12.6404,727.242
1334,3,0,0,12.6331,689.424
1335,3,0,0,12.6224,639.192
1333,3,0,0,12.6,524.133
2163,3,0,0,12.5733,383.309
2023,3,0,0,12.5473,241.926
1787,3,0,0,12.5397,202.721
1788,3,0,0,12.5389,199.018
943,3,0,0,12.5195,103.973
934,3,0,0,12.5093,49.9245
933,3,0,0,12.5006,2.93996
936,3,0,0,12.5,0
999,3,0,1,12.902,2014.06,0.0941667,410.727,0.12,2
1002,3,0,1,12.8957,1980.01
1031,3,0,1,12.8812,1908.3
2031,3,0,1,12.8739,1871.31
2032,3,0,1,12.8735,1869.48
1053,3,0,1,12.8655,1829.69
1784,3,0,1,12.8622,1812.62
1069,3,0,1,12.8421,1710.61
1848,3,0,1,12.8363,1676.41
1847,3,0,1,12.8328,1656.77
1086,3,0,1,12.8291,1636.54
2036,3,0,1,12.8145,1563.64
1112,3,0,1,12.8109,1544.8
2041,3,0,1,12.7988,1483.73
2042,3,0,1,12.7794,1390.66
1564,3,0,1,12.769,1338.8
2107,3,0,1,12.7609,1297.3
1145,3,0,1,12.7543,1265.29
2053,3,0,1,12.7388,1187.98
2073,3,0,1,12.7305,1146.92
1336,3,0,1,12.7012,997.211
436,3,0,2,13.1018,3005.31,0.0588333,256.613,0.14,3
425,3,0,2,13.0947,2968.23
426,3,0,2,13.0898,2943.28
424,3,0,2,13.0874,2929.57
613,3,0,2,13.0844,2904.59
611,3,0,2,13.0789,2871.69
609,3,0,2,13.0769,2853.9
628,3,0,2,13.067,2779.89
615,3,0,2,13.0614,2749.24
617,3,0,2,13.0579,2731.69
616,3,0,2,13.0485,2686.21
676,3,0,2,13.0423,2655.15
674,3,0,2,13.0282,2588.46
675,3,0,2,13.0216,2555.38
962,3,0,2,13.0151,2522.25
961,3,0,2,13.0072,2482.83
999,3,0,2,12.9961,2424.79
884,3,0,3,13.3094,4003.28,0.0738333,322.039,0.04,4
1987,3,0,3,13.2715,3811.28
428,3,0,3,13.2665,3785.91
429,3,0,3,13.2414,3662.84
1988,3,0,3,13.215,3528.18
430,3,0,3,13.2114,3510.01
1989,3,0,3,13.2062,3484.27
432,3,0,3,13.202,3462.26
435,3,0,3,13.1966,3435.67
431,3,0,3,13.1894,3399.93
439,3,0,3,13.1679,3298.19
436,3,0,3,13.1607,3261.92
936,3,0,4,13.5157,5009.69,0,0,0
1737,3,0,4,13.5042,4946.46
917,3,0,4,13.4874,4863.22
916,3,0,4,13.4872,4862.31
906,3,0,4,13.4613,4729.22
889,3,0,4,13.4492,4667.3
888,3,0,4,13.4286,4557.79
887,3,0,4,13.4112,4465.11
2012,3,0,4,13.3875,4347.33
884,3,0,4,13.3833,4325.32
1307,3,1,0,15.0055,554.042,0.0428333,186.826,0.28,1
1303,3,1,0,14.9945,496.053
2021,3,1,0,14.9562,306.727
1791,3,1,0,14.9483,267.142
939,3,1,0,14.9315,182.874
940,3,1,0,14.9268,151.022
934,3,1,0,14.9073,42.0448
933,3,1,0,14.9006,2.93996
936,3,1,0,14.9,0
936,3,1,1,15.1575,1313.23,0,0,0
933,3,1,1,15.1569,1310.29
934,3,1,1,15.1514,1272.64
935,3,1,1,15.1508,1270.04
2020,3,1,1,15.1398,1213.06
943,3,1,1,15.1389,1209.13
942,3,1,1,15.1311,1168.06
941,3,1,1,15.1195,1109.91
1790,3,1,1,15.1067,1042.74
2022,3,1,1,15.0962,991.844
2021,3,1,1,15.0859,938.155
1303,3,1,1,15.0641,818.443
1307,3,1,1,15.0484,740.869
999,4,0,0,14.7834,633.053,0.0648333,282.783,0.16,1
1002,4,0,0,14.7793,604.982
1024,4,0,0,14.7583,498.436
1029,4,0,0,14.7523,469.049
1027,4,0,0,14.7394,405.671
1051,4,0,0,14.727,342.327
1052,4,0,0,14.7194,303.497
1804,4,0,0,14.7189,301.389
2015,4,0,0,14.7077,245.173
2014,4,0,0,14.6999,205.533
2017,4,0,0,14.6987,199.838
2170,4,0,0,14.6959,185.645
1738,4,0,0,14.6793,101.655
1737,4,0,0,14.6733,71.1284
936,4,0,0,14.66,0
436,4,0,1,14.9676,1523.09,0.038,165.745,0.13,2
425,4,0,1,14.9611,1488.71
426,4,0,1,14.9561,1463.17
424,4,0,1,14.954,1450.15
613,4,0,1,14.9464,1411.22
611,4,0,1,14.9406,1377.78
619,4,0,1,14.9227,1285.62
618,4,0,1,14.9204,1273.85
615,4,0,1,14.9188,1262.06
617,4,0,1,14.9153,1244.52
616,4,0,1,14.9087,1210.59
676,4,0,1,14.9025,1179.52
674,4,0,1,14.8876,1109.87
675,4,0,1,14.8811,1076.79
962,4,0,1,14.8724,1034.7
961,4,0,1,14.8651,997.651
999,4,0,1,14.8483,915.837
884,4,0,2,15.145,2391.19,0.0453333,197.73,0.06,3
1987,4,0,2,15.1096,2209.8
428,4,0,2,15.1046,2184.44
429,4,0,2,15.0826,2074.11
1988,4,0,2,15.0583,1948.08
430,4,0,2,15.0547,1929.9
1989,4,0,2,15.0458,1889.15
432,4,0,2,15.0408,1864.37
435,4,0,2,15.0355,1837.77
431,4,0,2,15.0287,1803.72
439,4,0,2,15.0145,1732.3
436,4,0,2,15.0056,1688.84
1307,4,0,3,15.3728,3531.06,0.0428333,186.826,0.28,4
1302,4,0,3,15.3564,3441.89
949,4,0,3,15.3341,3321.04
2025,4,0,3,15.3306,3303.58
1598,4,0,3,15.3258,3278.21
948,4,0,3,15.3209,3251.48
928,4,0,3,15.3109,3195.77
923,4,0,3,15.2688,2990.86
924,4,0,3,15.2605,2951.54
914,4,0,3,15.2409,2847.9
902,4,0,3,15.2342,2810.86
887,4,0,3,15.2177,2726.13
2012,4,0,3,15.1951,2613.09
884,4,0,3,15.1904,2588.92
936,4,0,4,15.5247,4290.25,0,0,0
933,4,0,4,15.5241,4287.31
934,4,0,4,15.5186,4249.67
935,4,0,4,15.5181,4247.06
2020,4,0,4,15.507,4190.08
943,4,0,4,15.5062,4186.15
942,4,0,4,15.4983,4145.08
941,4,0,4,15.4868,4086.93
1790,4,0,4,15.4739,4019.76
2022,4,0,4,15.4634,3968.87
2021,4,0,4,15.4532,3915.18
1303,4,0,4,15.4314,3795.47
1307,4,0,4,15.4156,3717.89
1336,4,1,0,13.6545,750.638,0.0515,224.627,0.24,1
1792,4,1,0,13.6482,718.22
1334,4,1,0,13.6402,677.786
1335,4,1,0,13.6296,627.554
1333,4,1,0,13.6125,535.212
2163,4,1,0,13.5842,387.56
2023,4,1,0,13.5545,230.349
1787,4,1,0,13.5464,189.064
1788,4,1,0,13.5456,185.36
943,4,1,0,13.5297,104.713
934,4,1,0,13.5209,56.8666
933,4,1,0,13.5106,2.93996
936,4,1,0,13.51,0
936,4,1,1,13.863,1782.92,0,0,0
933,4,1,1,13.8624,1779.98
934,4,1,1,13.8569,1742.34
935,4,1,1,13.8564,1739.73
2020,4,1,1,13.8453,1682.75
1787,4,1,1,13.8254,1584.44
2023,4,1,1,13.816,1537.62
2163,4,1,1,13.787,1383.21
1333,4,1,1,13.7565,1226.46
1335,4,1,1,13.7307,1097.21
1334,4,1,1,13.7248,1066.52
1792,4,1,1,13.7124,1007.99
1336,4,1,1,13.706,975.265
884,5,0,0,13.3634,917.424,0.0738333,322.039,0.04,1
883,5,0,0,13.3361,778.363
882,5,0,0,13.3246,716.093
2155,5,0,0,13.3214,699.368
901,5,0,0,13.2944,552.187
902,5,0,0,13.2815,482.635
904,5,0,0,13.2682,411.663
925,5,0,0,13.2448,283.766
2019,5,0,0,13.2394,256.499
929,5,0,0,13.239,254.516
930,5,0,0,13.222,162.739
931,5,0,0,13.21,105.498
932,5,0,0,13.1961,30.6376
933,5,0,0,13.1906,2.93996
936,5,0,0,13.19,0
436,5,0,1,13.553,1838.69,0.0588333,256.613,0.14,2
425,5,0,1,13.5454,1799.87
420,5,0,1,13.5297,1722.71
421,5,0,1,13.5257,1695.93
417,5,0,1,13.5212,1671.45
1989,5,0,1,13.5047,1585.04
2011,5,0,1,13.4869,1491.85
2156,5,0,1,13.4817,1464.52
2013,5,0,1,13.481,1461.37
886,5,0,1,13.4691,1403.19
885,5,0,1,13.4472,1289.07
2012,5,0,1,13.4415,1261.47
884,5,0,1,13.4373,1239.46
999,5,0,2,13.7048,2561.25,0.056,244.255,0.15,3
961,5,0,2,13.6892,2484.18
962,5,0,2,13.6814,2445.48
675,5,0,2,13.6703,2393.37
674,5,0,2,13.6642,2362
669,5,0,2,13.6477,2278.09
673,5,0,2,13.6381,2229.32
438,5,0,2,13.6326,2201.63
437,5,0,2,13.6229,2152.43
439,5,0,2,13.619,2131.57
436,5,0,2,13.6118,2095.3
1336,5,0,3,13.9733,3875.04,0.0515,224.627,0.24,4
1792,5,0,3,13.967,3842.63
1334,5,0,3,13.959,3802.19
1325,5,0,3,13.9318,3663.75
1156,5,0,3,13.9227,3620.04
1155,5,0,3,13.9097,3553.72
2052,5,0,3,13.9044,3526.72
1782,5,0,3,13.8978,3492.98
2043,5,0,3,13.8848,3422.45
1111,5,0,3,13.8699,3348.01
1109,5,0,3,13.8525,3261.56
1848,5,0,3,13.8324,3167.05
1069,5,0,3,13.8245,3124.51
1784,5,0,3,13.8073,3035.04
1053,5,0,3,13.8034,3015.22
2032,5,0,3,13.793,2965.69
2031,5,0,3,13.7926,2963.86
1031,5,0,3,13.7827,2916.46
1002,5,0,3,13.7685,2845.73
999,5,0,3,13.7608,2805.51
1307,5,0,4,14.1536,4738.18,0.0546667,238.44,0.3,5
1308,5,0,4,14.1424,4678.61
1309,5,0,4,14.1241,4585.25
1314,5,0,4,14.1235,4582.38
1315,5,0,4,14.0854,4406.68
1341,5,0,4,14.0653,4299.2
1342,5,0,4,14.0567,4256.47
1334,5,0,4,14.0459,4200.59
1792,5,0,4,14.0335,4142.05
1336,5,0,4,14.0248,4099.67
936,5,0,5,14.3293,5599.34,0,0,0
933,5,0,5,14.3287,5596.4
934,5,0,5,14.3231,5558.75
935,5,0,5,14.3226,5556.14
2020,5,0,5,14.3116,5499.17
943,5,0,5,14.3107,5495.23
942,5,0,5,14.3033,5456.1
941,5,0,5,14.2914,5396.54
1790,5,0,5,14.275,5314.41
2022,5,0,5,14.2645,5263.51
2021,5,0,5,14.25,5192.08
1303,5,0,5,14.2173,5025.93
1307,5,0,5,14.2083,4976.62
1336,6,0,0,12.8879,764.587,0.0533333,232.624,0.21,1
1792,6,0,0,12.8804,727.242
1334,6,0,0,12.8731,689.424
1335,6,0,0,12.8624,639.192
1333,6,0,0,12.84,524.133
2163,6,0,0,12.8133,383.309
2023,6,0,0,12.7873,241.926
1787,6,0,0,12.7797,202.721
1788,6,0,0,12.7789,199.018
943,6,0,0,12.7595,103.973
934,6,0,0,12.7493,49.9245
933,6,0,0,12.7406,2.93996
936,6,0,0,12.74,0
1307,6,0,1,13.0496,1551.85,0.0495,215.904,0.34,2
1308,6,0,1,13.038,1490.8
1309,6,0,1,13.0205,1400.7
1314,6,0,1,13.02,1397.83
1315,6,0,1,13.007,1325.89
1341,6,0,1,12.9826,1200.6
1342,6,0,1,12.974,1157.87
1334,6,0,1,12.9618,1095.73
1792,6,0,1,12.9493,1037.19
1336,6,0,1,12.9412,997.211
884,6,0,2,13.3094,2884.57,0.0738333,322.039,0.04,3
883,6,0,2,13.2821,2745.5
882,6,0,2,13.2706,2683.23
2155,6,0,2,13.2673,2666.51
901,6,0,2,13.2404,2519.33
902,6,0,2,13.2274,2449.78
904,6,0,2,13.2142,2378.8
925,6,0,2,13.1907,2250.91
2019,6,0,2,13.1853,2223.64
929,6,0,2,13.1849,2221.66
938,6,0,2,13.1729,2155.81
950,6,0,2,13.1594,2085.25
951,6,0,2,13.1524,2049.53
949,6,0,2,13.1414,1993.05
1302,6,0,2,13.1224,1886.33
1307,6,0,2,13.0991,1767.76
436,6,0,3,13.4989,3805.83,0.0588333,256.613,0.14,4
425,6,0,3,13.4914,3767.02
420,6,0,3,13.4757,3689.85
421,6,0,3,13.4717,3663.07
417,6,0,3,13.4672,3638.59
1989,6,0,3,13.4506,3552.18
2011,6,0,3,13.4329,3458.99
2156,6,0,3,13.4276,3431.66
2013,6,0,3,13.4269,3428.51
886,6,0,3,13.415,3370.33
885,6,0,3,13.3931,3256.21
2012,6,0,3,13.3874,3228.61
884,6,0,3,13.3832,3206.6
999,6,0,4,13.6508,4528.39,0.056,244.255,0.15,5
961,6,0,4,13.6351,4451.32
962,6,0,4,13.6274,4412.62
675,6,0,4,13.6163,4360.51
674,6,0,4,13.6101,4329.15
669,6,0,4,13.5936,4245.23
673,6,0,4,13.5841,4196.46
438,6,0,4,13.5785,4168.77
437,6,0,4,13.5688,4119.57
439,6,0,4,13.5649,4098.71
436,6,0,4,13.5578,4062.44
936,6,0,5,13.8288,5401.61,0,0,0
1737,6,0,5,13.8173,5338.38
917,6,0,5,13.8005,5255.15
916,6,0,5,13.8003,5254.24
919,6,0,5,13.7946,5215.15
2017,6,0,5,13.7945,5214.98
2014,6,0,5,13.7935,5209.96
2015,6,0,5,13.7854,5169.25
910,6,0,5,13.7853,5168.76
909,6,0,5,13.777,5126.62
1051,6,0,5,13.7671,5076.46
1025,6,0,5,13.7549,5015.16
1029,6,0,5,13.741,4945.8
1026,6,0,5,13.7304,4893.76
998,6,0,5,13.7259,4870.63
999,6,0,5,13.7068,4772.65
999,7,0,0,14.7834,633.053,0.0648333,282.783,0.16,1
1002,7,0,0,14.7793,604.982
1024,7,0,0,14.7583,498.436
1029,7,0,0,14.7523,469.049
1027,7,0,0,14.7394,405.671
1051,7,0,0,14.727,342.327
1052,7,0,0,14.7194,303.497
1804,7,0,0,14.7189,301.389
2015,7,0,0,14.7077,245.173
2014,7,0,0,14.6999,205.533
2017,7,0,0,14.6987,199.838
2170,7,0,0,14.6959,185.645
1738,7,0,0,14.6793,101.655
1737,7,0,0,14.6733,71.1284
936,7,0,0,14.66,0
436,7,0,1,14.9676,1523.09,0.038,165.745,0.13,2
425,7,0,1,14.9611,1488.71
426,7,0,1,14.9561,1463.17
424,7,0,1,14.954,1450.15
613,7,0,1,14.9464,1411.22
611,7,0,1,14.9406,1377.78
619,7,0,1,14.9227,1285.62
618,7,0,1,14.9204,1273.85
615,7,0,1,14.9188,1262.06
617,7,0,1,14.9153,1244.52
616,7,0,1,14.9087,1210.59
676,7,0,1,14.9025,1179.52
674,7,0,1,14.8876,1109.87
675,7,0,1,14.8811,1076.79
962,7,0,1,14.8724,1034.7
961,7,0,1,14.8651,997.651
999,7,0,1,14.8483,915.837
884,7,0,2,15.145,2391.19,0.0453333,197.73,0.06,3
1987,7,0,2,15.1096,2209.8
428,7,0,2,15.1046,2184.44
429,7,0,2,15.0826,2074.11
1988,7,0,2,15.0583,1948.08
430,7,0,2,15.0547,1929.9
1989,7,0,2,15.0458,1889.15
432,7,0,2,15.0408,1864.37
435,7,0,2,15.0355,1837.77
431,7,0,2,15.0287,1803.72
439,7,0,2,15.0145,1732.3
436,7,0,2,15.0056,1688.84
1307,7,0,3,15.3728,3531.06,0.0428333,186.826,0.28,4
1302,7,0,3,15.3564,3441.89
949,7,0,3,15.3341,3321.04
2025,7,0,3,15.3306,3303.58
1598,7,0,3,15.3258,3278.21
948,7,0,3,15.3209,3251.48
928,7,0,3,15.3109,3195.77
923,7,0,3,15.2688,2990.86
924,7,0,3,15.2605,2951.54
914,7,0,3,15.2409,2847.9
902,7,0,3,15.2342,2810.86
887,7,0,3,15.2177,2726.13
2012,7,0,3,15.1951,2613.09
884,7,0,3,15.1904,2588.92
936,7,0,4,15.5247,4290.25,0,0,0
933,7,0,4,15.5241,4287.31
934,7,0,4,15.5186,4249.67
935,7,0,4,15.5181,4247.06
2020,7,0,4,15.507,4190.08
943,7,0,4,15.5062,4186.15
942,7,0,4,15.4983,4145.08
941,7,0,4,15.4868,4086.93
1790,7,0,4,15.4739,4019.76
2022,7,0,4,15.4634,3968.87
2021,7,0,4,15.4532,3915.18
1303,7,0,4,15.4314,3795.47
1307,7,0,4,15.4156,3717.89
1336,7,1,0,12.9679,764.587,0.0533333,232.624,0.21,1
1792,7,1,0,12.9604,727.242
1334,7,1,0,12.9531,689.424
1335,7,1,0,12.9424,639.192
1333,7,1,0,12.92,524.133
2163,7,1,0,12.8933,383.309
2023,7,1,0,12.8673,241.926
1787,7,1,0,12.8597,202.721
1788,7,1,0,12.8589,199.018
943,7,1,0,12.8395,103.973
934,7,1,0,12.8293,49.9245
933,7,1,0,12.8206,2.93996
936,7,1,0,12.82,0
936,7,1,1,13.1783,1804.87,0,0,0
933,7,1,1,13.1777,1801.93
934,7,1,1,13.1721,1764.28
935,7,1,1,13.1716,1761.67
2020,7,1,1,13.1606,1704.7
1787,7,1,1,13.1407,1606.38
2023,7,1,1,13.1312,1559.56
2163,7,1,1,13.1022,1405.16
1333,7,1,1,13.0718,1248.41
1335,7,1,1,13.0459,1119.15
1334,7,1,1,13.04,1088.47
1792,7,1,1,13.0276,1029.93
1336,7,1,1,13.0212,997.211
1336,8,0,0,12.8279,764.587,0.0533333,232.624,0.21,1
1792,8,0,0,12.8204,727.242
1334,8,0,0,12.8131,689.424
1335,8,0,0,12.8024,639.192
1333,8,0,0,12.78,524.133
2163,8,0,0,12.7533,383.309
2023,8,0,0,12.7273,241.926
1787,8,0,0,12.7197,202.721
1788,8,0,0,12.7189,199.018
943,8,0,0,12.6995,103.973
934,8,0,0,12.6893,49.9245
933,8,0,0,12.6806,2.93996
936,8,0,0,12.68,0
999,8,0,1,13.082,2014.06,0.056,244.255,0.15,2
1002,8,0,1,13.0757,1980.01
1031,8,0,1,13.0612,1908.3
2031,8,0,1,13.0539,1871.31
2032,8,0,1,13.0535,1869.48
1053,8,0,1,13.0455,1829.69
1784,8,0,1,13.0422,1812.62
1069,8,0,1,13.0221,1710.61
1848,8,0,1,13.0163,1676.41
1847,8,0,1,13.0128,1656.77
1086,8,0,1,13.0091,1636.54
2036,8,0,1,12.9945,1563.64
1112,8,0,1,12.9909,1544.8
2041,8,0,1,12.9788,1483.73
2042,8,0,1,12.9594,1390.66
1564,8,0,1,12.949,1338.8
2107,8,0,1,12.9409,1297.3
1145,8,0,1,12.9343,1265.29
2053,8,0,1,12.9188,1187.98
2073,8,0,1,12.9105,1146.92
1336,8,0,1,12.8812,997.211
436,8,0,2,13.2491,2856.62,0.0588333,256.613,0.14,3
425,8,0,2,13.2416,2817.81
426,8,0,2,13.2353,2787.07
424,8,0,2,13.233,2773.64
613,8,0,2,13.225,2733.27
611,8,0,2,13.2181,2695.38
609,8,0,2,13.2162,2677.54
628,8,0,2,13.2063,2603.53
615,8,0,2,13.2015,2575.55
617,8,0,2,13.198,2558
616,8,0,2,13.1903,2519.79
676,8,0,2,13.1842,2488.72
674,8,0,2,13.1737,2437.23
675,8,0,2,13.1671,2404.16
962,8,0,2,13.1567,2354.79
961,8,0,2,13.1513,2325.66
999,8,0,2,13.138,2258.32
884,8,0,3,13.4567,3854.6,0.0738333,322.039,0.04,4
1987,8,0,3,13.4188,3662.59
428,8,0,3,13.4138,3637.22
429,8,0,3,13.3887,3514.15
1988,8,0,3,13.3623,3379.49
430,8,0,3,13.3587,3361.32
1989,8,0,3,13.3535,3335.59
432,8,0,3,13.3493,3313.57
435,8,0,3,13.3439,3286.98
431,8,0,3,13.3367,3251.25
439,8,0,3,13.3152,3149.5
436,8,0,3,13.308,3113.24
936,8,0,4,13.663,4861,0,0,0
1737,8,0,4,13.6515,4797.77
917,8,0,4,13.6347,4714.53
916,8,0,4,13.6345,4713.63
906,8,0,4,13.6086,4580.54
889,8,0,4,13.5965,4518.62
888,8,0,4,13.5759,4409.11
887,8,0,4,13.5585,4316.43
2012,8,0,4,13.5348,4198.65
884,8,0,4,13.5306,4176.64
1307,8,1,0,15.0655,554.042,0.0428333,186.826,0.28,1
1303,8,1,0,15.0545,496.053
2021,8,1,0,15.0162,306.727
1791,8,1,0,15.0083,267.142
939,8,1,0,14.9915,182.874
940,8,1,0,14.9868,151.022
934,8,1,0,14.9673,42.0448
933,8,1,0,14.9606,2.93996
936,8,1,0,14.96,0
936,8,1,1,15.2175,1313.23,0,0,0
933,8,1,1,15.2169,1310.29
934,8,1,1,15.2114,1272.64
935,8,1,1,15.2108,1270.04
2020,8,1,1,15.1998,1213.06
943,8,1,1,15.1989,1209.13
942,8,1,1,15.1911,1168.06
941,8,1,1,15.1795,1109.91
1790,8,1,1,15.1667,1042.74
2022,8,1,1,15.1562,991.844
2021,8,1,1,15.1459,938.155
1303,8,1,1,15.1241,818.443
1307,8,1,1,15.1084,740.869
884,9,0,0,14.3983,938.52,0.0611667,266.791,0.05,1
883,9,0,0,14.3659,777.951
882,9,0,0,14.3527,708.309
2155,9,0,0,14.3492,690.597
901,9,0,0,14.3178,524.626
902,9,0,0,14.3049,454.953
904,9,0,0,14.2918,384.906
925,9,0,0,14.2703,265.332
2019,9,0,0,14.2651,239.037
929,9,0,0,14.2647,237.053
930,9,0,0,14.2444,130.978
931,9,0,0,14.2392,102.033
932,9,0,0,14.225,25.8242
933,9,0,0,14.2206,2.93996
936,9,0,0,14.22,0
436,9,0,1,14.578,1816.23,0.038,165.745,0.13,2
425,9,0,1,14.5715,1781.85
420,9,0,1,14.557,1709.7
421,9,0,1,14.553,1682.88
417,9,0,1,14.5489,1660.21
1989,9,0,1,14.531,1568.29
2011,9,0,1,14.5108,1464.73
2156,9,0,1,14.5051,1435.43
2013,9,0,1,14.5044,1432.28
886,9,0,1,14.4941,1380.66
885,9,0,1,14.4697,1255.93
2012,9,0,1,14.464,1228.33
884,9,0,1,14.4595,1205.31
999,9,0,2,14.7131,2469.37,0.0648333,282.783,0.16,3
961,9,0,2,14.6949,2381.87
962,9,0,2,14.6872,2343.18
675,9,0,2,14.6774,2296.4
674,9,0,2,14.6725,2270.37
676,9,0,2,14.6685,2243.04
616,9,0,2,14.6619,2210.39
606,9,0,2,14.6418,2111.68
610,9,0,2,14.6301,2054.36
436,9,0,2,14.616,1981.97
1336,9,0,3,14.968,3741.42,0.0633333,276.241,0.28,4
1792,9,0,3,14.9597,3700.6
1334,9,0,3,14.9499,3652.71
1325,9,0,3,14.9253,3525.25
1156,9,0,3,14.9178,3488.14
1155,9,0,3,14.9062,3427.72
2052,9,0,3,14.9012,3401.84
1782,9,0,3,14.8948,3369.23
2043,9,0,3,14.8862,3310.49
1111,9,0,3,14.8761,3256.31
1110,9,0,3,14.8702,3226.45
1113,9,0,3,14.856,3153.17
1847,9,0,3,14.8473,3105.9
1068,9,0,3,14.8367,3051.77
1785,9,0,3,14.8318,3026.31
1053,9,0,3,14.815,2938.88
2032,9,0,3,14.8056,2893.36
2031,9,0,3,14.8052,2891.54
1031,9,0,3,14.7971,2851.24
1002,9,0,3,14.7842,2785.93
999,9,0,3,14.778,2752.15
1307,9,0,4,15.1432,4587.33,0.0428333,186.826,0.28,5
1308,9,0,4,15.129,4515.06
1309,9,0,4,15.1095,4416.83
1314,9,0,4,15.109,4413.96
1315,9,0,4,15.0886,4310.56
1341,9,0,4,15.0691,4205.84
1342,9,0,4,15.0605,4163.11
1334,9,0,4,15.0495,4106.38
1792,9,0,4,15.0371,4047.85
1336,9,0,4,15.0313,4017.66
936,9,0,5,15.2951,5346.52,0,0,0
933,9,0,5,15.2945,5343.58
934,9,0,5,15.289,5305.93
935,9,0,5,15.2885,5303.32
2020,9,0,5,15.2774,5246.35
943,9,0,5,15.2766,5242.41
942,9,0,5,15.2687,5201.34
941,9,0,5,15.2572,5143.19
1790,9,0,5,15.2443,5076.02
2022,9,0,5,15.2338,5025.13
2021,9,0,5,15.2236,4971.44
1303,9,0,5,15.2018,4851.73
1307,9,0,5,15.186,4774.15
1336,10,0,0,13.9845,750.638,0.0515,224.627,0.24,1
1792,10,0,0,13.9782,718.22
1334,10,0,0,13.9702,677.786
1335,10,0,0,13.9596,627.554
1333,10,0,0,13.9425,535.212
2163,10,0,0,13.9142,387.56
2023,10,0,0,13.8845,230.349
1787,10,0,0,13.8764,189.064
1788,10,0,0,13.8756,185.36
943,10,0,0,13.8597,104.713
934,10,0,0,13.8509,56.8666
933,10,0,0,13.8406,2.93996
936,10,0,0,13.84,0
999,10,0,1,14.2318,1974.88,0.0648333,282.783,0.16,2
1002,10,0,1,14.2277,1946.81
1031,10,0,1,14.2148,1881.54
2031,10,0,1,14.2074,1844.55
2032,10,0,1,14.207,1842.72
1053,10,0,1,14.1994,1804.83
1784,10,0,1,14.196,1787.08
1069,10,0,1,14.175,1681.28
1848,10,0,1,14.1692,1647.03
1109,10,0,1,14.1604,1599.43
1113,10,0,1,14.1533,1564.19
2036,10,0,1,14.1458,1527.29
1112,10,0,1,14.1421,1508.45
2041,10,0,1,14.1284,1440.18
2042,10,0,1,14.115,1372.09
1564,10,0,1,14.1037,1316.47
2107,10,0,1,14.0935,1266.56
1145,10,0,1,14.0868,1233.89
2053,10,0,1,14.0737,1166.9
2073,10,0,1,14.0662,1128.76
1336,10,0,1,14.036,975.265
436,10,0,2,14.416,2864.92,0.038,165.745,0.13,3
425,10,0,2,14.4095,2830.54
426,10,0,2,14.4044,2804.99
424,10,0,2,14.4024,2791.98
613,10,0,2,14.3948,2753.05
611,10,0,2,14.3889,2719.61
619,10,0,2,14.371,2627.45
618,10,0,2,14.3687,2615.68
615,10,0,2,14.3672,2603.89
617,10,0,2,14.3637,2586.34
616,10,0,2,14.3571,2552.41
676,10,0,2,14.3509,2521.35
674,10,0,2,14.336,2451.7
675,10,0,2,14.3294,2418.62
962,10,0,2,14.3208,2376.53
961,10,0,2,14.3134,2339.48
999,10,0,2,14.2966,2257.67
884,10,0,3,14.6081,3794.92,0.0611667,266.791,0.05,4
1987,10,0,3,14.5652,3581.93
428,10,0,3,14.5601,3556.56
429,10,0,3,14.5334,3426.55
1988,10,0,3,14.5048,3282.93
430,10,0,3,14.5015,3265.67
1989,10,0,3,14.4964,3240.59
432,10,0,3,14.4902,3210.51
435,10,0,3,14.4849,3183.92
431,10,0,3,14.4781,3150.12
439,10,0,3,14.4616,3069.03
436,10,0,3,14.454,3030.67
936,10,0,4,14.8072,4768.95,0,0,0
1737,10,0,4,14.795,4702.81
917,10,0,4,14.7804,4628.64
916,10,0,4,14.7803,4627.73
906,10,0,4,14.7508,4479.81
889,10,0,4,14.7402,4424.57
888,10,0,4,14.7128,4285.96
887,10,0,4,14.6984,4206.12
2012,10,0,4,14.6738,4084.73
884,10,0,4,14.6693,4061.71
1307,10,1,0,15.0255,554.042,0.0428333,186.826,0.28,1
1303,10,1,0,15.0145,496.053
2021,10,1,0,14.9762,306.727
1791,10,1,0,14.9683,267.142
939,10,1,0,14.9515,182.874
940,10,1,0,14.9468,151.022
934,10,1,0,14.9273,42.0448
933,10,1,0,14.9206,2.93996
936,10,1,0,14.92,0
936,10,1,1,15.1775,1313.23,0,0,0
933,10,1,1,15.1769,1310.29
934,10,1,1,15.1714,1272.64
935,10,1,1,15.1708,1270.04
2020,10,1,1,15.1598,1213.06
943,10,1,1,15.1589,1209.13
942,10,1,1,15.1511,1168.06
941,10,1,1,15.1395,1109.91
1790,10,1,1,15.1267,1042.74
2022,10,1,1,15.1162,991.844
2021,10,1,1,15.1059,938.155
1303,10,1,1,15.0841,818.443
1307,10,1,1,15.0684,740.869
1307,11,0,0,13.8017,580.427,0.0495,215.904,0.34,1
1303,11,0,0,13.7869,506.554
2021,11,0,0,13.7552,344.641
1791,11,0,0,13.7459,299.315
939,11,0,0,13.7327,230.444
940,11,0,0,13.728,198.593
934,11,0,0,13.7009,56.8666
933,11,0,0,13.6906,2.93996
936,11,0,0,13.69,0
1336,11,0,1,13.952,1319.25,0.0515,224.627,0.24,2
1792,11,0,1,13.9458,1286.83
1334,11,0,1,13.9378,1246.39
1335,11,0,1,13.9271,1196.16
1341,11,0,1,13.9196,1153.46
1315,11,0,1,13.8994,1045.7
1314,11,0,1,13.8825,956.845
1309,11,0,1,13.8819,953.975
1308,11,0,1,13.8678,878.201
1307,11,0,1,13.8512,796.332
999,11,0,2,14.1993,2543.49,0.0648333,282.783,0.16,3
1002,11,0,2,14.1952,2515.42
1031,11,0,2,14.1823,2450.15
2031,11,0,2,14.175,2413.15
2032,11,0,2,14.1746,2411.33
1053,11,0,2,14.167,2373.44
1784,11,0,2,14.1636,2355.69
1069,11,0,2,14.1426,2249.89
1848,11,0,2,14.1367,2215.63
1109,11,0,2,14.1279,2168.04
1113,11,0,2,14.1208,2132.79
2036,11,0,2,14.1133,2095.89
1112,11,0,2,14.1097,2077.06
2041,11,0,2,14.0959,2008.79
2042,11,0,2,14.0826,1940.7
1564,11,0,2,14.0712,1885.08
2107,11,0,2,14.0611,1835.17
1145,11,0,2,14.0543,1802.49
2053,11,0,2,14.0413,1735.5
2073,11,0,2,14.0337,1697.36
1336,11,0,2,14.0035,1543.87
436,11,0,3,14.3835,3433.53,0.038,165.745,0.13,4
425,11,0,3,14.377,3399.14
426,11,0,3,14.372,3373.6
424,11,0,3,14.3699,3360.59
613,11,0,3,14.3623,3321.66
611,11,0,3,14.3565,3288.22
619,11,0,3,14.3386,3196.05
618,11,0,3,14.3362,3184.29
615,11,0,3,14.3347,3172.5
617,11,0,3,14.3312,3154.95
616,11,0,3,14.3246,3121.02
676,11,0,3,14.3184,3089.96
674,11,0,3,14.3035,3020.31
675,11,0,3,14.2969,2987.23
962,11,0,3,14.2883,2945.14
961,11,0,3,14.281,2908.09
999,11,0,3,14.2642,2826.27
884,11,0,4,14.5757,4363.53,0.0611667,266.791,0.05,5
1987,11,0,4,14.5327,4150.53
428,11,0,4,14.5277,4125.17
429,11,0,4,14.5009,3995.16
1988,11,0,4,14.4724,3851.54
430,11,0,4,14.469,3834.28
1989,11,0,4,14.464,3809.19
432,11,0,4,14.4578,3779.12
435,11,0,4,14.4524,3752.53
431,11,0,4,14.4456,3718.73
439,11,0,4,14.4292,3637.64
436,11,0,4,14.4215,3599.27
936,11,0,5,14.7748,5337.56,0,0,0
1737,11,0,5,14.7626,5271.42
917,11,0,5,14.748,5197.25
916,11,0,5,14.7478,5196.34
906,11,0,5,14.7184,5048.42
889,11,0,5,14.7078,4993.18
888,11,0,5,14.6803,4854.56
887,11,0,5,14.6659,4774.73
2012,11,0,5,14.6413,4653.34
884,11,0,5,14.6369,4630.32
1336,12,0,0,12.4779,764.587,0.0533333,232.624,0.21,1
1792,12,0,0,12.4704,727.242
1334,12,0,0,12.4631,689.424
1335,12,0,0,12.4524,639.192
1333,12,0,0,12.43,524.133
2163,12,0,0,12.4033,383.309
2023,12,0,0,12.3773,241.926
1787,12,0,0,12.3697,202.721
1788,12,0,0,12.3689,199.018
943,12,0,0,12.3495,103.973
934,12,0,0,12.3393,49.9245
933,12,0,0,12.3306,2.93996
936,12,0,0,12.33,0
999,12,0,1,12.732,2014.06,0.0941667,410.727,0.12,2
1002,12,0,1,12.7257,1980.01
1031,12,0,1,12.7112,1908.3
2031,12,0,1,12.7039,1871.31
2032,12,0,1,12.7035,1869.48
1053,12,0,1,12.6955,1829.69
1784,12,0,1,12.6922,1812.62
1069,12,0,1,12.6721,1710.61
1848,12,0,1,12.6663,1676.41
1847,12,0,1,12.6628,1656.77
1086,12,0,1,12.6591,1636.54
2036,12,0,1,12.6445,1563.64
1112,12,0,1,12.6409,1544.8
2041,12,0,1,12.6288,1483.73
2042,12,0,1,12.6094,1390.66
1564,12,0,1,12.599,1338.8
2107,12,0,1,12.5909,1297.3
1145,12,0,1,12.5843,1265.29
2053,12,0,1,12.5688,1187.98
2073,12,0,1,12.5605,1146.92
1336,12,0,1,12.5312,997.211
436,12,0,2,12.9318,3005.31,0.0958333,417.996,0.13,3
425,12,0,2,12.9247,2968.23
426,12,0,2,12.9198,2943.28
424,12,0,2,12.9174,2929.57
613,12,0,2,12.9144,2904.59
611,12,0,2,12.9089,2871.69
609,12,0,2,12.9069,2853.9
628,12,0,2,12.897,2779.89
615,12,0,2,12.8914,2749.24
617,12,0,2,12.8879,2731.69
616,12,0,2,12.8785,2686.21
676,12,0,2,12.8723,2655.15
674,12,0,2,12.8582,2588.46
675,12,0,2,12.8516,2555.38
962,12,0,2,12.8451,2522.25
961,12,0,2,12.8372,2482.83
999,12,0,2,12.8261,2424.79
884,12,0,3,13.1764,4164.67,0.0738333,322.039,0.04,4
1987,12,0,3,13.1385,3972.66
428,12,0,3,13.1335,3947.29
429,12,0,3,13.1084,3824.22
1988,12,0,3,13.082,3689.56
430,12,0,3,13.0784,3671.39
1989,12,0,3,13.0732,3645.65
432,12,0,3,13.069,3623.64
435,12,0,3,13.0636,3597.05
431,12,0,3,13.0564,3561.32
439,12,0,3,13.0349,3459.57
436,12,0,3,13.0277,3423.3
936,12,0,4,13.3827,5171.07,0,0,0
1737,12,0,4,13.3712,5107.84
917,12,0,4,13.3544,5024.6
916,12,0,4,13.3542,5023.69
906,12,0,4,13.3283,4890.6
889,12,0,4,13.3162,4828.69
888,12,0,4,13.2956,4719.17
887,12,0,4,13.2782,4626.5
2012,12,0,4,13.2545,4508.71
884,12,0,4,13.2503,4486.71
1307,12,1,0,15.0255,554.042,0.0428333,186.826,0.28,1
1303,12,1,0,15.0145,496.053
2021,12,1,0,14.9762,306.727
1791,12,1,0,14.9683,267.142
939,12,1,0,14.9515,182.874
940,12,1,0,14.9468,151.022
934,12,1,0,14.9273,42.0448
933,12,1,0,14.9206,2.93996
936,12,1,0,14.92,0
936,12,1,1,15.1775,1313.23,0,0,0
933,12,1,1,15.1769,1310.29
934,12,1,1,15.1714,1272.64
935,12,1,1,15.1708,1270.04
2020,12,1,1,15.1598,1213.06
943,12,1,1,15.1589,1209.13
942,12,1,1,15.1511,1168.06
941,12,1,1,15.1395,1109.91
1790,12,1,1,15.1267,1042.74
2022,12,1,1,15.1162,991.844
2021,12,1,1,15.1059,938.155
1303,12,1,1,15.0841,818.443
1307,12,1,1,15.0684,740.869
