Nodo,Individuo,Ruta,Segmento,Tiempo viaje,Costo viaje,Tiempo atencion,Costo atencion,Tasa fallo,Demanda
1307,0,0,0,15.0555,554.042,0.0428333,186.826,0.28,1
1303,0,0,0,15.0445,496.053
2021,0,0,0,15.0062,306.727
1791,0,0,0,14.9983,267.142
939,0,0,0,14.9815,182.874
940,0,0,0,14.9768,151.022
934,0,0,0,14.9573,42.0448
933,0,0,0,14.9506,2.93996
936,0,0,0,14.95,0
1336,0,0,1,15.1993,1263.92,0.0595,259.521,0.34,2
1792,0,0,1,15.1933,1232.8
1334,0,0,1,15.1838,1186.27
1335,0,0,1,15.1732,1136.04
1341,0,0,1,15.1653,1092.01
1315,0,0,1,15.1477,995.332
1314,0,0,1,15.132,911.668
1309,0,0,1,15.1314,908.797
1308,0,0,1,15.1116,808.959
1307,0,0,1,15.0984,740.869
999,0,0,2,15.4493,2503.53,0.0515,224.627,0.17,3
1002,0,0,2,15.4424,2466.7
1031,0,0,2,15.4282,2395.75
2031,0,0,2,15.4208,2358.75
2032,0,0,2,15.4204,2356.93
1053,0,0,2,15.4127,2318.47
1784,0,0,2,15.4095,2301.77
1066,0,0,2,15.4004,2254.95
1070,0,0,2,15.3898,2198.39
1849,0,0,2,15.3791,2144.14
1108,0,0,2,15.3678,2086.26
1107,0,0,2,15.3543,2016.15
2040,0,0,2,15.3436,1959.09
1783,0,0,2,15.3275,1875.04
1153,0,0,2,15.3203,1838.82
1154,0,0,2,15.3098,1782.55
1324,0,0,2,15.3047,1756.63
1325,0,0,2,15.2937,1702.32
2073,0,0,2,15.286,1664.53
1336,0,0,2,15.2588,1523.44
436,0,0,3,15.6103,3296.28,0.077,335.851,0.12,4
425,0,0,3,15.6038,3261.57
426,0,0,3,15.5992,3238.26
424,0,0,3,15.5973,3225.38
613,0,0,3,15.5926,3198.86
611,0,0,3,15.5876,3166.62
619,0,0,3,15.5697,3074.45
618,0,0,3,15.5673,3062.61
615,0,0,3,15.5658,3050.83
617,0,0,3,15.5623,3033.28
616,0,0,3,15.5547,2995.31
676,0,0,3,15.5485,2964.25
674,0,0,3,15.5374,2910.2
675,0,0,3,15.5309,2877.13
962,0,0,3,15.5184,2819.34
961,0,0,3,15.5136,2793.06
999,0,0,3,15.5008,2728.16
884,0,0,4,15.8267,4334.48,0.0453333,197.73,0.06,5
1987,0,0,4,15.7913,4153.1
428,0,0,4,15.7863,4127.73
429,0,0,4,15.7643,4017.4
1988,0,0,4,15.74,3891.37
430,0,0,4,15.7364,3873.19
1989,0,0,4,15.7275,3832.45
432,0,0,4,15.7225,3807.66
435,0,0,4,15.7172,3781.07
431,0,0,4,15.7104,3747.02
439,0,0,4,15.6962,3675.59
436,0,0,4,15.6873,3632.13
936,0,0,5,15.9966,5183.24,0,0,0
1737,0,0,5,15.9855,5121.97
917,0,0,5,15.972,5052.45
916,0,0,5,15.9719,5051.54
906,0,0,5,15.9486,4929.48
889,0,0,5,15.9361,4866.09
888,0,0,5,15.9161,4759.15
887,0,0,5,15.8994,4669.42
2012,0,0,5,15.8768,4556.38
884,0,0,5,15.8721,4532.22
1336,1,0,0,12.4579,764.587,0.0533333,232.624,0.21,1
1792,1,0,0,12.4504,727.242
1334,1,0,0,12.4431,689.424
1335,1,0,0,12.4324,639.192
1333,1,0,0,12.41,524.133
2163,1,0,0,12.3833,383.309
2023,1,0,0,12.3573,241.926
1787,1,0,0,12.3497,202.721
1788,1,0,0,12.3489,199.018
943,1,0,0,12.3295,103.973
934,1,0,0,12.3193,49.9245
933,1,0,0,12.3106,2.93996
936,1,0,0,12.31,0
999,1,0,1,12.712,2014.06,0.0941667,410.727,0.12,2
1002,1,0,1,12.7057,1980.01
1031,1,0,1,12.6912,1908.3
2031,1,0,1,12.6839,1871.31
2032,1,0,1,12.6835,1869.48
1053,1,0,1,12.6755,1829.69
1784,1,0,1,12.6722,1812.62
1069,1,0,1,12.6521,1710.61
1848,1,0,1,12.6463,1676.41
1847,1,0,1,12.6428,1656.77
1086,1,0,1,12.6391,1636.54
2036,1,0,1,12.6245,1563.64
1112,1,0,1,12.6209,1544.8
2041,1,0,1,12.6088,1483.73
2042,1,0,1,12.5894,1390.66
1564,1,0,1,12.579,1338.8
2107,1,0,1,12.5709,1297.3
1145,1,0,1,12.5643,1265.29
2053,1,0,1,12.5488,1187.98
2073,1,0,1,12.5405,1146.92
1336,1,0,1,12.5112,997.211
884,1,0,2,13.0061,3449.6,0.0738333,322.039,0.04,3
883,1,0,2,12.9768,3302.21
882,1,0,2,12.9636,3232.7
2155,1,0,2,12.9604,3216.14
2012,1,0,2,12.9437,3126.24
885,1,0,2,12.9388,3102.14
886,1,0,2,12.9185,2994.61
2013,1,0,2,12.9111,2955.14
2156,1,0,2,12.9104,2951.98
2011,1,0,2,12.9051,2924.47
891,1,0,2,12.8832,2810.01
893,1,0,2,12.8771,2779.14
894,1,0,2,12.8719,2754.39
897,1,0,2,12.853,2661.18
1028,1,0,2,12.845,2619
1026,1,0,2,12.8335,2561.27
998,1,0,2,12.8285,2536.52
999,1,0,2,12.8061,2424.79
936,1,0,3,13.2123,4456,0,0,0
1737,1,0,3,13.2008,4392.77
917,1,0,3,13.184,4309.54
916,1,0,3,13.1839,4308.63
906,1,0,3,13.158,4175.54
889,1,0,3,13.1458,4113.62
888,1,0,3,13.1252,4004.11
887,1,0,3,13.1078,3911.43
2012,1,0,3,13.0841,3793.65
884,1,0,3,13.0799,3771.64
1307,1,1,0,15.0655,554.042,0.0428333,186.826,0.28,1
1303,1,1,0,15.0545,496.053
2021,1,1,0,15.0162,306.727
1791,1,1,0,15.0083,267.142
939,1,1,0,14.9915,182.874
940,1,1,0,14.9868,151.022
934,1,1,0,14.9673,42.0448
933,1,1,0,14.9606,2.93996
936,1,1,0,14.96,0
436,1,1,1,15.3333,1934.87,0.077,335.851,0.12,2
425,1,1,1,15.3267,1900.16
420,1,1,1,15.3156,1842.37
421,1,1,1,15.3115,1815.47
417,1,1,1,15.3073,1792.19
1989,1,1,1,15.2892,1699.52
2011,1,1,1,15.271,1604.42
2156,1,1,1,15.2663,1579.41
2013,1,1,1,15.2657,1576.26
886,1,1,1,15.255,1523.21
888,1,1,1,15.2369,1424.39
903,1,1,1,15.2278,1374.54
904,1,1,1,15.2237,1353.3
925,1,1,1,15.2004,1225.93
2019,1,1,1,15.1959,1202.53
929,1,1,1,15.1955,1200.54
938,1,1,1,15.1831,1132.9
950,1,1,1,15.1678,1054.74
951,1,1,1,15.1613,1021.01
949,1,1,1,15.1501,963.892
1302,1,1,1,15.1233,823.666
1307,1,1,1,15.1084,740.869
936,1,1,2,15.5375,2927.28,0,0,0
1737,1,1,2,15.5264,2866.02
917,1,1,2,15.5129,2796.49
916,1,1,2,15.5127,2795.59
919,1,1,2,15.507,2756.5
2017,1,1,2,15.507,2756.33
2014,1,1,2,15.506,2751.58
2015,1,1,2,15.4979,2710.87
910,1,1,2,15.4978,2710.38
909,1,1,2,15.4884,2663.7
898,1,1,2,15.4752,2597.12
897,1,1,2,15.4656,2548.74
877,1,1,2,15.4431,2437.89
878,1,1,2,15.4371,2407.18
879,1,1,2,15.4286,2363.29
437,1,1,2,15.4226,2332.96
439,1,1,2,15.4192,2314.19
436,1,1,2,15.4103,2270.72
1336,2,0,0,12.5679,764.587,0.0533333,232.624,0.21,1
1792,2,0,0,12.5604,727.242
1334,2,0,0,12.5531,689.424
1335,2,0,0,12.5424,639.192
1333,2,0,0,12.52,524.133
2163,2,0,0,12.4933,383.309
2023,2,0,0,12.4673,241.926
1787,2,0,0,12.4597,202.721
1788,2,0,0,12.4589,199.018
943,2,0,0,12.4395,103.973
934,2,0,0,12.4293,49.9245
933,2,0,0,12.4206,2.93996
936,2,0,0,12.42,0
999,2,0,1,12.822,2014.06,0.0941667,410.727,0.12,2
1002,2,0,1,12.8157,1980.01
1031,2,0,1,12.8012,1908.3
2031,2,0,1,12.7939,1871.31
2032,2,0,1,12.7935,1869.48
1053,2,0,1,12.7855,1829.69
1784,2,0,1,12.7822,1812.62
1069,2,0,1,12.7621,1710.61
1848,2,0,1,12.7563,1676.41
1847,2,0,1,12.7528,1656.77
1086,2,0,1,12.7491,1636.54
2036,2,0,1,12.7345,1563.64
1112,2,0,1,12.7309,1544.8
2041,2,0,1,12.7188,1483.73
2042,2,0,1,12.6994,1390.66
1564,2,0,1,12.689,1338.8
2107,2,0,1,12.6809,1297.3
1145,2,0,1,12.6743,1265.29
2053,2,0,1,12.6588,1187.98
2073,2,0,1,12.6505,1146.92
1336,2,0,1,12.6212,997.211
436,2,0,2,13.0218,3005.31,0.0588333,256.613,0.14,3
425,2,0,2,13.0147,2968.23
426,2,0,2,13.0098,2943.28
424,2,0,2,13.0074,2929.57
613,2,0,2,13.0044,2904.59
611,2,0,2,12.9989,2871.69
609,2,0,2,12.9969,2853.9
628,2,0,2,12.987,2779.89
615,2,0,2,12.9814,2749.24
617,2,0,2,12.9779,2731.69
616,2,0,2,12.9685,2686.21
676,2,0,2,12.9623,2655.15
674,2,0,2,12.9482,2588.46
675,2,0,2,12.9416,2555.38
962,2,0,2,12.9351,2522.25
961,2,0,2,12.9272,2482.83
999,2,0,2,12.9161,2424.79
884,2,0,3,13.2294,4003.28,0.0738333,322.039,0.04,4
1987,2,0,3,13.1915,3811.28
428,2,0,3,13.1865,3785.91
429,2,0,3,13.1614,3662.84
1988,2,0,3,13.135,3528.18
430,2,0,3,13.1314,3510.01
1989,2,0,3,13.1262,3484.27
432,2,0,3,13.122,3462.26
435,2,0,3,13.1166,3435.67
431,2,0,3,13.1094,3399.93
439,2,0,3,13.0879,3298.19
436,2,0,3,13.0807,3261.92
936,2,0,4,13.4357,5009.69,0,0,0
1737,2,0,4,13.4242,4946.46
917,2,0,4,13.4074,4863.22
916,2,0,4,13.4072,4862.31
906,2,0,4,13.3813,4729.22
889,2,0,4,13.3692,4667.3
888,2,0,4,13.3486,4557.79
887,2,0,4,13.3312,4465.11
2012,2,0,4,13.3075,4347.33
884,2,0,4,13.3033,4325.32
1307,2,1,0,15.0655,554.042,0.0428333,186.826,0.28,1
1303,2,1,0,15.0545,496.053
2021,2,1,0,15.0162,306.727
1791,2,1,0,15.0083,267.142
939,2,1,0,14.9915,182.874
940,2,1,0,14.9868,151.022
934,2,1,0,14.9673,42.0448
933,2,1,0,14.9606,2.93996
936,2,1,0,14.96,0
936,2,1,1,15.2175,1313.23,0,0,0
933,2,1,1,15.2169,1310.29
934,2,1,1,15.2114,1272.64
935,2,1,1,15.2108,1270.04
2020,2,1,1,15.1998,1213.06
943,2,1,1,15.1989,1209.13
942,2,1,1,15.1911,1168.06
941,2,1,1,15.1795,1109.91
1790,2,1,1,15.1667,1042.74
2022,2,1,1,15.1562,991.844
2021,2,1,1,15.1459,938.155
1303,2,1,1,15.1241,818.443
1307,2,1,1,15.1084,740.869
1307,3,0,0,14.3655,554.042,0.0546667,238.44,0.3,1
1303,3,0,0,14.3545,496.053
2021,3,0,0,14.3162,306.727
1791,3,0,0,14.3083,267.142
939,3,0,0,14.2915,182.874
940,3,0,0,14.2868,151.022
934,3,0,0,14.2673,42.0448
933,3,0,0,14.2606,2.93996
936,3,0,0,14.26,0
1336,3,0,1,14.5311,1357.19,0.0633333,276.241,0.28,2
1792,3,0,1,14.5228,1316.37
1334,3,0,1,14.513,1268.49
1335,3,0,1,14.5024,1218.26
1341,3,0,1,14.4938,1171.29
1315,3,0,1,14.4764,1075.52
1314,3,0,1,14.4563,973.405
1309,3,0,1,14.4557,970.535
1308,3,0,1,14.4394,885.27
1307,3,0,1,14.4202,792.482
999,3,0,2,14.7902,2633.05,0.0648333,282.783,0.16,3
1002,3,0,2,14.7861,2604.98
1031,3,0,2,14.7732,2539.71
2031,3,0,2,14.7659,2502.72
2032,3,0,2,14.7655,2500.89
1053,3,0,2,14.7579,2463
1784,3,0,2,14.7545,2445.25
1069,3,0,2,14.7334,2339.45
1848,3,0,2,14.7276,2305.2
1109,3,0,2,14.7188,2257.6
1113,3,0,2,14.7117,2222.36
2036,3,0,2,14.7042,2185.46
1112,3,0,2,14.7006,2166.62
2041,3,0,2,14.6868,2098.35
2042,3,0,2,14.6734,2030.26
1564,3,0,2,14.6621,1974.64
2107,3,0,2,14.652,1924.73
1145,3,0,2,14.6452,1892.06
2053,3,0,2,14.6322,1825.07
2073,3,0,2,14.6246,1786.93
1336,3,0,2,14.5944,1633.44
436,3,0,3,14.9744,3523.09,0.038,165.745,0.13,4
425,3,0,3,14.9679,3488.71
426,3,0,3,14.9629,3463.16
424,3,0,3,14.9608,3450.15
613,3,0,3,14.9532,3411.22
611,3,0,3,14.9474,3377.78
619,3,0,3,14.9295,3285.62
618,3,0,3,14.9271,3273.85
615,3,0,3,14.9256,3262.06
617,3,0,3,14.9221,3244.51
616,3,0,3,14.9155,3210.58
676,3,0,3,14.9093,3179.52
674,3,0,3,14.8944,3109.87
675,3,0,3,14.8878,3076.79
962,3,0,3,14.8792,3034.7
961,3,0,3,14.8719,2997.65
999,3,0,3,14.855,2915.84
884,3,0,4,15.1518,4391.19,0.0453333,197.73,0.06,5
1987,3,0,4,15.1164,4209.8
428,3,0,4,15.1114,4184.43
429,3,0,4,15.0894,4074.1
1988,3,0,4,15.065,3948.08
430,3,0,4,15.0615,3929.9
1989,3,0,4,15.0526,3889.15
432,3,0,4,15.0476,3864.36
435,3,0,4,15.0423,3837.77
431,3,0,4,15.0354,3803.72
439,3,0,4,15.0213,3732.3
436,3,0,4,15.0124,3688.83
936,3,0,5,15.3217,5239.94,0,0,0
1737,3,0,5,15.3106,5178.68
917,3,0,5,15.2971,5109.15
916,3,0,5,15.2969,5108.24
906,3,0,5,15.2736,4986.19
889,3,0,5,15.2611,4922.79
888,3,0,5,15.2412,4815.85
887,3,0,5,15.2244,4726.13
2012,3,0,5,15.2019,4613.09
884,3,0,5,15.1971,4588.92
1336,4,0,0,12.9379,764.587,0.0533333,232.624,0.21,1
1792,4,0,0,12.9304,727.242
1334,4,0,0,12.9231,689.424
1335,4,0,0,12.9124,639.192
1333,4,0,0,12.89,524.133
2163,4,0,0,12.8633,383.309
2023,4,0,0,12.8373,241.926
1787,4,0,0,12.8297,202.721
1788,4,0,0,12.8289,199.018
943,4,0,0,12.8095,103.973
934,4,0,0,12.7993,49.9245
933,4,0,0,12.7906,2.93996
936,4,0,0,12.79,0
999,4,0,1,13.192,2014.06,0.056,244.255,0.15,2
1002,4,0,1,13.1857,1980.01
1031,4,0,1,13.1712,1908.3
2031,4,0,1,13.1639,1871.31
2032,4,0,1,13.1635,1869.48
1053,4,0,1,13.1555,1829.69
1784,4,0,1,13.1522,1812.62
1069,4,0,1,13.1321,1710.61
1848,4,0,1,13.1263,1676.41
1847,4,0,1,13.1228,1656.77
1086,4,0,1,13.1191,1636.54
2036,4,0,1,13.1045,1563.64
1112,4,0,1,13.1009,1544.8
2041,4,0,1,13.0888,1483.73
2042,4,0,1,13.0694,1390.66
1564,4,0,1,13.059,1338.8
2107,4,0,1,13.0509,1297.3
1145,4,0,1,13.0443,1265.29
2053,4,0,1,13.0288,1187.98
2073,4,0,1,13.0205,1146.92
1336,4,0,1,12.9912,997.211
436,4,0,2,13.3591,2856.62,0.0588333,256.613,0.14,3
425,4,0,2,13.3516,2817.81
426,4,0,2,13.3453,2787.07
424,4,0,2,13.343,2773.64
613,4,0,2,13.335,2733.27
611,4,0,2,13.3281,2695.38
609,4,0,2,13.3262,2677.54
628,4,0,2,13.3163,2603.53
615,4,0,2,13.3115,2575.55
617,4,0,2,13.308,2558
616,4,0,2,13.3003,2519.79
676,4,0,2,13.2942,2488.72
674,4,0,2,13.2837,2437.23
675,4,0,2,13.2771,2404.16
962,4,0,2,13.2667,2354.79
961,4,0,2,13.2613,2325.66
999,4,0,2,13.248,2258.32
884,4,0,3,13.5667,3854.6,0.0738333,322.039,0.04,4
1987,4,0,3,13.5288,3662.59
428,4,0,3,13.5238,3637.22
429,4,0,3,13.4987,3514.15
1988,4,0,3,13.4723,3379.49
430,4,0,3,13.4687,3361.32
1989,4,0,3,13.4635,3335.59
432,4,0,3,13.4593,3313.57
435,4,0,3,13.4539,3286.98
431,4,0,3,13.4467,3251.25
439,4,0,3,13.4252,3149.5
436,4,0,3,13.418,3113.24
936,4,0,4,13.773,4861,0,0,0
1737,4,0,4,13.7615,4797.77
917,4,0,4,13.7447,4714.53
916,4,0,4,13.7445,4713.63
906,4,0,4,13.7186,4580.54
889,4,0,4,13.7065,4518.62
888,4,0,4,13.6859,4409.11
887,4,0,4,13.6685,4316.43
2012,4,0,4,13.6448,4198.65
884,4,0,4,13.6406,4176.64
1307,4,1,0,15.0655,554.042,0.0428333,186.826,0.28,1
1303,4,1,0,15.0545,496.053
2021,4,1,0,15.0162,306.727
1791,4,1,0,15.0083,267.142
939,4,1,0,14.9915,182.874
940,4,1,0,14.9868,151.022
934,4,1,0,14.9673,42.0448
933,4,1,0,14.9606,2.93996
936,4,1,0,14.96,0
936,4,1,1,15.2175,1313.23,0,0,0
933,4,1,1,15.2169,1310.29
934,4,1,1,15.2114,1272.64
935,4,1,1,15.2108,1270.04
2020,4,1,1,15.1998,1213.06
943,4,1,1,15.1989,1209.13
942,4,1,1,15.1911,1168.06
941,4,1,1,15.1795,1109.91
1790,4,1,1,15.1667,1042.74
2022,4,1,1,15.1562,991.844
2021,4,1,1,15.1459,938.155
1303,4,1,1,15.1241,818.443
1307,4,1,1,15.1084,740.869
999,5,0,0,14.7834,633.053,0.0648333,282.783,0.16,1
1002,5,0,0,14.7793,604.982
1024,5,0,0,14.7583,498.436
1029,5,0,0,14.7523,469.049
1027,5,0,0,14.7394,405.671
1051,5,0,0,14.727,342.327
1052,5,0,0,14.7194,303.497
1804,5,0,0,14.7189,301.389
2015,5,0,0,14.7077,245.173
2014,5,0,0,14.6999,205.533
2017,5,0,0,14.6987,199.838
2170,5,0,0,14.6959,185.645
1738,5,0,0,14.6793,101.655
1737,5,0,0,14.6733,71.1284
936,5,0,0,14.66,0
436,5,0,1,14.9676,1523.09,0.038,165.745,0.13,2
425,5,0,1,14.9611,1488.71
426,5,0,1,14.9561,1463.17
424,5,0,1,14.954,1450.15
613,5,0,1,14.9464,1411.22
611,5,0,1,14.9406,1377.78
619,5,0,1,14.9227,1285.62
618,5,0,1,14.9204,1273.85
615,5,0,1,14.9188,1262.06
617,5,0,1,14.9153,1244.52
616,5,0,1,14.9087,1210.59
676,5,0,1,14.9025,1179.52
674,5,0,1,14.8876,1109.87
675,5,0,1,14.8811,1076.79
962,5,0,1,14.8724,1034.7
961,5,0,1,14.8651,997.651
999,5,0,1,14.8483,915.837
884,5,0,2,15.145,2391.19,0.0453333,197.73,0.06,3
1987,5,0,2,15.1096,2209.8
428,5,0,2,15.1046,2184.44
429,5,0,2,15.0826,2074.11
1988,5,0,2,15.0583,1948.08
430,5,0,2,15.0547,1929.9
1989,5,0,2,15.0458,1889.15
432,5,0,2,15.0408,1864.37
435,5,0,2,15.0355,1837.77
431,5,0,2,15.0287,1803.72
439,5,0,2,15.0145,1732.3
436,5,0,2,15.0056,1688.84
1307,5,0,3,15.3728,3531.06,0.0428333,186.826,0.28,4
1302,5,0,3,15.3564,3441.89
949,5,0,3,15.3341,3321.04
2025,5,0,3,15.3306,3303.58
1598,5,0,3,15.3258,3278.21
948,5,0,3,15.3209,3251.48
928,5,0,3,15.3109,3195.77
923,5,0,3,15.2688,2990.86
924,5,0,3,15.2605,2951.54
914,5,0,3,15.2409,2847.9
902,5,0,3,15.2342,2810.86
887,5,0,3,15.2177,2726.13
2012,5,0,3,15.1951,2613.09
884,5,0,3,15.1904,2588.92
936,5,0,4,15.5247,4290.25,0,0,0
933,5,0,4,15.5241,4287.31
934,5,0,4,15.5186,4249.67
935,5,0,4,15.5181,4247.06
2020,5,0,4,15.507,4190.08
943,5,0,4,15.5062,4186.15
942,5,0,4,15.4983,4145.08
941,5,0,4,15.4868,4086.93
1790,5,0,4,15.4739,4019.76
2022,5,0,4,15.4634,3968.87
2021,5,0,4,15.4532,3915.18
1303,5,0,4,15.4314,3795.47
1307,5,0,4,15.4156,3717.89
1336,5,1,0,13.8645,750.638,0.0515,224.627,0.24,1
1792,5,1,0,13.8582,718.22
1334,5,1,0,13.8502,677.786
1335,5,1,0,13.8396,627.554
1333,5,1,0,13.8225,535.212
2163,5,1,0,13.7942,387.56
2023,5,1,0,13.7645,230.349
1787,5,1,0,13.7564,189.064
1788,5,1,0,13.7556,185.36
943,5,1,0,13.7397,104.713
934,5,1,0,13.7309,56.8666
933,5,1,0,13.7206,2.93996
936,5,1,0,13.72,0
936,5,1,1,14.073,1782.92,0,0,0
933,5,1,1,14.0724,1779.98
934,5,1,1,14.0669,1742.34
935,5,1,1,14.0664,1739.73
2020,5,1,1,14.0553,1682.75
1787,5,1,1,14.0354,1584.44
2023,5,1,1,14.026,1537.62
2163,5,1,1,13.997,1383.21
1333,5,1,1,13.9665,1226.46
1335,5,1,1,13.9407,1097.21
1334,5,1,1,13.9348,1066.52
1792,5,1,1,13.9224,1007.99
1336,5,1,1,13.916,975.265
884,6,0,0,13.3634,917.424,0.0738333,322.039,0.04,1
883,6,0,0,13.3361,778.363
882,6,0,0,13.3246,716.093
2155,6,0,0,13.3214,699.368
901,6,0,0,13.2944,552.187
902,6,0,0,13.2815,482.635
904,6,0,0,13.2682,411.663
925,6,0,0,13.2448,283.766
2019,6,0,0,13.2394,256.499
929,6,0,0,13.239,254.516
930,6,0,0,13.222,162.739
931,6,0,0,13.21,105.498
932,6,0,0,13.1961,30.6376
933,6,0,0,13.1906,2.93996
936,6,0,0,13.19,0
436,6,0,1,13.553,1838.69,0.0588333,256.613,0.14,2
425,6,0,1,13.5454,1799.87
420,6,0,1,13.5297,1722.71
421,6,0,1,13.5257,1695.93
417,6,0,1,13.5212,1671.45
1989,6,0,1,13.5047,1585.04
2011,6,0,1,13.4869,1491.85
2156,6,0,1,13.4817,1464.52
2013,6,0,1,13.481,1461.37
886,6,0,1,13.4691,1403.19
885,6,0,1,13.4472,1289.07
2012,6,0,1,13.4415,1261.47
884,6,0,1,13.4373,1239.46
999,6,0,2,13.7048,2561.25,0.056,244.255,0.15,3
961,6,0,2,13.6892,2484.18
962,6,0,2,13.6814,2445.48
675,6,0,2,13.6703,2393.37
674,6,0,2,13.6642,2362
669,6,0,2,13.6477,2278.09
673,6,0,2,13.6381,2229.32
438,6,0,2,13.6326,2201.63
437,6,0,2,13.6229,2152.43
439,6,0,2,13.619,2131.57
436,6,0,2,13.6118,2095.3
1336,6,0,3,13.9733,3875.04,0.0515,224.627,0.24,4
1792,6,0,3,13.967,3842.63
1334,6,0,3,13.959,3802.19
1325,6,0,3,13.9318,3663.75
1156,6,0,3,13.9227,3620.04
1155,6,0,3,13.9097,3553.72
2052,6,0,3,13.9044,3526.72
1782,6,0,3,13.8978,3492.98
2043,6,0,3,13.8848,3422.45
1111,6,0,3,13.8699,3348.01
1109,6,0,3,13.8525,3261.56
1848,6,0,3,13.8324,3167.05
1069,6,0,3,13.8245,3124.51
1784,6,0,3,13.8073,3035.04
1053,6,0,3,13.8034,3015.22
2032,6,0,3,13.793,2965.69
2031,6,0,3,13.7926,2963.86
1031,6,0,3,13.7827,2916.46
1002,6,0,3,13.7685,2845.73
999,6,0,3,13.7608,2805.51
1307,6,0,4,14.1536,4738.18,0.0546667,238.44,0.3,5
1308,6,0,4,14.1424,4678.61
1309,6,0,4,14.1241,4585.25
1314,6,0,4,14.1235,4582.38
1315,6,0,4,14.0854,4406.68
1341,6,0,4,14.0653,4299.2
1342,6,0,4,14.0567,4256.47
1334,6,0,4,14.0459,4200.59
1792,6,0,4,14.0335,4142.05
1336,6,0,4,14.0248,4099.67
936,6,0,5,14.3293,5599.34,0,0,0
933,6,0,5,14.3287,5596.4
934,6,0,5,14.3231,5558.75
935,6,0,5,14.3226,5556.14
2020,6,0,5,14.3116,5499.17
943,6,0,5,14.3107,5495.23
942,6,0,5,14.3033,5456.1
941,6,0,5,14.2914,5396.54
1790,6,0,5,14.275,5314.41
2022,6,0,5,14.2645,5263.51
2021,6,0,5,14.25,5192.08
1303,6,0,5,14.2173,5025.93
1307,6,0,5,14.2083,4976.62
1336,7,0,0,12.8479,764.587,0.0533333,232.624,0.21,1
1792,7,0,0,12.8404,727.242
1334,7,0,0,12.8331,689.424
1335,7,0,0,12.8224,639.192
1333,7,0,0,12.8,524.133
2163,7,0,0,12.7733,383.309
2023,7,0,0,12.7473,241.926
1787,7,0,0,12.7397,202.721
1788,7,0,0,12.7389,199.018
943,7,0,0,12.7195,103.973
934,7,0,0,12.7093,49.9245
933,7,0,0,12.7006,2.93996
936,7,0,0,12.7,0
1307,7,0,1,13.0096,1551.85,0.0495,215.904,0.34,2
1308,7,0,1,12.998,1490.8
1309,7,0,1,12.9805,1400.7
1314,7,0,1,12.98,1397.83
1315,7,0,1,12.967,1325.89
1341,7,0,1,12.9426,1200.6
1342,7,0,1,12.934,1157.87
1334,7,0,1,12.9218,1095.73
1792,7,0,1,12.9093,1037.19
1336,7,0,1,12.9012,997.211
884,7,0,2,13.2694,2884.57,0.0738333,322.039,0.04,3
883,7,0,2,13.2421,2745.5
882,7,0,2,13.2306,2683.23
2155,7,0,2,13.2273,2666.51
901,7,0,2,13.2004,2519.33
902,7,0,2,13.1874,2449.78
904,7,0,2,13.1742,2378.8
925,7,0,2,13.1507,2250.91
2019,7,0,2,13.1453,2223.64
929,7,0,2,13.1449,2221.66
938,7,0,2,13.1329,2155.81
950,7,0,2,13.1194,2085.25
951,7,0,2,13.1124,2049.53
949,7,0,2,13.1014,1993.05
1302,7,0,2,13.0824,1886.33
1307,7,0,2,13.0591,1767.76
436,7,0,3,13.4589,3805.83,0.0588333,256.613,0.14,4
425,7,0,3,13.4514,3767.02
420,7,0,3,13.4357,3689.85
421,7,0,3,13.4317,3663.07
417,7,0,3,13.4272,3638.59
1989,7,0,3,13.4106,3552.18
2011,7,0,3,13.3929,3458.99
2156,7,0,3,13.3876,3431.66
2013,7,0,3,13.3869,3428.51
886,7,0,3,13.375,3370.33
885,7,0,3,13.3531,3256.21
2012,7,0,3,13.3474,3228.61
884,7,0,3,13.3432,3206.6
999,7,0,4,13.6108,4528.39,0.056,244.255,0.15,5
961,7,0,4,13.5951,4451.32
962,7,0,4,13.5874,4412.62
675,7,0,4,13.5763,4360.51
674,7,0,4,13.5701,4329.15
669,7,0,4,13.5536,4245.23
673,7,0,4,13.5441,4196.46
438,7,0,4,13.5385,4168.77
437,7,0,4,13.5288,4119.57
439,7,0,4,13.5249,4098.71
436,7,0,4,13.5178,4062.44
936,7,0,5,13.7888,5401.61,0,0,0
1737,7,0,5,13.7773,5338.38
917,7,0,5,13.7605,5255.15
916,7,0,5,13.7603,5254.24
919,7,0,5,13.7546,5215.15
2017,7,0,5,13.7545,5214.98
2014,7,0,5,13.7535,5209.96
2015,7,0,5,13.7454,5169.25
910,7,0,5,13.7453,5168.76
909,7,0,5,13.737,5126.62
1051,7,0,5,13.7271,5076.46
1025,7,0,5,13.7149,5015.16
1029,7,0,5,13.701,4945.8
1026,7,0,5,13.6904,4893.76
998,7,0,5,13.6859,4870.63
999,7,0,5,13.6668,4772.65
999,8,0,0,14.7934,633.053,0.0648333,282.783,0.16,1
1002,8,0,0,14.7893,604.982
1024,8,0,0,14.7683,498.436
1029,8,0,0,14.7623,469.049
1027,8,0,0,14.7494,405.671
1051,8,0,0,14.737,342.327
1052,8,0,0,14.7294,303.497
1804,8,0,0,14.7289,301.389
2015,8,0,0,14.7177,245.173
2014,8,0,0,14.7099,205.533
2017,8,0,0,14.7087,199.838
2170,8,0,0,14.7059,185.645
1738,8,0,0,14.6893,101.655
1737,8,0,0,14.6833,71.1284
936,8,0,0,14.67,0
436,8,0,1,14.9776,1523.09,0.038,165.745,0.13,2
425,8,0,1,14.9711,1488.71
426,8,0,1,14.9661,1463.17
424,8,0,1,14.964,1450.15
613,8,0,1,14.9564,1411.22
611,8,0,1,14.9506,1377.78
619,8,0,1,14.9327,1285.62
618,8,0,1,14.9304,1273.85
615,8,0,1,14.9288,1262.06
617,8,0,1,14.9253,1244.52
616,8,0,1,14.9187,1210.59
676,8,0,1,14.9125,1179.52
674,8,0,1,14.8976,1109.87
675,8,0,1,14.8911,1076.79
962,8,0,1,14.8824,1034.7
961,8,0,1,14.8751,997.651
999,8,0,1,14.8583,915.837
884,8,0,2,15.155,2391.19,0.0453333,197.73,0.06,3
1987,8,0,2,15.1196,2209.8
428,8,0,2,15.1146,2184.44
429,8,0,2,15.0926,2074.11
1988,8,0,2,15.0683,1948.08
430,8,0,2,15.0647,1929.9
1989,8,0,2,15.0558,1889.15
432,8,0,2,15.0508,1864.37
435,8,0,2,15.0455,1837.77
431,8,0,2,15.0387,1803.72
439,8,0,2,15.0245,1732.3
436,8,0,2,15.0156,1688.84
1307,8,0,3,15.3828,3531.06,0.0428333,186.826,0.28,4
1302,8,0,3,15.3664,3441.89
949,8,0,3,15.3441,3321.04
2025,8,0,3,15.3406,3303.58
1598,8,0,3,15.3358,3278.21
948,8,0,3,15.3309,3251.48
928,8,0,3,15.3209,3195.77
923,8,0,3,15.2788,2990.86
924,8,0,3,15.2705,2951.54
914,8,0,3,15.2509,2847.9
902,8,0,3,15.2442,2810.86
887,8,0,3,15.2277,2726.13
2012,8,0,3,15.2051,2613.09
884,8,0,3,15.2004,2588.92
936,8,0,4,15.5347,4290.25,0,0,0
933,8,0,4,15.5341,4287.31
934,8,0,4,15.5286,4249.67
935,8,0,4,15.5281,4247.06
2020,8,0,4,15.517,4190.08
943,8,0,4,15.5162,4186.15
942,8,0,4,15.5083,4145.08
941,8,0,4,15.4968,4086.93
1790,8,0,4,15.4839,4019.76
2022,8,0,4,15.4734,3968.87
2021,8,0,4,15.4632,3915.18
1303,8,0,4,15.4414,3795.47
1307,8,0,4,15.4256,3717.89
1336,8,1,0,12.9879,764.587,0.0533333,232.624,0.21,1
1792,8,1,0,12.9804,727.242
1334,8,1,0,12.9731,689.424
1335,8,1,0,12.9624,639.192
1333,8,1,0,12.94,524.133
2163,8,1,0,12.9133,383.309
2023,8,1,0,12.8873,241.926
1787,8,1,0,12.8797,202.721
1788,8,1,0,12.8789,199.018
943,8,1,0,12.8595,103.973
934,8,1,0,12.8493,49.9245
933,8,1,0,12.8406,2.93996
936,8,1,0,12.84,0
936,8,1,1,13.1983,1804.87,0,0,0
933,8,1,1,13.1977,1801.93
934,8,1,1,13.1921,1764.28
935,8,1,1,13.1916,1761.67
2020,8,1,1,13.1806,1704.7
1787,8,1,1,13.1607,1606.38
2023,8,1,1,13.1512,1559.56
2163,8,1,1,13.1222,1405.16
1333,8,1,1,13.0918,1248.41
1335,8,1,1,13.0659,1119.15
1334,8,1,1,13.06,1088.47
1792,8,1,1,13.0476,1029.93
1336,8,1,1,13.0412,997.211
1336,9,0,0,12.4879,764.587,0.0533333,232.624,0.21,1
1792,9,0,0,12.4804,727.242
1334,9,0,0,12.4731,689.424
1335,9,0,0,12.4624,639.192
1333,9,0,0,12.44,524.133
2163,9,0,0,12.4133,383.309
2023,9,0,0,12.3873,241.926
1787,9,0,0,12.3797,202.721
1788,9,0,0,12.3789,199.018
943,9,0,0,12.3595,103.973
934,9,0,0,12.3493,49.9245
933,9,0,0,12.3406,2.93996
936,9,0,0,12.34,0
999,9,0,1,12.742,2014.06,0.0941667,410.727,0.12,2
1002,9,0,1,12.7357,1980.01
1031,9,0,1,12.7212,1908.3
2031,9,0,1,12.7139,1871.31
2032,9,0,1,12.7135,1869.48
1053,9,0,1,12.7055,1829.69
1784,9,0,1,12.7022,1812.62
1069,9,0,1,12.6821,1710.61
1848,9,0,1,12.6763,1676.41
1847,9,0,1,12.6728,1656.77
1086,9,0,1,12.6691,1636.54
2036,9,0,1,12.6545,1563.64
1112,9,0,1,12.6509,1544.8
2041,9,0,1,12.6388,1483.73
2042,9,0,1,12.6194,1390.66
1564,9,0,1,12.609,1338.8
2107,9,0,1,12.6009,1297.3
1145,9,0,1,12.5943,1265.29
2053,9,0,1,12.5788,1187.98
2073,9,0,1,12.5705,1146.92
1336,9,0,1,12.5412,997.211
436,9,0,2,12.9418,3005.31,0.0958333,417.996,0.13,3
425,9,0,2,12.9347,2968.23
426,9,0,2,12.9298,2943.28
424,9,0,2,12.9274,2929.57
613,9,0,2,12.9244,2904.59
611,9,0,2,12.9189,2871.69
609,9,0,2,12.9169,2853.9
628,9,0,2,12.907,2779.89
615,9,0,2,12.9014,2749.24
617,9,0,2,12.8979,2731.69
616,9,0,2,12.8885,2686.21
676,9,0,2,12.8823,2655.15
674,9,0,2,12.8682,2588.46
675,9,0,2,12.8616,2555.38
962,9,0,2,12.8551,2522.25
961,9,0,2,12.8472,2482.83
999,9,0,2,12.8361,2424.79
884,9,0,3,13.1865,4164.67,0.0738333,322.039,0.04,4
1987,9,0,3,13.1485,3972.66
428,9,0,3,13.1435,3947.29
429,9,0,3,13.1184,3824.22
1988,9,0,3,13.092,3689.56
430,9,0,3,13.0884,3671.39
1989,9,0,3,13.0832,3645.65
432,9,0,3,13.079,3623.64
435,9,0,3,13.0736,3597.05
431,9,0,3,13.0664,3561.32
439,9,0,3,13.0449,3459.57
436,9,0,3,13.0377,3423.3
936,9,0,4,13.3927,5171.07,0,0,0
1737,9,0,4,13.3812,5107.84
917,9,0,4,13.3644,5024.6
916,9,0,4,13.3642,5023.69
906,9,0,4,13.3383,4890.6
889,9,0,4,13.3262,4828.69
888,9,0,4,13.3056,4719.17
887,9,0,4,13.2882,4626.5
2012,9,0,4,13.2645,4508.71
884,9,0,4,13.2603,4486.71
1307,9,1,0,15.0355,554.042,0.0428333,186.826,0.28,1
1303,9,1,0,15.0245,496.053
2021,9,1,0,14.9862,306.727
1791,9,1,0,14.9783,267.142
939,9,1,0,14.9615,182.874
940,9,1,0,14.9568,151.022
934,9,1,0,14.9373,42.0448
933,9,1,0,14.9306,2.93996
936,9,1,0,14.93,0
936,9,1,1,15.1875,1313.23,0,0,0
933,9,1,1,15.1869,1310.29
934,9,1,1,15.1814,1272.64
935,9,1,1,15.1808,1270.04
2020,9,1,1,15.1698,1213.06
943,9,1,1,15.1689,1209.13
942,9,1,1,15.1611,1168.06
941,9,1,1,15.1495,1109.91
1790,9,1,1,15.1367,1042.74
2022,9,1,1,15.1262,991.844
2021,9,1,1,15.1159,938.155
1303,9,1,1,15.0941,818.443
1307,9,1,1,15.0784,740.869
884,10,0,0,14.3683,938.52,0.0611667,266.791,0.05,1
883,10,0,0,14.3359,777.951
882,10,0,0,14.3227,708.309
2155,10,0,0,14.3192,690.597
901,10,0,0,14.2878,524.626
902,10,0,0,14.2749,454.953
904,10,0,0,14.2618,384.906
925,10,0,0,14.2403,265.332
2019,10,0,0,14.2351,239.037
929,10,0,0,14.2347,237.053
930,10,0,0,14.2144,130.978
931,10,0,0,14.2092,102.033
932,10,0,0,14.195,25.8242
933,10,0,0,14.1906,2.93996
936,10,0,0,14.19,0
436,10,0,1,14.548,1816.23,0.038,165.745,0.13,2
425,10,0,1,14.5415,1781.85
420,10,0,1,14.527,1709.7
421,10,0,1,14.523,1682.88
417,10,0,1,14.5189,1660.21
1989,10,0,1,14.501,1568.29
2011,10,0,1,14.4808,1464.73
2156,10,0,1,14.4751,1435.43
2013,10,0,1,14.4744,1432.28
886,10,0,1,14.4641,1380.66
885,10,0,1,14.4397,1255.93
2012,10,0,1,14.434,1228.33
884,10,0,1,14.4295,1205.31
999,10,0,2,14.6831,2469.37,0.0648333,282.783,0.16,3
961,10,0,2,14.6649,2381.87
962,10,0,2,14.6572,2343.18
675,10,0,2,14.6474,2296.4
674,10,0,2,14.6425,2270.37
676,10,0,2,14.6385,2243.04
616,10,0,2,14.6319,2210.39
606,10,0,2,14.6118,2111.68
610,10,0,2,14.6001,2054.36
436,10,0,2,14.586,1981.97
1336,10,0,3,14.938,3741.42,0.0633333,276.241,0.28,4
1792,10,0,3,14.9297,3700.6
1334,10,0,3,14.9199,3652.71
1325,10,0,3,14.8953,3525.25
1156,10,0,3,14.8878,3488.14
1155,10,0,3,14.8762,3427.72
2052,10,0,3,14.8712,3401.84
1782,10,0,3,14.8648,3369.23
2043,10,0,3,14.8562,3310.49
1111,10,0,3,14.8461,3256.31
1110,10,0,3,14.8402,3226.45
1113,10,0,3,14.826,3153.17
1847,10,0,3,14.8173,3105.9
1068,10,0,3,14.8067,3051.77
1785,10,0,3,14.8018,3026.31
1053,10,0,3,14.785,2938.88
2032,10,0,3,14.7756,2893.36
2031,10,0,3,14.7752,2891.54
1031,10,0,3,14.7671,2851.24
1002,10,0,3,14.7542,2785.93
999,10,0,3,14.748,2752.15
1307,10,0,4,15.1132,4587.33,0.0428333,186.826,0.28,5
1308,10,0,4,15.099,4515.06
1309,10,0,4,15.0795,4416.83
1314,10,0,4,15.079,4413.96
1315,10,0,4,15.0586,4310.56
1341,10,0,4,15.0391,4205.84
1342,10,0,4,15.0305,4163.11
1334,10,0,4,15.0195,4106.38
1792,10,0,4,15.0071,4047.85
1336,10,0,4,15.0013,4017.66
936,10,0,5,15.2651,5346.52,0,0,0
933,10,0,5,15.2645,5343.58
934,10,0,5,15.259,5305.93
935,10,0,5,15.2585,5303.32
2020,10,0,5,15.2474,5246.35
943,10,0,5,15.2466,5242.41
942,10,0,5,15.2387,5201.34
941,10,0,5,15.2272,5143.19
1790,10,0,5,15.2143,5076.02
2022,10,0,5,15.2038,5025.13
2021,10,0,5,15.1936,4971.44
1303,10,0,5,15.1718,4851.73
1307,10,0,5,15.156,4774.15
1307,11,0,0,13.8117,580.427,0.0495,215.904,0.34,1
1303,11,0,0,13.7969,506.554
2021,11,0,0,13.7652,344.641
1791,11,0,0,13.7559,299.315
939,11,0,0,13.7427,230.444
940,11,0,0,13.738,198.593
934,11,0,0,13.7109,56.8666
933,11,0,0,13.7006,2.93996
936,11,0,0,13.7,0
1336,11,0,1,13.962,1319.25,0.0515,224.627,0.24,2
1792,11,0,1,13.9558,1286.83
1334,11,0,1,13.9478,1246.39
1335,11,0,1,13.9371,1196.16
1341,11,0,1,13.9296,1153.46
1315,11,0,1,13.9094,1045.7
1314,11,0,1,13.8925,956.845
1309,11,0,1,13.8919,953.975
1308,11,0,1,13.8778,878.201
1307,11,0,1,13.8612,796.332
999,11,0,2,14.2093,2543.49,0.0648333,282.783,0.16,3
1002,11,0,2,14.2052,2515.42
1031,11,0,2,14.1923,2450.15
2031,11,0,2,14.185,2413.15
2032,11,0,2,14.1846,2411.33
1053,11,0,2,14.177,2373.44
1784,11,0,2,14.1736,2355.69
1069,11,0,2,14.1526,2249.89
1848,11,0,2,14.1467,2215.63
1109,11,0,2,14.1379,2168.04
1113,11,0,2,14.1308,2132.79
2036,11,0,2,14.1233,2095.89
1112,11,0,2,14.1197,2077.06
2041,11,0,2,14.1059,2008.79
2042,11,0,2,14.0926,1940.7
1564,11,0,2,14.0812,1885.08
2107,11,0,2,14.0711,1835.17
1145,11,0,2,14.0643,1802.49
2053,11,0,2,14.0513,1735.5
2073,11,0,2,14.0437,1697.36
1336,11,0,2,14.0135,1543.87
436,11,0,3,14.3935,3433.53,0.038,165.745,0.13,4
425,11,0,3,14.387,3399.14
426,11,0,3,14.382,3373.6
424,11,0,3,14.3799,3360.59
613,11,0,3,14.3723,3321.66
611,11,0,3,14.3665,3288.22
619,11,0,3,14.3486,3196.05
618,11,0,3,14.3462,3184.29
615,11,0,3,14.3447,3172.5
617,11,0,3,14.3412,3154.95
616,11,0,3,14.3346,3121.02
676,11,0,3,14.3284,3089.96
674,11,0,3,14.3135,3020.31
675,11,0,3,14.3069,2987.23
962,11,0,3,14.2983,2945.14
961,11,0,3,14.291,2908.09
999,11,0,3,14.2742,2826.27
884,11,0,4,14.5857,4363.53,0.0611667,266.791,0.05,5
1987,11,0,4,14.5427,4150.53
428,11,0,4,14.5377,4125.17
429,11,0,4,14.5109,3995.16
1988,11,0,4,14.4824,3851.54
430,11,0,4,14.479,3834.28
1989,11,0,4,14.474,3809.19
432,11,0,4,14.4678,3779.12
435,11,0,4,14.4624,3752.53
431,11,0,4,14.4556,3718.73
439,11,0,4,14.4392,3637.64
436,11,0,4,14.4315,3599.27
936,11,0,5,14.7848,5337.56,0,0,0
1737,11,0,5,14.7726,5271.42
917,11,0,5,14.758,5197.25
916,11,0,5,14.7578,5196.34
906,11,0,5,14.7284,5048.42
889,11,0,5,14.7178,4993.18
888,11,0,5,14.6903,4854.56
887,11,0,5,14.6759,4774.73
2012,11,0,5,14.6513,4653.34
884,11,0,5,14.6469,4630.32
1336,12,0,0,13.9845,750.638,0.0515,224.627,0.24,1
1792,12,0,0,13.9782,718.22
1334,12,0,0,13.9702,677.786
1335,12,0,0,13.9596,627.554
1333,12,0,0,13.9425,535.212
2163,12,0,0,13.9142,387.56
2023,12,0,0,13.8845,230.349
1787,12,0,0,13.8764,189.064
1788,12,0,0,13.8756,185.36
943,12,0,0,13.8597,104.713
934,12,0,0,13.8509,56.8666
933,12,0,0,13.8406,2.93996
936,12,0,0,13.84,0
999,12,0,1,14.2318,1974.88,0.0648333,282.783,0.16,2
1002,12,0,1,14.2277,1946.81
1031,12,0,1,14.2148,1881.54
2031,12,0,1,14.2074,1844.55
2032,12,0,1,14.207,1842.72
1053,12,0,1,14.1994,1804.83
1784,12,0,1,14.196,1787.08
1069,12,0,1,14.175,1681.28
1848,12,0,1,14.1692,1647.03
1109,12,0,1,14.1604,1599.43
1113,12,0,1,14.1533,1564.19
2036,12,0,1,14.1458,1527.29
1112,12,0,1,14.1421,1508.45
2041,12,0,1,14.1284,1440.18
2042,12,0,1,14.115,1372.09
1564,12,0,1,14.1037,1316.47
2107,12,0,1,14.0935,1266.56
1145,12,0,1,14.0868,1233.89
2053,12,0,1,14.0737,1166.9
2073,12,0,1,14.0662,1128.76
1336,12,0,1,14.036,975.265
436,12,0,2,14.416,2864.92,0.038,165.745,0.13,3
425,12,0,2,14.4095,2830.54
426,12,0,2,14.4044,2804.99
424,12,0,2,14.4024,2791.98
613,12,0,2,14.3948,2753.05
611,12,0,2,14.3889,2719.61
619,12,0,2,14.371,2627.45
618,12,0,2,14.3687,2615.68
615,12,0,2,14.3672,2603.89
617,12,0,2,14.3637,2586.34
616,12,0,2,14.3571,2552.41
676,12,0,2,14.3509,2521.35
674,12,0,2,14.336,2451.7
675,12,0,2,14.3294,2418.62
962,12,0,2,14.3208,2376.53
961,12,0,2,14.3134,2339.48
999,12,0,2,14.2966,2257.67
884,12,0,3,14.6081,3794.92,0.0611667,266.791,0.05,4
1987,12,0,3,14.5652,3581.93
428,12,0,3,14.5601,3556.56
429,12,0,3,14.5334,3426.55
1988,12,0,3,14.5048,3282.93
430,12,0,3,14.5015,3265.67
1989,12,0,3,14.4964,3240.59
432,12,0,3,14.4902,3210.51
435,12,0,3,14.4849,3183.92
431,12,0,3,14.4781,3150.12
439,12,0,3,14.4616,3069.03
436,12,0,3,14.454,3030.67
936,12,0,4,14.8072,4768.95,0,0,0
1737,12,0,4,14.795,4702.81
917,12,0,4,14.7804,4628.64
916,12,0,4,14.7803,4627.73
906,12,0,4,14.7508,4479.81
889,12,0,4,14.7402,4424.57
888,12,0,4,14.7128,4285.96
887,12,0,4,14.6984,4206.12
2012,12,0,4,14.6738,4084.73
884,12,0,4,14.6693,4061.71
1307,12,1,0,15.0355,554.042,0.0428333,186.826,0.28,1
1303,12,1,0,15.0245,496.053
2021,12,1,0,14.9862,306.727
1791,12,1,0,14.9783,267.142
939,12,1,0,14.9615,182.874
940,12,1,0,14.9568,151.022
934,12,1,0,14.9373,42.0448
933,12,1,0,14.9306,2.93996
936,12,1,0,14.93,0
936,12,1,1,15.1875,1313.23,0,0,0
933,12,1,1,15.1869,1310.29
934,12,1,1,15.1814,1272.64
935,12,1,1,15.1808,1270.04
2020,12,1,1,15.1698,1213.06
943,12,1,1,15.1689,1209.13
942,12,1,1,15.1611,1168.06
941,12,1,1,15.1495,1109.91
1790,12,1,1,15.1367,1042.74
2022,12,1,1,15.1262,991.844
2021,12,1,1,15.1159,938.155
1303,12,1,1,15.0941,818.443
1307,12,1,1,15.0784,740.869
