Nodo,Individuo,Ruta,Segmento,Tiempo viaje,Costo viaje,Tiempo atencion,Costo atencion,Tasa fallo,Demanda
320,0,0,0,10.6967,849.468,0.0988333,431.081,0.34,1
1978,0,0,0,10.6784,729.589
107,0,0,0,10.67,675.573
1967,0,0,0,10.667,646.867
105,0,0,0,10.6419,497.903
124,0,0,0,10.6298,426.583
1970,0,0,0,10.6144,334.012
122,0,0,0,10.6018,270.034
117,0,0,0,10.5848,184.186
118,0,0,0,10.5764,143.105
1968,0,0,0,10.55,0
344,0,0,1,10.8953,1857.8,0.0413333,180.284,0.09,2
1819,0,0,1,10.8817,1764.09
335,0,0,1,10.8772,1735.92
2114,0,0,1,10.8623,1656.82
329,0,0,1,10.8597,1641.63
2116,0,0,1,10.8548,1615.7
327,0,0,1,10.8408,1539.35
324,0,0,1,10.8373,1520.41
319,0,0,1,10.8081,1366.25
320,0,0,1,10.7955,1280.55
819,0,0,2,10.9974,2396.82,0.0483333,210.815,0.55,3
811,0,0,2,10.9795,2285.78
805,0,0,2,10.9765,2267.82
358,0,0,2,10.9646,2202.7
349,0,0,2,10.9486,2118.4
344,0,0,2,10.9367,2038.09
849,0,0,3,11.0994,2914.29,0.0695,303.138,0.23,4
1774,0,0,3,11.0958,2894.29
837,0,0,3,11.0835,2823.85
2010,0,0,3,11.075,2775.55
2009,0,0,3,11.0528,2655.13
819,0,0,3,11.0457,2607.63
850,0,0,4,11.1764,3266.91,0.0711667,310.408,0.1,5
849,0,0,4,11.1689,3217.43
2176,0,0,5,11.2976,3897.5,0.0568333,247.89,0.16,6
2066,0,0,5,11.2874,3830.39
869,0,0,5,11.2768,3755.37
865,0,0,5,11.2603,3662.27
852,0,0,5,11.2535,3620.3
850,0,0,5,11.2476,3577.32
1306,0,0,6,11.387,4332.82,0.0916667,399.822,0.11,7
1599,0,0,6,11.3711,4243.38
1300,0,0,6,11.3673,4217.66
1298,0,0,6,11.3611,4184.75
2176,0,0,6,11.3544,4145.39
869,0,0,7,11.5488,5118.69,0.0495,215.904,0.11,8
2066,0,0,7,11.5277,5009.13
1297,0,0,7,11.5007,4866.37
1299,0,0,7,11.4948,4833.43
1600,0,0,7,11.4934,4819.99
1306,0,0,7,11.4787,4732.65
105,0,0,8,11.869,6865.62,0.104333,455.071,0.4,9
1967,0,0,8,11.8331,6674.84
107,0,0,8,11.8278,6645.04
1978,0,0,8,11.8186,6589.92
1979,0,0,8,11.7841,6377.37
329,0,0,8,11.7819,6359.94
2114,0,0,8,11.777,6335.39
335,0,0,8,11.7665,6274.11
1819,0,0,8,11.762,6245.92
344,0,0,8,11.7465,6150.22
349,0,0,8,11.7347,6069.97
355,0,0,8,11.7178,5984.75
356,0,0,8,11.701,5886.23
807,0,0,8,11.6858,5805.84
812,0,0,8,11.6857,5805.06
2008,0,0,8,11.6729,5723.14
821,0,0,8,11.668,5695.63
2153,0,0,8,11.6583,5643.97
831,0,0,8,11.6583,5643.89
832,0,0,8,11.6495,5599.4
843,0,0,8,11.6381,5535.6
855,0,0,8,11.6106,5399.12
1856,0,0,8,11.6105,5398.4
869,0,0,8,11.5983,5334.59
1970,0,0,9,12.0058,7500.4,0.0341667,149.025,0.09,10
124,0,0,9,11.9866,7395.38
105,0,0,9,11.9733,7320.69
1968,0,0,10,12.117,8037.29,0,0,0
118,0,0,10,12.0775,7838.87
117,0,0,10,12.0704,7802.89
122,0,0,10,12.0531,7715.98
1970,0,0,10,12.0399,7649.42
2176,1,0,0,12.007,2151.6,0.0963333,420.177,0.14,1
2066,1,0,0,11.9966,2084.26
869,1,0,0,11.9852,2008.63
1856,1,0,0,11.9569,1878.96
855,1,0,0,11.9567,1878.25
843,1,0,0,11.9429,1798.75
832,1,0,0,11.9321,1737.49
831,1,0,0,11.9242,1696.96
2153,1,0,0,11.9242,1696.88
821,1,0,0,11.9113,1632.02
2008,1,0,0,11.9028,1589.23
812,1,0,0,11.8856,1494.65
807,1,0,0,11.8855,1493.87
356,1,0,0,11.8702,1412.75
1981,1,0,0,11.8579,1329.24
345,1,0,0,11.8362,1219.17
341,1,0,0,11.8268,1168.93
2132,1,0,0,11.8265,1166.89
328,1,0,0,11.8127,1075.3
2115,1,0,0,11.8013,1016.31
329,1,0,0,11.7974,995.611
1979,1,0,0,11.7915,965.863
1978,1,0,0,11.7491,730.88
107,1,0,0,11.7406,676.772
1967,1,0,0,11.7376,648.066
105,1,0,0,11.713,499.965
124,1,0,0,11.6997,425.166
1970,1,0,0,11.6839,332.084
122,1,0,0,11.671,266.81
117,1,0,0,11.6556,187.792
118,1,0,0,11.6478,149.07
1968,1,0,0,11.62,0
1306,1,0,1,12.1371,2763.01,0.0833333,363.475,0.03,2
1599,1,0,1,12.1196,2666.56
1300,1,0,1,12.1152,2640.14
1298,1,0,1,12.1099,2610.96
2176,1,0,1,12.1034,2571.78
869,1,0,2,12.2998,3553.28,0.0443333,193.369,0.11,3
2066,1,0,2,12.2724,3417.33
1297,1,0,2,12.242,3259.75
1299,1,0,2,12.2359,3226.2
1600,1,0,2,12.2345,3212.75
1306,1,0,2,12.2205,3126.49
850,1,0,3,12.3722,3922.17,0.1105,481.968,0.03,4
852,1,0,3,12.3647,3877.54
865,1,0,3,12.358,3835.69
869,1,0,3,12.3441,3746.64
819,1,0,4,12.5355,4744.98,0.0838333,365.656,0.48,5
2009,1,0,4,12.5288,4697.78
2010,1,0,4,12.513,4596.93
837,1,0,4,12.5059,4550.98
1774,1,0,4,12.4915,4472.2
849,1,0,4,12.4884,4453.6
850,1,0,4,12.4827,4404.14
1968,1,0,5,12.9155,6764.44,0,0,0
118,1,0,5,12.8762,6567.16
117,1,0,5,12.8688,6529.77
122,1,0,5,12.8515,6442.85
1970,1,0,5,12.8383,6376.3
124,1,0,5,12.8174,6263.62
105,1,0,5,12.8029,6183.94
1967,1,0,5,12.7656,5986.88
107,1,0,5,12.7604,5957.26
1978,1,0,5,12.7513,5902.37
1979,1,0,5,12.7196,5693.18
329,1,0,5,12.7174,5675.74
2114,1,0,5,12.7129,5652.53
335,1,0,5,12.7024,5591.4
1819,1,0,5,12.6975,5562.46
344,1,0,5,12.6809,5465.21
349,1,0,5,12.6668,5382.12
358,1,0,5,12.6543,5312.82
805,1,0,5,12.6429,5249.54
811,1,0,5,12.6411,5231.8
819,1,0,5,12.6193,5110.64
105,1,1,0,9.49826,522.901,0.1085,473.244,0.3,1
124,1,1,0,9.48272,438.596
1970,1,1,0,9.46717,345.923
122,1,1,0,9.4544,281.164
117,1,1,0,9.43485,184.747
118,1,1,0,9.42805,150.127
1968,1,1,0,9.4,0
320,1,1,1,9.66259,1348.85,0.084,366.383,0.32,2
1978,1,1,1,9.64364,1228.27
107,1,1,1,9.63492,1173.83
1967,1,1,1,9.63191,1145.12
105,1,1,1,9.60676,996.145
849,1,1,2,9.97483,2997.83,0.089,388.191,0.2,3
1774,1,1,2,9.97148,2978.83
837,1,1,2,9.96006,2909.76
2010,1,1,2,9.94717,2842.87
2009,1,1,2,9.92371,2716.69
819,1,1,2,9.91538,2667.61
811,1,1,2,9.89403,2548.28
805,1,1,2,9.89048,2528.67
358,1,1,2,9.87582,2451.74
349,1,1,2,9.85912,2364.31
344,1,1,2,9.84531,2281.68
1819,1,1,2,9.83015,2186.44
335,1,1,2,9.82524,2157.6
2114,1,1,2,9.81158,2083.94
329,1,1,2,9.80898,2068.77
2116,1,1,2,9.80424,2043.68
327,1,1,2,9.79095,1970.11
324,1,1,2,9.78678,1948.4
319,1,1,2,9.75918,1800.93
320,1,1,2,9.74659,1715.23
344,1,1,3,10.1709,4043.65,0.0413333,180.284,0.09,4
349,1,1,3,10.1603,3963.95
358,1,1,3,10.1437,3876.76
805,1,1,3,10.1329,3816.59
811,1,1,3,10.1311,3798.85
819,1,1,3,10.1079,3671.35
2009,1,1,3,10.102,3624.17
2010,1,1,3,10.0866,3523.65
837,1,1,3,10.0793,3477.53
1774,1,1,3,10.0681,3408.79
849,1,1,3,10.0638,3386.02
1970,1,1,4,10.3667,5122.2,0.0656667,286.418,0.08,5
124,1,1,4,10.3475,5016.85
105,1,1,4,10.3347,4944.23
1967,1,1,4,10.2978,4748.95
107,1,1,4,10.2923,4718.29
1978,1,1,4,10.2832,4663.41
1979,1,1,4,10.2506,4453.23
329,1,1,4,10.2484,4435.77
2114,1,1,4,10.2432,4409.85
335,1,1,4,10.2328,4348.7
1819,1,1,4,10.2278,4319.71
344,1,1,4,10.2122,4223.94
1968,1,1,5,10.5008,5760.29,0,0,0
118,1,1,5,10.4683,5591.21
117,1,1,5,10.461,5554.57
122,1,1,5,10.4444,5470.2
1970,1,1,5,10.4324,5408.62
2176,2,0,0,11.917,2151.6,0.0568333,247.89,0.16,1
2066,2,0,0,11.9066,2084.26
869,2,0,0,11.8952,2008.63
1856,2,0,0,11.8669,1878.96
855,2,0,0,11.8667,1878.25
843,2,0,0,11.8529,1798.75
832,2,0,0,11.8421,1737.49
831,2,0,0,11.8342,1696.96
2153,2,0,0,11.8342,1696.88
821,2,0,0,11.8213,1632.02
2008,2,0,0,11.8128,1589.23
812,2,0,0,11.7956,1494.65
807,2,0,0,11.7955,1493.87
356,2,0,0,11.7802,1412.75
1981,2,0,0,11.7679,1329.24
345,2,0,0,11.7462,1219.17
341,2,0,0,11.7368,1168.93
2132,2,0,0,11.7365,1166.89
328,2,0,0,11.7227,1075.3
2115,2,0,0,11.7113,1016.31
329,2,0,0,11.7074,995.611
1979,2,0,0,11.7015,965.863
1978,2,0,0,11.6591,730.88
107,2,0,0,11.6506,676.772
1967,2,0,0,11.6476,648.066
105,2,0,0,11.623,499.965
124,2,0,0,11.6097,425.166
1970,2,0,0,11.5939,332.084
122,2,0,0,11.581,266.81
117,2,0,0,11.5656,187.792
118,2,0,0,11.5578,149.07
1968,2,0,0,11.53,0
1306,2,0,1,12.0064,2586.93,0.0833333,363.475,0.03,2
1599,2,0,1,11.9905,2497.48
1300,2,0,1,11.9867,2471.76
1298,2,0,1,11.9805,2438.85
2176,2,0,1,11.9739,2399.49
869,2,0,2,12.1691,3377.19,0.0443333,193.369,0.11,3
2066,2,0,2,12.1417,3241.24
1297,2,0,2,12.1112,3083.66
1299,2,0,2,12.1052,3050.11
1600,2,0,2,12.1038,3036.66
1306,2,0,2,12.0898,2950.4
850,2,0,3,12.2415,3746.08,0.1105,481.968,0.03,4
852,2,0,3,12.234,3701.45
865,2,0,3,12.2273,3659.6
869,2,0,3,12.2134,3570.56
819,2,0,4,12.4047,4568.89,0.0838333,365.656,0.48,5
2009,2,0,4,12.398,4521.69
2010,2,0,4,12.3823,4420.85
837,2,0,4,12.3751,4374.89
1774,2,0,4,12.3608,4296.11
849,2,0,4,12.3577,4277.51
850,2,0,4,12.352,4228.05
1968,2,0,5,12.7847,6588.35,0,0,0
118,2,0,5,12.7455,6391.07
117,2,0,5,12.7381,6353.68
122,2,0,5,12.7208,6266.76
1970,2,0,5,12.7076,6200.21
124,2,0,5,12.6867,6087.53
105,2,0,5,12.6722,6007.85
1967,2,0,5,12.6349,5810.79
107,2,0,5,12.6297,5781.17
1978,2,0,5,12.6206,5726.28
1979,2,0,5,12.5889,5517.09
329,2,0,5,12.5867,5499.65
2114,2,0,5,12.5822,5476.44
335,2,0,5,12.5717,5415.31
1819,2,0,5,12.5667,5386.37
344,2,0,5,12.5502,5289.12
349,2,0,5,12.5361,5206.04
358,2,0,5,12.5236,5136.73
805,2,0,5,12.5121,5073.45
811,2,0,5,12.5103,5055.71
819,2,0,5,12.4886,4934.55
105,2,1,0,9.44826,522.901,0.1085,473.244,0.3,1
124,2,1,0,9.43272,438.596
1970,2,1,0,9.41717,345.923
122,2,1,0,9.4044,281.164
117,2,1,0,9.38485,184.747
118,2,1,0,9.37805,150.127
1968,2,1,0,9.35,0
320,2,1,1,9.61259,1348.85,0.084,366.383,0.32,2
1978,2,1,1,9.59364,1228.27
107,2,1,1,9.58492,1173.83
1967,2,1,1,9.58191,1145.12
105,2,1,1,9.55676,996.145
849,2,1,2,9.92483,2997.83,0.089,388.191,0.2,3
1774,2,1,2,9.92148,2978.83
837,2,1,2,9.91006,2909.76
2010,2,1,2,9.89717,2842.87
2009,2,1,2,9.87371,2716.69
819,2,1,2,9.86538,2667.61
811,2,1,2,9.84403,2548.28
805,2,1,2,9.84049,2528.67
358,2,1,2,9.82583,2451.74
349,2,1,2,9.80912,2364.31
344,2,1,2,9.79531,2281.68
1819,2,1,2,9.78015,2186.44
335,2,1,2,9.77524,2157.6
2114,2,1,2,9.76158,2083.94
329,2,1,2,9.75898,2068.77
2116,2,1,2,9.75424,2043.68
327,2,1,2,9.74095,1970.11
324,2,1,2,9.73678,1948.4
319,2,1,2,9.70918,1800.93
320,2,1,2,9.69659,1715.23
344,2,1,3,10.1209,4043.65,0.0413333,180.284,0.09,4
349,2,1,3,10.1103,3963.95
358,2,1,3,10.0937,3876.76
805,2,1,3,10.0829,3816.59
811,2,1,3,10.0811,3798.85
819,2,1,3,10.0579,3671.35
2009,2,1,3,10.052,3624.17
2010,2,1,3,10.0366,3523.65
837,2,1,3,10.0293,3477.53
1774,2,1,3,10.0181,3408.79
849,2,1,3,10.0138,3386.02
1970,2,1,4,10.3167,5122.2,0.0656667,286.418,0.08,5
124,2,1,4,10.2975,5016.85
105,2,1,4,10.2847,4944.23
1967,2,1,4,10.2478,4748.95
107,2,1,4,10.2423,4718.29
1978,2,1,4,10.2332,4663.41
1979,2,1,4,10.2006,4453.23
329,2,1,4,10.1984,4435.77
2114,2,1,4,10.1932,4409.85
335,2,1,4,10.1828,4348.7
1819,2,1,4,10.1778,4319.71
344,2,1,4,10.1622,4223.94
1968,2,1,5,10.4508,5760.29,0,0,0
118,2,1,5,10.4183,5591.21
117,2,1,5,10.411,5554.57
122,2,1,5,10.3944,5470.2
1970,2,1,5,10.3824,5408.62
1970,3,0,0,11.2439,332.084,0.0768333,335.124,0.08,1
122,3,0,0,11.231,266.81
117,3,0,0,11.2156,187.792
118,3,0,0,11.2078,149.07
1968,3,0,0,11.18,0
105,3,0,1,11.3498,835.089,0.104333,455.071,0.4,2
124,3,0,1,11.3365,760.29
1970,3,0,1,11.3207,667.208
320,3,0,2,11.5089,1641.28,0.0905,394.734,0.38,3
1978,3,0,2,11.4902,1521.07
107,3,0,2,11.4818,1466.97
1967,3,0,2,11.4788,1438.26
105,3,0,2,11.4542,1290.16
344,3,0,3,11.7015,2623.18,0.0798333,348.209,0.09,4
1819,3,0,3,11.6881,2529.65
335,3,0,3,11.6832,2500.7
2114,3,0,3,11.6678,2419.91
329,3,0,3,11.6653,2404.85
2116,3,0,3,11.6602,2377.98
327,3,0,3,11.6457,2299.31
324,3,0,3,11.6413,2276.8
319,3,0,3,11.6119,2121.71
320,3,0,3,11.5993,2036.01
869,3,0,4,11.9376,3875.35,0.0495,215.904,0.11,5
865,3,0,4,11.9211,3782.25
852,3,0,4,11.9143,3740.28
850,3,0,4,11.9083,3697.29
849,3,0,4,11.9009,3647.82
1774,3,0,4,11.8973,3627.82
837,3,0,4,11.885,3557.37
2010,3,0,4,11.8764,3509.08
2009,3,0,4,11.8543,3388.65
819,3,0,4,11.8472,3341.16
811,3,0,4,11.826,3222.54
805,3,0,4,11.8225,3203.11
358,3,0,4,11.8119,3143.6
349,3,0,4,11.7944,3052.98
344,3,0,4,11.7813,2971.38
2176,3,0,5,12.0079,4233.38,0.0963333,420.177,0.14,6
2066,3,0,5,11.9977,4166.27
869,3,0,5,11.9871,4091.26
1306,3,0,6,12.138,4844.8,0.0833333,363.475,0.03,7
1599,3,0,6,12.1205,4748.35
1300,3,0,6,12.1161,4721.92
1298,3,0,6,12.1108,4692.74
2176,3,0,6,12.1042,4653.56
850,3,0,7,12.3287,5810.58,0.1105,481.968,0.03,8
852,3,0,7,12.3212,5765.95
865,3,0,7,12.3145,5724.11
869,3,0,7,12.3007,5635.06
2066,3,0,7,12.2733,5499.11
1297,3,0,7,12.2428,5341.53
1299,3,0,7,12.2368,5307.98
1600,3,0,7,12.2353,5294.53
1306,3,0,7,12.2213,5208.27
849,3,0,8,12.4449,6342.01,0.0775,338.032,0.22,9
850,3,0,8,12.4392,6292.55
819,3,0,9,12.5695,6971.43,0.0838333,365.656,0.48,10
2009,3,0,9,12.5628,6924.22
2010,3,0,9,12.5471,6823.38
837,3,0,9,12.5399,6777.42
1774,3,0,9,12.5255,6698.65
849,3,0,9,12.5224,6680.04
1968,3,0,10,12.9495,8990.88,0,0,0
118,3,0,10,12.9103,8793.6
117,3,0,10,12.9028,8756.21
122,3,0,10,12.8856,8669.29
1970,3,0,10,12.8724,8602.74
124,3,0,10,12.8515,8490.06
105,3,0,10,12.837,8410.39
1967,3,0,10,12.7996,8213.33
107,3,0,10,12.7944,8183.71
1978,3,0,10,12.7854,8128.81
1979,3,0,10,12.7536,7919.63
329,3,0,10,12.7515,7902.18
2114,3,0,10,12.7469,7878.98
335,3,0,10,12.7365,7817.84
1819,3,0,10,12.7315,7788.9
344,3,0,10,12.715,7691.65
349,3,0,10,12.7009,7608.57
358,3,0,10,12.6884,7539.27
805,3,0,10,12.6769,7475.98
811,3,0,10,12.6751,7458.25
819,3,0,10,12.6533,7337.08
320,4,0,0,11.3977,851.082,0.0905,394.734,0.38,1
1978,4,0,0,11.3791,730.88
107,4,0,0,11.3706,676.772
1967,4,0,0,11.3676,648.066
105,4,0,0,11.343,499.965
124,4,0,0,11.3297,425.166
1970,4,0,0,11.3139,332.084
122,4,0,0,11.301,266.81
117,4,0,0,11.2856,187.792
118,4,0,0,11.2778,149.07
1968,4,0,0,11.25,0
344,4,0,1,11.5903,1832.98,0.0798333,348.209,0.09,2
1819,4,0,1,11.577,1739.46
335,4,0,1,11.572,1710.51
2114,4,0,1,11.5567,1629.71
329,4,0,1,11.5541,1614.66
2116,4,0,1,11.549,1587.79
327,4,0,1,11.5345,1509.12
324,4,0,1,11.5302,1486.61
319,4,0,1,11.5008,1331.52
320,4,0,1,11.4882,1245.82
849,4,0,2,11.7897,2857.62,0.0695,303.138,0.23,3
1774,4,0,2,11.7861,2837.62
837,4,0,2,11.7738,2767.18
2010,4,0,2,11.7653,2718.88
2009,4,0,2,11.7431,2598.46
819,4,0,2,11.736,2550.96
811,4,0,2,11.7148,2432.35
805,4,0,2,11.7113,2412.91
358,4,0,2,11.7007,2353.4
349,4,0,2,11.6833,2262.79
344,4,0,2,11.6702,2181.19
2176,4,0,3,11.9167,3530.42,0.0568333,247.89,0.16,4
2066,4,0,3,11.9065,3463.31
869,4,0,3,11.896,3388.3
865,4,0,3,11.8794,3295.19
852,4,0,3,11.8726,3253.22
850,4,0,3,11.8667,3210.24
849,4,0,3,11.8592,3160.76
1306,4,0,4,12.0061,3965.75,0.0833333,363.475,0.03,5
1599,4,0,4,11.9902,3876.3
1300,4,0,4,11.9864,3850.58
1298,4,0,4,11.9802,3817.68
2176,4,0,4,11.9736,3778.31
869,4,0,5,12.1688,4756.01,0.0443333,193.369,0.11,6
2066,4,0,5,12.1414,4620.06
1297,4,0,5,12.1109,4462.48
1299,4,0,5,12.1049,4428.93
1600,4,0,5,12.1035,4415.48
1306,4,0,5,12.0895,4329.22
850,4,0,6,12.2412,5124.9,0.1105,481.968,0.03,7
852,4,0,6,12.2337,5080.27
865,4,0,6,12.227,5038.43
869,4,0,6,12.2131,4949.38
819,4,0,7,12.4044,5947.72,0.0838333,365.656,0.48,8
2009,4,0,7,12.3977,5900.51
2010,4,0,7,12.382,5799.67
837,4,0,7,12.3748,5753.71
1774,4,0,7,12.3605,5674.93
849,4,0,7,12.3574,5656.33
850,4,0,7,12.3517,5606.87
1970,4,0,8,12.7073,7579.03,0.0341667,149.025,0.09,9
124,4,0,8,12.6864,7466.35
105,4,0,8,12.6719,7386.67
1967,4,0,8,12.6346,7189.61
107,4,0,8,12.6294,7159.99
1978,4,0,8,12.6203,7105.1
1979,4,0,8,12.5886,6895.91
329,4,0,8,12.5864,6878.47
2114,4,0,8,12.5819,6855.26
335,4,0,8,12.5714,6794.13
1819,4,0,8,12.5665,6765.19
344,4,0,8,12.5499,6667.94
349,4,0,8,12.5358,6584.86
358,4,0,8,12.5233,6515.55
805,4,0,8,12.5119,6452.27
811,4,0,8,12.51,6434.53
819,4,0,8,12.4883,6313.37
1968,4,0,9,12.8186,8115.93,0,0,0
118,4,0,9,12.7791,7917.5
117,4,0,9,12.7719,7881.52
122,4,0,9,12.7547,7794.61
1970,4,0,9,12.7415,7728.05
105,4,1,0,9.90826,522.901,0.1085,473.244,0.3,1
124,4,1,0,9.89272,438.596
1970,4,1,0,9.87717,345.923
122,4,1,0,9.8644,281.164
117,4,1,0,9.84485,184.747
118,4,1,0,9.83805,150.127
1968,4,1,0,9.81,0
1968,4,1,1,10.1172,1525.79,0,0,0
118,4,1,1,10.0847,1356.71
117,4,1,1,10.0774,1320.07
122,4,1,1,10.0608,1235.7
1970,4,1,1,10.0488,1174.12
124,4,1,1,10.0295,1068.77
105,4,1,1,10.0168,996.145
105,5,0,0,11.263,499.965,0.104333,455.071,0.4,1
124,5,0,0,11.2497,425.166
1970,5,0,0,11.2339,332.084
122,5,0,0,11.221,266.81
117,5,0,0,11.2056,187.792
118,5,0,0,11.1978,149.07
1968,5,0,0,11.17,0
320,5,0,1,11.422,1306.15,0.0905,394.734,0.38,2
1978,5,0,1,11.4034,1185.95
107,5,0,1,11.3949,1131.84
1967,5,0,1,11.3919,1103.14
105,5,0,1,11.3673,955.035
344,5,0,2,11.6147,2288.05,0.0798333,348.209,0.09,3
1819,5,0,2,11.6013,2194.53
335,5,0,2,11.5963,2165.58
2114,5,0,2,11.581,2084.78
329,5,0,2,11.5785,2069.73
2116,5,0,2,11.5733,2042.86
327,5,0,2,11.5589,1964.19
324,5,0,2,11.5545,1941.68
319,5,0,2,11.5251,1786.59
320,5,0,2,11.5125,1700.89
850,5,0,3,11.8215,3362.17,0.0711667,310.408,0.1,4
849,5,0,3,11.814,3312.69
1774,5,0,3,11.8104,3292.69
837,5,0,3,11.7982,3222.25
2010,5,0,3,11.7896,3173.95
2009,5,0,3,11.7675,3053.53
819,5,0,3,11.7604,3006.03
811,5,0,3,11.7392,2887.42
805,5,0,3,11.7357,2867.98
358,5,0,3,11.7251,2808.47
349,5,0,3,11.7076,2717.86
344,5,0,3,11.6945,2636.26
2176,5,0,4,11.9427,3992.76,0.0568333,247.89,0.16,5
2066,5,0,4,11.9325,3925.65
869,5,0,4,11.922,3850.64
865,5,0,4,11.9054,3757.53
852,5,0,4,11.8986,3715.56
850,5,0,4,11.8927,3672.58
1306,5,0,5,12.0321,4428.09,0.0833333,363.475,0.03,6
1599,5,0,5,12.0162,4338.64
1300,5,0,5,12.0124,4312.92
1298,5,0,5,12.0062,4280.02
2176,5,0,5,11.9996,4240.65
869,5,0,6,12.1948,5218.35,0.0443333,193.369,0.11,7
2066,5,0,6,12.1674,5082.4
1297,5,0,6,12.1369,4924.82
1299,5,0,6,12.1309,4891.27
1600,5,0,6,12.1295,4877.82
1306,5,0,6,12.1155,4791.56
849,5,0,7,12.2729,5636.7,0.0775,338.032,0.22,8
850,5,0,7,12.2672,5587.24
852,5,0,7,12.2597,5542.61
865,5,0,7,12.253,5500.77
869,5,0,7,12.2391,5411.72
819,5,0,8,12.3974,6266.12,0.0838333,365.656,0.48,9
2009,5,0,8,12.3907,6218.91
2010,5,0,8,12.375,6118.07
837,5,0,8,12.3678,6072.11
1774,5,0,8,12.3535,5993.34
849,5,0,8,12.3504,5974.74
1970,5,0,9,12.7003,7897.43,0.0341667,149.025,0.09,10
124,5,0,9,12.6794,7784.75
105,5,0,9,12.6649,7705.08
1967,5,0,9,12.6276,7508.02
107,5,0,9,12.6224,7478.4
1978,5,0,9,12.6133,7423.5
1979,5,0,9,12.5816,7214.32
329,5,0,9,12.5794,7196.87
2114,5,0,9,12.5749,7173.67
335,5,0,9,12.5644,7112.53
1819,5,0,9,12.5595,7083.6
344,5,0,9,12.5429,6986.34
349,5,0,9,12.5288,6903.26
358,5,0,9,12.5163,6833.96
805,5,0,9,12.5049,6770.67
811,5,0,9,12.503,6752.94
819,5,0,9,12.4813,6631.77
1968,5,0,10,12.8116,8434.33,0,0,0
118,5,0,10,12.7721,8235.9
117,5,0,10,12.7649,8199.93
122,5,0,10,12.7477,8113.01
1970,5,0,10,12.7345,8046.46
105,6,0,0,11.263,499.965,0.104333,455.071,0.4,1
124,6,0,0,11.2497,425.166
1970,6,0,0,11.2339,332.084
122,6,0,0,11.221,266.81
117,6,0,0,11.2056,187.792
118,6,0,0,11.1978,149.07
1968,6,0,0,11.17,0
320,6,0,1,11.422,1306.15,0.0905,394.734,0.38,2
1978,6,0,1,11.4034,1185.95
107,6,0,1,11.3949,1131.84
1967,6,0,1,11.3919,1103.14
105,6,0,1,11.3673,955.035
344,6,0,2,11.6147,2288.05,0.0798333,348.209,0.09,3
1819,6,0,2,11.6013,2194.53
335,6,0,2,11.5963,2165.58
2114,6,0,2,11.581,2084.78
329,6,0,2,11.5785,2069.73
2116,6,0,2,11.5733,2042.86
327,6,0,2,11.5589,1964.19
324,6,0,2,11.5545,1941.68
319,6,0,2,11.5251,1786.59
320,6,0,2,11.5125,1700.89
849,6,0,3,11.814,3312.69,0.0695,303.138,0.23,4
1774,6,0,3,11.8104,3292.69
837,6,0,3,11.7982,3222.25
2010,6,0,3,11.7896,3173.95
2009,6,0,3,11.7675,3053.53
819,6,0,3,11.7604,3006.03
811,6,0,3,11.7392,2887.42
805,6,0,3,11.7357,2867.98
358,6,0,3,11.7251,2808.47
349,6,0,3,11.7076,2717.86
344,6,0,3,11.6945,2636.26
2176,6,0,4,11.9411,3985.49,0.0568333,247.89,0.16,5
2066,6,0,4,11.9309,3918.38
869,6,0,4,11.9203,3843.37
865,6,0,4,11.9038,3750.26
852,6,0,4,11.897,3708.29
850,6,0,4,11.891,3665.31
849,6,0,4,11.8835,3615.83
1306,6,0,5,12.0305,4420.82,0.0833333,363.475,0.03,6
1599,6,0,5,12.0145,4331.37
1300,6,0,5,12.0107,4305.65
1298,6,0,5,12.0045,4272.75
2176,6,0,5,11.9979,4233.38
869,6,0,6,12.1931,5211.08,0.0443333,193.369,0.11,7
2066,6,0,6,12.1657,5075.13
1297,6,0,6,12.1353,4917.55
1299,6,0,6,12.1292,4884
1600,6,0,6,12.1278,4870.55
1306,6,0,6,12.1138,4784.29
850,6,0,7,12.2655,5579.97,0.1105,481.968,0.03,8
852,6,0,7,12.258,5535.34
865,6,0,7,12.2513,5493.5
869,6,0,7,12.2374,5404.45
819,6,0,8,12.4288,6402.79,0.0838333,365.656,0.48,9
2009,6,0,8,12.4221,6355.58
2010,6,0,8,12.4064,6254.74
837,6,0,8,12.3992,6208.78
1774,6,0,8,12.3848,6130
849,6,0,8,12.3817,6111.4
850,6,0,8,12.376,6061.94
1970,6,0,9,12.7316,8034.1,0.0341667,149.025,0.09,10
124,6,0,9,12.7107,7921.42
105,6,0,9,12.6963,7841.75
1967,6,0,9,12.6589,7644.68
107,6,0,9,12.6537,7615.06
1978,6,0,9,12.6447,7560.17
1979,6,0,9,12.6129,7350.98
329,6,0,9,12.6107,7333.54
2114,6,0,9,12.6062,7310.33
335,6,0,9,12.5958,7249.2
1819,6,0,9,12.5908,7220.26
344,6,0,9,12.5742,7123.01
349,6,0,9,12.5601,7039.93
358,6,0,9,12.5477,6970.62
805,6,0,9,12.5362,6907.34
811,6,0,9,12.5344,6889.6
819,6,0,9,12.5126,6768.44
1968,6,0,10,12.8429,8571,0,0,0
118,6,0,10,12.8034,8372.57
117,6,0,10,12.7963,8336.59
122,6,0,10,12.779,8249.68
1970,6,0,10,12.7658,8183.12
1970,7,0,0,10.3444,334.012,0.0656667,286.418,0.08,1
122,7,0,0,10.3318,270.034
117,7,0,0,10.3148,184.186
118,7,0,0,10.3064,143.105
1968,7,0,0,10.28,0
105,7,0,1,10.4375,784.321,0.115333,503.049,0.34,2
124,7,0,1,10.4255,713.002
1970,7,0,1,10.41,620.43
320,7,0,2,10.6077,1638.94,0.0988333,431.081,0.34,3
1978,7,0,2,10.5894,1519.06
107,7,0,2,10.581,1465.04
1967,7,0,2,10.578,1436.33
105,7,0,2,10.5529,1287.37
344,7,0,3,10.8063,2647.27,0.0413333,180.284,0.09,4
1819,7,0,3,10.7927,2553.56
335,7,0,3,10.7882,2525.38
2114,7,0,3,10.7733,2446.28
329,7,0,3,10.7707,2431.1
2116,7,0,3,10.7658,2405.17
327,7,0,3,10.7518,2328.82
324,7,0,3,10.7483,2309.88
319,7,0,3,10.7191,2155.72
320,7,0,3,10.7065,2070.02
819,7,0,4,10.9084,3186.28,0.0483333,210.815,0.55,5
811,7,0,4,10.8905,3075.25
805,7,0,4,10.8875,3057.29
358,7,0,4,10.8756,2992.16
349,7,0,4,10.8596,2907.87
344,7,0,4,10.8477,2827.56
849,7,0,5,11.0074,3695.06,0.0695,303.138,0.23,6
1774,7,0,5,11.0037,3674.56
837,7,0,5,10.9925,3605.86
2010,7,0,5,10.9848,3559.09
2009,7,0,5,10.9641,3444.81
819,7,0,5,10.9567,3397.1
850,7,0,6,11.0844,4047.68,0.0711667,310.408,0.1,7
849,7,0,6,11.0769,3998.2
2176,7,0,7,11.2056,4678.27,0.0568333,247.89,0.16,8
2066,7,0,7,11.1954,4611.16
869,7,0,7,11.1849,4536.14
865,7,0,7,11.1683,4443.04
852,7,0,7,11.1615,4401.07
850,7,0,7,11.1556,4358.08
1306,7,0,8,11.295,5113.59,0.0916667,399.822,0.11,9
1599,7,0,8,11.2791,5024.15
1300,7,0,8,11.2753,4998.43
1298,7,0,8,11.2691,4965.52
2176,7,0,8,11.2625,4926.16
869,7,0,9,11.4568,5899.45,0.0495,215.904,0.11,10
2066,7,0,9,11.4357,5789.9
1297,7,0,9,11.4088,5647.14
1299,7,0,9,11.4029,5614.2
1600,7,0,9,11.4014,5600.75
1306,7,0,9,11.3867,5513.41
1968,7,0,10,11.8838,8203.98,0,0,0
118,7,0,10,11.8491,8025.67
117,7,0,10,11.8414,7987.16
122,7,0,10,11.824,7899.62
1970,7,0,10,11.8112,7834.88
124,7,0,10,11.7894,7718.32
105,7,0,10,11.777,7646.38
1967,7,0,10,11.7411,7455.6
107,7,0,10,11.7358,7425.81
1978,7,0,10,11.7266,7370.69
1979,7,0,10,11.6921,7158.14
329,7,0,10,11.6899,7140.71
2114,7,0,10,11.685,7116.16
335,7,0,10,11.6745,7054.88
1819,7,0,10,11.67,7026.69
344,7,0,10,11.6545,6930.99
349,7,0,10,11.6427,6850.74
355,7,0,10,11.6258,6765.52
356,7,0,10,11.609,6666.99
807,7,0,10,11.5939,6586.61
812,7,0,10,11.5937,6585.82
2008,7,0,10,11.581,6503.91
821,7,0,10,11.5761,6476.4
2153,7,0,10,11.5663,6424.74
831,7,0,10,11.5663,6424.66
832,7,0,10,11.5575,6380.16
843,7,0,10,11.5461,6316.36
855,7,0,10,11.5186,6179.88
1856,7,0,10,11.5185,6179.17
869,7,0,10,11.5063,6115.36
2176,8,0,0,11.917,2151.6,0.0568333,247.89,0.16,1
2066,8,0,0,11.9066,2084.26
869,8,0,0,11.8952,2008.63
1856,8,0,0,11.8669,1878.96
855,8,0,0,11.8667,1878.25
843,8,0,0,11.8529,1798.75
832,8,0,0,11.8421,1737.49
831,8,0,0,11.8342,1696.96
2153,8,0,0,11.8342,1696.88
821,8,0,0,11.8213,1632.02
2008,8,0,0,11.8128,1589.23
812,8,0,0,11.7956,1494.65
807,8,0,0,11.7955,1493.87
356,8,0,0,11.7802,1412.75
1981,8,0,0,11.7679,1329.24
345,8,0,0,11.7462,1219.17
341,8,0,0,11.7368,1168.93
2132,8,0,0,11.7365,1166.89
328,8,0,0,11.7227,1075.3
2115,8,0,0,11.7113,1016.31
329,8,0,0,11.7074,995.611
1979,8,0,0,11.7015,965.863
1978,8,0,0,11.6591,730.88
107,8,0,0,11.6506,676.772
1967,8,0,0,11.6476,648.066
105,8,0,0,11.623,499.965
124,8,0,0,11.6097,425.166
1970,8,0,0,11.5939,332.084
122,8,0,0,11.581,266.81
117,8,0,0,11.5656,187.792
118,8,0,0,11.5578,149.07
1968,8,0,0,11.53,0
1306,8,0,1,12.0064,2586.93,0.0833333,363.475,0.03,2
1599,8,0,1,11.9905,2497.48
1300,8,0,1,11.9867,2471.76
1298,8,0,1,11.9805,2438.85
2176,8,0,1,11.9739,2399.49
869,8,0,2,12.1691,3377.19,0.0443333,193.369,0.11,3
2066,8,0,2,12.1417,3241.24
1297,8,0,2,12.1112,3083.66
1299,8,0,2,12.1052,3050.11
1600,8,0,2,12.1038,3036.66
1306,8,0,2,12.0898,2950.4
850,8,0,3,12.2415,3746.08,0.1105,481.968,0.03,4
852,8,0,3,12.234,3701.45
865,8,0,3,12.2273,3659.6
869,8,0,3,12.2134,3570.56
849,8,0,4,12.3577,4277.51,0.0775,338.032,0.22,5
850,8,0,4,12.352,4228.05
819,8,0,5,12.4822,4906.93,0.0838333,365.656,0.48,6
2009,8,0,5,12.4755,4859.72
2010,8,0,5,12.4598,4758.88
837,8,0,5,12.4526,4712.92
1774,8,0,5,12.4383,4634.14
849,8,0,5,12.4352,4615.54
344,8,0,6,12.6277,5627.15,0.0863333,376.56,0.09,7
349,8,0,6,12.6136,5544.07
358,8,0,6,12.6011,5474.76
805,8,0,6,12.5896,5411.48
811,8,0,6,12.5878,5393.74
819,8,0,6,12.5661,5272.58
1970,8,0,7,12.8714,6914.8,0.0341667,149.025,0.09,8
124,8,0,7,12.8505,6802.12
105,8,0,7,12.8361,6722.45
1967,8,0,7,12.7987,6525.38
107,8,0,7,12.7935,6495.76
1978,8,0,7,12.7844,6440.87
1979,8,0,7,12.7527,6231.68
329,8,0,7,12.7505,6214.24
2114,8,0,7,12.746,6191.03
335,8,0,7,12.7355,6129.9
1819,8,0,7,12.7306,6100.96
344,8,0,7,12.714,6003.71
1968,8,0,8,12.9827,7451.7,0,0,0
118,8,0,8,12.9432,7253.27
117,8,0,8,12.9361,7217.3
122,8,0,8,12.9188,7130.38
1970,8,0,8,12.9056,7063.82
320,8,1,0,9.75409,875.602,0.084,366.383,0.32,1
1978,8,1,0,9.73514,755.022
107,8,1,0,9.72642,700.585
1967,8,1,0,9.72341,671.88
105,8,1,0,9.69826,522.901
124,8,1,0,9.68272,438.596
1970,8,1,0,9.66717,345.923
122,8,1,0,9.6544,281.164
117,8,1,0,9.63485,184.747
118,8,1,0,9.62805,150.127
1968,8,1,0,9.6,0
105,8,1,1,9.90898,1639.24,0.1085,473.244,0.3,2
1967,8,1,1,9.87377,1451.36
107,8,1,1,9.86828,1420.63
1978,8,1,1,9.85855,1364.65
320,8,1,1,9.83809,1241.98
1968,8,1,2,10.1179,2642.13,0,0,0
118,8,1,2,10.0854,2473.05
117,8,1,2,10.0781,2436.41
122,8,1,2,10.0615,2352.05
1970,8,1,2,10.0495,2290.47
124,8,1,2,10.0303,2185.11
105,8,1,2,10.0175,2112.49
320,9,0,0,11.3977,851.082,0.0905,394.734,0.38,1
1978,9,0,0,11.3791,730.88
107,9,0,0,11.3706,676.772
1967,9,0,0,11.3676,648.066
105,9,0,0,11.343,499.965
124,9,0,0,11.3297,425.166
1970,9,0,0,11.3139,332.084
122,9,0,0,11.301,266.81
117,9,0,0,11.2856,187.792
118,9,0,0,11.2778,149.07
1968,9,0,0,11.25,0
344,9,0,1,11.5903,1832.98,0.0798333,348.209,0.09,2
1819,9,0,1,11.577,1739.46
335,9,0,1,11.572,1710.51
2114,9,0,1,11.5567,1629.71
329,9,0,1,11.5541,1614.66
2116,9,0,1,11.549,1587.79
327,9,0,1,11.5345,1509.12
324,9,0,1,11.5302,1486.61
319,9,0,1,11.5008,1331.52
320,9,0,1,11.4882,1245.82
849,9,0,2,11.7897,2857.62,0.0695,303.138,0.23,3
1774,9,0,2,11.7861,2837.62
837,9,0,2,11.7738,2767.18
2010,9,0,2,11.7653,2718.88
2009,9,0,2,11.7431,2598.46
819,9,0,2,11.736,2550.96
811,9,0,2,11.7148,2432.35
805,9,0,2,11.7113,2412.91
358,9,0,2,11.7007,2353.4
349,9,0,2,11.6833,2262.79
344,9,0,2,11.6702,2181.19
2176,9,0,3,11.9167,3530.42,0.0568333,247.89,0.16,4
2066,9,0,3,11.9065,3463.31
869,9,0,3,11.896,3388.3
865,9,0,3,11.8794,3295.19
852,9,0,3,11.8726,3253.22
850,9,0,3,11.8667,3210.24
849,9,0,3,11.8592,3160.76
1306,9,0,4,12.0061,3965.75,0.0833333,363.475,0.03,5
1599,9,0,4,11.9902,3876.3
1300,9,0,4,11.9864,3850.58
1298,9,0,4,11.9802,3817.68
2176,9,0,4,11.9736,3778.31
869,9,0,5,12.1688,4756.01,0.0443333,193.369,0.11,6
2066,9,0,5,12.1414,4620.06
1297,9,0,5,12.1109,4462.48
1299,9,0,5,12.1049,4428.93
1600,9,0,5,12.1035,4415.48
1306,9,0,5,12.0895,4329.22
850,9,0,6,12.2412,5124.9,0.1105,481.968,0.03,7
852,9,0,6,12.2337,5080.27
865,9,0,6,12.227,5038.43
869,9,0,6,12.2131,4949.38
819,9,0,7,12.4044,5947.72,0.0838333,365.656,0.48,8
2009,9,0,7,12.3977,5900.51
2010,9,0,7,12.382,5799.67
837,9,0,7,12.3748,5753.71
1774,9,0,7,12.3605,5674.93
849,9,0,7,12.3574,5656.33
850,9,0,7,12.3517,5606.87
105,9,0,8,12.6719,7386.67,0.0435,189.734,0.48,9
1967,9,0,8,12.6346,7189.61
107,9,0,8,12.6294,7159.99
1978,9,0,8,12.6203,7105.1
1979,9,0,8,12.5886,6895.91
329,9,0,8,12.5864,6878.47
2114,9,0,8,12.5819,6855.26
335,9,0,8,12.5714,6794.13
1819,9,0,8,12.5665,6765.19
344,9,0,8,12.5499,6667.94
349,9,0,8,12.5358,6584.86
358,9,0,8,12.5233,6515.55
805,9,0,8,12.5119,6452.27
811,9,0,8,12.51,6434.53
819,9,0,8,12.4883,6313.37
1970,9,0,9,12.7508,7768.76,0.0341667,149.025,0.09,10
124,9,0,9,12.7299,7656.08
105,9,0,9,12.7154,7576.41
1968,9,0,10,12.8621,8305.66,0,0,0
118,9,0,10,12.8226,8107.23
117,9,0,10,12.8154,8071.26
122,9,0,10,12.7982,7984.34
1970,9,0,10,12.785,7917.79
320,10,0,0,11.3377,851.082,0.0905,394.734,0.38,1
1978,10,0,0,11.3191,730.88
107,10,0,0,11.3106,676.772
1967,10,0,0,11.3076,648.066
105,10,0,0,11.283,499.965
124,10,0,0,11.2697,425.166
1970,10,0,0,11.2539,332.084
122,10,0,0,11.241,266.81
117,10,0,0,11.2256,187.792
118,10,0,0,11.2178,149.07
1968,10,0,0,11.19,0
344,10,0,1,11.5303,1832.98,0.0798333,348.209,0.09,2
1819,10,0,1,11.517,1739.46
335,10,0,1,11.512,1710.51
2114,10,0,1,11.4967,1629.71
329,10,0,1,11.4941,1614.66
2116,10,0,1,11.489,1587.79
327,10,0,1,11.4745,1509.12
324,10,0,1,11.4702,1486.61
319,10,0,1,11.4408,1331.52
320,10,0,1,11.4282,1245.82
849,10,0,2,11.7297,2857.62,0.0695,303.138,0.23,3
1774,10,0,2,11.7261,2837.62
837,10,0,2,11.7138,2767.18
2010,10,0,2,11.7053,2718.88
2009,10,0,2,11.6831,2598.46
819,10,0,2,11.676,2550.96
811,10,0,2,11.6548,2432.35
805,10,0,2,11.6513,2412.91
358,10,0,2,11.6407,2353.4
349,10,0,2,11.6233,2262.79
344,10,0,2,11.6102,2181.19
850,10,0,3,11.8067,3210.24,0.0711667,310.408,0.1,4
849,10,0,3,11.7992,3160.76
2176,10,0,4,11.9279,3840.83,0.0568333,247.89,0.16,5
2066,10,0,4,11.9177,3773.72
869,10,0,4,11.9071,3698.7
865,10,0,4,11.8906,3605.6
852,10,0,4,11.8838,3563.63
850,10,0,4,11.8778,3520.64
1306,10,0,5,12.0173,4276.15,0.0833333,363.475,0.03,6
1599,10,0,5,12.0014,4186.71
1300,10,0,5,11.9976,4160.99
1298,10,0,5,11.9914,4128.08
2176,10,0,5,11.9847,4088.72
869,10,0,6,12.1799,5066.41,0.0443333,193.369,0.11,7
2066,10,0,6,12.1526,4930.47
1297,10,0,6,12.1221,4772.89
1299,10,0,6,12.1161,4739.34
1600,10,0,6,12.1146,4725.89
1306,10,0,6,12.1006,4639.63
819,10,0,7,12.3051,5776.15,0.0838333,365.656,0.48,8
2009,10,0,7,12.2984,5728.95
2010,10,0,7,12.2827,5628.11
837,10,0,7,12.2755,5582.15
1774,10,0,7,12.2612,5503.37
849,10,0,7,12.258,5484.77
850,10,0,7,12.2524,5435.31
852,10,0,7,12.2448,5390.67
865,10,0,7,12.2381,5348.83
869,10,0,7,12.2243,5259.78
105,10,0,8,12.5726,7215.11,0.0435,189.734,0.48,9
1967,10,0,8,12.5353,7018.05
107,10,0,8,12.53,6988.43
1978,10,0,8,12.521,6933.54
1979,10,0,8,12.4892,6724.35
329,10,0,8,12.4871,6706.91
2114,10,0,8,12.4825,6683.7
335,10,0,8,12.4721,6622.57
1819,10,0,8,12.4671,6593.63
344,10,0,8,12.4506,6496.38
349,10,0,8,12.4365,6413.3
358,10,0,8,12.424,6343.99
805,10,0,8,12.4125,6280.71
811,10,0,8,12.4107,6262.97
819,10,0,8,12.3889,6141.81
1970,10,0,9,12.6515,7597.2,0.0341667,149.025,0.09,10
124,10,0,9,12.6306,7484.52
105,10,0,9,12.6161,7404.85
1968,10,0,10,12.7627,8134.1,0,0,0
118,10,0,10,12.7232,7935.67
117,10,0,10,12.7161,7899.7
122,10,0,10,12.6988,7812.78
1970,10,0,10,12.6856,7746.23
105,11,0,0,9.33826,522.901,0.1085,473.244,0.3,1
124,11,0,0,9.32272,438.596
1970,11,0,0,9.30717,345.923
122,11,0,0,9.2944,281.164
117,11,0,0,9.27485,184.747
118,11,0,0,9.26805,150.127
1968,11,0,0,9.24,0
320,11,0,1,9.50259,1348.85,0.084,366.383,0.32,2
1978,11,0,1,9.48364,1228.27
107,11,0,1,9.47492,1173.83
1967,11,0,1,9.47191,1145.12
105,11,0,1,9.44676,996.145
849,11,0,2,9.81483,2997.83,0.089,388.191,0.2,3
1774,11,0,2,9.81148,2978.83
837,11,0,2,9.80006,2909.76
2010,11,0,2,9.78717,2842.87
2009,11,0,2,9.76371,2716.69
819,11,0,2,9.75538,2667.61
811,11,0,2,9.73403,2548.28
805,11,0,2,9.73048,2528.67
358,11,0,2,9.71583,2451.74
349,11,0,2,9.69912,2364.31
344,11,0,2,9.68531,2281.68
1819,11,0,2,9.67015,2186.44
335,11,0,2,9.66524,2157.6
2114,11,0,2,9.65158,2083.94
329,11,0,2,9.64898,2068.77
2116,11,0,2,9.64424,2043.68
327,11,0,2,9.63095,1970.11
324,11,0,2,9.62678,1948.4
319,11,0,2,9.59918,1800.93
320,11,0,2,9.58659,1715.23
850,11,0,3,9.91153,3435.71,0.0346667,151.206,0.14,4
849,11,0,3,9.90383,3386.02
869,11,0,4,9.97757,3771.37,0.0375,163.564,0.11,5
865,11,0,4,9.95977,3672.53
852,11,0,4,9.95285,3630.4
850,11,0,4,9.94619,3586.92
2176,11,0,5,10.0358,4077.44,0.0848333,370.017,0.18,6
2066,11,0,5,10.0251,4009.79
869,11,0,5,10.0151,3934.93
1306,11,0,6,10.1556,4644.54,0.078,340.212,0.16,7
1599,11,0,6,10.1381,4548.06
1300,11,0,6,10.1336,4521.55
1298,11,0,6,10.1269,4486.33
2176,11,0,6,10.1206,4447.46
819,11,0,7,10.3841,5884.67,0.0483333,210.815,0.55,8
2009,11,0,7,10.3782,5837.49
2010,11,0,7,10.3628,5736.97
837,11,0,7,10.3555,5690.85
1774,11,0,7,10.3443,5622.11
849,11,0,7,10.3401,5599.34
850,11,0,7,10.333,5550.18
852,11,0,7,10.3272,5507.24
865,11,0,7,10.3204,5465.29
869,11,0,7,10.3052,5374.46
2066,11,0,7,10.2832,5260.73
1297,11,0,7,10.2569,5121.07
1299,11,0,7,10.2512,5089.07
1600,11,0,7,10.2498,5075.62
1306,11,0,7,10.2336,4984.75
344,11,0,8,10.4955,6467.78,0.0413333,180.284,0.09,9
349,11,0,8,10.4849,6388.08
358,11,0,8,10.4683,6300.9
805,11,0,8,10.4575,6240.72
811,11,0,8,10.4557,6222.98
819,11,0,8,10.4325,6095.48
1970,11,0,9,10.6913,7546.34,0.0656667,286.418,0.08,10
124,11,0,9,10.6721,7440.98
105,11,0,9,10.6593,7368.36
1967,11,0,9,10.6223,7173.08
107,11,0,9,10.6169,7142.43
1978,11,0,9,10.6078,7087.55
1979,11,0,9,10.5751,6877.36
329,11,0,9,10.573,6859.9
2114,11,0,9,10.5678,6833.98
335,11,0,9,10.5574,6772.83
1819,11,0,9,10.5524,6743.84
344,11,0,9,10.5368,6648.07
1968,11,0,10,10.8254,8184.42,0,0,0
118,11,0,10,10.7929,8015.34
117,11,0,10,10.7856,7978.7
122,11,0,10,10.769,7894.34
1970,11,0,10,10.7569,7832.76
1970,12,0,0,11.2939,332.084,0.0768333,335.124,0.08,1
122,12,0,0,11.281,266.81
117,12,0,0,11.2656,187.792
118,12,0,0,11.2578,149.07
1968,12,0,0,11.23,0
105,12,0,1,11.3998,835.089,0.104333,455.071,0.4,2
124,12,0,1,11.3865,760.29
1970,12,0,1,11.3707,667.208
320,12,0,2,11.5588,1641.28,0.0905,394.734,0.38,3
1978,12,0,2,11.5402,1521.07
107,12,0,2,11.5318,1466.97
1967,12,0,2,11.5288,1438.26
105,12,0,2,11.5042,1290.16
344,12,0,3,11.7515,2623.18,0.0798333,348.209,0.09,4
1819,12,0,3,11.7381,2529.65
335,12,0,3,11.7332,2500.7
2114,12,0,3,11.7178,2419.91
329,12,0,3,11.7153,2404.85
2116,12,0,3,11.7102,2377.98
327,12,0,3,11.6957,2299.31
324,12,0,3,11.6913,2276.8
319,12,0,3,11.6619,2121.71
320,12,0,3,11.6493,2036.01
2176,12,0,4,12.0084,4017.48,0.0963333,420.177,0.14,5
2066,12,0,4,11.9982,3950.37
869,12,0,4,11.9876,3875.35
865,12,0,4,11.9711,3782.25
852,12,0,4,11.9643,3740.28
850,12,0,4,11.9583,3697.29
849,12,0,4,11.9509,3647.82
1774,12,0,4,11.9473,3627.82
837,12,0,4,11.935,3557.37
2010,12,0,4,11.9264,3509.08
2009,12,0,4,11.9043,3388.65
819,12,0,4,11.8972,3341.16
811,12,0,4,11.876,3222.54
805,12,0,4,11.8725,3203.11
358,12,0,4,11.8619,3143.6
349,12,0,4,11.8444,3052.98
344,12,0,4,11.8313,2971.38
1306,12,0,5,12.1385,4628.89,0.0833333,363.475,0.03,6
1599,12,0,5,12.121,4532.44
1300,12,0,5,12.1166,4506.02
1298,12,0,5,12.1113,4476.84
2176,12,0,5,12.1047,4437.66
869,12,0,6,12.3012,5419.15,0.0443333,193.369,0.11,7
2066,12,0,6,12.2738,5283.21
1297,12,0,6,12.2433,5125.62
1299,12,0,6,12.2373,5092.08
1600,12,0,6,12.2358,5078.63
1306,12,0,6,12.2218,4992.37
850,12,0,7,12.3736,5788.05,0.1105,481.968,0.03,8
852,12,0,7,12.3661,5743.41
865,12,0,7,12.3593,5701.57
869,12,0,7,12.3455,5612.52
849,12,0,8,12.4898,6319.48,0.0775,338.032,0.22,9
850,12,0,8,12.4841,6270.02
819,12,0,9,12.6143,6948.89,0.0838333,365.656,0.48,10
2009,12,0,9,12.6076,6901.69
2010,12,0,9,12.5919,6800.84
837,12,0,9,12.5847,6754.89
1774,12,0,9,12.5704,6676.11
849,12,0,9,12.5673,6657.51
1968,12,0,10,12.9943,8968.35,0,0,0
118,12,0,10,12.9551,8771.07
117,12,0,10,12.9477,8733.68
122,12,0,10,12.9304,8646.76
1970,12,0,10,12.9172,8580.21
124,12,0,10,12.8963,8467.53
105,12,0,10,12.8818,8387.85
1967,12,0,10,12.8445,8190.79
107,12,0,10,12.8392,8161.17
1978,12,0,10,12.8302,8106.28
1979,12,0,10,12.7984,7897.09
329,12,0,10,12.7963,7879.65
2114,12,0,10,12.7917,7856.44
335,12,0,10,12.7813,7795.31
1819,12,0,10,12.7763,7766.37
344,12,0,10,12.7598,7669.12
349,12,0,10,12.7457,7586.03
358,12,0,10,12.7332,7516.73
805,12,0,10,12.7217,7453.45
811,12,0,10,12.7199,7435.71
819,12,0,10,12.6982,7314.55
2176,13,0,0,11.917,2151.6,0.0568333,247.89,0.16,1
2066,13,0,0,11.9066,2084.26
869,13,0,0,11.8952,2008.63
1856,13,0,0,11.8669,1878.96
855,13,0,0,11.8667,1878.25
843,13,0,0,11.8529,1798.75
832,13,0,0,11.8421,1737.49
831,13,0,0,11.8342,1696.96
2153,13,0,0,11.8342,1696.88
821,13,0,0,11.8213,1632.02
2008,13,0,0,11.8128,1589.23
812,13,0,0,11.7956,1494.65
807,13,0,0,11.7955,1493.87
356,13,0,0,11.7802,1412.75
1981,13,0,0,11.7679,1329.24
345,13,0,0,11.7462,1219.17
341,13,0,0,11.7368,1168.93
2132,13,0,0,11.7365,1166.89
328,13,0,0,11.7227,1075.3
2115,13,0,0,11.7113,1016.31
329,13,0,0,11.7074,995.611
1979,13,0,0,11.7015,965.863
1978,13,0,0,11.6591,730.88
107,13,0,0,11.6506,676.772
1967,13,0,0,11.6476,648.066
105,13,0,0,11.623,499.965
124,13,0,0,11.6097,425.166
1970,13,0,0,11.5939,332.084
122,13,0,0,11.581,266.81
117,13,0,0,11.5656,187.792
118,13,0,0,11.5578,149.07
1968,13,0,0,11.53,0
1306,13,0,1,12.0064,2586.93,0.0833333,363.475,0.03,2
1599,13,0,1,11.9905,2497.48
1300,13,0,1,11.9867,2471.76
1298,13,0,1,11.9805,2438.85
2176,13,0,1,11.9739,2399.49
869,13,0,2,12.1691,3377.19,0.0443333,193.369,0.11,3
2066,13,0,2,12.1417,3241.24
1297,13,0,2,12.1112,3083.66
1299,13,0,2,12.1052,3050.11
1600,13,0,2,12.1038,3036.66
1306,13,0,2,12.0898,2950.4
850,13,0,3,12.2415,3746.08,0.1105,481.968,0.03,4
852,13,0,3,12.234,3701.45
865,13,0,3,12.2273,3659.6
869,13,0,3,12.2134,3570.56
849,13,0,4,12.3577,4277.51,0.0775,338.032,0.22,5
850,13,0,4,12.352,4228.05
819,13,0,5,12.4822,4906.93,0.0838333,365.656,0.48,6
2009,13,0,5,12.4755,4859.72
2010,13,0,5,12.4598,4758.88
837,13,0,5,12.4526,4712.92
1774,13,0,5,12.4383,4634.14
849,13,0,5,12.4352,4615.54
344,13,0,6,12.6277,5627.15,0.0863333,376.56,0.09,7
349,13,0,6,12.6136,5544.07
358,13,0,6,12.6011,5474.76
805,13,0,6,12.5896,5411.48
811,13,0,6,12.5878,5393.74
819,13,0,6,12.5661,5272.58
1968,13,0,7,12.9485,7302.67,0,0,0
118,13,0,7,12.909,7104.25
117,13,0,7,12.9019,7068.27
122,13,0,7,12.8846,6981.35
1970,13,0,7,12.8714,6914.8
124,13,0,7,12.8505,6802.12
105,13,0,7,12.8361,6722.45
1967,13,0,7,12.7987,6525.38
107,13,0,7,12.7935,6495.76
1978,13,0,7,12.7844,6440.87
1979,13,0,7,12.7527,6231.68
329,13,0,7,12.7505,6214.24
2114,13,0,7,12.746,6191.03
335,13,0,7,12.7355,6129.9
1819,13,0,7,12.7306,6100.96
344,13,0,7,12.714,6003.71
320,13,1,0,9.79409,875.602,0.084,366.383,0.32,1
1978,13,1,0,9.77514,755.022
107,13,1,0,9.76642,700.585
1967,13,1,0,9.76341,671.88
105,13,1,0,9.73826,522.901
124,13,1,0,9.72272,438.596
1970,13,1,0,9.70717,345.923
122,13,1,0,9.6944,281.164
117,13,1,0,9.67485,184.747
118,13,1,0,9.66805,150.127
1968,13,1,0,9.64,0
105,13,1,1,9.94898,1639.24,0.1085,473.244,0.3,2
1967,13,1,1,9.91377,1451.36
107,13,1,1,9.90828,1420.63
1978,13,1,1,9.89855,1364.65
320,13,1,1,9.87809,1241.98
1970,13,1,2,10.0895,2290.47,0.0656667,286.418,0.08,3
124,13,1,2,10.0703,2185.11
105,13,1,2,10.0575,2112.49
1968,13,1,3,10.2236,2928.55,0,0,0
118,13,1,3,10.1911,2759.47
117,13,1,3,10.1838,2722.83
122,13,1,3,10.1672,2638.47
1970,13,1,3,10.1551,2576.89
344,14,0,0,11.7136,1213.94,0.0798333,348.209,0.09,1
1819,14,0,0,11.7002,1120.41
335,14,0,0,11.6952,1091.46
2114,14,0,0,11.6799,1010.67
329,14,0,0,11.6774,995.611
1979,14,0,0,11.6715,965.863
1978,14,0,0,11.6291,730.88
107,14,0,0,11.6206,676.772
1967,14,0,0,11.6176,648.066
105,14,0,0,11.593,499.965
124,14,0,0,11.5797,425.166
1970,14,0,0,11.5639,332.084
122,14,0,0,11.551,266.81
117,14,0,0,11.5356,187.792
118,14,0,0,11.5278,149.07
1968,14,0,0,11.5,0
869,14,0,1,11.9497,2466.11,0.0495,215.904,0.11,2
865,14,0,1,11.9332,2373.01
852,14,0,1,11.9264,2331.04
850,14,0,1,11.9204,2288.05
849,14,0,1,11.9129,2238.58
1774,14,0,1,11.9093,2218.58
837,14,0,1,11.8971,2148.13
2010,14,0,1,11.8885,2099.84
2009,14,0,1,11.8664,1979.41
819,14,0,1,11.8593,1931.92
811,14,0,1,11.8381,1813.3
805,14,0,1,11.8346,1793.87
358,14,0,1,11.824,1734.36
349,14,0,1,11.8065,1643.75
344,14,0,1,11.7934,1562.15
2176,14,0,2,12.02,2824.14,0.0963333,420.177,0.14,3
2066,14,0,2,12.0098,2757.03
869,14,0,2,11.9992,2682.02
1306,14,0,3,12.1501,3435.56,0.0833333,363.475,0.03,4
1599,14,0,3,12.1326,3339.11
1300,14,0,3,12.1282,3312.68
1298,14,0,3,12.1228,3283.5
2176,14,0,3,12.1163,3244.32
850,14,0,4,12.3408,4401.34,0.1105,481.968,0.03,5
852,14,0,4,12.3333,4356.71
865,14,0,4,12.3266,4314.87
869,14,0,4,12.3127,4225.82
2066,14,0,4,12.2854,4089.87
1297,14,0,4,12.2549,3932.29
1299,14,0,4,12.2489,3898.74
1600,14,0,4,12.2474,3885.29
1306,14,0,4,12.2334,3799.03
849,14,0,5,12.457,4932.77,0.0775,338.032,0.22,6
850,14,0,5,12.4513,4883.31
819,14,0,6,12.5816,5562.19,0.0838333,365.656,0.48,7
2009,14,0,6,12.5749,5514.98
2010,14,0,6,12.5592,5414.14
837,14,0,6,12.552,5368.18
1774,14,0,6,12.5376,5289.41
849,14,0,6,12.5345,5270.8
1970,14,0,7,12.8844,7193.5,0.0341667,149.025,0.09,8
124,14,0,7,12.8635,7080.82
105,14,0,7,12.8491,7001.15
1967,14,0,7,12.8117,6804.09
107,14,0,7,12.8065,6774.47
1978,14,0,7,12.7974,6719.57
1979,14,0,7,12.7657,6510.39
329,14,0,7,12.7635,6492.94
2114,14,0,7,12.759,6469.74
335,14,0,7,12.7485,6408.6
1819,14,0,7,12.7436,6379.66
344,14,0,7,12.727,6282.41
349,14,0,7,12.7129,6199.33
358,14,0,7,12.7005,6130.03
805,14,0,7,12.689,6066.74
811,14,0,7,12.6872,6049.01
819,14,0,7,12.6654,5927.84
1968,14,0,8,12.9957,7730.4,0,0,0
118,14,0,8,12.9562,7531.97
117,14,0,8,12.9491,7496
122,14,0,8,12.9318,7409.08
1970,14,0,8,12.9186,7342.53
320,14,1,0,9.80409,875.602,0.084,366.383,0.32,1
1978,14,1,0,9.78514,755.022
107,14,1,0,9.77642,700.585
1967,14,1,0,9.77341,671.88
105,14,1,0,9.74826,522.901
124,14,1,0,9.73272,438.596
1970,14,1,0,9.71717,345.923
122,14,1,0,9.7044,281.164
117,14,1,0,9.68485,184.747
118,14,1,0,9.67805,150.127
1968,14,1,0,9.65,0
105,14,1,1,9.95898,1639.24,0.1085,473.244,0.3,2
1967,14,1,1,9.92377,1451.36
107,14,1,1,9.91828,1420.63
1978,14,1,1,9.90855,1364.65
320,14,1,1,9.88809,1241.98
1968,14,1,2,10.1679,2642.13,0,0,0
118,14,1,2,10.1354,2473.05
117,14,1,2,10.1281,2436.41
122,14,1,2,10.1115,2352.05
1970,14,1,2,10.0995,2290.47
124,14,1,2,10.0803,2185.11
105,14,1,2,10.0675,2112.49
105,15,0,0,11.343,499.965,0.104333,455.071,0.4,1
124,15,0,0,11.3297,425.166
1970,15,0,0,11.3139,332.084
122,15,0,0,11.301,266.81
117,15,0,0,11.2856,187.792
118,15,0,0,11.2778,149.07
1968,15,0,0,11.25,0
320,15,0,1,11.502,1306.15,0.0905,394.734,0.38,2
1978,15,0,1,11.4834,1185.95
107,15,0,1,11.4749,1131.84
1967,15,0,1,11.4719,1103.14
105,15,0,1,11.4473,955.035
869,15,0,2,11.8593,3150.38,0.0495,215.904,0.11,3
1856,15,0,2,11.8315,3022.9
855,15,0,2,11.8314,3022.19
854,15,0,2,11.8291,3008.6
841,15,0,2,11.8106,2909.55
829,15,0,2,11.796,2827.2
831,15,0,2,11.7832,2761.62
2153,15,0,2,11.7832,2761.54
821,15,0,2,11.7692,2692.19
2008,15,0,2,11.7607,2649.4
812,15,0,2,11.7442,2558.08
807,15,0,2,11.7441,2557.29
356,15,0,2,11.7313,2486.87
1981,15,0,2,11.719,2403.36
345,15,0,2,11.6973,2293.29
341,15,0,2,11.6879,2243.04
2132,15,0,2,11.6876,2241
328,15,0,2,11.6738,2149.42
2115,15,0,2,11.6624,2090.43
329,15,0,2,11.6585,2069.73
2116,15,0,2,11.6533,2042.86
327,15,0,2,11.6389,1964.19
324,15,0,2,11.6345,1941.68
319,15,0,2,11.6051,1786.59
320,15,0,2,11.5925,1700.89
2176,15,0,3,11.9296,3508.41,0.0568333,247.89,0.16,4
2066,15,0,3,11.9194,3441.3
869,15,0,3,11.9088,3366.29
1306,15,0,4,12.019,3943.74,0.0833333,363.475,0.03,5
1599,15,0,4,12.003,3854.29
1300,15,0,4,11.9992,3828.57
1298,15,0,4,11.993,3795.66
2176,15,0,4,11.9864,3756.3
850,15,0,5,12.2097,4909.52,0.1105,481.968,0.03,6
852,15,0,5,12.2022,4864.89
865,15,0,5,12.1955,4823.05
869,15,0,5,12.1816,4734
2066,15,0,5,12.1542,4598.05
1297,15,0,5,12.1238,4440.47
1299,15,0,5,12.1177,4406.92
1600,15,0,5,12.1163,4393.47
1306,15,0,5,12.1023,4307.21
849,15,0,6,12.3259,5440.95,0.0775,338.032,0.22,7
850,15,0,6,12.3202,5391.49
819,15,0,7,12.4504,6070.37,0.0838333,365.656,0.48,8
2009,15,0,7,12.4437,6023.16
2010,15,0,7,12.428,5922.32
837,15,0,7,12.4208,5876.36
1774,15,0,7,12.4065,5797.59
849,15,0,7,12.4034,5778.98
344,15,0,8,12.5959,6790.59,0.0863333,376.56,0.09,9
349,15,0,8,12.5818,6707.51
358,15,0,8,12.5693,6638.21
805,15,0,8,12.5578,6574.92
811,15,0,8,12.556,6557.19
819,15,0,8,12.5343,6436.02
1970,15,0,9,12.8396,8078.24,0.0341667,149.025,0.09,10
124,15,0,9,12.8187,7965.56
105,15,0,9,12.8043,7885.89
1967,15,0,9,12.7669,7688.83
107,15,0,9,12.7617,7659.21
1978,15,0,9,12.7526,7604.31
1979,15,0,9,12.7209,7395.13
329,15,0,9,12.7187,7377.68
2114,15,0,9,12.7142,7354.48
335,15,0,9,12.7037,7293.34
1819,15,0,9,12.6988,7264.4
344,15,0,9,12.6822,7167.15
1968,15,0,10,12.9509,8615.14,0,0,0
118,15,0,10,12.9114,8416.71
117,15,0,10,12.9043,8380.74
122,15,0,10,12.887,8293.82
1970,15,0,10,12.8738,8227.26
1970,16,0,0,10.3444,334.012,0.0656667,286.418,0.08,1
122,16,0,0,10.3318,270.034
117,16,0,0,10.3148,184.186
118,16,0,0,10.3064,143.105
1968,16,0,0,10.28,0
105,16,0,1,10.4375,784.321,0.115333,503.049,0.34,2
124,16,0,1,10.4255,713.002
1970,16,0,1,10.41,620.43
320,16,0,2,10.6077,1638.94,0.0988333,431.081,0.34,3
1978,16,0,2,10.5894,1519.06
107,16,0,2,10.581,1465.04
1967,16,0,2,10.578,1436.33
105,16,0,2,10.5529,1287.37
344,16,0,3,10.8063,2647.27,0.0413333,180.284,0.09,4
1819,16,0,3,10.7927,2553.56
335,16,0,3,10.7882,2525.38
2114,16,0,3,10.7733,2446.28
329,16,0,3,10.7707,2431.1
2116,16,0,3,10.7658,2405.17
327,16,0,3,10.7518,2328.82
324,16,0,3,10.7483,2309.88
319,16,0,3,10.7191,2155.72
320,16,0,3,10.7065,2070.02
819,16,0,4,10.9084,3186.28,0.0483333,210.815,0.55,5
811,16,0,4,10.8905,3075.25
805,16,0,4,10.8875,3057.29
358,16,0,4,10.8756,2992.16
349,16,0,4,10.8596,2907.87
344,16,0,4,10.8477,2827.56
849,16,0,5,11.0074,3695.06,0.0695,303.138,0.23,6
1774,16,0,5,11.0037,3674.56
837,16,0,5,10.9925,3605.86
2010,16,0,5,10.9848,3559.09
2009,16,0,5,10.9641,3444.81
819,16,0,5,10.9567,3397.1
850,16,0,6,11.0844,4047.68,0.0711667,310.408,0.1,7
849,16,0,6,11.0769,3998.2
869,16,0,7,11.1849,4536.14,0.0495,215.904,0.11,8
865,16,0,7,11.1683,4443.04
852,16,0,7,11.1615,4401.07
850,16,0,7,11.1556,4358.08
2176,16,0,8,11.2551,4894.17,0.0568333,247.89,0.16,9
2066,16,0,8,11.2449,4827.06
869,16,0,8,11.2344,4752.05
1306,16,0,9,11.3445,5329.5,0.0916667,399.822,0.11,10
1599,16,0,9,11.3286,5240.05
1300,16,0,9,11.3248,5214.33
1298,16,0,9,11.3186,5181.42
2176,16,0,9,11.312,5142.06
1968,16,0,10,11.8911,8190.2,0,0,0
1969,16,0,10,11.8788,8113.69
115,16,0,10,11.8762,8099.12
2113,16,0,10,11.8715,8073.3
2133,16,0,10,11.7495,7386.93
366,16,0,10,11.7452,7359.82
2134,16,0,10,11.7319,7288.14
2136,16,0,10,11.7191,7219.3
393,16,0,10,11.6874,7056.26
401,16,0,10,11.6696,6965.31
1739,16,0,10,11.6599,6912.31
1742,16,0,10,11.6529,6875.79
1741,16,0,10,11.6461,6839.66
418,16,0,10,11.6389,6801.19
417,16,0,10,11.6361,6785.37
1989,16,0,10,11.6191,6697.35
2011,16,0,10,11.5988,6593.51
2156,16,0,10,11.5922,6560.6
2013,16,0,10,11.5916,6557.45
886,16,0,10,11.5821,6509.27
888,16,0,10,11.5657,6417.8
903,16,0,10,11.5562,6366.29
904,16,0,10,11.5522,6345.26
925,16,0,10,11.531,6227.3
2019,16,0,10,11.5257,6200.44
929,16,0,10,11.5253,6198.46
938,16,0,10,11.5129,6131.14
950,16,0,10,11.4958,6045.2
951,16,0,10,11.4883,6007.44
949,16,0,10,11.4768,5948.69
2025,16,0,10,11.4733,5931.24
2024,16,0,10,11.4602,5858.83
1301,16,0,10,11.4494,5800.49
1306,16,0,10,11.4362,5729.32
320,17,0,0,11.5377,851.082,0.0905,394.734,0.38,1
1978,17,0,0,11.5191,730.88
107,17,0,0,11.5106,676.772
1967,17,0,0,11.5076,648.066
105,17,0,0,11.483,499.965
124,17,0,0,11.4697,425.166
1970,17,0,0,11.4539,332.084
122,17,0,0,11.441,266.81
117,17,0,0,11.4256,187.792
118,17,0,0,11.4178,149.07
1968,17,0,0,11.39,0
2176,17,0,1,11.9168,2838.28,0.0568333,247.89,0.16,2
2066,17,0,1,11.9064,2770.94
869,17,0,1,11.895,2695.31
1856,17,0,1,11.8672,2567.83
855,17,0,1,11.867,2567.12
854,17,0,1,11.8648,2553.53
841,17,0,1,11.8463,2454.48
829,17,0,1,11.8316,2372.13
831,17,0,1,11.8188,2306.55
2153,17,0,1,11.8188,2306.47
821,17,0,1,11.8049,2237.12
2008,17,0,1,11.7964,2194.33
812,17,0,1,11.7799,2103.01
807,17,0,1,11.7797,2102.22
356,17,0,1,11.7669,2031.8
1981,17,0,1,11.7547,1948.29
345,17,0,1,11.733,1838.22
341,17,0,1,11.7235,1787.97
2132,17,0,1,11.7233,1785.93
328,17,0,1,11.7094,1694.35
2115,17,0,1,11.698,1635.36
329,17,0,1,11.6941,1614.66
2116,17,0,1,11.689,1587.79
327,17,0,1,11.6745,1509.12
324,17,0,1,11.6702,1486.61
319,17,0,1,11.6408,1331.52
320,17,0,1,11.6282,1245.82
1306,17,0,2,12.0062,3273.6,0.0833333,363.475,0.03,3
1599,17,0,2,11.9903,3184.16
1300,17,0,2,11.9864,3158.44
1298,17,0,2,11.9803,3125.53
2176,17,0,2,11.9736,3086.17
869,17,0,3,12.1688,4063.86,0.0443333,193.369,0.11,4
2066,17,0,3,12.1415,3927.92
1297,17,0,3,12.111,3770.33
1299,17,0,3,12.105,3736.79
1600,17,0,3,12.1035,3723.34
1306,17,0,3,12.0895,3637.08
850,17,0,4,12.2412,4432.76,0.1105,481.968,0.03,5
852,17,0,4,12.2337,4388.12
865,17,0,4,12.227,4346.28
869,17,0,4,12.2132,4257.23
849,17,0,5,12.3574,4964.19,0.0775,338.032,0.22,6
850,17,0,5,12.3517,4914.73
819,17,0,6,12.482,5593.6,0.0838333,365.656,0.48,7
2009,17,0,6,12.4753,5546.4
2010,17,0,6,12.4596,5445.55
837,17,0,6,12.4524,5399.6
1774,17,0,6,12.438,5320.82
849,17,0,6,12.4349,5302.22
344,17,0,7,12.6275,6313.83,0.0863333,376.56,0.09,8
349,17,0,7,12.6134,6230.74
358,17,0,7,12.6009,6161.44
805,17,0,7,12.5894,6098.16
811,17,0,7,12.5876,6080.42
819,17,0,7,12.5658,5959.26
1968,17,0,8,12.9483,7989.35,0,0,0
118,17,0,8,12.9088,7790.92
117,17,0,8,12.9017,7754.95
122,17,0,8,12.8844,7668.03
1970,17,0,8,12.8712,7601.48
124,17,0,8,12.8503,7488.8
105,17,0,8,12.8358,7409.12
1967,17,0,8,12.7985,7212.06
107,17,0,8,12.7932,7182.44
1978,17,0,8,12.7842,7127.55
1979,17,0,8,12.7524,6918.36
329,17,0,8,12.7503,6900.92
2114,17,0,8,12.7457,6877.71
335,17,0,8,12.7353,6816.58
1819,17,0,8,12.7303,6787.64
344,17,0,8,12.7138,6690.39
1970,17,1,0,9.89717,345.923,0.051,222.447,0.09,1
122,17,1,0,9.8844,281.164
117,17,1,0,9.86485,184.747
118,17,1,0,9.85805,150.127
1968,17,1,0,9.83,0
105,17,1,1,9.97926,745.348,0.1085,473.244,0.3,2
124,17,1,1,9.96372,661.043
1970,17,1,1,9.94817,568.37
1968,17,1,2,10.1882,1748.24,0,0,0
118,17,1,2,10.1557,1579.16
117,17,1,2,10.1484,1542.51
122,17,1,2,10.1318,1458.15
1970,17,1,2,10.1198,1396.57
124,17,1,2,10.1005,1291.22
105,17,1,2,10.0878,1218.59
1970,18,0,0,11.2739,332.084,0.0768333,335.124,0.08,1
122,18,0,0,11.261,266.81
117,18,0,0,11.2456,187.792
118,18,0,0,11.2378,149.07
1968,18,0,0,11.21,0
320,18,0,1,11.4345,1186.21,0.0905,394.734,0.38,2
1978,18,0,1,11.4159,1066
107,18,0,1,11.4074,1011.9
1967,18,0,1,11.4044,983.19
105,18,0,1,11.3798,835.089
124,18,0,1,11.3665,760.29
1970,18,0,1,11.3507,667.208
344,18,0,2,11.6272,2168.1,0.0798333,348.209,0.09,3
1819,18,0,2,11.6138,2074.58
335,18,0,2,11.6088,2045.63
2114,18,0,2,11.5935,1964.84
329,18,0,2,11.591,1949.78
2116,18,0,2,11.5858,1922.91
327,18,0,2,11.5714,1844.24
324,18,0,2,11.567,1821.73
319,18,0,2,11.5376,1666.64
320,18,0,2,11.525,1580.94
869,18,0,3,11.8633,3420.28,0.0495,215.904,0.11,4
865,18,0,3,11.8468,3327.18
852,18,0,3,11.84,3285.21
850,18,0,3,11.834,3242.22
849,18,0,3,11.8265,3192.75
1774,18,0,3,11.8229,3172.75
837,18,0,3,11.8107,3102.3
2010,18,0,3,11.8021,3054.01
2009,18,0,3,11.78,2933.58
819,18,0,3,11.7729,2886.08
811,18,0,3,11.7517,2767.47
805,18,0,3,11.7482,2748.04
358,18,0,3,11.7376,2688.53
349,18,0,3,11.7201,2597.91
344,18,0,3,11.707,2516.31
2176,18,0,4,11.9336,3778.31,0.0568333,247.89,0.16,5
2066,18,0,4,11.9234,3711.2
869,18,0,4,11.9128,3636.19
1306,18,0,5,12.023,4213.64,0.0833333,363.475,0.03,6
1599,18,0,5,12.007,4124.19
1300,18,0,5,12.0032,4098.47
1298,18,0,5,11.997,4065.56
2176,18,0,5,11.9904,4026.2
850,18,0,6,12.2137,5179.42,0.1105,481.968,0.03,7
852,18,0,6,12.2062,5134.79
865,18,0,6,12.1995,5092.95
869,18,0,6,12.1856,5003.9
2066,18,0,6,12.1582,4867.95
1297,18,0,6,12.1278,4710.37
1299,18,0,6,12.1217,4676.82
1600,18,0,6,12.1203,4663.37
1306,18,0,6,12.1063,4577.11
849,18,0,7,12.3299,5710.85,0.0775,338.032,0.22,8
850,18,0,7,12.3242,5661.39
819,18,0,8,12.4544,6340.27,0.0838333,365.656,0.48,9
2009,18,0,8,12.4477,6293.06
2010,18,0,8,12.432,6192.22
837,18,0,8,12.4248,6146.26
1774,18,0,8,12.4105,6067.49
849,18,0,8,12.4074,6048.88
1968,18,0,9,12.8345,8359.72,0,0,0
118,18,0,9,12.7952,8162.44
117,18,0,9,12.7878,8125.05
122,18,0,9,12.7705,8038.13
1970,18,0,9,12.7573,7971.58
124,18,0,9,12.7364,7858.9
105,18,0,9,12.7219,7779.23
1967,18,0,9,12.6846,7582.17
107,18,0,9,12.6794,7552.55
1978,18,0,9,12.6703,7497.65
1979,18,0,9,12.6386,7288.47
329,18,0,9,12.6364,7271.02
2114,18,0,9,12.6319,7247.82
335,18,0,9,12.6214,7186.68
1819,18,0,9,12.6165,7157.74
344,18,0,9,12.5999,7060.49
349,18,0,9,12.5858,6977.41
358,18,0,9,12.5733,6908.11
805,18,0,9,12.5619,6844.82
811,18,0,9,12.56,6827.09
819,18,0,9,12.5383,6705.92
105,18,1,0,9.96826,522.901,0.1085,473.244,0.3,1
124,18,1,0,9.95272,438.596
1970,18,1,0,9.93717,345.923
122,18,1,0,9.9244,281.164
117,18,1,0,9.90485,184.747
118,18,1,0,9.89805,150.127
1968,18,1,0,9.87,0
1968,18,1,1,10.1772,1525.79,0,0,0
118,18,1,1,10.1447,1356.71
117,18,1,1,10.1374,1320.07
122,18,1,1,10.1208,1235.7
1970,18,1,1,10.1088,1174.12
124,18,1,1,10.0895,1068.77
105,18,1,1,10.0768,996.145
344,19,0,0,11.7436,1213.94,0.0798333,348.209,0.09,1
1819,19,0,0,11.7302,1120.41
335,19,0,0,11.7252,1091.46
2114,19,0,0,11.7099,1010.67
329,19,0,0,11.7074,995.611
1979,19,0,0,11.7015,965.863
1978,19,0,0,11.6591,730.88
107,19,0,0,11.6506,676.772
1967,19,0,0,11.6476,648.066
105,19,0,0,11.623,499.965
124,19,0,0,11.6097,425.166
1970,19,0,0,11.5939,332.084
122,19,0,0,11.581,266.81
117,19,0,0,11.5656,187.792
118,19,0,0,11.5578,149.07
1968,19,0,0,11.53,0
849,19,0,1,11.9429,2238.58,0.0695,303.138,0.23,2
1774,19,0,1,11.9393,2218.58
837,19,0,1,11.9271,2148.13
2010,19,0,1,11.9185,2099.84
2009,19,0,1,11.8964,1979.41
819,19,0,1,11.8893,1931.92
811,19,0,1,11.8681,1813.3
805,19,0,1,11.8646,1793.87
358,19,0,1,11.854,1734.36
349,19,0,1,11.8365,1643.75
344,19,0,1,11.8234,1562.15
2176,19,0,2,12.0677,2907.8,0.0963333,420.177,0.14,3
2066,19,0,2,12.0575,2840.64
869,19,0,2,12.0467,2765.49
865,19,0,2,12.0319,2675.28
852,19,0,2,12.0257,2634.02
850,19,0,2,12.0198,2591.04
849,19,0,2,12.0124,2541.72
1306,19,0,3,12.1978,3519.21,0.0833333,363.475,0.03,4
1599,19,0,3,12.1803,3422.76
1300,19,0,3,12.1759,3396.34
1298,19,0,3,12.1706,3367.16
2176,19,0,3,12.1641,3327.98
869,19,0,4,12.3605,4309.48,0.0443333,193.369,0.11,5
2066,19,0,4,12.3331,4173.53
1297,19,0,4,12.3026,4015.95
1299,19,0,4,12.2966,3982.4
1600,19,0,4,12.2952,3968.95
1306,19,0,4,12.2812,3882.69
850,19,0,5,12.4329,4678.37,0.1105,481.968,0.03,6
852,19,0,5,12.4254,4633.74
865,19,0,5,12.4187,4591.89
869,19,0,5,12.4048,4502.84
819,19,0,6,12.5961,5501.18,0.0838333,365.656,0.48,7
2009,19,0,6,12.5894,5453.98
2010,19,0,6,12.5737,5353.13
837,19,0,6,12.5665,5307.18
1774,19,0,6,12.5522,5228.4
849,19,0,6,12.5491,5209.8
850,19,0,6,12.5434,5160.34
1968,19,0,7,12.9762,7520.64,0,0,0
118,19,0,7,12.9369,7323.36
117,19,0,7,12.9295,7285.97
122,19,0,7,12.9122,7199.05
1970,19,0,7,12.899,7132.5
124,19,0,7,12.8781,7019.82
105,19,0,7,12.8636,6940.14
1967,19,0,7,12.8263,6743.08
107,19,0,7,12.8211,6713.46
1978,19,0,7,12.812,6658.57
1979,19,0,7,12.7803,6449.38
329,19,0,7,12.7781,6431.94
2114,19,0,7,12.7736,6408.73
335,19,0,7,12.7631,6347.6
1819,19,0,7,12.7581,6318.66
344,19,0,7,12.7416,6221.41
349,19,0,7,12.7275,6138.32
358,19,0,7,12.715,6069.02
805,19,0,7,12.7035,6005.74
811,19,0,7,12.7017,5988
819,19,0,7,12.68,5866.84
320,19,1,0,9.76409,875.602,0.084,366.383,0.32,1
1978,19,1,0,9.74514,755.022
107,19,1,0,9.73642,700.585
1967,19,1,0,9.73341,671.88
105,19,1,0,9.70826,522.901
124,19,1,0,9.69272,438.596
1970,19,1,0,9.67717,345.923
122,19,1,0,9.6644,281.164
117,19,1,0,9.64485,184.747
118,19,1,0,9.63805,150.127
1968,19,1,0,9.61,0
105,19,1,1,9.91898,1639.24,0.1085,473.244,0.3,2
1967,19,1,1,9.88377,1451.36
107,19,1,1,9.87828,1420.63
1978,19,1,1,9.86855,1364.65
320,19,1,1,9.84809,1241.98
1970,19,1,2,10.0595,2290.47,0.0656667,286.418,0.08,3
124,19,1,2,10.0403,2185.11
105,19,1,2,10.0275,2112.49
1968,19,1,3,10.1936,2928.55,0,0,0
118,19,1,3,10.1611,2759.47
117,19,1,3,10.1538,2722.83
122,19,1,3,10.1372,2638.47
1970,19,1,3,10.1251,2576.89
320,20,0,0,11.5577,851.082,0.0905,394.734,0.38,1
1978,20,0,0,11.5391,730.88
107,20,0,0,11.5306,676.772
1967,20,0,0,11.5276,648.066
105,20,0,0,11.503,499.965
124,20,0,0,11.4897,425.166
1970,20,0,0,11.4739,332.084
122,20,0,0,11.461,266.81
117,20,0,0,11.4456,187.792
118,20,0,0,11.4378,149.07
1968,20,0,0,11.41,0
344,20,0,1,11.7503,1832.98,0.0798333,348.209,0.09,2
1819,20,0,1,11.737,1739.46
335,20,0,1,11.732,1710.51
2114,20,0,1,11.7167,1629.71
329,20,0,1,11.7141,1614.66
2116,20,0,1,11.709,1587.79
327,20,0,1,11.6945,1509.12
324,20,0,1,11.6902,1486.61
319,20,0,1,11.6608,1331.52
320,20,0,1,11.6482,1245.82
2176,20,0,2,12.0072,3227.28,0.0963333,420.177,0.14,3
2066,20,0,2,11.997,3160.17
869,20,0,2,11.9865,3085.16
865,20,0,2,11.9699,2992.05
852,20,0,2,11.9631,2950.08
850,20,0,2,11.9572,2907.1
849,20,0,2,11.9497,2857.62
1774,20,0,2,11.9461,2837.62
837,20,0,2,11.9338,2767.18
2010,20,0,2,11.9253,2718.88
2009,20,0,2,11.9031,2598.46
819,20,0,2,11.896,2550.96
811,20,0,2,11.8748,2432.35
805,20,0,2,11.8713,2412.91
358,20,0,2,11.8607,2353.4
349,20,0,2,11.8433,2262.79
344,20,0,2,11.8302,2181.19
1306,20,0,3,12.1373,3838.7,0.0833333,363.475,0.03,4
1599,20,0,3,12.1198,3742.25
1300,20,0,3,12.1154,3715.82
1298,20,0,3,12.1101,3686.64
2176,20,0,3,12.1036,3647.46
869,20,0,4,12.3,4628.96,0.0443333,193.369,0.11,5
2066,20,0,4,12.2726,4493.01
1297,20,0,4,12.2422,4335.43
1299,20,0,4,12.2361,4301.88
1600,20,0,4,12.2347,4288.43
1306,20,0,4,12.2207,4202.17
850,20,0,5,12.3724,4997.85,0.1105,481.968,0.03,6
852,20,0,5,12.3649,4953.22
865,20,0,5,12.3582,4911.38
869,20,0,5,12.3443,4822.33
849,20,0,6,12.4886,5529.28,0.0775,338.032,0.22,7
850,20,0,6,12.4829,5479.82
819,20,0,7,12.6132,6158.7,0.0838333,365.656,0.48,8
2009,20,0,7,12.6065,6111.49
2010,20,0,7,12.5907,6010.65
837,20,0,7,12.5836,5964.69
1774,20,0,7,12.5692,5885.92
849,20,0,7,12.5661,5867.31
1968,20,0,8,12.9932,8178.15,0,0,0
118,20,0,8,12.9539,7980.87
117,20,0,8,12.9465,7943.48
122,20,0,8,12.9292,7856.56
1970,20,0,8,12.916,7790.01
124,20,0,8,12.8951,7677.33
105,20,0,8,12.8807,7597.66
1967,20,0,8,12.8433,7400.6
107,20,0,8,12.8381,7370.98
1978,20,0,8,12.829,7316.08
1979,20,0,8,12.7973,7106.9
329,20,0,8,12.7951,7089.45
2114,20,0,8,12.7906,7066.25
335,20,0,8,12.7801,7005.11
1819,20,0,8,12.7752,6976.17
344,20,0,8,12.7586,6878.92
349,20,0,8,12.7445,6795.84
358,20,0,8,12.732,6726.54
805,20,0,8,12.7206,6663.25
811,20,0,8,12.7188,6645.52
819,20,0,8,12.697,6524.35
105,20,1,0,9.91826,522.901,0.1085,473.244,0.3,1
124,20,1,0,9.90272,438.596
1970,20,1,0,9.88717,345.923
122,20,1,0,9.8744,281.164
117,20,1,0,9.85485,184.747
118,20,1,0,9.84805,150.127
1968,20,1,0,9.82,0
1970,20,1,1,10.0588,1174.12,0.0656667,286.418,0.08,2
124,20,1,1,10.0395,1068.77
105,20,1,1,10.0268,996.145
1968,20,1,2,10.1929,1812.21,0,0,0
118,20,1,2,10.1604,1643.13
117,20,1,2,10.1531,1606.49
122,20,1,2,10.1364,1522.12
1970,20,1,2,10.1244,1460.54
1970,21,0,0,10.4844,334.012,0.0656667,286.418,0.08,1
122,21,0,0,10.4718,270.034
117,21,0,0,10.4548,184.186
118,21,0,0,10.4464,143.105
1968,21,0,0,10.42,0
320,21,0,1,10.6324,1135.89,0.0988333,431.081,0.34,2
1978,21,0,1,10.6141,1016.01
107,21,0,1,10.6057,961.991
1967,21,0,1,10.6027,933.285
105,21,0,1,10.5775,784.321
124,21,0,1,10.5655,713.002
1970,21,0,1,10.55,620.43
344,21,0,2,10.831,2144.22,0.0413333,180.284,0.09,3
1819,21,0,2,10.8173,2050.51
335,21,0,2,10.8129,2022.34
2114,21,0,2,10.798,1943.23
329,21,0,2,10.7954,1928.05
2116,21,0,2,10.7904,1902.12
327,21,0,2,10.7765,1825.77
324,21,0,2,10.773,1806.83
319,21,0,2,10.7438,1652.67
320,21,0,2,10.7312,1566.97
819,21,0,3,10.9331,2683.23,0.0483333,210.815,0.55,4
811,21,0,3,10.9152,2572.2
805,21,0,3,10.9121,2554.24
358,21,0,3,10.9002,2489.11
349,21,0,3,10.8843,2404.82
344,21,0,3,10.8723,2324.51
849,21,0,4,11.0321,3192.01,0.0695,303.138,0.23,5
1774,21,0,4,11.0284,3171.51
837,21,0,4,11.0172,3102.81
2010,21,0,4,11.0094,3056.04
2009,21,0,4,10.9887,2941.76
819,21,0,4,10.9814,2894.05
850,21,0,5,11.1091,3544.63,0.0711667,310.408,0.1,6
849,21,0,5,11.1016,3495.15
2176,21,0,6,11.2303,4175.22,0.0568333,247.89,0.16,7
2066,21,0,6,11.2201,4108.11
869,21,0,6,11.2095,4033.09
865,21,0,6,11.193,3939.99
852,21,0,6,11.1862,3898.02
850,21,0,6,11.1802,3855.03
1306,21,0,7,11.3197,4610.54,0.0916667,399.822,0.11,8
1599,21,0,7,11.3038,4521.1
1300,21,0,7,11.3,4495.38
1298,21,0,7,11.2938,4462.47
2176,21,0,7,11.2871,4423.11
869,21,0,8,11.4815,5396.4,0.0495,215.904,0.11,9
2066,21,0,8,11.4604,5286.85
1297,21,0,8,11.4334,5144.09
1299,21,0,8,11.4275,5111.15
1600,21,0,8,11.4261,5097.7
1306,21,0,8,11.4114,5010.36
105,21,0,9,11.8017,7143.33,0.104333,455.071,0.4,10
1967,21,0,9,11.7658,6952.55
107,21,0,9,11.7605,6922.76
1978,21,0,9,11.7513,6867.64
1979,21,0,9,11.7168,6655.09
329,21,0,9,11.7146,6637.66
2114,21,0,9,11.7097,6613.11
335,21,0,9,11.6992,6551.83
1819,21,0,9,11.6947,6523.64
344,21,0,9,11.6792,6427.94
349,21,0,9,11.6674,6347.69
355,21,0,9,11.6504,6262.47
356,21,0,9,11.6336,6163.94
807,21,0,9,11.6185,6083.56
812,21,0,9,11.6184,6082.77
2008,21,0,9,11.6056,6000.86
821,21,0,9,11.6007,5973.35
2153,21,0,9,11.591,5921.69
831,21,0,9,11.591,5921.61
832,21,0,9,11.5822,5877.11
843,21,0,9,11.5708,5813.31
855,21,0,9,11.5433,5676.83
1856,21,0,9,11.5432,5676.12
869,21,0,9,11.531,5612.31
1968,21,0,10,12.0079,8133.73,0,0,0
118,21,0,10,11.9727,7953.64
117,21,0,10,11.9656,7917.41
122,21,0,10,11.9523,7847.4
1970,21,0,10,11.9385,7778.11
124,21,0,10,11.9193,7673.1
105,21,0,10,11.906,7598.4
869,22,0,0,12.0152,2008.63,0.0443333,193.369,0.11,1
1856,22,0,0,11.9869,1878.96
855,22,0,0,11.9867,1878.25
843,22,0,0,11.9729,1798.75
832,22,0,0,11.9621,1737.49
831,22,0,0,11.9542,1696.96
2153,22,0,0,11.9542,1696.88
821,22,0,0,11.9413,1632.02
2008,22,0,0,11.9328,1589.23
812,22,0,0,11.9156,1494.65
807,22,0,0,11.9155,1493.87
356,22,0,0,11.9002,1412.75
1981,22,0,0,11.8879,1329.24
345,22,0,0,11.8662,1219.17
341,22,0,0,11.8568,1168.93
2132,22,0,0,11.8565,1166.89
328,22,0,0,11.8427,1075.3
2115,22,0,0,11.8313,1016.31
329,22,0,0,11.8274,995.611
1979,22,0,0,11.8215,965.863
1978,22,0,0,11.7791,730.88
107,22,0,0,11.7706,676.772
1967,22,0,0,11.7676,648.066
105,22,0,0,11.743,499.965
124,22,0,0,11.7297,425.166
1970,22,0,0,11.7139,332.084
122,22,0,0,11.701,266.81
117,22,0,0,11.6856,187.792
118,22,0,0,11.6778,149.07
1968,22,0,0,11.65,0
2176,22,0,1,12.0806,2344.32,0.0963333,420.177,0.14,2
2066,22,0,1,12.0704,2277.15
869,22,0,1,12.0595,2202
1306,22,0,2,12.2107,2955.73,0.0833333,363.475,0.03,3
1599,22,0,2,12.1932,2859.28
1300,22,0,2,12.1888,2832.85
1298,22,0,2,12.1835,2803.67
2176,22,0,2,12.1769,2764.49
850,22,0,3,12.4014,3921.52,0.1105,481.968,0.03,4
852,22,0,3,12.3939,3876.88
865,22,0,3,12.3872,3835.04
869,22,0,3,12.3734,3745.99
2066,22,0,3,12.346,3610.04
1297,22,0,3,12.3155,3452.46
1299,22,0,3,12.3095,3418.91
1600,22,0,3,12.308,3405.46
1306,22,0,3,12.294,3319.2
819,22,0,4,12.5647,4744.33,0.0838333,365.656,0.48,5
2009,22,0,4,12.558,4697.12
2010,22,0,4,12.5423,4596.28
837,22,0,4,12.5351,4550.32
1774,22,0,4,12.5207,4471.55
849,22,0,4,12.5176,4452.94
850,22,0,4,12.5119,4403.48
1968,22,0,5,12.9447,6763.78,0,0,0
118,22,0,5,12.9055,6566.5
117,22,0,5,12.898,6529.11
122,22,0,5,12.8808,6442.19
1970,22,0,5,12.8676,6375.64
124,22,0,5,12.8466,6262.96
105,22,0,5,12.8322,6183.29
1967,22,0,5,12.7948,5986.23
107,22,0,5,12.7896,5956.61
1978,22,0,5,12.7806,5901.71
1979,22,0,5,12.7488,5692.53
329,22,0,5,12.7467,5675.08
2114,22,0,5,12.7421,5651.88
335,22,0,5,12.7317,5590.74
1819,22,0,5,12.7267,5561.8
344,22,0,5,12.7102,5464.55
349,22,0,5,12.6961,5381.47
358,22,0,5,12.6836,5312.17
805,22,0,5,12.6721,5248.88
811,22,0,5,12.6703,5231.15
819,22,0,5,12.6485,5109.98
1970,22,1,0,9.41717,345.923,0.051,222.447,0.09,1
122,22,1,0,9.4044,281.164
117,22,1,0,9.38485,184.747
118,22,1,0,9.37805,150.127
1968,22,1,0,9.35,0
105,22,1,1,9.49926,745.348,0.1085,473.244,0.3,2
124,22,1,1,9.48372,661.043
1970,22,1,1,9.46817,568.37
320,22,1,2,9.66359,1571.29,0.084,366.383,0.32,3
1978,22,1,2,9.64464,1450.71
107,22,1,2,9.63592,1396.28
1967,22,1,2,9.63291,1367.57
105,22,1,2,9.60776,1218.59
849,22,1,3,9.97583,3220.28,0.089,388.191,0.2,4
1774,22,1,3,9.97248,3201.27
837,22,1,3,9.96106,3132.2
2010,22,1,3,9.94816,3065.31
2009,22,1,3,9.9247,2939.13
819,22,1,3,9.91638,2890.05
811,22,1,3,9.89503,2770.73
805,22,1,3,9.89148,2751.11
358,22,1,3,9.87682,2674.19
349,22,1,3,9.86012,2586.75
344,22,1,3,9.84631,2504.12
1819,22,1,3,9.83115,2408.89
335,22,1,3,9.82624,2380.05
2114,22,1,3,9.81258,2306.39
329,22,1,3,9.80998,2291.22
2116,22,1,3,9.80524,2266.12
327,22,1,3,9.79195,2192.56
324,22,1,3,9.78778,2170.84
319,22,1,3,9.76018,2023.38
320,22,1,3,9.74759,1937.68
344,22,1,4,10.1719,4266.1,0.0413333,180.284,0.09,5
349,22,1,4,10.1613,4186.4
358,22,1,4,10.1447,4099.21
805,22,1,4,10.1339,4039.03
811,22,1,4,10.1321,4021.3
819,22,1,4,10.1089,3893.79
2009,22,1,4,10.103,3846.62
2010,22,1,4,10.0876,3746.1
837,22,1,4,10.0803,3699.98
1774,22,1,4,10.0691,3631.24
849,22,1,4,10.0648,3608.47
1968,22,1,5,10.4361,5696.32,0,0,0
118,22,1,5,10.4036,5527.24
117,22,1,5,10.3964,5490.59
122,22,1,5,10.3797,5406.23
1970,22,1,5,10.3677,5344.65
124,22,1,5,10.3485,5239.3
105,22,1,5,10.3357,5166.67
1967,22,1,5,10.2988,4971.4
107,22,1,5,10.2933,4940.74
1978,22,1,5,10.2842,4885.86
1979,22,1,5,10.2516,4675.68
329,22,1,5,10.2494,4658.22
2114,22,1,5,10.2442,4632.29
335,22,1,5,10.2338,4571.14
1819,22,1,5,10.2288,4542.16
344,22,1,5,10.2132,4446.38
320,23,0,0,11.4677,851.082,0.0905,394.734,0.38,1
1978,23,0,0,11.4491,730.88
107,23,0,0,11.4406,676.772
1967,23,0,0,11.4376,648.066
105,23,0,0,11.413,499.965
124,23,0,0,11.3997,425.166
1970,23,0,0,11.3839,332.084
122,23,0,0,11.371,266.81
117,23,0,0,11.3556,187.792
118,23,0,0,11.3478,149.07
1968,23,0,0,11.32,0
344,23,0,1,11.6603,1832.98,0.0798333,348.209,0.09,2
1819,23,0,1,11.647,1739.46
335,23,0,1,11.642,1710.51
2114,23,0,1,11.6267,1629.71
329,23,0,1,11.6241,1614.66
2116,23,0,1,11.619,1587.79
327,23,0,1,11.6045,1509.12
324,23,0,1,11.6002,1486.61
319,23,0,1,11.5708,1331.52
320,23,0,1,11.5582,1245.82
2176,23,0,2,11.9172,3227.28,0.0568333,247.89,0.16,3
2066,23,0,2,11.907,3160.17
869,23,0,2,11.8965,3085.16
865,23,0,2,11.8799,2992.05
852,23,0,2,11.8731,2950.08
850,23,0,2,11.8672,2907.1
849,23,0,2,11.8597,2857.62
1774,23,0,2,11.8561,2837.62
837,23,0,2,11.8438,2767.18
2010,23,0,2,11.8353,2718.88
2009,23,0,2,11.8131,2598.46
819,23,0,2,11.806,2550.96
811,23,0,2,11.7848,2432.35
805,23,0,2,11.7813,2412.91
358,23,0,2,11.7707,2353.4
349,23,0,2,11.7533,2262.79
344,23,0,2,11.7402,2181.19
1306,23,0,3,12.0066,3662.61,0.0833333,363.475,0.03,4
1599,23,0,3,11.9907,3573.16
1300,23,0,3,11.9869,3547.45
1298,23,0,3,11.9807,3514.54
2176,23,0,3,11.9741,3475.17
869,23,0,4,12.1693,4452.87,0.0443333,193.369,0.11,5
2066,23,0,4,12.1419,4316.92
1297,23,0,4,12.1114,4159.34
1299,23,0,4,12.1054,4125.79
1600,23,0,4,12.104,4112.35
1306,23,0,4,12.09,4026.08
850,23,0,5,12.2417,4821.76,0.1105,481.968,0.03,6
852,23,0,5,12.2342,4777.13
865,23,0,5,12.2275,4735.29
869,23,0,5,12.2136,4646.24
849,23,0,6,12.3579,5353.19,0.0775,338.032,0.22,7
850,23,0,6,12.3522,5303.73
819,23,0,7,12.4824,5982.61,0.0838333,365.656,0.48,8
2009,23,0,7,12.4757,5935.4
2010,23,0,7,12.46,5834.56
837,23,0,7,12.4528,5788.6
1774,23,0,7,12.4385,5709.83
849,23,0,7,12.4354,5691.23
1970,23,0,8,12.7853,7613.92,0.0341667,149.025,0.09,9
124,23,0,8,12.7644,7501.24
105,23,0,8,12.7499,7421.57
1967,23,0,8,12.7126,7224.51
107,23,0,8,12.7074,7194.89
1978,23,0,8,12.6983,7139.99
1979,23,0,8,12.6666,6930.81
329,23,0,8,12.6644,6913.36
2114,23,0,8,12.6599,6890.16
335,23,0,8,12.6494,6829.02
1819,23,0,8,12.6445,6800.08
344,23,0,8,12.6279,6702.83
349,23,0,8,12.6138,6619.75
358,23,0,8,12.6013,6550.45
805,23,0,8,12.5899,6487.16
811,23,0,8,12.588,6469.43
819,23,0,8,12.5663,6348.26
1968,23,0,9,12.8966,8150.82,0,0,0
118,23,0,9,12.8571,7952.39
117,23,0,9,12.8499,7916.42
122,23,0,9,12.8327,7829.5
1970,23,0,9,12.8195,7762.95
105,23,1,0,9.95826,522.901,0.1085,473.244,0.3,1
124,23,1,0,9.94272,438.596
1970,23,1,0,9.92717,345.923
122,23,1,0,9.9144,281.164
117,23,1,0,9.89485,184.747
118,23,1,0,9.88805,150.127
1968,23,1,0,9.86,0
1968,23,1,1,10.1672,1525.79,0,0,0
118,23,1,1,10.1347,1356.71
117,23,1,1,10.1274,1320.07
122,23,1,1,10.1108,1235.7
1970,23,1,1,10.0988,1174.12
124,23,1,1,10.0795,1068.77
105,23,1,1,10.0668,996.145
320,24,0,0,11.4877,851.082,0.0905,394.734,0.38,1
1978,24,0,0,11.4691,730.88
107,24,0,0,11.4606,676.772
1967,24,0,0,11.4576,648.066
105,24,0,0,11.433,499.965
124,24,0,0,11.4197,425.166
1970,24,0,0,11.4039,332.084
122,24,0,0,11.391,266.81
117,24,0,0,11.3756,187.792
118,24,0,0,11.3678,149.07
1968,24,0,0,11.34,0
344,24,0,1,11.6803,1832.98,0.0798333,348.209,0.09,2
1819,24,0,1,11.667,1739.46
335,24,0,1,11.662,1710.51
2114,24,0,1,11.6467,1629.71
329,24,0,1,11.6441,1614.66
2116,24,0,1,11.639,1587.79
327,24,0,1,11.6245,1509.12
324,24,0,1,11.6202,1486.61
319,24,0,1,11.5908,1331.52
320,24,0,1,11.5782,1245.82
2176,24,0,2,11.9372,3227.28,0.0568333,247.89,0.16,3
2066,24,0,2,11.927,3160.17
869,24,0,2,11.9165,3085.16
865,24,0,2,11.9,2992.05
852,24,0,2,11.8931,2950.08
850,24,0,2,11.8872,2907.1
849,24,0,2,11.8797,2857.62
1774,24,0,2,11.8761,2837.62
837,24,0,2,11.8638,2767.18
2010,24,0,2,11.8553,2718.88
2009,24,0,2,11.8331,2598.46
819,24,0,2,11.826,2550.96
811,24,0,2,11.8048,2432.35
805,24,0,2,11.8013,2412.91
358,24,0,2,11.7907,2353.4
349,24,0,2,11.7733,2262.79
344,24,0,2,11.7602,2181.19
1306,24,0,3,12.0266,3662.61,0.0833333,363.475,0.03,4
1599,24,0,3,12.0107,3573.16
1300,24,0,3,12.0069,3547.45
1298,24,0,3,12.0007,3514.54
2176,24,0,3,11.9941,3475.17
869,24,0,4,12.1893,4452.87,0.0443333,193.369,0.11,5
2066,24,0,4,12.1619,4316.92
1297,24,0,4,12.1314,4159.34
1299,24,0,4,12.1254,4125.79
1600,24,0,4,12.124,4112.35
1306,24,0,4,12.11,4026.08
850,24,0,5,12.2617,4821.76,0.1105,481.968,0.03,6
852,24,0,5,12.2542,4777.13
865,24,0,5,12.2475,4735.29
869,24,0,5,12.2336,4646.24
849,24,0,6,12.3779,5353.19,0.0775,338.032,0.22,7
850,24,0,6,12.3722,5303.73
819,24,0,7,12.5024,5982.61,0.0838333,365.656,0.48,8
2009,24,0,7,12.4957,5935.4
2010,24,0,7,12.48,5834.56
837,24,0,7,12.4728,5788.6
1774,24,0,7,12.4585,5709.83
849,24,0,7,12.4554,5691.23
105,24,0,8,12.7699,7421.57,0.0435,189.734,0.48,9
1967,24,0,8,12.7326,7224.51
107,24,0,8,12.7274,7194.89
1978,24,0,8,12.7183,7139.99
1979,24,0,8,12.6866,6930.81
329,24,0,8,12.6844,6913.36
2114,24,0,8,12.6799,6890.16
335,24,0,8,12.6694,6829.02
1819,24,0,8,12.6645,6800.08
344,24,0,8,12.6479,6702.83
349,24,0,8,12.6338,6619.75
358,24,0,8,12.6213,6550.45
805,24,0,8,12.6099,6487.16
811,24,0,8,12.608,6469.43
819,24,0,8,12.5863,6348.26
1970,24,0,9,12.8488,7803.66,0.0341667,149.025,0.09,10
124,24,0,9,12.8279,7690.98
105,24,0,9,12.8134,7611.3
1968,24,0,10,12.9601,8340.55,0,0,0
118,24,0,10,12.9206,8142.13
117,24,0,10,12.9134,8106.15
122,24,0,10,12.8962,8019.23
1970,24,0,10,12.883,7952.68
320,25,0,0,11.5577,851.082,0.0905,394.734,0.38,1
1978,25,0,0,11.5391,730.88
107,25,0,0,11.5306,676.772
1967,25,0,0,11.5276,648.066
105,25,0,0,11.503,499.965
124,25,0,0,11.4897,425.166
1970,25,0,0,11.4739,332.084
122,25,0,0,11.461,266.81
117,25,0,0,11.4456,187.792
118,25,0,0,11.4378,149.07
1968,25,0,0,11.41,0
344,25,0,1,11.7503,1832.98,0.0798333,348.209,0.09,2
1819,25,0,1,11.737,1739.46
335,25,0,1,11.732,1710.51
2114,25,0,1,11.7167,1629.71
329,25,0,1,11.7141,1614.66
2116,25,0,1,11.709,1587.79
327,25,0,1,11.6945,1509.12
324,25,0,1,11.6902,1486.61
319,25,0,1,11.6608,1331.52
320,25,0,1,11.6482,1245.82
2176,25,0,2,12.0072,3227.28,0.0963333,420.177,0.14,3
2066,25,0,2,11.997,3160.17
869,25,0,2,11.9865,3085.16
865,25,0,2,11.9699,2992.05
852,25,0,2,11.9631,2950.08
850,25,0,2,11.9572,2907.1
849,25,0,2,11.9497,2857.62
1774,25,0,2,11.9461,2837.62
837,25,0,2,11.9338,2767.18
2010,25,0,2,11.9253,2718.88
2009,25,0,2,11.9031,2598.46
819,25,0,2,11.896,2550.96
811,25,0,2,11.8748,2432.35
805,25,0,2,11.8713,2412.91
358,25,0,2,11.8607,2353.4
349,25,0,2,11.8433,2262.79
344,25,0,2,11.8302,2181.19
1306,25,0,3,12.1373,3838.7,0.0833333,363.475,0.03,4
1599,25,0,3,12.1198,3742.25
1300,25,0,3,12.1154,3715.82
1298,25,0,3,12.1101,3686.64
2176,25,0,3,12.1036,3647.46
869,25,0,4,12.3,4628.96,0.0443333,193.369,0.11,5
2066,25,0,4,12.2726,4493.01
1297,25,0,4,12.2422,4335.43
1299,25,0,4,12.2361,4301.88
1600,25,0,4,12.2347,4288.43
1306,25,0,4,12.2207,4202.17
850,25,0,5,12.3724,4997.85,0.1105,481.968,0.03,6
852,25,0,5,12.3649,4953.22
865,25,0,5,12.3582,4911.38
869,25,0,5,12.3443,4822.33
849,25,0,6,12.4886,5529.28,0.0775,338.032,0.22,7
850,25,0,6,12.4829,5479.82
819,25,0,7,12.6132,6158.7,0.0838333,365.656,0.48,8
2009,25,0,7,12.6065,6111.49
2010,25,0,7,12.5907,6010.65
837,25,0,7,12.5836,5964.69
1774,25,0,7,12.5692,5885.92
849,25,0,7,12.5661,5867.31
1968,25,0,8,12.9932,8178.15,0,0,0
118,25,0,8,12.9539,7980.87
117,25,0,8,12.9465,7943.48
122,25,0,8,12.9292,7856.56
1970,25,0,8,12.916,7790.01
124,25,0,8,12.8951,7677.33
105,25,0,8,12.8807,7597.66
1967,25,0,8,12.8433,7400.6
107,25,0,8,12.8381,7370.98
1978,25,0,8,12.829,7316.08
1979,25,0,8,12.7973,7106.9
329,25,0,8,12.7951,7089.45
2114,25,0,8,12.7906,7066.25
335,25,0,8,12.7801,7005.11
1819,25,0,8,12.7752,6976.17
344,25,0,8,12.7586,6878.92
349,25,0,8,12.7445,6795.84
358,25,0,8,12.732,6726.54
805,25,0,8,12.7206,6663.25
811,25,0,8,12.7188,6645.52
819,25,0,8,12.697,6524.35
1970,25,1,0,9.88717,345.923,0.051,222.447,0.09,1
122,25,1,0,9.8744,281.164
117,25,1,0,9.85485,184.747
118,25,1,0,9.84805,150.127
1968,25,1,0,9.82,0
105,25,1,1,9.96926,745.348,0.1085,473.244,0.3,2
124,25,1,1,9.95372,661.043
1970,25,1,1,9.93817,568.37
1968,25,1,2,10.1782,1748.24,0,0,0
118,25,1,2,10.1457,1579.16
117,25,1,2,10.1384,1542.51
122,25,1,2,10.1218,1458.15
1970,25,1,2,10.1098,1396.57
124,25,1,2,10.0905,1291.22
105,25,1,2,10.0778,1218.59
105,26,0,0,11.353,499.965,0.104333,455.071,0.4,1
124,26,0,0,11.3397,425.166
1970,26,0,0,11.3239,332.084
122,26,0,0,11.311,266.81
117,26,0,0,11.2956,187.792
118,26,0,0,11.2878,149.07
1968,26,0,0,11.26,0
320,26,0,1,11.512,1306.15,0.0905,394.734,0.38,2
1978,26,0,1,11.4934,1185.95
107,26,0,1,11.4849,1131.84
1967,26,0,1,11.4819,1103.14
105,26,0,1,11.4573,955.035
344,26,0,2,11.7047,2288.05,0.0798333,348.209,0.09,3
1819,26,0,2,11.6913,2194.53
335,26,0,2,11.6863,2165.58
2114,26,0,2,11.671,2084.78
329,26,0,2,11.6685,2069.73
2116,26,0,2,11.6633,2042.86
327,26,0,2,11.6489,1964.19
324,26,0,2,11.6445,1941.68
319,26,0,2,11.6151,1786.59
320,26,0,2,11.6025,1700.89
849,26,0,3,11.904,3312.69,0.0695,303.138,0.23,4
1774,26,0,3,11.9004,3292.69
837,26,0,3,11.8882,3222.25
2010,26,0,3,11.8796,3173.95
2009,26,0,3,11.8575,3053.53
819,26,0,3,11.8504,3006.03
811,26,0,3,11.8292,2887.42
805,26,0,3,11.8257,2867.98
358,26,0,3,11.8151,2808.47
349,26,0,3,11.7976,2717.86
344,26,0,3,11.7845,2636.26
869,26,0,4,12.0103,3843.37,0.0443333,193.369,0.11,5
865,26,0,4,11.9938,3750.26
852,26,0,4,11.987,3708.29
850,26,0,4,11.981,3665.31
849,26,0,4,11.9735,3615.83
2176,26,0,5,12.0757,4179.05,0.0963333,420.177,0.14,6
2066,26,0,5,12.0655,4111.89
869,26,0,5,12.0546,4036.74
1306,26,0,6,12.2058,4790.46,0.0833333,363.475,0.03,7
1599,26,0,6,12.1883,4694.01
1300,26,0,6,12.1839,4667.59
1298,26,0,6,12.1785,4638.41
2176,26,0,6,12.172,4599.23
850,26,0,7,12.3965,5756.25,0.1105,481.968,0.03,8
852,26,0,7,12.389,5711.61
865,26,0,7,12.3823,5669.77
869,26,0,7,12.3685,5580.72
2066,26,0,7,12.3411,5444.78
1297,26,0,7,12.3106,5287.19
1299,26,0,7,12.3046,5253.65
1600,26,0,7,12.3031,5240.2
1306,26,0,7,12.2891,5153.94
819,26,0,8,12.5598,6579.06,0.0838333,365.656,0.48,9
2009,26,0,8,12.5531,6531.86
2010,26,0,8,12.5374,6431.01
837,26,0,8,12.5302,6385.06
1774,26,0,8,12.5158,6306.28
849,26,0,8,12.5127,6287.68
850,26,0,8,12.507,6238.22
1970,26,0,9,12.8627,8210.37,0.0341667,149.025,0.09,10
124,26,0,9,12.8417,8097.7
105,26,0,9,12.8273,8018.02
1967,26,0,9,12.7899,7820.96
107,26,0,9,12.7847,7791.34
1978,26,0,9,12.7757,7736.45
1979,26,0,9,12.7439,7527.26
329,26,0,9,12.7418,7509.81
2114,26,0,9,12.7372,7486.61
335,26,0,9,12.7268,7425.48
1819,26,0,9,12.7218,7396.54
344,26,0,9,12.7053,7299.29
349,26,0,9,12.6912,7216.2
358,26,0,9,12.6787,7146.9
805,26,0,9,12.6672,7083.62
811,26,0,9,12.6654,7065.88
819,26,0,9,12.6436,6944.72
1968,26,0,10,12.9739,8747.27,0,0,0
118,26,0,10,12.9344,8548.85
117,26,0,10,12.9273,8512.87
122,26,0,10,12.91,8425.95
1970,26,0,10,12.8968,8359.4
105,27,0,0,11.313,499.965,0.104333,455.071,0.4,1
124,27,0,0,11.2997,425.166
1970,27,0,0,11.2839,332.084
122,27,0,0,11.271,266.81
117,27,0,0,11.2556,187.792
118,27,0,0,11.2478,149.07
1968,27,0,0,11.22,0
320,27,0,1,11.472,1306.15,0.0905,394.734,0.38,2
1978,27,0,1,11.4534,1185.95
107,27,0,1,11.4449,1131.84
1967,27,0,1,11.4419,1103.14
105,27,0,1,11.4173,955.035
344,27,0,2,11.6647,2288.05,0.0798333,348.209,0.09,3
1819,27,0,2,11.6513,2194.53
335,27,0,2,11.6463,2165.58
2114,27,0,2,11.631,2084.78
329,27,0,2,11.6285,2069.73
2116,27,0,2,11.6233,2042.86
327,27,0,2,11.6089,1964.19
324,27,0,2,11.6045,1941.68
319,27,0,2,11.5751,1786.59
320,27,0,2,11.5625,1700.89
2176,27,0,3,11.9216,3682.36,0.0568333,247.89,0.16,4
2066,27,0,3,11.9114,3615.25
869,27,0,3,11.9008,3540.23
865,27,0,3,11.8843,3447.12
852,27,0,3,11.8775,3405.15
850,27,0,3,11.8715,3362.17
849,27,0,3,11.864,3312.69
1774,27,0,3,11.8604,3292.69
837,27,0,3,11.8482,3222.25
2010,27,0,3,11.8396,3173.95
2009,27,0,3,11.8175,3053.53
819,27,0,3,11.8104,3006.03
811,27,0,3,11.7892,2887.42
805,27,0,3,11.7857,2867.98
358,27,0,3,11.7751,2808.47
349,27,0,3,11.7576,2717.86
344,27,0,3,11.7445,2636.26
1306,27,0,4,12.011,4117.68,0.0833333,363.475,0.03,5
1599,27,0,4,11.995,4028.23
1300,27,0,4,11.9912,4002.52
1298,27,0,4,11.985,3969.61
2176,27,0,4,11.9784,3930.25
869,27,0,5,12.1736,4907.94,0.0443333,193.369,0.11,6
2066,27,0,5,12.1462,4771.99
1297,27,0,5,12.1158,4614.41
1299,27,0,5,12.1097,4580.86
1600,27,0,5,12.1083,4567.42
1306,27,0,5,12.0943,4481.15
850,27,0,6,12.246,5276.84,0.1105,481.968,0.03,7
852,27,0,6,12.2385,5232.2
865,27,0,6,12.2318,5190.36
869,27,0,6,12.2179,5101.31
849,27,0,7,12.3622,5808.26,0.0775,338.032,0.22,8
850,27,0,7,12.3565,5758.8
819,27,0,8,12.4868,6437.68,0.0838333,365.656,0.48,9
2009,27,0,8,12.4801,6390.47
2010,27,0,8,12.4644,6289.63
837,27,0,8,12.4572,6243.67
1774,27,0,8,12.4428,6164.9
849,27,0,8,12.4397,6146.3
1970,27,0,9,12.7896,8068.99,0.0341667,149.025,0.09,10
124,27,0,9,12.7687,7956.32
105,27,0,9,12.7543,7876.64
1967,27,0,9,12.7169,7679.58
107,27,0,9,12.7117,7649.96
1978,27,0,9,12.7027,7595.07
1979,27,0,9,12.6709,7385.88
329,27,0,9,12.6687,7368.43
2114,27,0,9,12.6642,7345.23
335,27,0,9,12.6538,7284.09
1819,27,0,9,12.6488,7255.16
344,27,0,9,12.6322,7157.9
349,27,0,9,12.6181,7074.82
358,27,0,9,12.6057,7005.52
805,27,0,9,12.5942,6942.24
811,27,0,9,12.5924,6924.5
819,27,0,9,12.5706,6803.34
1968,27,0,10,12.9009,8605.89,0,0,0
118,27,0,10,12.8614,8407.46
117,27,0,10,12.8543,8371.49
122,27,0,10,12.837,8284.57
1970,27,0,10,12.8238,8218.02
320,28,0,0,11.3977,851.082,0.0905,394.734,0.38,1
1978,28,0,0,11.3791,730.88
107,28,0,0,11.3706,676.772
1967,28,0,0,11.3676,648.066
105,28,0,0,11.343,499.965
124,28,0,0,11.3297,425.166
1970,28,0,0,11.3139,332.084
122,28,0,0,11.301,266.81
117,28,0,0,11.2856,187.792
118,28,0,0,11.2778,149.07
1968,28,0,0,11.25,0
344,28,0,1,11.5903,1832.98,0.0798333,348.209,0.09,2
1819,28,0,1,11.577,1739.46
335,28,0,1,11.572,1710.51
2114,28,0,1,11.5567,1629.71
329,28,0,1,11.5541,1614.66
2116,28,0,1,11.549,1587.79
327,28,0,1,11.5345,1509.12
324,28,0,1,11.5302,1486.61
319,28,0,1,11.5008,1331.52
320,28,0,1,11.4882,1245.82
850,28,0,2,11.7972,2907.1,0.0711667,310.408,0.1,3
849,28,0,2,11.7897,2857.62
1774,28,0,2,11.7861,2837.62
837,28,0,2,11.7738,2767.18
2010,28,0,2,11.7653,2718.88
2009,28,0,2,11.7431,2598.46
819,28,0,2,11.736,2550.96
811,28,0,2,11.7148,2432.35
805,28,0,2,11.7113,2412.91
358,28,0,2,11.7007,2353.4
349,28,0,2,11.6833,2262.79
344,28,0,2,11.6702,2181.19
2176,28,0,3,11.9184,3537.69,0.0568333,247.89,0.16,4
2066,28,0,3,11.9082,3470.58
869,28,0,3,11.8976,3395.57
865,28,0,3,11.8811,3302.46
852,28,0,3,11.8743,3260.49
850,28,0,3,11.8683,3217.51
1306,28,0,4,12.0078,3973.02,0.0833333,363.475,0.03,5
1599,28,0,4,11.9919,3883.57
1300,28,0,4,11.9881,3857.85
1298,28,0,4,11.9819,3824.94
2176,28,0,4,11.9752,3785.58
869,28,0,5,12.1704,4763.28,0.0443333,193.369,0.11,6
2066,28,0,5,12.1431,4627.33
1297,28,0,5,12.1126,4469.75
1299,28,0,5,12.1066,4436.2
1600,28,0,5,12.1051,4422.75
1306,28,0,5,12.0911,4336.49
849,28,0,6,12.2485,5181.63,0.0775,338.032,0.22,7
850,28,0,6,12.2429,5132.17
852,28,0,6,12.2353,5087.54
865,28,0,6,12.2286,5045.69
869,28,0,6,12.2148,4956.65
819,28,0,7,12.3731,5811.05,0.0838333,365.656,0.48,8
2009,28,0,7,12.3664,5763.84
2010,28,0,7,12.3507,5663
837,28,0,7,12.3435,5617.04
1774,28,0,7,12.3292,5538.27
849,28,0,7,12.326,5519.66
105,28,0,8,12.6406,7250.01,0.0435,189.734,0.48,9
1967,28,0,8,12.6033,7052.95
107,28,0,8,12.598,7023.33
1978,28,0,8,12.589,6968.43
1979,28,0,8,12.5572,6759.25
329,28,0,8,12.5551,6741.8
2114,28,0,8,12.5505,6718.6
335,28,0,8,12.5401,6657.46
1819,28,0,8,12.5351,6628.52
344,28,0,8,12.5186,6531.27
349,28,0,8,12.5045,6448.19
358,28,0,8,12.492,6378.89
805,28,0,8,12.4805,6315.6
811,28,0,8,12.4787,6297.87
819,28,0,8,12.4569,6176.7
1970,28,0,9,12.7195,7632.09,0.0341667,149.025,0.09,10
124,28,0,9,12.6986,7519.42
105,28,0,9,12.6841,7439.74
1968,28,0,10,12.8307,8168.99,0,0,0
118,28,0,10,12.7912,7970.57
117,28,0,10,12.7841,7934.59
122,28,0,10,12.7668,7847.67
1970,28,0,10,12.7536,7781.12
