Nodo,Individuo,Ruta,Segmento,Tiempo viaje,Costo viaje,Tiempo atencion,Costo atencion,Tasa fallo,Demanda
105,0,0,0,9.48826,522.901,0.1085,473.244,0.3,1
124,0,0,0,9.47272,438.596
1970,0,0,0,9.45717,345.923
122,0,0,0,9.4444,281.164
117,0,0,0,9.42485,184.747
118,0,0,0,9.41805,150.127
1968,0,0,0,9.39,0
320,0,0,1,9.65259,1348.85,0.084,366.383,0.32,2
1978,0,0,1,9.63364,1228.27
107,0,0,1,9.62492,1173.83
1967,0,0,1,9.62191,1145.12
105,0,0,1,9.59676,996.145
849,0,0,2,9.96483,2997.83,0.089,388.191,0.2,3
1774,0,0,2,9.96148,2978.83
837,0,0,2,9.95006,2909.76
2010,0,0,2,9.93717,2842.87
2009,0,0,2,9.9137,2716.69
819,0,0,2,9.90538,2667.61
811,0,0,2,9.88403,2548.28
805,0,0,2,9.88048,2528.67
358,0,0,2,9.86582,2451.74
349,0,0,2,9.84912,2364.31
344,0,0,2,9.83531,2281.68
1819,0,0,2,9.82015,2186.44
335,0,0,2,9.81524,2157.6
2114,0,0,2,9.80158,2083.94
329,0,0,2,9.79898,2068.77
2116,0,0,2,9.79424,2043.68
327,0,0,2,9.78095,1970.11
324,0,0,2,9.77678,1948.4
319,0,0,2,9.74918,1800.93
320,0,0,2,9.73659,1715.23
344,0,0,3,10.1609,4043.65,0.0413333,180.284,0.09,4
349,0,0,3,10.1503,3963.95
358,0,0,3,10.1337,3876.76
805,0,0,3,10.1229,3816.59
811,0,0,3,10.1211,3798.85
819,0,0,3,10.0979,3671.35
2009,0,0,3,10.092,3624.17
2010,0,0,3,10.0766,3523.65
837,0,0,3,10.0693,3477.53
1774,0,0,3,10.0581,3408.79
849,0,0,3,10.0538,3386.02
1968,0,0,4,10.4251,5473.87,0,0,0
118,0,0,4,10.3926,5304.79
117,0,0,4,10.3854,5268.15
122,0,0,4,10.3687,5183.78
1970,0,0,4,10.3567,5122.2
124,0,0,4,10.3375,5016.85
105,0,0,4,10.3247,4944.23
1967,0,0,4,10.2878,4748.95
107,0,0,4,10.2823,4718.29
1978,0,0,4,10.2732,4663.41
1979,0,0,4,10.2406,4453.23
329,0,0,4,10.2384,4435.77
2114,0,0,4,10.2332,4409.85
335,0,0,4,10.2228,4348.7
1819,0,0,4,10.2178,4319.71
344,0,0,4,10.2022,4223.94
1970,0,1,0,11.6539,332.084,0.0768333,335.124,0.08,1
122,0,1,0,11.641,266.81
117,0,1,0,11.6256,187.792
118,0,1,0,11.6178,149.07
1968,0,1,0,11.59,0
869,0,1,1,12.0292,2331.48,0.0443333,193.369,0.11,2
1856,0,1,1,12.0009,2201.81
855,0,1,1,12.0007,2201.09
843,0,1,1,11.9869,2121.59
832,0,1,1,11.9761,2060.35
831,0,1,1,11.9689,2022.63
2153,0,1,1,11.9689,2022.55
821,0,1,1,11.9549,1953.2
2008,0,1,1,11.9464,1910.41
812,0,1,1,11.93,1819.09
807,0,1,1,11.9298,1818.3
356,0,1,1,11.917,1747.88
1981,0,1,1,11.9047,1664.37
345,0,1,1,11.883,1554.3
341,0,1,1,11.8736,1504.05
2132,0,1,1,11.8734,1502.01
328,0,1,1,11.8595,1410.43
2115,0,1,1,11.8481,1351.44
329,0,1,1,11.8442,1330.74
1979,0,1,1,11.8383,1300.99
1978,0,1,1,11.7959,1066
107,0,1,1,11.7874,1011.9
1967,0,1,1,11.7844,983.19
105,0,1,1,11.7598,835.089
124,0,1,1,11.7465,760.29
1970,0,1,1,11.7307,667.208
2176,0,1,2,12.0946,2667.16,0.0963333,420.177,0.14,3
2066,0,1,2,12.0844,2600
869,0,1,2,12.0735,2524.85
1306,0,1,3,12.2247,3278.57,0.0833333,363.475,0.03,4
1599,0,1,3,12.2072,3182.12
1300,0,1,3,12.2028,3155.7
1298,0,1,3,12.1975,3126.52
2176,0,1,3,12.1909,3087.34
850,0,1,4,12.4154,4244.36,0.1105,481.968,0.03,5
852,0,1,4,12.4079,4199.72
865,0,1,4,12.4012,4157.88
869,0,1,4,12.3874,4068.83
2066,0,1,4,12.36,3932.88
1297,0,1,4,12.3295,3775.3
1299,0,1,4,12.3235,3741.76
1600,0,1,4,12.322,3728.31
1306,0,1,4,12.308,3642.05
819,0,1,5,12.5787,5067.17,0.0838333,365.656,0.48,6
2009,0,1,5,12.572,5019.97
2010,0,1,5,12.5563,4919.12
837,0,1,5,12.5491,4873.17
1774,0,1,5,12.5347,4794.39
849,0,1,5,12.5316,4775.79
850,0,1,5,12.5259,4726.33
1968,0,1,6,12.9587,7086.63,0,0,0
118,0,1,6,12.9195,6889.35
117,0,1,6,12.912,6851.96
122,0,1,6,12.8948,6765.04
1970,0,1,6,12.8816,6698.48
124,0,1,6,12.8607,6585.81
105,0,1,6,12.8462,6506.13
1967,0,1,6,12.8088,6309.07
107,0,1,6,12.8036,6279.45
1978,0,1,6,12.7946,6224.56
1979,0,1,6,12.7628,6015.37
329,0,1,6,12.7607,5997.92
2114,0,1,6,12.7561,5974.72
335,0,1,6,12.7457,5913.58
1819,0,1,6,12.7407,5884.65
344,0,1,6,12.7242,5787.39
349,0,1,6,12.7101,5704.31
358,0,1,6,12.6976,5635.01
805,0,1,6,12.6861,5571.73
811,0,1,6,12.6843,5553.99
819,0,1,6,12.6625,5432.83
105,1,0,0,9.43826,522.901,0.1085,473.244,0.3,1
124,1,0,0,9.42272,438.596
1970,1,0,0,9.40717,345.923
122,1,0,0,9.3944,281.164
117,1,0,0,9.37485,184.747
118,1,0,0,9.36805,150.127
1968,1,0,0,9.34,0
320,1,0,1,9.60259,1348.85,0.084,366.383,0.32,2
1978,1,0,1,9.58364,1228.27
107,1,0,1,9.57492,1173.83
1967,1,0,1,9.57191,1145.12
105,1,0,1,9.54676,996.145
849,1,0,2,9.91483,2997.83,0.089,388.191,0.2,3
1774,1,0,2,9.91148,2978.83
837,1,0,2,9.90006,2909.76
2010,1,0,2,9.88717,2842.87
2009,1,0,2,9.86371,2716.69
819,1,0,2,9.85538,2667.61
811,1,0,2,9.83403,2548.28
805,1,0,2,9.83049,2528.67
358,1,0,2,9.81583,2451.74
349,1,0,2,9.79912,2364.31
344,1,0,2,9.78531,2281.68
1819,1,0,2,9.77015,2186.44
335,1,0,2,9.76524,2157.6
2114,1,0,2,9.75158,2083.94
329,1,0,2,9.74898,2068.77
2116,1,0,2,9.74424,2043.68
327,1,0,2,9.73095,1970.11
324,1,0,2,9.72678,1948.4
319,1,0,2,9.69918,1800.93
320,1,0,2,9.68659,1715.23
344,1,0,3,10.1109,4043.65,0.0413333,180.284,0.09,4
349,1,0,3,10.1003,3963.95
358,1,0,3,10.0837,3876.76
805,1,0,3,10.0729,3816.59
811,1,0,3,10.0711,3798.85
819,1,0,3,10.0479,3671.35
2009,1,0,3,10.042,3624.17
2010,1,0,3,10.0266,3523.65
837,1,0,3,10.0193,3477.53
1774,1,0,3,10.0081,3408.79
849,1,0,3,10.0038,3386.02
1968,1,0,4,10.3751,5473.87,0,0,0
118,1,0,4,10.3426,5304.79
117,1,0,4,10.3354,5268.15
122,1,0,4,10.3187,5183.78
1970,1,0,4,10.3067,5122.2
124,1,0,4,10.2875,5016.85
105,1,0,4,10.2747,4944.23
1967,1,0,4,10.2378,4748.95
107,1,0,4,10.2323,4718.29
1978,1,0,4,10.2232,4663.41
1979,1,0,4,10.1906,4453.23
329,1,0,4,10.1884,4435.77
2114,1,0,4,10.1832,4409.85
335,1,0,4,10.1728,4348.7
1819,1,0,4,10.1678,4319.71
344,1,0,4,10.1522,4223.94
1970,1,1,0,11.5139,332.084,0.0768333,335.124,0.08,1
122,1,1,0,11.501,266.81
117,1,1,0,11.4856,187.792
118,1,1,0,11.4778,149.07
1968,1,1,0,11.45,0
2176,1,1,1,11.911,2474.44,0.0568333,247.89,0.16,2
2066,1,1,1,11.9006,2407.11
869,1,1,1,11.8892,2331.48
1856,1,1,1,11.8609,2201.81
855,1,1,1,11.8607,2201.09
843,1,1,1,11.8469,2121.59
832,1,1,1,11.8361,2060.35
831,1,1,1,11.8289,2022.63
2153,1,1,1,11.8289,2022.55
821,1,1,1,11.8149,1953.2
2008,1,1,1,11.8064,1910.41
812,1,1,1,11.79,1819.09
807,1,1,1,11.7898,1818.3
356,1,1,1,11.777,1747.88
1981,1,1,1,11.7647,1664.37
345,1,1,1,11.743,1554.3
341,1,1,1,11.7336,1504.05
2132,1,1,1,11.7334,1502.01
328,1,1,1,11.7195,1410.43
2115,1,1,1,11.7081,1351.44
329,1,1,1,11.7042,1330.74
1979,1,1,1,11.6983,1300.99
1978,1,1,1,11.6559,1066
107,1,1,1,11.6474,1011.9
1967,1,1,1,11.6444,983.19
105,1,1,1,11.6198,835.089
124,1,1,1,11.6065,760.29
1970,1,1,1,11.5907,667.208
1306,1,1,2,12.0004,2909.77,0.0833333,363.475,0.03,3
1599,1,1,2,11.9845,2820.32
1300,1,1,2,11.9807,2794.61
1298,1,1,2,11.9745,2761.7
2176,1,1,2,11.9679,2722.33
869,1,1,3,12.1631,3700.03,0.0443333,193.369,0.11,4
2066,1,1,3,12.1357,3564.08
1297,1,1,3,12.1052,3406.5
1299,1,1,3,12.0992,3372.95
1600,1,1,3,12.0978,3359.51
1306,1,1,3,12.0838,3273.24
850,1,1,4,12.2355,4068.92,0.1105,481.968,0.03,5
852,1,1,4,12.228,4024.29
865,1,1,4,12.2213,3982.45
869,1,1,4,12.2074,3893.4
819,1,1,5,12.3987,4891.74,0.0838333,365.656,0.48,6
2009,1,1,5,12.392,4844.53
2010,1,1,5,12.3763,4743.69
837,1,1,5,12.3691,4697.73
1774,1,1,5,12.3548,4618.96
849,1,1,5,12.3517,4600.35
850,1,1,5,12.346,4550.89
1968,1,1,6,12.7788,6911.19,0,0,0
118,1,1,6,12.7395,6713.91
117,1,1,6,12.7321,6676.52
122,1,1,6,12.7148,6589.6
1970,1,1,6,12.7016,6523.05
124,1,1,6,12.6807,6410.37
105,1,1,6,12.6662,6330.7
1967,1,1,6,12.6289,6133.64
107,1,1,6,12.6237,6104.02
1978,1,1,6,12.6146,6049.12
1979,1,1,6,12.5829,5839.94
329,1,1,6,12.5807,5822.49
2114,1,1,6,12.5762,5799.29
335,1,1,6,12.5657,5738.15
1819,1,1,6,12.5608,5709.21
344,1,1,6,12.5442,5611.96
349,1,1,6,12.5301,5528.88
358,1,1,6,12.5176,5459.58
805,1,1,6,12.5061,5396.29
811,1,1,6,12.5043,5378.56
819,1,1,6,12.4826,5257.39
344,2,0,0,11.7036,1213.94,0.0798333,348.209,0.09,1
1819,2,0,0,11.6902,1120.41
335,2,0,0,11.6852,1091.46
2114,2,0,0,11.6699,1010.67
329,2,0,0,11.6674,995.611
1979,2,0,0,11.6615,965.863
1978,2,0,0,11.6191,730.88
107,2,0,0,11.6106,676.772
1967,2,0,0,11.6076,648.066
105,2,0,0,11.583,499.965
124,2,0,0,11.5697,425.166
1970,2,0,0,11.5539,332.084
122,2,0,0,11.541,266.81
117,2,0,0,11.5256,187.792
118,2,0,0,11.5178,149.07
1968,2,0,0,11.49,0
849,2,0,1,11.9029,2238.58,0.0695,303.138,0.23,2
1774,2,0,1,11.8993,2218.58
837,2,0,1,11.8871,2148.13
2010,2,0,1,11.8785,2099.84
2009,2,0,1,11.8564,1979.41
819,2,0,1,11.8493,1931.92
811,2,0,1,11.8281,1813.3
805,2,0,1,11.8246,1793.87
358,2,0,1,11.814,1734.36
349,2,0,1,11.7965,1643.75
344,2,0,1,11.7834,1562.15
869,2,0,2,12.0092,2769.25,0.0443333,193.369,0.11,3
865,2,0,2,11.9927,2676.15
852,2,0,2,11.9859,2634.18
850,2,0,2,11.9799,2591.19
849,2,0,2,11.9724,2541.72
2176,2,0,3,12.0746,3104.93,0.0963333,420.177,0.14,4
2066,2,0,3,12.0644,3037.77
869,2,0,3,12.0535,2962.62
1306,2,0,4,12.2047,3716.35,0.0833333,363.475,0.03,5
1599,2,0,4,12.1872,3619.9
1300,2,0,4,12.1828,3593.47
1298,2,0,4,12.1775,3564.29
2176,2,0,4,12.1709,3525.11
850,2,0,5,12.3954,4682.13,0.1105,481.968,0.03,6
852,2,0,5,12.3879,4637.5
865,2,0,5,12.3812,4595.66
869,2,0,5,12.3674,4506.61
2066,2,0,5,12.34,4370.66
1297,2,0,5,12.3095,4213.08
1299,2,0,5,12.3035,4179.53
1600,2,0,5,12.302,4166.08
1306,2,0,5,12.2881,4079.82
819,2,0,6,12.5587,5504.95,0.0838333,365.656,0.48,7
2009,2,0,6,12.552,5457.74
2010,2,0,6,12.5363,5356.9
837,2,0,6,12.5291,5310.94
1774,2,0,6,12.5147,5232.16
849,2,0,6,12.5116,5213.56
850,2,0,6,12.5059,5164.1
1968,2,0,7,12.9387,7524.4,0,0,0
118,2,0,7,12.8995,7327.12
117,2,0,7,12.892,7289.73
122,2,0,7,12.8748,7202.81
1970,2,0,7,12.8616,7136.26
124,2,0,7,12.8407,7023.58
105,2,0,7,12.8262,6943.91
1967,2,0,7,12.7888,6746.84
107,2,0,7,12.7836,6717.22
1978,2,0,7,12.7746,6662.33
1979,2,0,7,12.7428,6453.14
329,2,0,7,12.7407,6435.7
2114,2,0,7,12.7361,6412.49
335,2,0,7,12.7257,6351.36
1819,2,0,7,12.7207,6322.42
344,2,0,7,12.7042,6225.17
349,2,0,7,12.6901,6142.09
358,2,0,7,12.6776,6072.78
805,2,0,7,12.6661,6009.5
811,2,0,7,12.6643,5991.76
819,2,0,7,12.6425,5870.6
320,2,1,0,9.76409,875.602,0.084,366.383,0.32,1
1978,2,1,0,9.74514,755.022
107,2,1,0,9.73642,700.585
1967,2,1,0,9.73341,671.88
105,2,1,0,9.70826,522.901
124,2,1,0,9.69272,438.596
1970,2,1,0,9.67717,345.923
122,2,1,0,9.6644,281.164
117,2,1,0,9.64485,184.747
118,2,1,0,9.63805,150.127
1968,2,1,0,9.61,0
105,2,1,1,9.91898,1639.24,0.1085,473.244,0.3,2
1967,2,1,1,9.88377,1451.36
107,2,1,1,9.87828,1420.63
1978,2,1,1,9.86855,1364.65
320,2,1,1,9.84809,1241.98
1970,2,1,2,10.0595,2290.47,0.0656667,286.418,0.08,3
124,2,1,2,10.0403,2185.11
105,2,1,2,10.0275,2112.49
1968,2,1,3,10.1936,2928.55,0,0,0
118,2,1,3,10.1611,2759.47
117,2,1,3,10.1538,2722.83
122,2,1,3,10.1372,2638.47
1970,2,1,3,10.1251,2576.89
344,3,0,0,11.7036,1213.94,0.0798333,348.209,0.09,1
1819,3,0,0,11.6902,1120.41
335,3,0,0,11.6852,1091.46
2114,3,0,0,11.6699,1010.67
329,3,0,0,11.6674,995.611
1979,3,0,0,11.6615,965.863
1978,3,0,0,11.6191,730.88
107,3,0,0,11.6106,676.772
1967,3,0,0,11.6076,648.066
105,3,0,0,11.583,499.965
124,3,0,0,11.5697,425.166
1970,3,0,0,11.5539,332.084
122,3,0,0,11.541,266.81
117,3,0,0,11.5256,187.792
118,3,0,0,11.5178,149.07
1968,3,0,0,11.49,0
869,3,0,1,11.9397,2466.11,0.0495,215.904,0.11,2
865,3,0,1,11.9232,2373.01
852,3,0,1,11.9164,2331.04
850,3,0,1,11.9104,2288.05
849,3,0,1,11.9029,2238.58
1774,3,0,1,11.8993,2218.58
837,3,0,1,11.8871,2148.13
2010,3,0,1,11.8785,2099.84
2009,3,0,1,11.8564,1979.41
819,3,0,1,11.8493,1931.92
811,3,0,1,11.8281,1813.3
805,3,0,1,11.8246,1793.87
358,3,0,1,11.814,1734.36
349,3,0,1,11.7965,1643.75
344,3,0,1,11.7834,1562.15
2176,3,0,2,12.01,2824.14,0.0963333,420.177,0.14,3
2066,3,0,2,11.9998,2757.03
869,3,0,2,11.9892,2682.02
1306,3,0,3,12.1401,3435.56,0.0833333,363.475,0.03,4
1599,3,0,3,12.1226,3339.11
1300,3,0,3,12.1182,3312.68
1298,3,0,3,12.1128,3283.5
2176,3,0,3,12.1063,3244.32
850,3,0,4,12.3308,4401.34,0.1105,481.968,0.03,5
852,3,0,4,12.3233,4356.71
865,3,0,4,12.3166,4314.87
869,3,0,4,12.3027,4225.82
2066,3,0,4,12.2754,4089.87
1297,3,0,4,12.2449,3932.29
1299,3,0,4,12.2389,3898.74
1600,3,0,4,12.2374,3885.29
1306,3,0,4,12.2234,3799.03
849,3,0,5,12.447,4932.77,0.0775,338.032,0.22,6
850,3,0,5,12.4413,4883.31
819,3,0,6,12.5716,5562.19,0.0838333,365.656,0.48,7
2009,3,0,6,12.5649,5514.98
2010,3,0,6,12.5492,5414.14
837,3,0,6,12.542,5368.18
1774,3,0,6,12.5276,5289.41
849,3,0,6,12.5245,5270.8
1970,3,0,7,12.8744,7193.5,0.0341667,149.025,0.09,8
124,3,0,7,12.8535,7080.82
105,3,0,7,12.8391,7001.15
1967,3,0,7,12.8017,6804.09
107,3,0,7,12.7965,6774.47
1978,3,0,7,12.7874,6719.57
1979,3,0,7,12.7557,6510.39
329,3,0,7,12.7535,6492.94
2114,3,0,7,12.749,6469.74
335,3,0,7,12.7385,6408.6
1819,3,0,7,12.7336,6379.66
344,3,0,7,12.717,6282.41
349,3,0,7,12.7029,6199.33
358,3,0,7,12.6905,6130.03
805,3,0,7,12.679,6066.74
811,3,0,7,12.6772,6049.01
819,3,0,7,12.6554,5927.84
1968,3,0,8,12.9857,7730.4,0,0,0
118,3,0,8,12.9462,7531.97
117,3,0,8,12.9391,7496
122,3,0,8,12.9218,7409.08
1970,3,0,8,12.9086,7342.53
320,3,1,0,9.78409,875.602,0.084,366.383,0.32,1
1978,3,1,0,9.76514,755.022
107,3,1,0,9.75642,700.585
1967,3,1,0,9.75341,671.88
105,3,1,0,9.72826,522.901
124,3,1,0,9.71272,438.596
1970,3,1,0,9.69717,345.923
122,3,1,0,9.6844,281.164
117,3,1,0,9.66485,184.747
118,3,1,0,9.65805,150.127
1968,3,1,0,9.63,0
105,3,1,1,9.93898,1639.24,0.1085,473.244,0.3,2
1967,3,1,1,9.90377,1451.36
107,3,1,1,9.89828,1420.63
1978,3,1,1,9.88855,1364.65
320,3,1,1,9.86809,1241.98
1968,3,1,2,10.1479,2642.13,0,0,0
118,3,1,2,10.1154,2473.05
117,3,1,2,10.1081,2436.41
122,3,1,2,10.0915,2352.05
1970,3,1,2,10.0795,2290.47
124,3,1,2,10.0603,2185.11
105,3,1,2,10.0475,2112.49
2176,4,0,0,11.917,2151.6,0.0568333,247.89,0.16,1
2066,4,0,0,11.9066,2084.26
869,4,0,0,11.8952,2008.63
1856,4,0,0,11.8669,1878.96
855,4,0,0,11.8667,1878.25
843,4,0,0,11.8529,1798.75
832,4,0,0,11.8421,1737.49
831,4,0,0,11.8342,1696.96
2153,4,0,0,11.8342,1696.88
821,4,0,0,11.8213,1632.02
2008,4,0,0,11.8128,1589.23
812,4,0,0,11.7956,1494.65
807,4,0,0,11.7955,1493.87
356,4,0,0,11.7802,1412.75
1981,4,0,0,11.7679,1329.24
345,4,0,0,11.7462,1219.17
341,4,0,0,11.7368,1168.93
2132,4,0,0,11.7365,1166.89
328,4,0,0,11.7227,1075.3
2115,4,0,0,11.7113,1016.31
329,4,0,0,11.7074,995.611
1979,4,0,0,11.7015,965.863
1978,4,0,0,11.6591,730.88
107,4,0,0,11.6506,676.772
1967,4,0,0,11.6476,648.066
105,4,0,0,11.623,499.965
124,4,0,0,11.6097,425.166
1970,4,0,0,11.5939,332.084
122,4,0,0,11.581,266.81
117,4,0,0,11.5656,187.792
118,4,0,0,11.5578,149.07
1968,4,0,0,11.53,0
1306,4,0,1,12.0064,2586.93,0.0833333,363.475,0.03,2
1599,4,0,1,11.9905,2497.48
1300,4,0,1,11.9867,2471.76
1298,4,0,1,11.9805,2438.85
2176,4,0,1,11.9739,2399.49
869,4,0,2,12.1691,3377.19,0.0443333,193.369,0.11,3
2066,4,0,2,12.1417,3241.24
1297,4,0,2,12.1112,3083.66
1299,4,0,2,12.1052,3050.11
1600,4,0,2,12.1038,3036.66
1306,4,0,2,12.0898,2950.4
850,4,0,3,12.2415,3746.08,0.1105,481.968,0.03,4
852,4,0,3,12.234,3701.45
865,4,0,3,12.2273,3659.6
869,4,0,3,12.2134,3570.56
849,4,0,4,12.3577,4277.51,0.0775,338.032,0.22,5
850,4,0,4,12.352,4228.05
819,4,0,5,12.4822,4906.93,0.0838333,365.656,0.48,6
2009,4,0,5,12.4755,4859.72
2010,4,0,5,12.4598,4758.88
837,4,0,5,12.4526,4712.92
1774,4,0,5,12.4383,4634.14
849,4,0,5,12.4352,4615.54
344,4,0,6,12.6277,5627.15,0.0863333,376.56,0.09,7
349,4,0,6,12.6136,5544.07
358,4,0,6,12.6011,5474.76
805,4,0,6,12.5896,5411.48
811,4,0,6,12.5878,5393.74
819,4,0,6,12.5661,5272.58
1968,4,0,7,12.9485,7302.67,0,0,0
118,4,0,7,12.909,7104.25
117,4,0,7,12.9019,7068.27
122,4,0,7,12.8846,6981.35
1970,4,0,7,12.8714,6914.8
124,4,0,7,12.8505,6802.12
105,4,0,7,12.8361,6722.45
1967,4,0,7,12.7987,6525.38
107,4,0,7,12.7935,6495.76
1978,4,0,7,12.7844,6440.87
1979,4,0,7,12.7527,6231.68
329,4,0,7,12.7505,6214.24
2114,4,0,7,12.746,6191.03
335,4,0,7,12.7355,6129.9
1819,4,0,7,12.7306,6100.96
344,4,0,7,12.714,6003.71
320,4,1,0,9.77409,875.602,0.084,366.383,0.32,1
1978,4,1,0,9.75514,755.022
107,4,1,0,9.74642,700.585
1967,4,1,0,9.74341,671.88
105,4,1,0,9.71826,522.901
124,4,1,0,9.70272,438.596
1970,4,1,0,9.68717,345.923
122,4,1,0,9.6744,281.164
117,4,1,0,9.65485,184.747
118,4,1,0,9.64805,150.127
1968,4,1,0,9.62,0
105,4,1,1,9.92898,1639.24,0.1085,473.244,0.3,2
1967,4,1,1,9.89377,1451.36
107,4,1,1,9.88828,1420.63
1978,4,1,1,9.87855,1364.65
320,4,1,1,9.85809,1241.98
1970,4,1,2,10.0695,2290.47,0.0656667,286.418,0.08,3
124,4,1,2,10.0503,2185.11
105,4,1,2,10.0375,2112.49
1968,4,1,3,10.2036,2928.55,0,0,0
118,4,1,3,10.1711,2759.47
117,4,1,3,10.1638,2722.83
122,4,1,3,10.1472,2638.47
1970,4,1,3,10.1351,2576.89
2176,5,0,0,11.927,2151.6,0.0568333,247.89,0.16,1
2066,5,0,0,11.9166,2084.26
869,5,0,0,11.9052,2008.63
1856,5,0,0,11.8769,1878.96
855,5,0,0,11.8767,1878.25
843,5,0,0,11.8629,1798.75
832,5,0,0,11.8521,1737.49
831,5,0,0,11.8442,1696.96
2153,5,0,0,11.8442,1696.88
821,5,0,0,11.8313,1632.02
2008,5,0,0,11.8228,1589.23
812,5,0,0,11.8056,1494.65
807,5,0,0,11.8055,1493.87
356,5,0,0,11.7902,1412.75
1981,5,0,0,11.7779,1329.24
345,5,0,0,11.7562,1219.17
341,5,0,0,11.7468,1168.93
2132,5,0,0,11.7465,1166.89
328,5,0,0,11.7327,1075.3
2115,5,0,0,11.7213,1016.31
329,5,0,0,11.7174,995.611
1979,5,0,0,11.7115,965.863
1978,5,0,0,11.6691,730.88
107,5,0,0,11.6606,676.772
1967,5,0,0,11.6576,648.066
105,5,0,0,11.633,499.965
124,5,0,0,11.6197,425.166
1970,5,0,0,11.6039,332.084
122,5,0,0,11.591,266.81
117,5,0,0,11.5756,187.792
118,5,0,0,11.5678,149.07
1968,5,0,0,11.54,0
1306,5,0,1,12.0164,2586.93,0.0833333,363.475,0.03,2
1599,5,0,1,12.0005,2497.48
1300,5,0,1,11.9967,2471.76
1298,5,0,1,11.9905,2438.85
2176,5,0,1,11.9839,2399.49
869,5,0,2,12.1791,3377.19,0.0443333,193.369,0.11,3
2066,5,0,2,12.1517,3241.24
1297,5,0,2,12.1212,3083.66
1299,5,0,2,12.1152,3050.11
1600,5,0,2,12.1138,3036.66
1306,5,0,2,12.0998,2950.4
850,5,0,3,12.2515,3746.08,0.1105,481.968,0.03,4
852,5,0,3,12.244,3701.45
865,5,0,3,12.2373,3659.6
869,5,0,3,12.2234,3570.56
849,5,0,4,12.3677,4277.51,0.0775,338.032,0.22,5
850,5,0,4,12.362,4228.05
819,5,0,5,12.4922,4906.93,0.0838333,365.656,0.48,6
2009,5,0,5,12.4855,4859.72
2010,5,0,5,12.4698,4758.88
837,5,0,5,12.4626,4712.92
1774,5,0,5,12.4483,4634.14
849,5,0,5,12.4452,4615.54
344,5,0,6,12.6377,5627.15,0.0863333,376.56,0.09,7
349,5,0,6,12.6236,5544.07
358,5,0,6,12.6111,5474.76
805,5,0,6,12.5996,5411.48
811,5,0,6,12.5978,5393.74
819,5,0,6,12.5761,5272.58
1970,5,0,7,12.8814,6914.8,0.0341667,149.025,0.09,8
124,5,0,7,12.8605,6802.12
105,5,0,7,12.8461,6722.45
1967,5,0,7,12.8087,6525.38
107,5,0,7,12.8035,6495.76
1978,5,0,7,12.7944,6440.87
1979,5,0,7,12.7627,6231.68
329,5,0,7,12.7605,6214.24
2114,5,0,7,12.756,6191.03
335,5,0,7,12.7455,6129.9
1819,5,0,7,12.7406,6100.96
344,5,0,7,12.724,6003.71
1968,5,0,8,12.9927,7451.7,0,0,0
118,5,0,8,12.9532,7253.27
117,5,0,8,12.9461,7217.3
122,5,0,8,12.9288,7130.38
1970,5,0,8,12.9156,7063.82
320,5,1,0,9.74409,875.602,0.084,366.383,0.32,1
1978,5,1,0,9.72514,755.022
107,5,1,0,9.71642,700.585
1967,5,1,0,9.71341,671.88
105,5,1,0,9.68826,522.901
124,5,1,0,9.67272,438.596
1970,5,1,0,9.65717,345.923
122,5,1,0,9.6444,281.164
117,5,1,0,9.62485,184.747
118,5,1,0,9.61805,150.127
1968,5,1,0,9.59,0
105,5,1,1,9.89898,1639.24,0.1085,473.244,0.3,2
1967,5,1,1,9.86377,1451.36
107,5,1,1,9.85828,1420.63
1978,5,1,1,9.84855,1364.65
320,5,1,1,9.82809,1241.98
1968,5,1,2,10.1079,2642.13,0,0,0
118,5,1,2,10.0754,2473.05
117,5,1,2,10.0681,2436.41
122,5,1,2,10.0515,2352.05
1970,5,1,2,10.0395,2290.47
124,5,1,2,10.0203,2185.11
105,5,1,2,10.0075,2112.49
320,6,0,0,11.5177,851.082,0.0905,394.734,0.38,1
1978,6,0,0,11.4991,730.88
107,6,0,0,11.4906,676.772
1967,6,0,0,11.4876,648.066
105,6,0,0,11.463,499.965
124,6,0,0,11.4497,425.166
1970,6,0,0,11.4339,332.084
122,6,0,0,11.421,266.81
117,6,0,0,11.4056,187.792
118,6,0,0,11.3978,149.07
1968,6,0,0,11.37,0
344,6,0,1,11.7103,1832.98,0.0798333,348.209,0.09,2
1819,6,0,1,11.697,1739.46
335,6,0,1,11.692,1710.51
2114,6,0,1,11.6767,1629.71
329,6,0,1,11.6741,1614.66
2116,6,0,1,11.669,1587.79
327,6,0,1,11.6545,1509.12
324,6,0,1,11.6502,1486.61
319,6,0,1,11.6208,1331.52
320,6,0,1,11.6082,1245.82
869,6,0,2,11.9465,3085.16,0.0495,215.904,0.11,3
865,6,0,2,11.9299,2992.05
852,6,0,2,11.9231,2950.08
850,6,0,2,11.9172,2907.1
849,6,0,2,11.9097,2857.62
1774,6,0,2,11.9061,2837.62
837,6,0,2,11.8938,2767.18
2010,6,0,2,11.8853,2718.88
2009,6,0,2,11.8631,2598.46
819,6,0,2,11.856,2550.96
811,6,0,2,11.8348,2432.35
805,6,0,2,11.8313,2412.91
358,6,0,2,11.8207,2353.4
349,6,0,2,11.8033,2262.79
344,6,0,2,11.7902,2181.19
2176,6,0,3,12.0167,3443.19,0.0963333,420.177,0.14,4
2066,6,0,3,12.0065,3376.08
869,6,0,3,11.996,3301.06
1306,6,0,4,12.1468,4054.6,0.0833333,363.475,0.03,5
1599,6,0,4,12.1293,3958.15
1300,6,0,4,12.1249,3931.73
1298,6,0,4,12.1196,3902.55
2176,6,0,4,12.1131,3863.37
850,6,0,5,12.3376,5020.39,0.1105,481.968,0.03,6
852,6,0,5,12.3301,4975.75
865,6,0,5,12.3233,4933.91
869,6,0,5,12.3095,4844.86
2066,6,0,5,12.2821,4708.92
1297,6,0,5,12.2517,4551.33
1299,6,0,5,12.2456,4517.79
1600,6,0,5,12.2442,4504.34
1306,6,0,5,12.2302,4418.08
849,6,0,6,12.4538,5551.82,0.0775,338.032,0.22,7
850,6,0,6,12.4481,5502.36
819,6,0,7,12.5783,6181.23,0.0838333,365.656,0.48,8
2009,6,0,7,12.5716,6134.03
2010,6,0,7,12.5559,6033.18
837,6,0,7,12.5487,5987.23
1774,6,0,7,12.5344,5908.45
849,6,0,7,12.5313,5889.85
1968,6,0,8,12.9583,8200.69,0,0,0
118,6,0,8,12.9191,8003.41
117,6,0,8,12.9117,7966.02
122,6,0,8,12.8944,7879.1
1970,6,0,8,12.8812,7812.54
124,6,0,8,12.8603,7699.87
105,6,0,8,12.8458,7620.19
1967,6,0,8,12.8085,7423.13
107,6,0,8,12.8032,7393.51
1978,6,0,8,12.7942,7338.62
1979,6,0,8,12.7624,7129.43
329,6,0,8,12.7603,7111.99
2114,6,0,8,12.7557,7088.78
335,6,0,8,12.7453,7027.65
1819,6,0,8,12.7403,6998.71
344,6,0,8,12.7238,6901.46
349,6,0,8,12.7097,6818.37
358,6,0,8,12.6972,6749.07
805,6,0,8,12.6857,6685.79
811,6,0,8,12.6839,6668.05
819,6,0,8,12.6622,6546.89
105,6,1,0,9.91826,522.901,0.1085,473.244,0.3,1
124,6,1,0,9.90272,438.596
1970,6,1,0,9.88717,345.923
122,6,1,0,9.8744,281.164
117,6,1,0,9.85485,184.747
118,6,1,0,9.84805,150.127
1968,6,1,0,9.82,0
1970,6,1,1,10.0588,1174.12,0.0656667,286.418,0.08,2
124,6,1,1,10.0395,1068.77
105,6,1,1,10.0268,996.145
1968,6,1,2,10.1929,1812.21,0,0,0
118,6,1,2,10.1604,1643.13
117,6,1,2,10.1531,1606.49
122,6,1,2,10.1364,1522.12
1970,6,1,2,10.1244,1460.54
320,7,0,0,11.5177,851.082,0.0905,394.734,0.38,1
1978,7,0,0,11.4991,730.88
107,7,0,0,11.4906,676.772
1967,7,0,0,11.4876,648.066
105,7,0,0,11.463,499.965
124,7,0,0,11.4497,425.166
1970,7,0,0,11.4339,332.084
122,7,0,0,11.421,266.81
117,7,0,0,11.4056,187.792
118,7,0,0,11.3978,149.07
1968,7,0,0,11.37,0
344,7,0,1,11.7103,1832.98,0.0798333,348.209,0.09,2
1819,7,0,1,11.697,1739.46
335,7,0,1,11.692,1710.51
2114,7,0,1,11.6767,1629.71
329,7,0,1,11.6741,1614.66
2116,7,0,1,11.669,1587.79
327,7,0,1,11.6545,1509.12
324,7,0,1,11.6502,1486.61
319,7,0,1,11.6208,1331.52
320,7,0,1,11.6082,1245.82
869,7,0,2,11.9465,3085.16,0.0495,215.904,0.11,3
865,7,0,2,11.9299,2992.05
852,7,0,2,11.9231,2950.08
850,7,0,2,11.9172,2907.1
849,7,0,2,11.9097,2857.62
1774,7,0,2,11.9061,2837.62
837,7,0,2,11.8938,2767.18
2010,7,0,2,11.8853,2718.88
2009,7,0,2,11.8631,2598.46
819,7,0,2,11.856,2550.96
811,7,0,2,11.8348,2432.35
805,7,0,2,11.8313,2412.91
358,7,0,2,11.8207,2353.4
349,7,0,2,11.8033,2262.79
344,7,0,2,11.7902,2181.19
2176,7,0,3,12.0167,3443.19,0.0963333,420.177,0.14,4
2066,7,0,3,12.0065,3376.08
869,7,0,3,11.996,3301.06
1306,7,0,4,12.1468,4054.6,0.0833333,363.475,0.03,5
1599,7,0,4,12.1293,3958.15
1300,7,0,4,12.1249,3931.73
1298,7,0,4,12.1196,3902.55
2176,7,0,4,12.1131,3863.37
850,7,0,5,12.3376,5020.39,0.1105,481.968,0.03,6
852,7,0,5,12.3301,4975.75
865,7,0,5,12.3233,4933.91
869,7,0,5,12.3095,4844.86
2066,7,0,5,12.2821,4708.92
1297,7,0,5,12.2517,4551.33
1299,7,0,5,12.2456,4517.79
1600,7,0,5,12.2442,4504.34
1306,7,0,5,12.2302,4418.08
849,7,0,6,12.4538,5551.82,0.0775,338.032,0.22,7
850,7,0,6,12.4481,5502.36
819,7,0,7,12.5783,6181.23,0.0838333,365.656,0.48,8
2009,7,0,7,12.5716,6134.03
2010,7,0,7,12.5559,6033.18
837,7,0,7,12.5487,5987.23
1774,7,0,7,12.5344,5908.45
849,7,0,7,12.5313,5889.85
1970,7,0,8,12.8812,7812.54,0.0341667,149.025,0.09,9
124,7,0,8,12.8603,7699.87
105,7,0,8,12.8458,7620.19
1967,7,0,8,12.8085,7423.13
107,7,0,8,12.8032,7393.51
1978,7,0,8,12.7942,7338.62
1979,7,0,8,12.7624,7129.43
329,7,0,8,12.7603,7111.99
2114,7,0,8,12.7557,7088.78
335,7,0,8,12.7453,7027.65
1819,7,0,8,12.7403,6998.71
344,7,0,8,12.7238,6901.46
349,7,0,8,12.7097,6818.37
358,7,0,8,12.6972,6749.07
805,7,0,8,12.6857,6685.79
811,7,0,8,12.6839,6668.05
819,7,0,8,12.6622,6546.89
1968,7,0,9,12.9924,8349.44,0,0,0
118,7,0,9,12.9529,8151.02
117,7,0,9,12.9458,8115.04
122,7,0,9,12.9286,8028.12
1970,7,0,9,12.9154,7961.57
105,7,1,0,9.91826,522.901,0.1085,473.244,0.3,1
124,7,1,0,9.90272,438.596
1970,7,1,0,9.88717,345.923
122,7,1,0,9.8744,281.164
117,7,1,0,9.85485,184.747
118,7,1,0,9.84805,150.127
1968,7,1,0,9.82,0
1968,7,1,1,10.1272,1525.79,0,0,0
118,7,1,1,10.0947,1356.71
117,7,1,1,10.0874,1320.07
122,7,1,1,10.0708,1235.7
1970,7,1,1,10.0588,1174.12
124,7,1,1,10.0395,1068.77
105,7,1,1,10.0268,996.145
320,8,0,0,11.4877,851.082,0.0905,394.734,0.38,1
1978,8,0,0,11.4691,730.88
107,8,0,0,11.4606,676.772
1967,8,0,0,11.4576,648.066
105,8,0,0,11.433,499.965
124,8,0,0,11.4197,425.166
1970,8,0,0,11.4039,332.084
122,8,0,0,11.391,266.81
117,8,0,0,11.3756,187.792
118,8,0,0,11.3678,149.07
1968,8,0,0,11.34,0
869,8,0,1,11.845,2695.31,0.0495,215.904,0.11,2
1856,8,0,1,11.8172,2567.83
855,8,0,1,11.817,2567.12
854,8,0,1,11.8148,2553.53
841,8,0,1,11.7963,2454.48
829,8,0,1,11.7816,2372.13
831,8,0,1,11.7688,2306.55
2153,8,0,1,11.7688,2306.47
821,8,0,1,11.7549,2237.12
2008,8,0,1,11.7464,2194.33
812,8,0,1,11.7299,2103.01
807,8,0,1,11.7297,2102.22
356,8,0,1,11.7169,2031.8
1981,8,0,1,11.7047,1948.29
345,8,0,1,11.683,1838.22
341,8,0,1,11.6735,1787.97
2132,8,0,1,11.6733,1785.93
328,8,0,1,11.6594,1694.35
2115,8,0,1,11.648,1635.36
329,8,0,1,11.6441,1614.66
2116,8,0,1,11.639,1587.79
327,8,0,1,11.6245,1509.12
324,8,0,1,11.6202,1486.61
319,8,0,1,11.5908,1331.52
320,8,0,1,11.5782,1245.82
2176,8,0,2,11.9152,3053.34,0.0568333,247.89,0.16,3
2066,8,0,2,11.905,2986.23
869,8,0,2,11.8945,2911.22
1306,8,0,3,12.0046,3488.66,0.0833333,363.475,0.03,4
1599,8,0,3,11.9887,3399.22
1300,8,0,3,11.9849,3373.5
1298,8,0,3,11.9787,3340.59
2176,8,0,3,11.9721,3301.23
850,8,0,4,12.1954,4454.45,0.1105,481.968,0.03,5
852,8,0,4,12.1878,4409.82
865,8,0,4,12.1811,4367.97
869,8,0,4,12.1673,4278.93
2066,8,0,4,12.1399,4142.98
1297,8,0,4,12.1094,3985.4
1299,8,0,4,12.1034,3951.85
1600,8,0,4,12.102,3938.4
1306,8,0,4,12.088,3852.14
849,8,0,5,12.3115,4985.88,0.0775,338.032,0.22,6
850,8,0,5,12.3059,4936.42
819,8,0,6,12.4361,5615.3,0.0838333,365.656,0.48,7
2009,8,0,6,12.4294,5568.09
2010,8,0,6,12.4137,5467.25
837,8,0,6,12.4065,5421.29
1774,8,0,6,12.3921,5342.52
849,8,0,6,12.389,5323.91
344,8,0,7,12.5816,6335.52,0.0863333,376.56,0.09,8
349,8,0,7,12.5675,6252.44
358,8,0,7,12.555,6183.14
805,8,0,7,12.5435,6119.85
811,8,0,7,12.5417,6102.11
819,8,0,7,12.5199,5980.95
1968,8,0,8,12.9024,8011.04,0,0,0
118,8,0,8,12.8629,7812.62
117,8,0,8,12.8558,7776.64
122,8,0,8,12.8385,7689.72
1970,8,0,8,12.8253,7623.17
124,8,0,8,12.8044,7510.49
105,8,0,8,12.7899,7430.82
1967,8,0,8,12.7526,7233.75
107,8,0,8,12.7474,7204.13
1978,8,0,8,12.7383,7149.24
1979,8,0,8,12.7065,6940.06
329,8,0,8,12.7044,6922.61
2114,8,0,8,12.6998,6899.41
335,8,0,8,12.6894,6838.27
1819,8,0,8,12.6844,6809.33
344,8,0,8,12.6679,6712.08
105,8,1,0,9.91826,522.901,0.1085,473.244,0.3,1
124,8,1,0,9.90272,438.596
1970,8,1,0,9.88717,345.923
122,8,1,0,9.8744,281.164
117,8,1,0,9.85485,184.747
118,8,1,0,9.84805,150.127
1968,8,1,0,9.82,0
1970,8,1,1,10.0588,1174.12,0.0656667,286.418,0.08,2
124,8,1,1,10.0395,1068.77
105,8,1,1,10.0268,996.145
1968,8,1,2,10.1929,1812.21,0,0,0
118,8,1,2,10.1604,1643.13
117,8,1,2,10.1531,1606.49
122,8,1,2,10.1364,1522.12
1970,8,1,2,10.1244,1460.54
320,9,0,0,11.4877,851.082,0.0905,394.734,0.38,1
1978,9,0,0,11.4691,730.88
107,9,0,0,11.4606,676.772
1967,9,0,0,11.4576,648.066
105,9,0,0,11.433,499.965
124,9,0,0,11.4197,425.166
1970,9,0,0,11.4039,332.084
122,9,0,0,11.391,266.81
117,9,0,0,11.3756,187.792
118,9,0,0,11.3678,149.07
1968,9,0,0,11.34,0
869,9,0,1,11.845,2695.31,0.0495,215.904,0.11,2
1856,9,0,1,11.8172,2567.83
855,9,0,1,11.817,2567.12
854,9,0,1,11.8148,2553.53
841,9,0,1,11.7963,2454.48
829,9,0,1,11.7816,2372.13
831,9,0,1,11.7688,2306.55
2153,9,0,1,11.7688,2306.47
821,9,0,1,11.7549,2237.12
2008,9,0,1,11.7464,2194.33
812,9,0,1,11.7299,2103.01
807,9,0,1,11.7297,2102.22
356,9,0,1,11.7169,2031.8
1981,9,0,1,11.7047,1948.29
345,9,0,1,11.683,1838.22
341,9,0,1,11.6735,1787.97
2132,9,0,1,11.6733,1785.93
328,9,0,1,11.6594,1694.35
2115,9,0,1,11.648,1635.36
329,9,0,1,11.6441,1614.66
2116,9,0,1,11.639,1587.79
327,9,0,1,11.6245,1509.12
324,9,0,1,11.6202,1486.61
319,9,0,1,11.5908,1331.52
320,9,0,1,11.5782,1245.82
2176,9,0,2,11.9152,3053.34,0.0568333,247.89,0.16,3
2066,9,0,2,11.905,2986.23
869,9,0,2,11.8945,2911.22
1306,9,0,3,12.0046,3488.66,0.0833333,363.475,0.03,4
1599,9,0,3,11.9887,3399.22
1300,9,0,3,11.9849,3373.5
1298,9,0,3,11.9787,3340.59
2176,9,0,3,11.9721,3301.23
850,9,0,4,12.1954,4454.45,0.1105,481.968,0.03,5
852,9,0,4,12.1878,4409.82
865,9,0,4,12.1811,4367.97
869,9,0,4,12.1673,4278.93
2066,9,0,4,12.1399,4142.98
1297,9,0,4,12.1094,3985.4
1299,9,0,4,12.1034,3951.85
1600,9,0,4,12.102,3938.4
1306,9,0,4,12.088,3852.14
849,9,0,5,12.3115,4985.88,0.0775,338.032,0.22,6
850,9,0,5,12.3059,4936.42
819,9,0,6,12.4361,5615.3,0.0838333,365.656,0.48,7
2009,9,0,6,12.4294,5568.09
2010,9,0,6,12.4137,5467.25
837,9,0,6,12.4065,5421.29
1774,9,0,6,12.3921,5342.52
849,9,0,6,12.389,5323.91
344,9,0,7,12.5816,6335.52,0.0863333,376.56,0.09,8
349,9,0,7,12.5675,6252.44
358,9,0,7,12.555,6183.14
805,9,0,7,12.5435,6119.85
811,9,0,7,12.5417,6102.11
819,9,0,7,12.5199,5980.95
1968,9,0,8,12.9024,8011.04,0,0,0
118,9,0,8,12.8629,7812.62
117,9,0,8,12.8558,7776.64
122,9,0,8,12.8385,7689.72
1970,9,0,8,12.8253,7623.17
124,9,0,8,12.8044,7510.49
105,9,0,8,12.7899,7430.82
1967,9,0,8,12.7526,7233.75
107,9,0,8,12.7474,7204.13
1978,9,0,8,12.7383,7149.24
1979,9,0,8,12.7065,6940.06
329,9,0,8,12.7044,6922.61
2114,9,0,8,12.6998,6899.41
335,9,0,8,12.6894,6838.27
1819,9,0,8,12.6844,6809.33
344,9,0,8,12.6679,6712.08
1970,9,1,0,9.88717,345.923,0.051,222.447,0.09,1
122,9,1,0,9.8744,281.164
117,9,1,0,9.85485,184.747
118,9,1,0,9.84805,150.127
1968,9,1,0,9.82,0
105,9,1,1,9.96926,745.348,0.1085,473.244,0.3,2
124,9,1,1,9.95372,661.043
1970,9,1,1,9.93817,568.37
1968,9,1,2,10.1782,1748.24,0,0,0
118,9,1,2,10.1457,1579.16
117,9,1,2,10.1384,1542.51
122,9,1,2,10.1218,1458.15
1970,9,1,2,10.1098,1396.57
124,9,1,2,10.0905,1291.22
105,9,1,2,10.0778,1218.59
320,10,0,0,11.3977,851.082,0.0905,394.734,0.38,1
1978,10,0,0,11.3791,730.88
107,10,0,0,11.3706,676.772
1967,10,0,0,11.3676,648.066
105,10,0,0,11.343,499.965
124,10,0,0,11.3297,425.166
1970,10,0,0,11.3139,332.084
122,10,0,0,11.301,266.81
117,10,0,0,11.2856,187.792
118,10,0,0,11.2778,149.07
1968,10,0,0,11.25,0
344,10,0,1,11.5903,1832.98,0.0798333,348.209,0.09,2
1819,10,0,1,11.577,1739.46
335,10,0,1,11.572,1710.51
2114,10,0,1,11.5567,1629.71
329,10,0,1,11.5541,1614.66
2116,10,0,1,11.549,1587.79
327,10,0,1,11.5345,1509.12
324,10,0,1,11.5302,1486.61
319,10,0,1,11.5008,1331.52
320,10,0,1,11.4882,1245.82
849,10,0,2,11.7897,2857.62,0.0695,303.138,0.23,3
1774,10,0,2,11.7861,2837.62
837,10,0,2,11.7738,2767.18
2010,10,0,2,11.7653,2718.88
2009,10,0,2,11.7431,2598.46
819,10,0,2,11.736,2550.96
811,10,0,2,11.7148,2432.35
805,10,0,2,11.7113,2412.91
358,10,0,2,11.7007,2353.4
349,10,0,2,11.6833,2262.79
344,10,0,2,11.6702,2181.19
2176,10,0,3,11.9167,3530.42,0.0568333,247.89,0.16,4
2066,10,0,3,11.9065,3463.31
869,10,0,3,11.896,3388.3
865,10,0,3,11.8794,3295.19
852,10,0,3,11.8726,3253.22
850,10,0,3,11.8667,3210.24
849,10,0,3,11.8592,3160.76
1306,10,0,4,12.0061,3965.75,0.0833333,363.475,0.03,5
1599,10,0,4,11.9902,3876.3
1300,10,0,4,11.9864,3850.58
1298,10,0,4,11.9802,3817.68
2176,10,0,4,11.9736,3778.31
869,10,0,5,12.1688,4756.01,0.0443333,193.369,0.11,6
2066,10,0,5,12.1414,4620.06
1297,10,0,5,12.1109,4462.48
1299,10,0,5,12.1049,4428.93
1600,10,0,5,12.1035,4415.48
1306,10,0,5,12.0895,4329.22
850,10,0,6,12.2412,5124.9,0.1105,481.968,0.03,7
852,10,0,6,12.2337,5080.27
865,10,0,6,12.227,5038.43
869,10,0,6,12.2131,4949.38
819,10,0,7,12.4044,5947.72,0.0838333,365.656,0.48,8
2009,10,0,7,12.3977,5900.51
2010,10,0,7,12.382,5799.67
837,10,0,7,12.3748,5753.71
1774,10,0,7,12.3605,5674.93
849,10,0,7,12.3574,5656.33
850,10,0,7,12.3517,5606.87
1970,10,0,8,12.7073,7579.03,0.0341667,149.025,0.09,9
124,10,0,8,12.6864,7466.35
105,10,0,8,12.6719,7386.67
1967,10,0,8,12.6346,7189.61
107,10,0,8,12.6294,7159.99
1978,10,0,8,12.6203,7105.1
1979,10,0,8,12.5886,6895.91
329,10,0,8,12.5864,6878.47
2114,10,0,8,12.5819,6855.26
335,10,0,8,12.5714,6794.13
1819,10,0,8,12.5665,6765.19
344,10,0,8,12.5499,6667.94
349,10,0,8,12.5358,6584.86
358,10,0,8,12.5233,6515.55
805,10,0,8,12.5119,6452.27
811,10,0,8,12.51,6434.53
819,10,0,8,12.4883,6313.37
1968,10,0,9,12.8186,8115.93,0,0,0
118,10,0,9,12.7791,7917.5
117,10,0,9,12.7719,7881.52
122,10,0,9,12.7547,7794.61
1970,10,0,9,12.7415,7728.05
105,10,1,0,9.95826,522.901,0.1085,473.244,0.3,1
124,10,1,0,9.94272,438.596
1970,10,1,0,9.92717,345.923
122,10,1,0,9.9144,281.164
117,10,1,0,9.89485,184.747
118,10,1,0,9.88805,150.127
1968,10,1,0,9.86,0
1968,10,1,1,10.1672,1525.79,0,0,0
118,10,1,1,10.1347,1356.71
117,10,1,1,10.1274,1320.07
122,10,1,1,10.1108,1235.7
1970,10,1,1,10.0988,1174.12
124,10,1,1,10.0795,1068.77
105,10,1,1,10.0668,996.145
320,11,0,0,11.4477,851.082,0.0905,394.734,0.38,1
1978,11,0,0,11.4291,730.88
107,11,0,0,11.4206,676.772
1967,11,0,0,11.4176,648.066
105,11,0,0,11.393,499.965
124,11,0,0,11.3797,425.166
1970,11,0,0,11.3639,332.084
122,11,0,0,11.351,266.81
117,11,0,0,11.3356,187.792
118,11,0,0,11.3278,149.07
1968,11,0,0,11.3,0
850,11,0,1,11.7673,2558.89,0.0711667,310.408,0.1,2
849,11,0,1,11.7599,2509.41
1774,11,0,1,11.7563,2489.41
837,11,0,1,11.744,2418.97
2010,11,0,1,11.7354,2370.67
2009,11,0,1,11.7133,2250.25
819,11,0,1,11.7062,2202.75
811,11,0,1,11.685,2084.14
805,11,0,1,11.6815,2064.7
358,11,0,1,11.6709,2005.19
349,11,0,1,11.6534,1914.58
344,11,0,1,11.6403,1832.98
1819,11,0,1,11.627,1739.46
335,11,0,1,11.622,1710.51
2114,11,0,1,11.6067,1629.71
329,11,0,1,11.6041,1614.66
2116,11,0,1,11.599,1587.79
327,11,0,1,11.5845,1509.12
324,11,0,1,11.5802,1486.61
319,11,0,1,11.5508,1331.52
320,11,0,1,11.5382,1245.82
869,11,0,2,11.8678,3047.36,0.0495,215.904,0.11,3
865,11,0,2,11.8513,2954.25
852,11,0,2,11.8445,2912.28
850,11,0,2,11.8385,2869.3
2176,11,0,3,11.9381,3405.39,0.0568333,247.89,0.16,4
2066,11,0,3,11.9279,3338.28
869,11,0,3,11.9173,3263.26
1306,11,0,4,12.0275,3840.71,0.0833333,363.475,0.03,5
1599,11,0,4,12.0115,3751.26
1300,11,0,4,12.0077,3725.55
1298,11,0,4,12.0015,3692.64
2176,11,0,4,11.9949,3653.28
849,11,0,5,12.2239,4855.96,0.0775,338.032,0.22,6
850,11,0,5,12.2182,4806.5
852,11,0,5,12.2107,4761.86
865,11,0,5,12.204,4720.02
869,11,0,5,12.1901,4630.97
2066,11,0,5,12.1627,4495.02
1297,11,0,5,12.1323,4337.44
1299,11,0,5,12.1262,4303.9
1600,11,0,5,12.1248,4290.45
1306,11,0,5,12.1108,4204.19
819,11,0,6,12.3484,5485.37,0.0838333,365.656,0.48,7
2009,11,0,6,12.3417,5438.17
2010,11,0,6,12.326,5337.33
837,11,0,6,12.3188,5291.37
1774,11,0,6,12.3045,5212.59
849,11,0,6,12.3014,5193.99
344,11,0,7,12.4939,6205.6,0.0863333,376.56,0.09,8
349,11,0,7,12.4798,6122.52
358,11,0,7,12.4673,6053.21
805,11,0,7,12.4559,5989.93
811,11,0,7,12.454,5972.19
819,11,0,7,12.4323,5851.03
1968,11,0,8,12.8147,7881.12,0,0,0
118,11,0,8,12.7752,7682.69
117,11,0,8,12.7681,7646.72
122,11,0,8,12.7508,7559.8
1970,11,0,8,12.7377,7493.25
124,11,0,8,12.7167,7380.57
105,11,0,8,12.7023,7300.89
1967,11,0,8,12.6649,7103.83
107,11,0,8,12.6597,7074.21
1978,11,0,8,12.6507,7019.32
1979,11,0,8,12.6189,6810.13
329,11,0,8,12.6167,6792.69
2114,11,0,8,12.6122,6769.48
335,11,0,8,12.6018,6708.35
1819,11,0,8,12.5968,6679.41
344,11,0,8,12.5802,6582.16
1970,11,1,0,9.85717,345.923,0.051,222.447,0.09,1
122,11,1,0,9.8444,281.164
117,11,1,0,9.82485,184.747
118,11,1,0,9.81805,150.127
1968,11,1,0,9.79,0
105,11,1,1,9.93926,745.348,0.1085,473.244,0.3,2
124,11,1,1,9.92372,661.043
1970,11,1,1,9.90817,568.37
1968,11,1,2,10.1482,1748.24,0,0,0
118,11,1,2,10.1157,1579.16
117,11,1,2,10.1084,1542.51
122,11,1,2,10.0918,1458.15
1970,11,1,2,10.0798,1396.57
124,11,1,2,10.0605,1291.22
105,11,1,2,10.0478,1218.59
1970,12,0,0,11.2939,332.084,0.0768333,335.124,0.08,1
122,12,0,0,11.281,266.81
117,12,0,0,11.2656,187.792
118,12,0,0,11.2578,149.07
1968,12,0,0,11.23,0
105,12,0,1,11.3998,835.089,0.104333,455.071,0.4,2
124,12,0,1,11.3865,760.29
1970,12,0,1,11.3707,667.208
320,12,0,2,11.5588,1641.28,0.0905,394.734,0.38,3
1978,12,0,2,11.5402,1521.07
107,12,0,2,11.5318,1466.97
1967,12,0,2,11.5288,1438.26
105,12,0,2,11.5042,1290.16
344,12,0,3,11.7515,2623.18,0.0798333,348.209,0.09,4
1819,12,0,3,11.7381,2529.65
335,12,0,3,11.7332,2500.7
2114,12,0,3,11.7178,2419.91
329,12,0,3,11.7153,2404.85
2116,12,0,3,11.7102,2377.98
327,12,0,3,11.6957,2299.31
324,12,0,3,11.6913,2276.8
319,12,0,3,11.6619,2121.71
320,12,0,3,11.6493,2036.01
2176,12,0,4,12.0084,4017.48,0.0963333,420.177,0.14,5
2066,12,0,4,11.9982,3950.37
869,12,0,4,11.9876,3875.35
865,12,0,4,11.9711,3782.25
852,12,0,4,11.9643,3740.28
850,12,0,4,11.9583,3697.29
849,12,0,4,11.9509,3647.82
1774,12,0,4,11.9473,3627.82
837,12,0,4,11.935,3557.37
2010,12,0,4,11.9264,3509.08
2009,12,0,4,11.9043,3388.65
819,12,0,4,11.8972,3341.16
811,12,0,4,11.876,3222.54
805,12,0,4,11.8725,3203.11
358,12,0,4,11.8619,3143.6
349,12,0,4,11.8444,3052.98
344,12,0,4,11.8313,2971.38
1306,12,0,5,12.1385,4628.89,0.0833333,363.475,0.03,6
1599,12,0,5,12.121,4532.44
1300,12,0,5,12.1166,4506.02
1298,12,0,5,12.1113,4476.84
2176,12,0,5,12.1047,4437.66
869,12,0,6,12.3012,5419.15,0.0443333,193.369,0.11,7
2066,12,0,6,12.2738,5283.21
1297,12,0,6,12.2433,5125.62
1299,12,0,6,12.2373,5092.08
1600,12,0,6,12.2358,5078.63
1306,12,0,6,12.2218,4992.37
850,12,0,7,12.3736,5788.05,0.1105,481.968,0.03,8
852,12,0,7,12.3661,5743.41
865,12,0,7,12.3593,5701.57
869,12,0,7,12.3455,5612.52
849,12,0,8,12.4898,6319.48,0.0775,338.032,0.22,9
850,12,0,8,12.4841,6270.02
819,12,0,9,12.6143,6948.89,0.0838333,365.656,0.48,10
2009,12,0,9,12.6076,6901.69
2010,12,0,9,12.5919,6800.84
837,12,0,9,12.5847,6754.89
1774,12,0,9,12.5704,6676.11
849,12,0,9,12.5673,6657.51
1968,12,0,10,12.9943,8968.35,0,0,0
118,12,0,10,12.9551,8771.07
117,12,0,10,12.9477,8733.68
122,12,0,10,12.9304,8646.76
1970,12,0,10,12.9172,8580.21
124,12,0,10,12.8963,8467.53
105,12,0,10,12.8818,8387.85
1967,12,0,10,12.8445,8190.79
107,12,0,10,12.8392,8161.17
1978,12,0,10,12.8302,8106.28
1979,12,0,10,12.7984,7897.09
329,12,0,10,12.7963,7879.65
2114,12,0,10,12.7917,7856.44
335,12,0,10,12.7813,7795.31
1819,12,0,10,12.7763,7766.37
344,12,0,10,12.7598,7669.12
349,12,0,10,12.7457,7586.03
358,12,0,10,12.7332,7516.73
805,12,0,10,12.7217,7453.45
811,12,0,10,12.7199,7435.71
819,12,0,10,12.6982,7314.55
105,13,0,0,11.343,499.965,0.104333,455.071,0.4,1
124,13,0,0,11.3297,425.166
1970,13,0,0,11.3139,332.084
122,13,0,0,11.301,266.81
117,13,0,0,11.2856,187.792
118,13,0,0,11.2778,149.07
1968,13,0,0,11.25,0
320,13,0,1,11.502,1306.15,0.0905,394.734,0.38,2
1978,13,0,1,11.4834,1185.95
107,13,0,1,11.4749,1131.84
1967,13,0,1,11.4719,1103.14
105,13,0,1,11.4473,955.035
344,13,0,2,11.6947,2288.05,0.0798333,348.209,0.09,3
1819,13,0,2,11.6813,2194.53
335,13,0,2,11.6763,2165.58
2114,13,0,2,11.661,2084.78
329,13,0,2,11.6585,2069.73
2116,13,0,2,11.6533,2042.86
327,13,0,2,11.6389,1964.19
324,13,0,2,11.6345,1941.68
319,13,0,2,11.6051,1786.59
320,13,0,2,11.5925,1700.89
849,13,0,3,11.894,3312.69,0.0695,303.138,0.23,4
1774,13,0,3,11.8904,3292.69
837,13,0,3,11.8782,3222.25
2010,13,0,3,11.8696,3173.95
2009,13,0,3,11.8475,3053.53
819,13,0,3,11.8404,3006.03
811,13,0,3,11.8192,2887.42
805,13,0,3,11.8157,2867.98
358,13,0,3,11.8051,2808.47
349,13,0,3,11.7876,2717.86
344,13,0,3,11.7745,2636.26
2176,13,0,4,12.0211,3985.49,0.0963333,420.177,0.14,5
2066,13,0,4,12.0109,3918.38
869,13,0,4,12.0003,3843.37
865,13,0,4,11.9838,3750.26
852,13,0,4,11.977,3708.29
850,13,0,4,11.971,3665.31
849,13,0,4,11.9635,3615.83
1306,13,0,5,12.1512,4596.91,0.0833333,363.475,0.03,6
1599,13,0,5,12.1336,4500.46
1300,13,0,5,12.1292,4474.03
1298,13,0,5,12.1239,4444.85
2176,13,0,5,12.1174,4405.67
869,13,0,6,12.3138,5387.17,0.0443333,193.369,0.11,7
2066,13,0,6,12.2865,5251.22
1297,13,0,6,12.256,5093.64
1299,13,0,6,12.25,5060.09
1600,13,0,6,12.2485,5046.64
1306,13,0,6,12.2345,4960.38
850,13,0,7,12.3862,5756.06,0.1105,481.968,0.03,8
852,13,0,7,12.3787,5711.43
865,13,0,7,12.372,5669.59
869,13,0,7,12.3582,5580.54
819,13,0,8,12.5495,6578.88,0.0838333,365.656,0.48,9
2009,13,0,8,12.5428,6531.67
2010,13,0,8,12.5271,6430.83
837,13,0,8,12.5199,6384.87
1774,13,0,8,12.5055,6306.09
849,13,0,8,12.5024,6287.49
850,13,0,8,12.4967,6238.03
1970,13,0,9,12.8524,8210.19,0.0341667,149.025,0.09,10
124,13,0,9,12.8315,8097.51
105,13,0,9,12.817,8017.83
1967,13,0,9,12.7796,7820.77
107,13,0,9,12.7744,7791.15
1978,13,0,9,12.7654,7736.26
1979,13,0,9,12.7336,7527.07
329,13,0,9,12.7315,7509.63
2114,13,0,9,12.7269,7486.42
335,13,0,9,12.7165,7425.29
1819,13,0,9,12.7115,7396.35
344,13,0,9,12.695,7299.1
349,13,0,9,12.6809,7216.02
358,13,0,9,12.6684,7146.71
805,13,0,9,12.6569,7083.43
811,13,0,9,12.6551,7065.69
819,13,0,9,12.6333,6944.53
1968,13,0,10,12.9636,8747.08,0,0,0
118,13,0,10,12.9241,8548.66
117,13,0,10,12.917,8512.68
122,13,0,10,12.8997,8425.77
1970,13,0,10,12.8865,8359.21
105,14,0,0,11.313,499.965,0.104333,455.071,0.4,1
124,14,0,0,11.2997,425.166
1970,14,0,0,11.2839,332.084
122,14,0,0,11.271,266.81
117,14,0,0,11.2556,187.792
118,14,0,0,11.2478,149.07
1968,14,0,0,11.22,0
320,14,0,1,11.472,1306.15,0.0905,394.734,0.38,2
1978,14,0,1,11.4534,1185.95
107,14,0,1,11.4449,1131.84
1967,14,0,1,11.4419,1103.14
105,14,0,1,11.4173,955.035
344,14,0,2,11.6647,2288.05,0.0798333,348.209,0.09,3
1819,14,0,2,11.6513,2194.53
335,14,0,2,11.6463,2165.58
2114,14,0,2,11.631,2084.78
329,14,0,2,11.6285,2069.73
2116,14,0,2,11.6233,2042.86
327,14,0,2,11.6089,1964.19
324,14,0,2,11.6045,1941.68
319,14,0,2,11.5751,1786.59
320,14,0,2,11.5625,1700.89
2176,14,0,3,11.9216,3682.36,0.0568333,247.89,0.16,4
2066,14,0,3,11.9114,3615.25
869,14,0,3,11.9008,3540.23
865,14,0,3,11.8843,3447.12
852,14,0,3,11.8775,3405.15
850,14,0,3,11.8715,3362.17
849,14,0,3,11.864,3312.69
1774,14,0,3,11.8604,3292.69
837,14,0,3,11.8482,3222.25
2010,14,0,3,11.8396,3173.95
2009,14,0,3,11.8175,3053.53
819,14,0,3,11.8104,3006.03
811,14,0,3,11.7892,2887.42
805,14,0,3,11.7857,2867.98
358,14,0,3,11.7751,2808.47
349,14,0,3,11.7576,2717.86
344,14,0,3,11.7445,2636.26
1306,14,0,4,12.011,4117.68,0.0833333,363.475,0.03,5
1599,14,0,4,11.995,4028.23
1300,14,0,4,11.9912,4002.52
1298,14,0,4,11.985,3969.61
2176,14,0,4,11.9784,3930.25
869,14,0,5,12.1736,4907.94,0.0443333,193.369,0.11,6
2066,14,0,5,12.1462,4771.99
1297,14,0,5,12.1158,4614.41
1299,14,0,5,12.1097,4580.86
1600,14,0,5,12.1083,4567.42
1306,14,0,5,12.0943,4481.15
850,14,0,6,12.246,5276.84,0.1105,481.968,0.03,7
852,14,0,6,12.2385,5232.2
865,14,0,6,12.2318,5190.36
869,14,0,6,12.2179,5101.31
849,14,0,7,12.3622,5808.26,0.0775,338.032,0.22,8
850,14,0,7,12.3565,5758.8
819,14,0,8,12.4868,6437.68,0.0838333,365.656,0.48,9
2009,14,0,8,12.4801,6390.47
2010,14,0,8,12.4644,6289.63
837,14,0,8,12.4572,6243.67
1774,14,0,8,12.4428,6164.9
849,14,0,8,12.4397,6146.3
1970,14,0,9,12.7896,8068.99,0.0341667,149.025,0.09,10
124,14,0,9,12.7687,7956.32
105,14,0,9,12.7543,7876.64
1967,14,0,9,12.7169,7679.58
107,14,0,9,12.7117,7649.96
1978,14,0,9,12.7027,7595.07
1979,14,0,9,12.6709,7385.88
329,14,0,9,12.6687,7368.43
2114,14,0,9,12.6642,7345.23
335,14,0,9,12.6538,7284.09
1819,14,0,9,12.6488,7255.16
344,14,0,9,12.6322,7157.9
349,14,0,9,12.6181,7074.82
358,14,0,9,12.6057,7005.52
805,14,0,9,12.5942,6942.24
811,14,0,9,12.5924,6924.5
819,14,0,9,12.5706,6803.34
1968,14,0,10,12.9009,8605.89,0,0,0
118,14,0,10,12.8614,8407.46
117,14,0,10,12.8543,8371.49
122,14,0,10,12.837,8284.57
1970,14,0,10,12.8238,8218.02
105,15,0,0,11.233,499.965,0.104333,455.071,0.4,1
124,15,0,0,11.2197,425.166
1970,15,0,0,11.2039,332.084
122,15,0,0,11.191,266.81
117,15,0,0,11.1756,187.792
118,15,0,0,11.1678,149.07
1968,15,0,0,11.14,0
320,15,0,1,11.392,1306.15,0.0905,394.734,0.38,2
1978,15,0,1,11.3734,1185.95
107,15,0,1,11.3649,1131.84
1967,15,0,1,11.3619,1103.14
105,15,0,1,11.3373,955.035
344,15,0,2,11.5847,2288.05,0.0798333,348.209,0.09,3
1819,15,0,2,11.5713,2194.53
335,15,0,2,11.5663,2165.58
2114,15,0,2,11.551,2084.78
329,15,0,2,11.5485,2069.73
2116,15,0,2,11.5433,2042.86
327,15,0,2,11.5289,1964.19
324,15,0,2,11.5245,1941.68
319,15,0,2,11.4951,1786.59
320,15,0,2,11.4825,1700.89
849,15,0,3,11.784,3312.69,0.0695,303.138,0.23,4
1774,15,0,3,11.7804,3292.69
837,15,0,3,11.7682,3222.25
2010,15,0,3,11.7596,3173.95
2009,15,0,3,11.7375,3053.53
819,15,0,3,11.7304,3006.03
811,15,0,3,11.7092,2887.42
805,15,0,3,11.7057,2867.98
358,15,0,3,11.6951,2808.47
349,15,0,3,11.6776,2717.86
344,15,0,3,11.6645,2636.26
2176,15,0,4,11.9111,3985.49,0.0568333,247.89,0.16,5
2066,15,0,4,11.9009,3918.38
869,15,0,4,11.8903,3843.37
865,15,0,4,11.8738,3750.26
852,15,0,4,11.867,3708.29
850,15,0,4,11.861,3665.31
849,15,0,4,11.8535,3615.83
1306,15,0,5,12.0005,4420.82,0.0833333,363.475,0.03,6
1599,15,0,5,11.9845,4331.37
1300,15,0,5,11.9807,4305.65
1298,15,0,5,11.9745,4272.75
2176,15,0,5,11.9679,4233.38
869,15,0,6,12.1631,5211.08,0.0443333,193.369,0.11,7
2066,15,0,6,12.1357,5075.13
1297,15,0,6,12.1053,4917.55
1299,15,0,6,12.0992,4884
1600,15,0,6,12.0978,4870.55
1306,15,0,6,12.0838,4784.29
850,15,0,7,12.2355,5579.97,0.1105,481.968,0.03,8
852,15,0,7,12.228,5535.34
865,15,0,7,12.2213,5493.5
869,15,0,7,12.2074,5404.45
819,15,0,8,12.3988,6402.79,0.0838333,365.656,0.48,9
2009,15,0,8,12.3921,6355.58
2010,15,0,8,12.3764,6254.74
837,15,0,8,12.3692,6208.78
1774,15,0,8,12.3548,6130
849,15,0,8,12.3517,6111.4
850,15,0,8,12.346,6061.94
1970,15,0,9,12.7016,8034.1,0.0341667,149.025,0.09,10
124,15,0,9,12.6807,7921.42
105,15,0,9,12.6663,7841.75
1967,15,0,9,12.6289,7644.68
107,15,0,9,12.6237,7615.06
1978,15,0,9,12.6147,7560.17
1979,15,0,9,12.5829,7350.98
329,15,0,9,12.5807,7333.54
2114,15,0,9,12.5762,7310.33
335,15,0,9,12.5658,7249.2
1819,15,0,9,12.5608,7220.26
344,15,0,9,12.5442,7123.01
349,15,0,9,12.5301,7039.93
358,15,0,9,12.5177,6970.62
805,15,0,9,12.5062,6907.34
811,15,0,9,12.5044,6889.6
819,15,0,9,12.4826,6768.44
1968,15,0,10,12.8129,8571,0,0,0
118,15,0,10,12.7734,8372.57
117,15,0,10,12.7663,8336.59
122,15,0,10,12.749,8249.68
1970,15,0,10,12.7358,8183.12
320,16,0,0,11.4977,851.082,0.0905,394.734,0.38,1
1978,16,0,0,11.4791,730.88
107,16,0,0,11.4706,676.772
1967,16,0,0,11.4676,648.066
105,16,0,0,11.443,499.965
124,16,0,0,11.4297,425.166
1970,16,0,0,11.4139,332.084
122,16,0,0,11.401,266.81
117,16,0,0,11.3856,187.792
118,16,0,0,11.3778,149.07
1968,16,0,0,11.35,0
869,16,0,1,11.855,2695.31,0.0495,215.904,0.11,2
1856,16,0,1,11.8272,2567.83
855,16,0,1,11.827,2567.12
854,16,0,1,11.8248,2553.53
841,16,0,1,11.8063,2454.48
829,16,0,1,11.7916,2372.13
831,16,0,1,11.7788,2306.55
2153,16,0,1,11.7788,2306.47
821,16,0,1,11.7649,2237.12
2008,16,0,1,11.7564,2194.33
812,16,0,1,11.7399,2103.01
807,16,0,1,11.7397,2102.22
356,16,0,1,11.7269,2031.8
1981,16,0,1,11.7147,1948.29
345,16,0,1,11.693,1838.22
341,16,0,1,11.6835,1787.97
2132,16,0,1,11.6833,1785.93
328,16,0,1,11.6694,1694.35
2115,16,0,1,11.658,1635.36
329,16,0,1,11.6541,1614.66
2116,16,0,1,11.649,1587.79
327,16,0,1,11.6345,1509.12
324,16,0,1,11.6302,1486.61
319,16,0,1,11.6008,1331.52
320,16,0,1,11.5882,1245.82
2176,16,0,2,11.9252,3053.34,0.0568333,247.89,0.16,3
2066,16,0,2,11.915,2986.23
869,16,0,2,11.9045,2911.22
1306,16,0,3,12.0146,3488.66,0.0833333,363.475,0.03,4
1599,16,0,3,11.9987,3399.22
1300,16,0,3,11.9949,3373.5
1298,16,0,3,11.9887,3340.59
2176,16,0,3,11.9821,3301.23
850,16,0,4,12.2054,4454.45,0.1105,481.968,0.03,5
852,16,0,4,12.1978,4409.82
865,16,0,4,12.1911,4367.97
869,16,0,4,12.1773,4278.93
2066,16,0,4,12.1499,4142.98
1297,16,0,4,12.1194,3985.4
1299,16,0,4,12.1134,3951.85
1600,16,0,4,12.112,3938.4
1306,16,0,4,12.098,3852.14
849,16,0,5,12.3215,4985.88,0.0775,338.032,0.22,6
850,16,0,5,12.3159,4936.42
819,16,0,6,12.4461,5615.3,0.0838333,365.656,0.48,7
2009,16,0,6,12.4394,5568.09
2010,16,0,6,12.4237,5467.25
837,16,0,6,12.4165,5421.29
1774,16,0,6,12.4021,5342.52
849,16,0,6,12.399,5323.91
344,16,0,7,12.5916,6335.52,0.0863333,376.56,0.09,8
349,16,0,7,12.5775,6252.44
358,16,0,7,12.565,6183.14
805,16,0,7,12.5535,6119.85
811,16,0,7,12.5517,6102.11
819,16,0,7,12.5299,5980.95
105,16,0,8,12.7999,7430.82,0.0435,189.734,0.48,9
1967,16,0,8,12.7626,7233.75
107,16,0,8,12.7574,7204.13
1978,16,0,8,12.7483,7149.24
1979,16,0,8,12.7165,6940.06
329,16,0,8,12.7144,6922.61
2114,16,0,8,12.7098,6899.41
335,16,0,8,12.6994,6838.27
1819,16,0,8,12.6944,6809.33
344,16,0,8,12.6779,6712.08
1970,16,0,9,12.8788,7812.9,0.0341667,149.025,0.09,10
124,16,0,9,12.8579,7700.23
105,16,0,9,12.8434,7620.55
1968,16,0,10,12.99,8349.8,0,0,0
118,16,0,10,12.9505,8151.38
117,16,0,10,12.9434,8115.4
122,16,0,10,12.9262,8028.48
1970,16,0,10,12.913,7961.93
320,17,0,0,11.3977,851.082,0.0905,394.734,0.38,1
1978,17,0,0,11.3791,730.88
107,17,0,0,11.3706,676.772
1967,17,0,0,11.3676,648.066
105,17,0,0,11.343,499.965
124,17,0,0,11.3297,425.166
1970,17,0,0,11.3139,332.084
122,17,0,0,11.301,266.81
117,17,0,0,11.2856,187.792
118,17,0,0,11.2778,149.07
1968,17,0,0,11.25,0
344,17,0,1,11.5903,1832.98,0.0798333,348.209,0.09,2
1819,17,0,1,11.577,1739.46
335,17,0,1,11.572,1710.51
2114,17,0,1,11.5567,1629.71
329,17,0,1,11.5541,1614.66
2116,17,0,1,11.549,1587.79
327,17,0,1,11.5345,1509.12
324,17,0,1,11.5302,1486.61
319,17,0,1,11.5008,1331.52
320,17,0,1,11.4882,1245.82
849,17,0,2,11.7897,2857.62,0.0695,303.138,0.23,3
1774,17,0,2,11.7861,2837.62
837,17,0,2,11.7738,2767.18
2010,17,0,2,11.7653,2718.88
2009,17,0,2,11.7431,2598.46
819,17,0,2,11.736,2550.96
811,17,0,2,11.7148,2432.35
805,17,0,2,11.7113,2412.91
358,17,0,2,11.7007,2353.4
349,17,0,2,11.6833,2262.79
344,17,0,2,11.6702,2181.19
2176,17,0,3,11.9167,3530.42,0.0568333,247.89,0.16,4
2066,17,0,3,11.9065,3463.31
869,17,0,3,11.896,3388.3
865,17,0,3,11.8794,3295.19
852,17,0,3,11.8726,3253.22
850,17,0,3,11.8667,3210.24
849,17,0,3,11.8592,3160.76
1306,17,0,4,12.0061,3965.75,0.0833333,363.475,0.03,5
1599,17,0,4,11.9902,3876.3
1300,17,0,4,11.9864,3850.58
1298,17,0,4,11.9802,3817.68
2176,17,0,4,11.9736,3778.31
869,17,0,5,12.1688,4756.01,0.0443333,193.369,0.11,6
2066,17,0,5,12.1414,4620.06
1297,17,0,5,12.1109,4462.48
1299,17,0,5,12.1049,4428.93
1600,17,0,5,12.1035,4415.48
1306,17,0,5,12.0895,4329.22
850,17,0,6,12.2412,5124.9,0.1105,481.968,0.03,7
852,17,0,6,12.2337,5080.27
865,17,0,6,12.227,5038.43
869,17,0,6,12.2131,4949.38
819,17,0,7,12.4044,5947.72,0.0838333,365.656,0.48,8
2009,17,0,7,12.3977,5900.51
2010,17,0,7,12.382,5799.67
837,17,0,7,12.3748,5753.71
1774,17,0,7,12.3605,5674.93
849,17,0,7,12.3574,5656.33
850,17,0,7,12.3517,5606.87
105,17,0,8,12.6719,7386.67,0.0435,189.734,0.48,9
1967,17,0,8,12.6346,7189.61
107,17,0,8,12.6294,7159.99
1978,17,0,8,12.6203,7105.1
1979,17,0,8,12.5886,6895.91
329,17,0,8,12.5864,6878.47
2114,17,0,8,12.5819,6855.26
335,17,0,8,12.5714,6794.13
1819,17,0,8,12.5665,6765.19
344,17,0,8,12.5499,6667.94
349,17,0,8,12.5358,6584.86
358,17,0,8,12.5233,6515.55
805,17,0,8,12.5119,6452.27
811,17,0,8,12.51,6434.53
819,17,0,8,12.4883,6313.37
1970,17,0,9,12.7508,7768.76,0.0341667,149.025,0.09,10
124,17,0,9,12.7299,7656.08
105,17,0,9,12.7154,7576.41
1968,17,0,10,12.8621,8305.66,0,0,0
118,17,0,10,12.8226,8107.23
117,17,0,10,12.8154,8071.26
122,17,0,10,12.7982,7984.34
1970,17,0,10,12.785,7917.79
1970,18,0,0,10.3744,334.012,0.0656667,286.418,0.08,1
122,18,0,0,10.3618,270.034
117,18,0,0,10.3448,184.186
118,18,0,0,10.3364,143.105
1968,18,0,0,10.31,0
105,18,0,1,10.4675,784.321,0.115333,503.049,0.34,2
124,18,0,1,10.4555,713.002
1970,18,0,1,10.44,620.43
320,18,0,2,10.6377,1638.94,0.0988333,431.081,0.34,3
1978,18,0,2,10.6194,1519.06
107,18,0,2,10.611,1465.04
1967,18,0,2,10.608,1436.33
105,18,0,2,10.5829,1287.37
344,18,0,3,10.8363,2647.27,0.0413333,180.284,0.09,4
1819,18,0,3,10.8227,2553.56
335,18,0,3,10.8182,2525.38
2114,18,0,3,10.8033,2446.28
329,18,0,3,10.8007,2431.1
2116,18,0,3,10.7958,2405.17
327,18,0,3,10.7818,2328.82
324,18,0,3,10.7783,2309.88
319,18,0,3,10.7491,2155.72
320,18,0,3,10.7365,2070.02
819,18,0,4,10.9384,3186.28,0.0483333,210.815,0.55,5
811,18,0,4,10.9205,3075.25
805,18,0,4,10.9175,3057.29
358,18,0,4,10.9056,2992.16
349,18,0,4,10.8896,2907.87
344,18,0,4,10.8777,2827.56
849,18,0,5,11.0374,3695.06,0.0695,303.138,0.23,6
1774,18,0,5,11.0337,3674.56
837,18,0,5,11.0225,3605.86
2010,18,0,5,11.0148,3559.09
2009,18,0,5,10.9941,3444.81
819,18,0,5,10.9867,3397.1
850,18,0,6,11.1144,4047.68,0.0711667,310.408,0.1,7
849,18,0,6,11.1069,3998.2
2176,18,0,7,11.2356,4678.27,0.0568333,247.89,0.16,8
2066,18,0,7,11.2254,4611.16
869,18,0,7,11.2149,4536.14
865,18,0,7,11.1983,4443.04
852,18,0,7,11.1915,4401.07
850,18,0,7,11.1856,4358.08
1306,18,0,8,11.325,5113.59,0.0916667,399.822,0.11,9
1599,18,0,8,11.3091,5024.15
1300,18,0,8,11.3053,4998.43
1298,18,0,8,11.2991,4965.52
2176,18,0,8,11.2925,4926.16
869,18,0,9,11.4868,5899.45,0.0495,215.904,0.11,10
2066,18,0,9,11.4657,5789.9
1297,18,0,9,11.4388,5647.14
1299,18,0,9,11.4329,5614.2
1600,18,0,9,11.4314,5600.75
1306,18,0,9,11.4167,5513.41
1968,18,0,10,11.9138,8203.98,0,0,0
118,18,0,10,11.8791,8025.67
117,18,0,10,11.8714,7987.16
122,18,0,10,11.854,7899.62
1970,18,0,10,11.8412,7834.88
124,18,0,10,11.8194,7718.32
105,18,0,10,11.807,7646.38
1967,18,0,10,11.7711,7455.6
107,18,0,10,11.7658,7425.81
1978,18,0,10,11.7566,7370.69
1979,18,0,10,11.7221,7158.14
329,18,0,10,11.7199,7140.71
2114,18,0,10,11.715,7116.16
335,18,0,10,11.7045,7054.88
1819,18,0,10,11.7001,7026.69
344,18,0,10,11.6845,6930.99
349,18,0,10,11.6727,6850.74
355,18,0,10,11.6558,6765.52
356,18,0,10,11.639,6666.99
807,18,0,10,11.6239,6586.61
812,18,0,10,11.6237,6585.82
2008,18,0,10,11.611,6503.91
821,18,0,10,11.6061,6476.4
2153,18,0,10,11.5963,6424.74
831,18,0,10,11.5963,6424.66
832,18,0,10,11.5875,6380.16
843,18,0,10,11.5761,6316.36
855,18,0,10,11.5486,6179.88
1856,18,0,10,11.5485,6179.17
869,18,0,10,11.5363,6115.36
1970,19,0,0,10.3744,334.012,0.0656667,286.418,0.08,1
122,19,0,0,10.3618,270.034
117,19,0,0,10.3448,184.186
118,19,0,0,10.3364,143.105
1968,19,0,0,10.31,0
105,19,0,1,10.4675,784.321,0.115333,503.049,0.34,2
124,19,0,1,10.4555,713.002
1970,19,0,1,10.44,620.43
320,19,0,2,10.6377,1638.94,0.0988333,431.081,0.34,3
1978,19,0,2,10.6194,1519.06
107,19,0,2,10.611,1465.04
1967,19,0,2,10.608,1436.33
105,19,0,2,10.5829,1287.37
344,19,0,3,10.8363,2647.27,0.0413333,180.284,0.09,4
1819,19,0,3,10.8227,2553.56
335,19,0,3,10.8182,2525.38
2114,19,0,3,10.8033,2446.28
329,19,0,3,10.8007,2431.1
2116,19,0,3,10.7958,2405.17
327,19,0,3,10.7818,2328.82
324,19,0,3,10.7783,2309.88
319,19,0,3,10.7491,2155.72
320,19,0,3,10.7365,2070.02
819,19,0,4,10.9384,3186.28,0.0483333,210.815,0.55,5
811,19,0,4,10.9205,3075.25
805,19,0,4,10.9175,3057.29
358,19,0,4,10.9056,2992.16
349,19,0,4,10.8896,2907.87
344,19,0,4,10.8777,2827.56
849,19,0,5,11.0374,3695.06,0.0695,303.138,0.23,6
1774,19,0,5,11.0337,3674.56
837,19,0,5,11.0225,3605.86
2010,19,0,5,11.0148,3559.09
2009,19,0,5,10.9941,3444.81
819,19,0,5,10.9867,3397.1
850,19,0,6,11.1144,4047.68,0.0711667,310.408,0.1,7
849,19,0,6,11.1069,3998.2
869,19,0,7,11.2149,4536.14,0.0495,215.904,0.11,8
865,19,0,7,11.1983,4443.04
852,19,0,7,11.1915,4401.07
850,19,0,7,11.1856,4358.08
2176,19,0,8,11.2851,4894.17,0.0568333,247.89,0.16,9
2066,19,0,8,11.2749,4827.06
869,19,0,8,11.2644,4752.05
1306,19,0,9,11.3745,5329.5,0.0916667,399.822,0.11,10
1599,19,0,9,11.3586,5240.05
1300,19,0,9,11.3548,5214.33
1298,19,0,9,11.3486,5181.42
2176,19,0,9,11.342,5142.06
1968,19,0,10,11.9211,8190.2,0,0,0
1969,19,0,10,11.9088,8113.69
115,19,0,10,11.9062,8099.12
2113,19,0,10,11.9015,8073.3
2133,19,0,10,11.7795,7386.93
366,19,0,10,11.7752,7359.82
2134,19,0,10,11.7619,7288.14
2136,19,0,10,11.7491,7219.3
393,19,0,10,11.7174,7056.26
401,19,0,10,11.6996,6965.31
1739,19,0,10,11.6899,6912.31
1742,19,0,10,11.6829,6875.79
1741,19,0,10,11.6761,6839.66
418,19,0,10,11.6689,6801.19
417,19,0,10,11.6661,6785.37
1989,19,0,10,11.6491,6697.35
2011,19,0,10,11.6288,6593.51
2156,19,0,10,11.6222,6560.6
2013,19,0,10,11.6216,6557.45
886,19,0,10,11.6121,6509.27
888,19,0,10,11.5957,6417.8
903,19,0,10,11.5862,6366.29
904,19,0,10,11.5822,6345.26
925,19,0,10,11.561,6227.3
2019,19,0,10,11.5557,6200.44
929,19,0,10,11.5553,6198.46
938,19,0,10,11.5429,6131.14
950,19,0,10,11.5258,6045.2
951,19,0,10,11.5183,6007.44
949,19,0,10,11.5068,5948.69
2025,19,0,10,11.5033,5931.24
2024,19,0,10,11.4902,5858.83
1301,19,0,10,11.4794,5800.49
1306,19,0,10,11.4662,5729.32
320,20,0,0,11.4077,851.082,0.0905,394.734,0.38,1
1978,20,0,0,11.3891,730.88
107,20,0,0,11.3806,676.772
1967,20,0,0,11.3776,648.066
105,20,0,0,11.353,499.965
124,20,0,0,11.3397,425.166
1970,20,0,0,11.3239,332.084
122,20,0,0,11.311,266.81
117,20,0,0,11.2956,187.792
118,20,0,0,11.2878,149.07
1968,20,0,0,11.26,0
344,20,0,1,11.6003,1832.98,0.0798333,348.209,0.09,2
1819,20,0,1,11.587,1739.46
335,20,0,1,11.582,1710.51
2114,20,0,1,11.5667,1629.71
329,20,0,1,11.5641,1614.66
2116,20,0,1,11.559,1587.79
327,20,0,1,11.5445,1509.12
324,20,0,1,11.5402,1486.61
319,20,0,1,11.5108,1331.52
320,20,0,1,11.4982,1245.82
850,20,0,2,11.8072,2907.1,0.0711667,310.408,0.1,3
849,20,0,2,11.7997,2857.62
1774,20,0,2,11.7961,2837.62
837,20,0,2,11.7838,2767.18
2010,20,0,2,11.7753,2718.88
2009,20,0,2,11.7531,2598.46
819,20,0,2,11.746,2550.96
811,20,0,2,11.7248,2432.35
805,20,0,2,11.7213,2412.91
358,20,0,2,11.7107,2353.4
349,20,0,2,11.6933,2262.79
344,20,0,2,11.6802,2181.19
2176,20,0,3,11.9284,3537.69,0.0568333,247.89,0.16,4
2066,20,0,3,11.9182,3470.58
869,20,0,3,11.9076,3395.57
865,20,0,3,11.8911,3302.46
852,20,0,3,11.8843,3260.49
850,20,0,3,11.8783,3217.51
1306,20,0,4,12.0178,3973.02,0.0833333,363.475,0.03,5
1599,20,0,4,12.0019,3883.57
1300,20,0,4,11.9981,3857.85
1298,20,0,4,11.9919,3824.94
2176,20,0,4,11.9852,3785.58
869,20,0,5,12.1804,4763.28,0.0443333,193.369,0.11,6
2066,20,0,5,12.1531,4627.33
1297,20,0,5,12.1226,4469.75
1299,20,0,5,12.1166,4436.2
1600,20,0,5,12.1151,4422.75
1306,20,0,5,12.1011,4336.49
849,20,0,6,12.2585,5181.63,0.0775,338.032,0.22,7
850,20,0,6,12.2529,5132.17
852,20,0,6,12.2453,5087.54
865,20,0,6,12.2386,5045.69
869,20,0,6,12.2248,4956.65
819,20,0,7,12.3831,5811.05,0.0838333,365.656,0.48,8
2009,20,0,7,12.3764,5763.84
2010,20,0,7,12.3607,5663
837,20,0,7,12.3535,5617.04
1774,20,0,7,12.3392,5538.27
849,20,0,7,12.336,5519.66
105,20,0,8,12.6506,7250.01,0.0435,189.734,0.48,9
1967,20,0,8,12.6133,7052.95
107,20,0,8,12.608,7023.33
1978,20,0,8,12.599,6968.43
1979,20,0,8,12.5672,6759.25
329,20,0,8,12.5651,6741.8
2114,20,0,8,12.5605,6718.6
335,20,0,8,12.5501,6657.46
1819,20,0,8,12.5451,6628.52
344,20,0,8,12.5286,6531.27
349,20,0,8,12.5145,6448.19
358,20,0,8,12.502,6378.89
805,20,0,8,12.4905,6315.6
811,20,0,8,12.4887,6297.87
819,20,0,8,12.4669,6176.7
1970,20,0,9,12.7295,7632.09,0.0341667,149.025,0.09,10
124,20,0,9,12.7086,7519.42
105,20,0,9,12.6941,7439.74
1968,20,0,10,12.8407,8168.99,0,0,0
118,20,0,10,12.8012,7970.57
117,20,0,10,12.7941,7934.59
122,20,0,10,12.7768,7847.67
1970,20,0,10,12.7636,7781.12
320,21,0,0,11.3277,851.082,0.0905,394.734,0.38,1
1978,21,0,0,11.3091,730.88
107,21,0,0,11.3006,676.772
1967,21,0,0,11.2976,648.066
105,21,0,0,11.273,499.965
124,21,0,0,11.2597,425.166
1970,21,0,0,11.2439,332.084
122,21,0,0,11.231,266.81
117,21,0,0,11.2156,187.792
118,21,0,0,11.2078,149.07
1968,21,0,0,11.18,0
344,21,0,1,11.5203,1832.98,0.0798333,348.209,0.09,2
1819,21,0,1,11.507,1739.46
335,21,0,1,11.502,1710.51
2114,21,0,1,11.4867,1629.71
329,21,0,1,11.4841,1614.66
2116,21,0,1,11.479,1587.79
327,21,0,1,11.4645,1509.12
324,21,0,1,11.4602,1486.61
319,21,0,1,11.4308,1331.52
320,21,0,1,11.4182,1245.82
849,21,0,2,11.7197,2857.62,0.0695,303.138,0.23,3
1774,21,0,2,11.7161,2837.62
837,21,0,2,11.7038,2767.18
2010,21,0,2,11.6953,2718.88
2009,21,0,2,11.6731,2598.46
819,21,0,2,11.666,2550.96
811,21,0,2,11.6448,2432.35
805,21,0,2,11.6413,2412.91
358,21,0,2,11.6307,2353.4
349,21,0,2,11.6133,2262.79
344,21,0,2,11.6002,2181.19
850,21,0,3,11.7967,3210.24,0.0711667,310.408,0.1,4
849,21,0,3,11.7892,3160.76
2176,21,0,4,11.9179,3840.83,0.0568333,247.89,0.16,5
2066,21,0,4,11.9077,3773.72
869,21,0,4,11.8971,3698.7
865,21,0,4,11.8806,3605.6
852,21,0,4,11.8738,3563.63
850,21,0,4,11.8678,3520.64
1306,21,0,5,12.0073,4276.15,0.0833333,363.475,0.03,6
1599,21,0,5,11.9914,4186.71
1300,21,0,5,11.9876,4160.99
1298,21,0,5,11.9814,4128.08
2176,21,0,5,11.9747,4088.72
869,21,0,6,12.1699,5066.41,0.0443333,193.369,0.11,7
2066,21,0,6,12.1426,4930.47
1297,21,0,6,12.1121,4772.89
1299,21,0,6,12.1061,4739.34
1600,21,0,6,12.1046,4725.89
1306,21,0,6,12.0906,4639.63
819,21,0,7,12.2951,5776.15,0.0838333,365.656,0.48,8
2009,21,0,7,12.2884,5728.95
2010,21,0,7,12.2727,5628.11
837,21,0,7,12.2655,5582.15
1774,21,0,7,12.2512,5503.37
849,21,0,7,12.248,5484.77
850,21,0,7,12.2424,5435.31
852,21,0,7,12.2348,5390.67
865,21,0,7,12.2281,5348.83
869,21,0,7,12.2143,5259.78
105,21,0,8,12.5626,7215.11,0.0435,189.734,0.48,9
1967,21,0,8,12.5253,7018.05
107,21,0,8,12.52,6988.43
1978,21,0,8,12.511,6933.54
1979,21,0,8,12.4792,6724.35
329,21,0,8,12.4771,6706.91
2114,21,0,8,12.4725,6683.7
335,21,0,8,12.4621,6622.57
1819,21,0,8,12.4571,6593.63
344,21,0,8,12.4406,6496.38
349,21,0,8,12.4265,6413.3
358,21,0,8,12.414,6343.99
805,21,0,8,12.4025,6280.71
811,21,0,8,12.4007,6262.97
819,21,0,8,12.3789,6141.81
1970,21,0,9,12.6415,7597.2,0.0341667,149.025,0.09,10
124,21,0,9,12.6206,7484.52
105,21,0,9,12.6061,7404.85
1968,21,0,10,12.7527,8134.1,0,0,0
118,21,0,10,12.7132,7935.67
117,21,0,10,12.7061,7899.7
122,21,0,10,12.6888,7812.78
1970,21,0,10,12.6756,7746.23
344,22,0,0,10.7678,1192.94,0.0413333,180.284,0.09,1
1819,22,0,0,10.7541,1099.23
335,22,0,0,10.7497,1071.05
2114,22,0,0,10.7348,991.95
329,22,0,0,10.7321,976.767
1979,22,0,0,10.7263,947.483
1978,22,0,0,10.6884,729.589
107,22,0,0,10.68,675.573
1967,22,0,0,10.677,646.867
105,22,0,0,10.6519,497.903
124,22,0,0,10.6398,426.583
1970,22,0,0,10.6244,334.012
122,22,0,0,10.6118,270.034
117,22,0,0,10.5948,184.186
118,22,0,0,10.5864,143.105
1968,22,0,0,10.56,0
819,22,0,1,10.8699,1731.95,0.0483333,210.815,0.55,2
811,22,0,1,10.852,1620.91
805,22,0,1,10.8489,1602.96
358,22,0,1,10.837,1537.83
349,22,0,1,10.821,1453.54
344,22,0,1,10.8091,1373.22
869,22,0,2,11.0047,2467.12,0.0495,215.904,0.11,3
865,22,0,2,10.9884,2374.37
852,22,0,2,10.9822,2333.16
850,22,0,2,10.9764,2290.21
849,22,0,2,10.9689,2240.73
1774,22,0,2,10.9652,2220.22
837,22,0,2,10.954,2151.53
2010,22,0,2,10.9462,2104.76
2009,22,0,2,10.9255,1990.47
819,22,0,2,10.9182,1942.77
2176,22,0,3,11.075,2825.15,0.0568333,247.89,0.16,4
2066,22,0,3,11.0648,2758.04
869,22,0,3,11.0542,2683.03
1306,22,0,4,11.1644,3260.48,0.0916667,399.822,0.11,5
1599,22,0,4,11.1484,3171.03
1300,22,0,4,11.1446,3145.31
1298,22,0,4,11.1384,3112.41
2176,22,0,4,11.1318,3073.04
850,22,0,5,11.3561,4225.74,0.0711667,310.408,0.1,6
852,22,0,5,11.3499,4182.62
865,22,0,5,11.342,4138.36
869,22,0,5,11.3261,4046.34
2066,22,0,5,11.3051,3936.78
1297,22,0,5,11.2781,3794.03
1299,22,0,5,11.2722,3761.09
1600,22,0,5,11.2707,3747.64
1306,22,0,5,11.256,3660.3
849,22,0,6,11.4338,4585.09,0.0695,303.138,0.23,7
850,22,0,6,11.4273,4536.15
320,22,0,7,11.7107,6130.77,0.0905,394.734,0.38,8
1978,22,0,7,11.6921,6010.57
1979,22,0,7,11.6575,5798.02
329,22,0,7,11.6554,5780.59
2114,22,0,7,11.6505,5756.04
335,22,0,7,11.64,5694.76
1819,22,0,7,11.6355,5666.57
344,22,0,7,11.62,5570.87
349,22,0,7,11.6081,5490.62
358,22,0,7,11.5957,5421.54
805,22,0,7,11.5819,5348.43
811,22,0,7,11.5801,5330.69
819,22,0,7,11.5507,5176.5
2009,22,0,7,11.5435,5128.9
2010,22,0,7,11.5272,5027.41
837,22,0,7,11.5199,4981.23
1774,22,0,7,11.5066,4907.27
849,22,0,7,11.5033,4888.23
105,22,0,8,11.871,6923.04,0.104333,455.071,0.4,9
1967,22,0,8,11.8349,6731.34
107,22,0,8,11.8296,6701.55
1978,22,0,8,11.8204,6646.43
320,22,0,8,11.8012,6525.51
1970,22,0,9,12.0078,7557.82,0.0341667,149.025,0.09,10
124,22,0,9,11.9887,7452.81
105,22,0,9,11.9753,7378.11
1968,22,0,10,12.119,8094.72,0,0,0
118,22,0,10,12.0795,7896.29
117,22,0,10,12.0724,7860.32
122,22,0,10,12.0552,7773.4
1970,22,0,10,12.042,7706.85
1970,23,0,0,10.6844,334.012,0.0656667,286.418,0.08,1
122,23,0,0,10.6718,270.034
117,23,0,0,10.6548,184.186
118,23,0,0,10.6464,143.105
1968,23,0,0,10.62,0
344,23,0,1,10.8935,1479.36,0.0413333,180.284,0.09,2
1819,23,0,1,10.8798,1385.64
335,23,0,1,10.8753,1357.47
2114,23,0,1,10.8604,1278.37
329,23,0,1,10.8578,1263.19
1979,23,0,1,10.852,1233.9
1978,23,0,1,10.8141,1016.01
107,23,0,1,10.8057,961.991
1967,23,0,1,10.8027,933.285
105,23,0,1,10.7775,784.321
124,23,0,1,10.7655,713.002
1970,23,0,1,10.75,620.43
819,23,0,2,10.9955,2018.37,0.0483333,210.815,0.55,3
811,23,0,2,10.9777,1907.33
805,23,0,2,10.9746,1889.37
358,23,0,2,10.9627,1824.25
349,23,0,2,10.9467,1739.96
344,23,0,2,10.9348,1659.64
849,23,0,3,11.0975,2535.85,0.0695,303.138,0.23,4
1774,23,0,3,11.0939,2515.85
837,23,0,3,11.0816,2445.4
2010,23,0,3,11.0731,2397.11
2009,23,0,3,11.051,2276.68
819,23,0,3,11.0439,2229.18
869,23,0,4,11.2038,3066.52,0.0495,215.904,0.11,5
865,23,0,4,11.1873,2973.42
852,23,0,4,11.1805,2931.44
850,23,0,4,11.1745,2888.46
849,23,0,4,11.167,2838.98
2176,23,0,5,11.2741,3424.55,0.0568333,247.89,0.16,6
2066,23,0,5,11.2639,3357.44
869,23,0,5,11.2533,3282.42
1306,23,0,6,11.3635,3859.87,0.0916667,399.822,0.11,7
1599,23,0,6,11.3475,3770.43
1300,23,0,6,11.3437,3744.71
1298,23,0,6,11.3375,3711.8
2176,23,0,6,11.3309,3672.44
850,23,0,7,11.5552,4825.14,0.0711667,310.408,0.1,8
852,23,0,7,11.549,4782.01
865,23,0,7,11.5411,4737.76
869,23,0,7,11.5252,4645.74
2066,23,0,7,11.5042,4536.18
1297,23,0,7,11.4772,4393.42
1299,23,0,7,11.4713,4360.48
1600,23,0,7,11.4698,4347.04
1306,23,0,7,11.4551,4259.7
320,23,0,8,11.8403,6427.03,0.0905,394.734,0.38,9
1978,23,0,8,11.8217,6306.83
1979,23,0,8,11.7871,6094.28
329,23,0,8,11.785,6076.85
2114,23,0,8,11.7801,6052.3
335,23,0,8,11.7696,5991.01
1819,23,0,8,11.7651,5962.83
344,23,0,8,11.7496,5867.12
349,23,0,8,11.7377,5786.88
358,23,0,8,11.7253,5717.8
805,23,0,8,11.7115,5644.69
811,23,0,8,11.7097,5626.95
819,23,0,8,11.6803,5472.76
2009,23,0,8,11.6731,5425.16
2010,23,0,8,11.6568,5323.66
837,23,0,8,11.6495,5277.49
1774,23,0,8,11.6362,5203.53
849,23,0,8,11.6329,5184.49
850,23,0,8,11.6264,5135.54
105,23,0,9,12.0006,7219.3,0.0435,189.734,0.48,10
1967,23,0,9,11.9645,7027.6
107,23,0,9,11.9592,6997.81
1978,23,0,9,11.95,6942.68
320,23,0,9,11.9308,6821.77
1968,23,0,10,12.1566,7989.26,0,0,0
118,23,0,10,12.1171,7790.83
117,23,0,10,12.1099,7754.86
122,23,0,10,12.0927,7667.94
1970,23,0,10,12.0795,7601.39
124,23,0,10,12.0586,7488.71
105,23,0,10,12.0441,7409.03
344,24,0,0,10.8978,1192.94,0.0413333,180.284,0.09,1
1819,24,0,0,10.8841,1099.23
335,24,0,0,10.8797,1071.05
2114,24,0,0,10.8647,991.95
329,24,0,0,10.8621,976.767
1979,24,0,0,10.8563,947.483
1978,24,0,0,10.8184,729.589
107,24,0,0,10.81,675.573
1967,24,0,0,10.807,646.867
105,24,0,0,10.7819,497.903
124,24,0,0,10.7698,426.583
1970,24,0,0,10.7544,334.012
122,24,0,0,10.7418,270.034
117,24,0,0,10.7248,184.186
118,24,0,0,10.7164,143.105
1968,24,0,0,10.69,0
819,24,0,1,10.9999,1731.95,0.0483333,210.815,0.55,2
811,24,0,1,10.982,1620.91
805,24,0,1,10.9789,1602.96
358,24,0,1,10.967,1537.83
349,24,0,1,10.951,1453.54
344,24,0,1,10.9391,1373.22
869,24,0,2,11.1386,2476.96,0.0495,215.904,0.11,3
865,24,0,2,11.1221,2383.86
852,24,0,2,11.1153,2341.89
850,24,0,2,11.1093,2298.9
849,24,0,2,11.1018,2249.43
1774,24,0,2,11.0983,2229.43
837,24,0,2,11.086,2158.98
2010,24,0,2,11.0774,2110.69
2009,24,0,2,11.0553,1990.26
819,24,0,2,11.0482,1942.77
2176,24,0,3,11.2089,2834.99,0.0568333,247.89,0.16,4
2066,24,0,3,11.1987,2767.88
869,24,0,3,11.1881,2692.87
1306,24,0,4,11.2983,3270.32,0.0916667,399.822,0.11,5
1599,24,0,4,11.2824,3180.87
1300,24,0,4,11.2786,3155.15
1298,24,0,4,11.2724,3122.25
2176,24,0,4,11.2657,3082.88
850,24,0,5,11.4901,4235.58,0.0711667,310.408,0.1,6
852,24,0,5,11.4838,4192.46
865,24,0,5,11.476,4148.2
869,24,0,5,11.4601,4056.18
2066,24,0,5,11.439,3946.62
1297,24,0,5,11.412,3803.87
1299,24,0,5,11.4061,3770.93
1600,24,0,5,11.4047,3757.48
1306,24,0,5,11.39,3670.14
849,24,0,6,11.5677,4594.94,0.0695,303.138,0.23,7
850,24,0,6,11.5612,4545.99
320,24,0,7,11.8446,6140.61,0.0905,394.734,0.38,8
1978,24,0,7,11.826,6020.41
1979,24,0,7,11.7915,5807.86
329,24,0,7,11.7893,5790.43
2114,24,0,7,11.7844,5765.88
335,24,0,7,11.7739,5704.6
1819,24,0,7,11.7694,5676.41
344,24,0,7,11.7539,5580.71
349,24,0,7,11.7421,5500.46
358,24,0,7,11.7296,5431.38
805,24,0,7,11.7159,5358.27
811,24,0,7,11.7141,5340.53
819,24,0,7,11.6846,5186.34
2009,24,0,7,11.6774,5138.74
2010,24,0,7,11.6612,5037.25
837,24,0,7,11.6538,4991.07
1774,24,0,7,11.6406,4917.11
849,24,0,7,11.6372,4898.07
105,24,0,8,12.0049,6932.88,0.0435,189.734,0.48,9
1967,24,0,8,11.9688,6741.18
107,24,0,8,11.9636,6711.39
1978,24,0,8,11.9544,6656.27
320,24,0,8,11.9351,6535.35
1970,24,0,9,12.0838,7314.97,0.0341667,149.025,0.09,10
124,24,0,9,12.0629,7202.29
105,24,0,9,12.0484,7122.62
1968,24,0,10,12.1951,7851.87,0,0,0
118,24,0,10,12.1556,7653.44
117,24,0,10,12.1484,7617.47
122,24,0,10,12.1312,7530.55
1970,24,0,10,12.118,7463.99
