Nodo,Individuo,Ruta,Segmento,Tiempo viaje,Costo viaje,Tiempo atencion,Costo atencion,Tasa fallo,Demanda
819,0,0,0,10.9294,1552.88,0.0483333,210.815,0.55,1
811,0,0,0,10.9106,1440.57
805,0,0,0,10.9076,1422.67
358,0,0,0,10.8957,1357.55
349,0,0,0,10.8797,1273.25
344,0,0,0,10.8678,1192.94
1819,0,0,0,10.8541,1099.23
335,0,0,0,10.8497,1071.05
2114,0,0,0,10.8348,991.95
329,0,0,0,10.8321,976.767
1979,0,0,0,10.8263,947.483
1978,0,0,0,10.7884,729.589
107,0,0,0,10.78,675.573
1967,0,0,0,10.777,646.867
105,0,0,0,10.7519,497.903
124,0,0,0,10.7398,426.583
1970,0,0,0,10.7244,334.012
122,0,0,0,10.7118,270.034
117,0,0,0,10.6948,184.186
118,0,0,0,10.6864,143.105
1968,0,0,0,10.66,0
849,0,0,1,11.0284,2061.65,0.0695,303.138,0.23,2
1774,0,0,1,11.0247,2041.15
837,0,0,1,11.0135,1972.45
2010,0,0,1,11.0057,1925.69
2009,0,0,1,10.985,1811.4
819,0,0,1,10.9777,1763.69
850,0,0,2,11.1054,2414.27,0.0711667,310.408,0.1,3
849,0,0,2,11.0979,2364.79
869,0,0,3,11.2058,2902.74,0.0495,215.904,0.11,4
865,0,0,3,11.1893,2809.63
852,0,0,3,11.1825,2767.66
850,0,0,3,11.1765,2724.68
2176,0,0,4,11.2761,3260.77,0.0568333,247.89,0.16,5
2066,0,0,4,11.2659,3193.66
869,0,0,4,11.2553,3118.64
1306,0,0,5,11.3655,3696.09,0.0916667,399.822,0.11,6
1599,0,0,5,11.3496,3606.64
1300,0,0,5,11.3458,3580.93
1298,0,0,5,11.3396,3548.02
2176,0,0,5,11.3329,3508.66
344,0,0,6,11.6755,5297.58,0.0798333,348.209,0.09,7
349,0,0,6,11.6637,5217.34
355,0,0,6,11.6467,5132.12
356,0,0,6,11.6299,5033.59
807,0,0,6,11.6148,4953.21
812,0,0,6,11.6147,4952.42
2008,0,0,6,11.6019,4870.5
821,0,0,6,11.597,4842.99
2153,0,0,6,11.5873,4791.33
831,0,0,6,11.5873,4791.25
832,0,0,6,11.5785,4746.76
843,0,0,6,11.5671,4682.96
855,0,0,6,11.5396,4546.48
1856,0,0,6,11.5395,4545.77
869,0,0,6,11.5273,4481.95
2066,0,0,6,11.5062,4372.39
1297,0,0,6,11.4792,4229.64
1299,0,0,6,11.4733,4196.7
1600,0,0,6,11.4719,4183.25
1306,0,0,6,11.4572,4095.91
320,0,0,7,11.8461,6205.7,0.0905,394.734,0.38,8
1978,0,0,7,11.8274,6085.49
1979,0,0,7,11.7929,5872.94
329,0,0,7,11.7907,5855.51
2114,0,0,7,11.7858,5830.96
335,0,0,7,11.7753,5769.68
1819,0,0,7,11.7708,5741.49
344,0,0,7,11.7553,5645.79
105,0,0,8,12.0064,6997.96,0.0435,189.734,0.48,9
1967,0,0,8,11.9703,6806.26
107,0,0,8,11.965,6776.47
1978,0,0,8,11.9558,6721.35
320,0,0,8,11.9366,6600.43
1970,0,0,9,12.0852,7380.05,0.0341667,149.025,0.09,10
124,0,0,9,12.0643,7267.37
105,0,0,9,12.0499,7187.7
1968,0,0,10,12.1965,7916.95,0,0,0
118,0,0,10,12.157,7718.52
117,0,0,10,12.1499,7682.55
122,0,0,10,12.1326,7595.63
1970,0,0,10,12.1194,7529.07
1970,1,0,0,11.5239,332.084,0.0768333,335.124,0.08,1
122,1,0,0,11.511,266.81
117,1,0,0,11.4956,187.792
118,1,0,0,11.4878,149.07
1968,1,0,0,11.46,0
344,1,0,1,11.7504,1549.06,0.0798333,348.209,0.09,2
1819,1,0,1,11.7371,1455.54
335,1,0,1,11.7321,1426.59
2114,1,0,1,11.7168,1345.79
329,1,0,1,11.7142,1330.74
1979,1,0,1,11.7083,1300.99
1978,1,0,1,11.6659,1066
107,1,0,1,11.6574,1011.9
1967,1,0,1,11.6544,983.19
105,1,0,1,11.6298,835.089
124,1,0,1,11.6165,760.29
1970,1,0,1,11.6007,667.208
2176,1,0,2,12.0073,2943.36,0.0963333,420.177,0.14,3
2066,1,0,2,11.9971,2876.25
869,1,0,2,11.9865,2801.24
865,1,0,2,11.97,2708.13
852,1,0,2,11.9632,2666.16
850,1,0,2,11.9573,2623.18
849,1,0,2,11.9498,2573.7
1774,1,0,2,11.9462,2553.7
837,1,0,2,11.9339,2483.26
2010,1,0,2,11.9253,2434.96
2009,1,0,2,11.9032,2314.54
819,1,0,2,11.8961,2267.04
811,1,0,2,11.8749,2148.43
805,1,0,2,11.8714,2128.99
358,1,0,2,11.8608,2069.48
349,1,0,2,11.8434,1978.87
344,1,0,2,11.8303,1897.27
1306,1,0,3,12.1374,3554.78,0.0833333,363.475,0.03,4
1599,1,0,3,12.1199,3458.33
1300,1,0,3,12.1155,3431.9
1298,1,0,3,12.1102,3402.72
2176,1,0,3,12.1037,3363.54
869,1,0,4,12.3001,4345.04,0.0443333,193.369,0.11,5
2066,1,0,4,12.2727,4209.09
1297,1,0,4,12.2422,4051.51
1299,1,0,4,12.2362,4017.96
1600,1,0,4,12.2348,4004.51
1306,1,0,4,12.2208,3918.25
850,1,0,5,12.3725,4713.93,0.1105,481.968,0.03,6
852,1,0,5,12.365,4669.3
865,1,0,5,12.3583,4627.46
869,1,0,5,12.3444,4538.41
849,1,0,6,12.4887,5245.36,0.0775,338.032,0.22,7
850,1,0,6,12.483,5195.9
819,1,0,7,12.6132,5874.78,0.0838333,365.656,0.48,8
2009,1,0,7,12.6065,5827.57
2010,1,0,7,12.5908,5726.73
837,1,0,7,12.5836,5680.77
1774,1,0,7,12.5693,5602
849,1,0,7,12.5662,5583.39
1968,1,0,8,12.9932,7894.23,0,0,0
118,1,0,8,12.954,7696.95
117,1,0,8,12.9466,7659.56
122,1,0,8,12.9293,7572.64
1970,1,0,8,12.9161,7506.09
124,1,0,8,12.8952,7393.41
105,1,0,8,12.8807,7313.74
1967,1,0,8,12.8434,7116.68
107,1,0,8,12.8382,7087.06
1978,1,0,8,12.8291,7032.16
1979,1,0,8,12.7974,6822.98
329,1,0,8,12.7952,6805.53
2114,1,0,8,12.7907,6782.33
335,1,0,8,12.7802,6721.19
1819,1,0,8,12.7752,6692.25
344,1,0,8,12.7587,6595
349,1,0,8,12.7446,6511.92
358,1,0,8,12.7321,6442.62
805,1,0,8,12.7206,6379.33
811,1,0,8,12.7188,6361.6
819,1,0,8,12.6971,6240.43
320,1,1,0,9.79409,875.602,0.084,366.383,0.32,1
1978,1,1,0,9.77514,755.022
107,1,1,0,9.76642,700.585
1967,1,1,0,9.76341,671.88
105,1,1,0,9.73826,522.901
124,1,1,0,9.72272,438.596
1970,1,1,0,9.70717,345.923
122,1,1,0,9.6944,281.164
117,1,1,0,9.67485,184.747
118,1,1,0,9.66805,150.127
1968,1,1,0,9.64,0
105,1,1,1,9.94898,1639.24,0.1085,473.244,0.3,2
1967,1,1,1,9.91377,1451.36
107,1,1,1,9.90828,1420.63
1978,1,1,1,9.89855,1364.65
320,1,1,1,9.87809,1241.98
1968,1,1,2,10.1579,2642.13,0,0,0
118,1,1,2,10.1254,2473.05
117,1,1,2,10.1181,2436.41
122,1,1,2,10.1015,2352.05
1970,1,1,2,10.0895,2290.47
124,1,1,2,10.0703,2185.11
105,1,1,2,10.0575,2112.49
869,2,0,0,12.0352,2008.63,0.0443333,193.369,0.11,1
1856,2,0,0,12.0069,1878.96
855,2,0,0,12.0067,1878.25
843,2,0,0,11.9929,1798.75
832,2,0,0,11.9821,1737.49
831,2,0,0,11.9742,1696.96
2153,2,0,0,11.9742,1696.88
821,2,0,0,11.9613,1632.02
2008,2,0,0,11.9528,1589.23
812,2,0,0,11.9356,1494.65
807,2,0,0,11.9355,1493.87
356,2,0,0,11.9202,1412.75
1981,2,0,0,11.9079,1329.24
345,2,0,0,11.8862,1219.17
341,2,0,0,11.8768,1168.93
2132,2,0,0,11.8765,1166.89
328,2,0,0,11.8627,1075.3
2115,2,0,0,11.8513,1016.31
329,2,0,0,11.8474,995.611
1979,2,0,0,11.8415,965.863
1978,2,0,0,11.7991,730.88
107,2,0,0,11.7906,676.772
1967,2,0,0,11.7876,648.066
105,2,0,0,11.763,499.965
124,2,0,0,11.7497,425.166
1970,2,0,0,11.7339,332.084
122,2,0,0,11.721,266.81
117,2,0,0,11.7056,187.792
118,2,0,0,11.6978,149.07
1968,2,0,0,11.67,0
2176,2,0,1,12.1006,2344.32,0.0963333,420.177,0.14,2
2066,2,0,1,12.0904,2277.15
869,2,0,1,12.0795,2202
1306,2,0,2,12.2307,2955.73,0.0833333,363.475,0.03,3
1599,2,0,2,12.2132,2859.28
1300,2,0,2,12.2088,2832.85
1298,2,0,2,12.2035,2803.67
2176,2,0,2,12.1969,2764.49
850,2,0,3,12.4214,3921.52,0.1105,481.968,0.03,4
852,2,0,3,12.4139,3876.88
865,2,0,3,12.4072,3835.04
869,2,0,3,12.3934,3745.99
2066,2,0,3,12.366,3610.04
1297,2,0,3,12.3355,3452.46
1299,2,0,3,12.3295,3418.91
1600,2,0,3,12.328,3405.46
1306,2,0,3,12.314,3319.2
819,2,0,4,12.5847,4744.33,0.0838333,365.656,0.48,5
2009,2,0,4,12.578,4697.12
2010,2,0,4,12.5623,4596.28
837,2,0,4,12.5551,4550.32
1774,2,0,4,12.5407,4471.55
849,2,0,4,12.5376,4452.94
850,2,0,4,12.5319,4403.48
1970,2,0,5,12.8876,6375.64,0.0341667,149.025,0.09,6
124,2,0,5,12.8666,6262.96
105,2,0,5,12.8522,6183.29
1967,2,0,5,12.8148,5986.23
107,2,0,5,12.8096,5956.61
1978,2,0,5,12.8006,5901.71
1979,2,0,5,12.7688,5692.53
329,2,0,5,12.7667,5675.08
2114,2,0,5,12.7621,5651.88
335,2,0,5,12.7517,5590.74
1819,2,0,5,12.7467,5561.8
344,2,0,5,12.7302,5464.55
349,2,0,5,12.7161,5381.47
358,2,0,5,12.7036,5312.17
805,2,0,5,12.6921,5248.88
811,2,0,5,12.6903,5231.15
819,2,0,5,12.6685,5109.98
1968,2,0,6,12.9988,6912.54,0,0,0
118,2,0,6,12.9593,6714.11
117,2,0,6,12.9522,6678.14
122,2,0,6,12.9349,6591.22
1970,2,0,6,12.9217,6524.67
105,2,1,0,9.44826,522.901,0.1085,473.244,0.3,1
124,2,1,0,9.43272,438.596
1970,2,1,0,9.41717,345.923
122,2,1,0,9.4044,281.164
117,2,1,0,9.38485,184.747
118,2,1,0,9.37805,150.127
1968,2,1,0,9.35,0
320,2,1,1,9.61259,1348.85,0.084,366.383,0.32,2
1978,2,1,1,9.59364,1228.27
107,2,1,1,9.58492,1173.83
1967,2,1,1,9.58191,1145.12
105,2,1,1,9.55676,996.145
849,2,1,2,9.92483,2997.83,0.089,388.191,0.2,3
1774,2,1,2,9.92148,2978.83
837,2,1,2,9.91006,2909.76
2010,2,1,2,9.89717,2842.87
2009,2,1,2,9.87371,2716.69
819,2,1,2,9.86538,2667.61
811,2,1,2,9.84403,2548.28
805,2,1,2,9.84049,2528.67
358,2,1,2,9.82583,2451.74
349,2,1,2,9.80912,2364.31
344,2,1,2,9.79531,2281.68
1819,2,1,2,9.78015,2186.44
335,2,1,2,9.77524,2157.6
2114,2,1,2,9.76158,2083.94
329,2,1,2,9.75898,2068.77
2116,2,1,2,9.75424,2043.68
327,2,1,2,9.74095,1970.11
324,2,1,2,9.73678,1948.4
319,2,1,2,9.70918,1800.93
320,2,1,2,9.69659,1715.23
344,2,1,3,10.1209,4043.65,0.0413333,180.284,0.09,4
349,2,1,3,10.1103,3963.95
358,2,1,3,10.0937,3876.76
805,2,1,3,10.0829,3816.59
811,2,1,3,10.0811,3798.85
819,2,1,3,10.0579,3671.35
2009,2,1,3,10.052,3624.17
2010,2,1,3,10.0366,3523.65
837,2,1,3,10.0293,3477.53
1774,2,1,3,10.0181,3408.79
849,2,1,3,10.0138,3386.02
1968,2,1,4,10.3851,5473.87,0,0,0
118,2,1,4,10.3526,5304.79
117,2,1,4,10.3454,5268.15
122,2,1,4,10.3287,5183.78
1970,2,1,4,10.3167,5122.2
124,2,1,4,10.2975,5016.85
105,2,1,4,10.2847,4944.23
1967,2,1,4,10.2478,4748.95
107,2,1,4,10.2423,4718.29
1978,2,1,4,10.2332,4663.41
1979,2,1,4,10.2006,4453.23
329,2,1,4,10.1984,4435.77
2114,2,1,4,10.1932,4409.85
335,2,1,4,10.1828,4348.7
1819,2,1,4,10.1778,4319.71
344,2,1,4,10.1622,4223.94
344,3,0,0,11.8336,1213.94,0.0798333,348.209,0.09,1
1819,3,0,0,11.8202,1120.41
335,3,0,0,11.8152,1091.46
2114,3,0,0,11.7999,1010.67
329,3,0,0,11.7974,995.611
1979,3,0,0,11.7915,965.863
1978,3,0,0,11.7491,730.88
107,3,0,0,11.7406,676.772
1967,3,0,0,11.7376,648.066
105,3,0,0,11.713,499.965
124,3,0,0,11.6997,425.166
1970,3,0,0,11.6839,332.084
122,3,0,0,11.671,266.81
117,3,0,0,11.6556,187.792
118,3,0,0,11.6478,149.07
1968,3,0,0,11.62,0
2176,3,0,1,12.0905,2608.24,0.0963333,420.177,0.14,2
2066,3,0,1,12.0803,2541.13
869,3,0,1,12.0697,2466.11
865,3,0,1,12.0532,2373.01
852,3,0,1,12.0464,2331.04
850,3,0,1,12.0404,2288.05
849,3,0,1,12.0329,2238.58
1774,3,0,1,12.0293,2218.58
837,3,0,1,12.0171,2148.13
2010,3,0,1,12.0085,2099.84
2009,3,0,1,11.9864,1979.41
819,3,0,1,11.9793,1931.92
811,3,0,1,11.9581,1813.3
805,3,0,1,11.9546,1793.87
358,3,0,1,11.944,1734.36
349,3,0,1,11.9265,1643.75
344,3,0,1,11.9134,1562.15
1306,3,0,2,12.2206,3219.65,0.0833333,363.475,0.03,3
1599,3,0,2,12.2031,3123.2
1300,3,0,2,12.1987,3096.78
1298,3,0,2,12.1933,3067.6
2176,3,0,2,12.1868,3028.42
869,3,0,3,12.3832,4009.91,0.0443333,193.369,0.11,4
2066,3,0,3,12.3559,3873.97
1297,3,0,3,12.3254,3716.38
1299,3,0,3,12.3194,3682.84
1600,3,0,3,12.3179,3669.39
1306,3,0,3,12.3039,3583.13
850,3,0,4,12.4557,4378.81,0.1105,481.968,0.03,5
852,3,0,4,12.4481,4334.17
865,3,0,4,12.4414,4292.33
869,3,0,4,12.4276,4203.28
819,3,0,5,12.6189,5201.62,0.0838333,365.656,0.48,6
2009,3,0,5,12.6122,5154.42
2010,3,0,5,12.5965,5053.57
837,3,0,5,12.5893,5007.62
1774,3,0,5,12.5749,4928.84
849,3,0,5,12.5718,4910.24
850,3,0,5,12.5662,4860.78
1968,3,0,6,12.9989,7221.08,0,0,0
118,3,0,6,12.9597,7023.8
117,3,0,6,12.9522,6986.41
122,3,0,6,12.935,6899.49
1970,3,0,6,12.9218,6832.93
124,3,0,6,12.9009,6720.26
105,3,0,6,12.8864,6640.58
1967,3,0,6,12.849,6443.52
107,3,0,6,12.8438,6413.9
1978,3,0,6,12.8348,6359.01
1979,3,0,6,12.803,6149.82
329,3,0,6,12.8009,6132.37
2114,3,0,6,12.7963,6109.17
335,3,0,6,12.7859,6048.04
1819,3,0,6,12.7809,6019.1
344,3,0,6,12.7644,5921.85
349,3,0,6,12.7503,5838.76
358,3,0,6,12.7378,5769.46
805,3,0,6,12.7263,5706.18
811,3,0,6,12.7245,5688.44
819,3,0,6,12.7027,5567.28
105,3,1,0,9.50826,522.901,0.1085,473.244,0.3,1
124,3,1,0,9.49272,438.596
1970,3,1,0,9.47717,345.923
122,3,1,0,9.4644,281.164
117,3,1,0,9.44485,184.747
118,3,1,0,9.43805,150.127
1968,3,1,0,9.41,0
320,3,1,1,9.67259,1348.85,0.084,366.383,0.32,2
1978,3,1,1,9.65364,1228.27
107,3,1,1,9.64492,1173.83
1967,3,1,1,9.64191,1145.12
105,3,1,1,9.61676,996.145
849,3,1,2,9.98483,2997.83,0.089,388.191,0.2,3
1774,3,1,2,9.98148,2978.83
837,3,1,2,9.97006,2909.76
2010,3,1,2,9.95717,2842.87
2009,3,1,2,9.93371,2716.69
819,3,1,2,9.92538,2667.61
811,3,1,2,9.90403,2548.28
805,3,1,2,9.90049,2528.67
358,3,1,2,9.88583,2451.74
349,3,1,2,9.86912,2364.31
344,3,1,2,9.85531,2281.68
1819,3,1,2,9.84015,2186.44
335,3,1,2,9.83524,2157.6
2114,3,1,2,9.82158,2083.94
329,3,1,2,9.81898,2068.77
2116,3,1,2,9.81424,2043.68
327,3,1,2,9.80095,1970.11
324,3,1,2,9.79678,1948.4
319,3,1,2,9.76918,1800.93
320,3,1,2,9.75659,1715.23
1970,3,1,3,10.3361,4945.28,0.0656667,286.418,0.08,4
124,3,1,3,10.3162,4836.57
105,3,1,3,10.3034,4763.94
1967,3,1,3,10.2664,4568.67
107,3,1,3,10.261,4538.01
1978,3,1,3,10.2519,4483.13
1979,3,1,3,10.2192,4272.95
329,3,1,3,10.2171,4255.48
2114,3,1,3,10.2119,4229.56
335,3,1,3,10.2014,4168.41
1819,3,1,3,10.1964,4139.43
344,3,1,3,10.1809,4043.65
349,3,1,3,10.1703,3963.95
358,3,1,3,10.1537,3876.76
805,3,1,3,10.1429,3816.59
811,3,1,3,10.1411,3798.85
819,3,1,3,10.1179,3671.35
2009,3,1,3,10.112,3624.17
2010,3,1,3,10.0966,3523.65
837,3,1,3,10.0893,3477.53
1774,3,1,3,10.0781,3408.79
849,3,1,3,10.0738,3386.02
1968,3,1,4,10.4703,5583.37,0,0,0
118,3,1,4,10.4378,5414.29
117,3,1,4,10.4305,5377.64
122,3,1,4,10.4138,5293.28
1970,3,1,4,10.4018,5231.7
320,4,0,0,11.4177,851.082,0.0905,394.734,0.38,1
1978,4,0,0,11.3991,730.88
107,4,0,0,11.3906,676.772
1967,4,0,0,11.3876,648.066
105,4,0,0,11.363,499.965
124,4,0,0,11.3497,425.166
1970,4,0,0,11.3339,332.084
122,4,0,0,11.321,266.81
117,4,0,0,11.3056,187.792
118,4,0,0,11.2978,149.07
1968,4,0,0,11.27,0
344,4,0,1,11.6103,1832.98,0.0798333,348.209,0.09,2
1819,4,0,1,11.597,1739.46
335,4,0,1,11.592,1710.51
2114,4,0,1,11.5767,1629.71
329,4,0,1,11.5741,1614.66
2116,4,0,1,11.569,1587.79
327,4,0,1,11.5545,1509.12
324,4,0,1,11.5502,1486.61
319,4,0,1,11.5208,1331.52
320,4,0,1,11.5082,1245.82
850,4,0,2,11.8172,2907.1,0.0711667,310.408,0.1,3
849,4,0,2,11.8097,2857.62
1774,4,0,2,11.8061,2837.62
837,4,0,2,11.7938,2767.18
2010,4,0,2,11.7853,2718.88
2009,4,0,2,11.7631,2598.46
819,4,0,2,11.756,2550.96
811,4,0,2,11.7348,2432.35
805,4,0,2,11.7313,2412.91
358,4,0,2,11.7207,2353.4
349,4,0,2,11.7033,2262.79
344,4,0,2,11.6902,2181.19
2176,4,0,3,11.9384,3537.69,0.0568333,247.89,0.16,4
2066,4,0,3,11.9282,3470.58
869,4,0,3,11.9176,3395.57
865,4,0,3,11.9011,3302.46
852,4,0,3,11.8943,3260.49
850,4,0,3,11.8883,3217.51
1306,4,0,4,12.0278,3973.02,0.0833333,363.475,0.03,5
1599,4,0,4,12.0119,3883.57
1300,4,0,4,12.0081,3857.85
1298,4,0,4,12.0019,3824.94
2176,4,0,4,11.9952,3785.58
869,4,0,5,12.1904,4763.28,0.0443333,193.369,0.11,6
2066,4,0,5,12.1631,4627.33
1297,4,0,5,12.1326,4469.75
1299,4,0,5,12.1266,4436.2
1600,4,0,5,12.1251,4422.75
1306,4,0,5,12.1111,4336.49
849,4,0,6,12.2685,5181.63,0.0775,338.032,0.22,7
850,4,0,6,12.2629,5132.17
852,4,0,6,12.2553,5087.54
865,4,0,6,12.2486,5045.69
869,4,0,6,12.2348,4956.65
819,4,0,7,12.3931,5811.05,0.0838333,365.656,0.48,8
2009,4,0,7,12.3864,5763.84
2010,4,0,7,12.3707,5663
837,4,0,7,12.3635,5617.04
1774,4,0,7,12.3492,5538.27
849,4,0,7,12.346,5519.66
1970,4,0,8,12.696,7442.36,0.0341667,149.025,0.09,9
124,4,0,8,12.6751,7329.68
105,4,0,8,12.6606,7250.01
1967,4,0,8,12.6233,7052.95
107,4,0,8,12.618,7023.33
1978,4,0,8,12.609,6968.43
1979,4,0,8,12.5772,6759.25
329,4,0,8,12.5751,6741.8
2114,4,0,8,12.5705,6718.6
335,4,0,8,12.5601,6657.46
1819,4,0,8,12.5551,6628.52
344,4,0,8,12.5386,6531.27
349,4,0,8,12.5245,6448.19
358,4,0,8,12.512,6378.89
805,4,0,8,12.5005,6315.6
811,4,0,8,12.4987,6297.87
819,4,0,8,12.4769,6176.7
1968,4,0,9,12.8072,7979.26,0,0,0
118,4,0,9,12.7677,7780.83
117,4,0,9,12.7606,7744.86
122,4,0,9,12.7433,7657.94
1970,4,0,9,12.7302,7591.39
105,4,1,0,9.98826,522.901,0.1085,473.244,0.3,1
124,4,1,0,9.97272,438.596
1970,4,1,0,9.95717,345.923
122,4,1,0,9.9444,281.164
117,4,1,0,9.92485,184.747
118,4,1,0,9.91805,150.127
1968,4,1,0,9.89,0
1968,4,1,1,10.1972,1525.79,0,0,0
118,4,1,1,10.1647,1356.71
117,4,1,1,10.1574,1320.07
122,4,1,1,10.1408,1235.7
1970,4,1,1,10.1288,1174.12
124,4,1,1,10.1095,1068.77
105,4,1,1,10.0968,996.145
344,5,0,0,10.8278,1192.94,0.0413333,180.284,0.09,1
1819,5,0,0,10.8141,1099.23
335,5,0,0,10.8097,1071.05
2114,5,0,0,10.7948,991.95
329,5,0,0,10.7921,976.767
1979,5,0,0,10.7863,947.483
1978,5,0,0,10.7484,729.589
107,5,0,0,10.74,675.573
1967,5,0,0,10.737,646.867
105,5,0,0,10.7119,497.903
124,5,0,0,10.6998,426.583
1970,5,0,0,10.6844,334.012
122,5,0,0,10.6718,270.034
117,5,0,0,10.6548,184.186
118,5,0,0,10.6464,143.105
1968,5,0,0,10.62,0
819,5,0,1,10.9299,1731.95,0.0483333,210.815,0.55,2
811,5,0,1,10.912,1620.91
805,5,0,1,10.9089,1602.96
358,5,0,1,10.897,1537.83
349,5,0,1,10.881,1453.54
344,5,0,1,10.8691,1373.22
849,5,0,2,11.0289,2240.73,0.0695,303.138,0.23,3
1774,5,0,2,11.0252,2220.22
837,5,0,2,11.014,2151.53
2010,5,0,2,11.0062,2104.76
2009,5,0,2,10.9855,1990.47
819,5,0,2,10.9782,1942.77
850,5,0,3,11.1059,2593.34,0.0711667,310.408,0.1,4
849,5,0,3,11.0984,2543.87
2176,5,0,4,11.2271,3223.94,0.0568333,247.89,0.16,5
2066,5,0,4,11.2169,3156.83
869,5,0,4,11.2063,3081.81
865,5,0,4,11.1898,2988.71
852,5,0,4,11.183,2946.73
850,5,0,4,11.177,2903.75
1306,5,0,5,11.3165,3659.26,0.0916667,399.822,0.11,6
1599,5,0,5,11.3005,3569.81
1300,5,0,5,11.2967,3544.1
1298,5,0,5,11.2905,3511.19
2176,5,0,5,11.2839,3471.83
869,5,0,6,11.4782,4445.12,0.0495,215.904,0.11,7
2066,5,0,6,11.4572,4335.56
1297,5,0,6,11.4302,4192.81
1299,5,0,6,11.4243,4159.87
1600,5,0,6,11.4229,4146.42
1306,5,0,6,11.4081,4059.08
320,5,0,7,11.7667,6036.56,0.0905,394.734,0.38,8
1978,5,0,7,11.7481,5916.36
1979,5,0,7,11.7135,5703.81
329,5,0,7,11.7114,5686.38
2114,5,0,7,11.7065,5661.82
335,5,0,7,11.696,5600.54
1819,5,0,7,11.6915,5572.36
344,5,0,7,11.676,5476.65
349,5,0,7,11.6642,5396.41
355,5,0,7,11.6472,5311.19
356,5,0,7,11.6304,5212.66
807,5,0,7,11.6153,5132.28
812,5,0,7,11.6151,5131.49
2008,5,0,7,11.6024,5049.58
821,5,0,7,11.5975,5022.06
2153,5,0,7,11.5878,4970.41
831,5,0,7,11.5877,4970.33
832,5,0,7,11.579,4925.83
843,5,0,7,11.5675,4862.03
855,5,0,7,11.5401,4725.55
1856,5,0,7,11.5399,4724.84
869,5,0,7,11.5277,4661.03
105,5,0,8,11.927,6828.83,0.104333,455.071,0.4,9
1967,5,0,8,11.8909,6637.13
107,5,0,8,11.8856,6607.33
1978,5,0,8,11.8764,6552.21
320,5,0,8,11.8572,6431.29
1970,5,0,9,12.0667,7476.25,0.0341667,149.025,0.09,10
124,5,0,9,12.0458,7363.57
105,5,0,9,12.0313,7283.9
1968,5,0,10,12.178,8013.15,0,0,0
118,5,0,10,12.1385,7814.72
117,5,0,10,12.1313,7778.75
122,5,0,10,12.1141,7691.83
1970,5,0,10,12.1009,7625.28
105,6,0,0,11.233,499.965,0.104333,455.071,0.4,1
124,6,0,0,11.2197,425.166
1970,6,0,0,11.2039,332.084
122,6,0,0,11.191,266.81
117,6,0,0,11.1756,187.792
118,6,0,0,11.1678,149.07
1968,6,0,0,11.14,0
320,6,0,1,11.392,1306.15,0.0905,394.734,0.38,2
1978,6,0,1,11.3734,1185.95
107,6,0,1,11.3649,1131.84
1967,6,0,1,11.3619,1103.14
105,6,0,1,11.3373,955.035
344,6,0,2,11.5847,2288.05,0.0798333,348.209,0.09,3
1819,6,0,2,11.5713,2194.53
335,6,0,2,11.5663,2165.58
2114,6,0,2,11.551,2084.78
329,6,0,2,11.5485,2069.73
2116,6,0,2,11.5433,2042.86
327,6,0,2,11.5289,1964.19
324,6,0,2,11.5245,1941.68
319,6,0,2,11.4951,1786.59
320,6,0,2,11.4825,1700.89
849,6,0,3,11.784,3312.69,0.0695,303.138,0.23,4
1774,6,0,3,11.7804,3292.69
837,6,0,3,11.7682,3222.25
2010,6,0,3,11.7596,3173.95
2009,6,0,3,11.7375,3053.53
819,6,0,3,11.7304,3006.03
811,6,0,3,11.7092,2887.42
805,6,0,3,11.7057,2867.98
358,6,0,3,11.6951,2808.47
349,6,0,3,11.6776,2717.86
344,6,0,3,11.6645,2636.26
2176,6,0,4,11.9111,3985.49,0.0568333,247.89,0.16,5
2066,6,0,4,11.9009,3918.38
869,6,0,4,11.8903,3843.37
865,6,0,4,11.8738,3750.26
852,6,0,4,11.867,3708.29
850,6,0,4,11.861,3665.31
849,6,0,4,11.8535,3615.83
1306,6,0,5,12.0005,4420.82,0.0833333,363.475,0.03,6
1599,6,0,5,11.9845,4331.37
1300,6,0,5,11.9807,4305.65
1298,6,0,5,11.9745,4272.75
2176,6,0,5,11.9679,4233.38
869,6,0,6,12.1631,5211.08,0.0443333,193.369,0.11,7
2066,6,0,6,12.1357,5075.13
1297,6,0,6,12.1053,4917.55
1299,6,0,6,12.0992,4884
1600,6,0,6,12.0978,4870.55
1306,6,0,6,12.0838,4784.29
850,6,0,7,12.2355,5579.97,0.1105,481.968,0.03,8
852,6,0,7,12.228,5535.34
865,6,0,7,12.2213,5493.5
869,6,0,7,12.2074,5404.45
819,6,0,8,12.3988,6402.79,0.0838333,365.656,0.48,9
2009,6,0,8,12.3921,6355.58
2010,6,0,8,12.3764,6254.74
837,6,0,8,12.3692,6208.78
1774,6,0,8,12.3548,6130
849,6,0,8,12.3517,6111.4
850,6,0,8,12.346,6061.94
1970,6,0,9,12.7016,8034.1,0.0341667,149.025,0.09,10
124,6,0,9,12.6807,7921.42
105,6,0,9,12.6663,7841.75
1967,6,0,9,12.6289,7644.68
107,6,0,9,12.6237,7615.06
1978,6,0,9,12.6147,7560.17
1979,6,0,9,12.5829,7350.98
329,6,0,9,12.5807,7333.54
2114,6,0,9,12.5762,7310.33
335,6,0,9,12.5658,7249.2
1819,6,0,9,12.5608,7220.26
344,6,0,9,12.5442,7123.01
349,6,0,9,12.5301,7039.93
358,6,0,9,12.5177,6970.62
805,6,0,9,12.5062,6907.34
811,6,0,9,12.5044,6889.6
819,6,0,9,12.4826,6768.44
1968,6,0,10,12.8129,8571,0,0,0
118,6,0,10,12.7734,8372.57
117,6,0,10,12.7663,8336.59
122,6,0,10,12.749,8249.68
1970,6,0,10,12.7358,8183.12
320,7,0,0,11.4077,851.082,0.0905,394.734,0.38,1
1978,7,0,0,11.3891,730.88
107,7,0,0,11.3806,676.772
1967,7,0,0,11.3776,648.066
105,7,0,0,11.353,499.965
124,7,0,0,11.3397,425.166
1970,7,0,0,11.3239,332.084
122,7,0,0,11.311,266.81
117,7,0,0,11.2956,187.792
118,7,0,0,11.2878,149.07
1968,7,0,0,11.26,0
344,7,0,1,11.6003,1832.98,0.0798333,348.209,0.09,2
1819,7,0,1,11.587,1739.46
335,7,0,1,11.582,1710.51
2114,7,0,1,11.5667,1629.71
329,7,0,1,11.5641,1614.66
2116,7,0,1,11.559,1587.79
327,7,0,1,11.5445,1509.12
324,7,0,1,11.5402,1486.61
319,7,0,1,11.5108,1331.52
320,7,0,1,11.4982,1245.82
849,7,0,2,11.7997,2857.62,0.0695,303.138,0.23,3
1774,7,0,2,11.7961,2837.62
837,7,0,2,11.7838,2767.18
2010,7,0,2,11.7753,2718.88
2009,7,0,2,11.7531,2598.46
819,7,0,2,11.746,2550.96
811,7,0,2,11.7248,2432.35
805,7,0,2,11.7213,2412.91
358,7,0,2,11.7107,2353.4
349,7,0,2,11.6933,2262.79
344,7,0,2,11.6802,2181.19
2176,7,0,3,11.9267,3530.42,0.0568333,247.89,0.16,4
2066,7,0,3,11.9165,3463.31
869,7,0,3,11.906,3388.3
865,7,0,3,11.8895,3295.19
852,7,0,3,11.8826,3253.22
850,7,0,3,11.8767,3210.24
849,7,0,3,11.8692,3160.76
1306,7,0,4,12.0161,3965.75,0.0833333,363.475,0.03,5
1599,7,0,4,12.0002,3876.3
1300,7,0,4,11.9964,3850.58
1298,7,0,4,11.9902,3817.68
2176,7,0,4,11.9836,3778.31
869,7,0,5,12.1788,4756.01,0.0443333,193.369,0.11,6
2066,7,0,5,12.1514,4620.06
1297,7,0,5,12.1209,4462.48
1299,7,0,5,12.1149,4428.93
1600,7,0,5,12.1135,4415.48
1306,7,0,5,12.0995,4329.22
850,7,0,6,12.2512,5124.9,0.1105,481.968,0.03,7
852,7,0,6,12.2437,5080.27
865,7,0,6,12.237,5038.43
869,7,0,6,12.2231,4949.38
819,7,0,7,12.4144,5947.72,0.0838333,365.656,0.48,8
2009,7,0,7,12.4077,5900.51
2010,7,0,7,12.392,5799.67
837,7,0,7,12.3848,5753.71
1774,7,0,7,12.3705,5674.93
849,7,0,7,12.3674,5656.33
850,7,0,7,12.3617,5606.87
1970,7,0,8,12.7173,7579.03,0.0341667,149.025,0.09,9
124,7,0,8,12.6964,7466.35
105,7,0,8,12.6819,7386.67
1967,7,0,8,12.6446,7189.61
107,7,0,8,12.6394,7159.99
1978,7,0,8,12.6303,7105.1
1979,7,0,8,12.5986,6895.91
329,7,0,8,12.5964,6878.47
2114,7,0,8,12.5919,6855.26
335,7,0,8,12.5814,6794.13
1819,7,0,8,12.5765,6765.19
344,7,0,8,12.5599,6667.94
349,7,0,8,12.5458,6584.86
358,7,0,8,12.5333,6515.55
805,7,0,8,12.5219,6452.27
811,7,0,8,12.52,6434.53
819,7,0,8,12.4983,6313.37
1968,7,0,9,12.8286,8115.93,0,0,0
118,7,0,9,12.7891,7917.5
117,7,0,9,12.7819,7881.52
122,7,0,9,12.7647,7794.61
1970,7,0,9,12.7515,7728.05
105,7,1,0,9.93826,522.901,0.1085,473.244,0.3,1
124,7,1,0,9.92272,438.596
1970,7,1,0,9.90717,345.923
122,7,1,0,9.8944,281.164
117,7,1,0,9.87485,184.747
118,7,1,0,9.86805,150.127
1968,7,1,0,9.84,0
1968,7,1,1,10.1472,1525.79,0,0,0
118,7,1,1,10.1147,1356.71
117,7,1,1,10.1074,1320.07
122,7,1,1,10.0908,1235.7
1970,7,1,1,10.0788,1174.12
124,7,1,1,10.0595,1068.77
105,7,1,1,10.0468,996.145
1970,8,0,0,10.4744,334.012,0.0656667,286.418,0.08,1
122,8,0,0,10.4618,270.034
117,8,0,0,10.4448,184.186
118,8,0,0,10.4364,143.105
1968,8,0,0,10.41,0
320,8,0,1,10.6224,1135.89,0.0988333,431.081,0.34,2
1978,8,0,1,10.6041,1016.01
107,8,0,1,10.5957,961.991
1967,8,0,1,10.5927,933.285
105,8,0,1,10.5675,784.321
124,8,0,1,10.5555,713.002
1970,8,0,1,10.54,620.43
344,8,0,2,10.821,2144.22,0.0413333,180.284,0.09,3
1819,8,0,2,10.8073,2050.51
335,8,0,2,10.8029,2022.34
2114,8,0,2,10.788,1943.23
329,8,0,2,10.7854,1928.05
2116,8,0,2,10.7804,1902.12
327,8,0,2,10.7665,1825.77
324,8,0,2,10.763,1806.83
319,8,0,2,10.7338,1652.67
320,8,0,2,10.7212,1566.97
819,8,0,3,10.9231,2683.23,0.0483333,210.815,0.55,4
811,8,0,3,10.9052,2572.2
805,8,0,3,10.9021,2554.24
358,8,0,3,10.8902,2489.11
349,8,0,3,10.8743,2404.82
344,8,0,3,10.8623,2324.51
849,8,0,4,11.0221,3192.01,0.0695,303.138,0.23,5
1774,8,0,4,11.0184,3171.51
837,8,0,4,11.0072,3102.81
2010,8,0,4,10.9994,3056.04
2009,8,0,4,10.9787,2941.76
819,8,0,4,10.9714,2894.05
850,8,0,5,11.0991,3544.63,0.0711667,310.408,0.1,6
849,8,0,5,11.0916,3495.15
2176,8,0,6,11.2203,4175.22,0.0568333,247.89,0.16,7
2066,8,0,6,11.2101,4108.11
869,8,0,6,11.1995,4033.09
865,8,0,6,11.183,3939.99
852,8,0,6,11.1762,3898.02
850,8,0,6,11.1702,3855.03
1306,8,0,7,11.3097,4610.54,0.0916667,399.822,0.11,8
1599,8,0,7,11.2938,4521.1
1300,8,0,7,11.29,4495.38
1298,8,0,7,11.2838,4462.47
2176,8,0,7,11.2771,4423.11
869,8,0,8,11.4715,5396.4,0.0495,215.904,0.11,9
2066,8,0,8,11.4504,5286.85
1297,8,0,8,11.4234,5144.09
1299,8,0,8,11.4175,5111.15
1600,8,0,8,11.4161,5097.7
1306,8,0,8,11.4014,5010.36
105,8,0,9,11.7917,7143.33,0.104333,455.071,0.4,10
1967,8,0,9,11.7558,6952.55
107,8,0,9,11.7505,6922.76
1978,8,0,9,11.7413,6867.64
1979,8,0,9,11.7068,6655.09
329,8,0,9,11.7046,6637.66
2114,8,0,9,11.6997,6613.11
335,8,0,9,11.6892,6551.83
1819,8,0,9,11.6847,6523.64
344,8,0,9,11.6692,6427.94
349,8,0,9,11.6574,6347.69
355,8,0,9,11.6404,6262.47
356,8,0,9,11.6236,6163.94
807,8,0,9,11.6085,6083.56
812,8,0,9,11.6084,6082.77
2008,8,0,9,11.5956,6000.86
821,8,0,9,11.5907,5973.35
2153,8,0,9,11.581,5921.69
831,8,0,9,11.581,5921.61
832,8,0,9,11.5722,5877.11
843,8,0,9,11.5608,5813.31
855,8,0,9,11.5333,5676.83
1856,8,0,9,11.5332,5676.12
869,8,0,9,11.521,5612.31
1968,8,0,10,11.9979,8133.73,0,0,0
118,8,0,10,11.9627,7953.64
117,8,0,10,11.9556,7917.41
122,8,0,10,11.9423,7847.4
1970,8,0,10,11.9285,7778.11
124,8,0,10,11.9093,7673.1
105,8,0,10,11.896,7598.4
320,9,0,0,11.4077,851.082,0.0905,394.734,0.38,1
1978,9,0,0,11.3891,730.88
107,9,0,0,11.3806,676.772
1967,9,0,0,11.3776,648.066
105,9,0,0,11.353,499.965
124,9,0,0,11.3397,425.166
1970,9,0,0,11.3239,332.084
122,9,0,0,11.311,266.81
117,9,0,0,11.2956,187.792
118,9,0,0,11.2878,149.07
1968,9,0,0,11.26,0
344,9,0,1,11.6003,1832.98,0.0798333,348.209,0.09,2
1819,9,0,1,11.587,1739.46
335,9,0,1,11.582,1710.51
2114,9,0,1,11.5667,1629.71
329,9,0,1,11.5641,1614.66
2116,9,0,1,11.559,1587.79
327,9,0,1,11.5445,1509.12
324,9,0,1,11.5402,1486.61
319,9,0,1,11.5108,1331.52
320,9,0,1,11.4982,1245.82
849,9,0,2,11.7997,2857.62,0.0695,303.138,0.23,3
1774,9,0,2,11.7961,2837.62
837,9,0,2,11.7838,2767.18
2010,9,0,2,11.7753,2718.88
2009,9,0,2,11.7531,2598.46
819,9,0,2,11.746,2550.96
811,9,0,2,11.7248,2432.35
805,9,0,2,11.7213,2412.91
358,9,0,2,11.7107,2353.4
349,9,0,2,11.6933,2262.79
344,9,0,2,11.6802,2181.19
2176,9,0,3,11.9267,3530.42,0.0568333,247.89,0.16,4
2066,9,0,3,11.9165,3463.31
869,9,0,3,11.906,3388.3
865,9,0,3,11.8895,3295.19
852,9,0,3,11.8826,3253.22
850,9,0,3,11.8767,3210.24
849,9,0,3,11.8692,3160.76
1306,9,0,4,12.0161,3965.75,0.0833333,363.475,0.03,5
1599,9,0,4,12.0002,3876.3
1300,9,0,4,11.9964,3850.58
1298,9,0,4,11.9902,3817.68
2176,9,0,4,11.9836,3778.31
869,9,0,5,12.1788,4756.01,0.0443333,193.369,0.11,6
2066,9,0,5,12.1514,4620.06
1297,9,0,5,12.1209,4462.48
1299,9,0,5,12.1149,4428.93
1600,9,0,5,12.1135,4415.48
1306,9,0,5,12.0995,4329.22
850,9,0,6,12.2512,5124.9,0.1105,481.968,0.03,7
852,9,0,6,12.2437,5080.27
865,9,0,6,12.237,5038.43
869,9,0,6,12.2231,4949.38
819,9,0,7,12.4144,5947.72,0.0838333,365.656,0.48,8
2009,9,0,7,12.4077,5900.51
2010,9,0,7,12.392,5799.67
837,9,0,7,12.3848,5753.71
1774,9,0,7,12.3705,5674.93
849,9,0,7,12.3674,5656.33
850,9,0,7,12.3617,5606.87
105,9,0,8,12.6819,7386.67,0.0435,189.734,0.48,9
1967,9,0,8,12.6446,7189.61
107,9,0,8,12.6394,7159.99
1978,9,0,8,12.6303,7105.1
1979,9,0,8,12.5986,6895.91
329,9,0,8,12.5964,6878.47
2114,9,0,8,12.5919,6855.26
335,9,0,8,12.5814,6794.13
1819,9,0,8,12.5765,6765.19
344,9,0,8,12.5599,6667.94
349,9,0,8,12.5458,6584.86
358,9,0,8,12.5333,6515.55
805,9,0,8,12.5219,6452.27
811,9,0,8,12.52,6434.53
819,9,0,8,12.4983,6313.37
1970,9,0,9,12.7608,7768.76,0.0341667,149.025,0.09,10
124,9,0,9,12.7399,7656.08
105,9,0,9,12.7254,7576.41
1968,9,0,10,12.8721,8305.66,0,0,0
118,9,0,10,12.8326,8107.23
117,9,0,10,12.8254,8071.26
122,9,0,10,12.8082,7984.34
1970,9,0,10,12.795,7917.79
320,10,0,0,11.4177,851.082,0.0905,394.734,0.38,1
1978,10,0,0,11.3991,730.88
107,10,0,0,11.3906,676.772
1967,10,0,0,11.3876,648.066
105,10,0,0,11.363,499.965
124,10,0,0,11.3497,425.166
1970,10,0,0,11.3339,332.084
122,10,0,0,11.321,266.81
117,10,0,0,11.3056,187.792
118,10,0,0,11.2978,149.07
1968,10,0,0,11.27,0
344,10,0,1,11.6103,1832.98,0.0798333,348.209,0.09,2
1819,10,0,1,11.597,1739.46
335,10,0,1,11.592,1710.51
2114,10,0,1,11.5767,1629.71
329,10,0,1,11.5741,1614.66
2116,10,0,1,11.569,1587.79
327,10,0,1,11.5545,1509.12
324,10,0,1,11.5502,1486.61
319,10,0,1,11.5208,1331.52
320,10,0,1,11.5082,1245.82
850,10,0,2,11.8172,2907.1,0.0711667,310.408,0.1,3
849,10,0,2,11.8097,2857.62
1774,10,0,2,11.8061,2837.62
837,10,0,2,11.7938,2767.18
2010,10,0,2,11.7853,2718.88
2009,10,0,2,11.7631,2598.46
819,10,0,2,11.756,2550.96
811,10,0,2,11.7348,2432.35
805,10,0,2,11.7313,2412.91
358,10,0,2,11.7207,2353.4
349,10,0,2,11.7033,2262.79
344,10,0,2,11.6902,2181.19
2176,10,0,3,11.9384,3537.69,0.0568333,247.89,0.16,4
2066,10,0,3,11.9282,3470.58
869,10,0,3,11.9176,3395.57
865,10,0,3,11.9011,3302.46
852,10,0,3,11.8943,3260.49
850,10,0,3,11.8883,3217.51
1306,10,0,4,12.0278,3973.02,0.0833333,363.475,0.03,5
1599,10,0,4,12.0119,3883.57
1300,10,0,4,12.0081,3857.85
1298,10,0,4,12.0019,3824.94
2176,10,0,4,11.9952,3785.58
869,10,0,5,12.1904,4763.28,0.0443333,193.369,0.11,6
2066,10,0,5,12.1631,4627.33
1297,10,0,5,12.1326,4469.75
1299,10,0,5,12.1266,4436.2
1600,10,0,5,12.1251,4422.75
1306,10,0,5,12.1111,4336.49
849,10,0,6,12.2685,5181.63,0.0775,338.032,0.22,7
850,10,0,6,12.2629,5132.17
852,10,0,6,12.2553,5087.54
865,10,0,6,12.2486,5045.69
869,10,0,6,12.2348,4956.65
819,10,0,7,12.3931,5811.05,0.0838333,365.656,0.48,8
2009,10,0,7,12.3864,5763.84
2010,10,0,7,12.3707,5663
837,10,0,7,12.3635,5617.04
1774,10,0,7,12.3492,5538.27
849,10,0,7,12.346,5519.66
105,10,0,8,12.6606,7250.01,0.0435,189.734,0.48,9
1967,10,0,8,12.6233,7052.95
107,10,0,8,12.618,7023.33
1978,10,0,8,12.609,6968.43
1979,10,0,8,12.5772,6759.25
329,10,0,8,12.5751,6741.8
2114,10,0,8,12.5705,6718.6
335,10,0,8,12.5601,6657.46
1819,10,0,8,12.5551,6628.52
344,10,0,8,12.5386,6531.27
349,10,0,8,12.5245,6448.19
358,10,0,8,12.512,6378.89
805,10,0,8,12.5005,6315.6
811,10,0,8,12.4987,6297.87
819,10,0,8,12.4769,6176.7
1970,10,0,9,12.7395,7632.09,0.0341667,149.025,0.09,10
124,10,0,9,12.7186,7519.42
105,10,0,9,12.7041,7439.74
1968,10,0,10,12.8507,8168.99,0,0,0
118,10,0,10,12.8112,7970.57
117,10,0,10,12.8041,7934.59
122,10,0,10,12.7868,7847.67
1970,10,0,10,12.7737,7781.12
1970,11,0,0,11.2939,332.084,0.0768333,335.124,0.08,1
122,11,0,0,11.281,266.81
117,11,0,0,11.2656,187.792
118,11,0,0,11.2578,149.07
1968,11,0,0,11.23,0
105,11,0,1,11.3998,835.089,0.104333,455.071,0.4,2
124,11,0,1,11.3865,760.29
1970,11,0,1,11.3707,667.208
320,11,0,2,11.5588,1641.28,0.0905,394.734,0.38,3
1978,11,0,2,11.5402,1521.07
107,11,0,2,11.5318,1466.97
1967,11,0,2,11.5288,1438.26
105,11,0,2,11.5042,1290.16
344,11,0,3,11.7515,2623.18,0.0798333,348.209,0.09,4
1819,11,0,3,11.7381,2529.65
335,11,0,3,11.7332,2500.7
2114,11,0,3,11.7178,2419.91
329,11,0,3,11.7153,2404.85
2116,11,0,3,11.7102,2377.98
327,11,0,3,11.6957,2299.31
324,11,0,3,11.6913,2276.8
319,11,0,3,11.6619,2121.71
320,11,0,3,11.6493,2036.01
2176,11,0,4,12.0084,4017.48,0.0963333,420.177,0.14,5
2066,11,0,4,11.9982,3950.37
869,11,0,4,11.9876,3875.35
865,11,0,4,11.9711,3782.25
852,11,0,4,11.9643,3740.28
850,11,0,4,11.9583,3697.29
849,11,0,4,11.9509,3647.82
1774,11,0,4,11.9473,3627.82
837,11,0,4,11.935,3557.37
2010,11,0,4,11.9264,3509.08
2009,11,0,4,11.9043,3388.65
819,11,0,4,11.8972,3341.16
811,11,0,4,11.876,3222.54
805,11,0,4,11.8725,3203.11
358,11,0,4,11.8619,3143.6
349,11,0,4,11.8444,3052.98
344,11,0,4,11.8313,2971.38
1306,11,0,5,12.1385,4628.89,0.0833333,363.475,0.03,6
1599,11,0,5,12.121,4532.44
1300,11,0,5,12.1166,4506.02
1298,11,0,5,12.1113,4476.84
2176,11,0,5,12.1047,4437.66
869,11,0,6,12.3012,5419.15,0.0443333,193.369,0.11,7
2066,11,0,6,12.2738,5283.21
1297,11,0,6,12.2433,5125.62
1299,11,0,6,12.2373,5092.08
1600,11,0,6,12.2358,5078.63
1306,11,0,6,12.2218,4992.37
850,11,0,7,12.3736,5788.05,0.1105,481.968,0.03,8
852,11,0,7,12.3661,5743.41
865,11,0,7,12.3593,5701.57
869,11,0,7,12.3455,5612.52
849,11,0,8,12.4898,6319.48,0.0775,338.032,0.22,9
850,11,0,8,12.4841,6270.02
819,11,0,9,12.6143,6948.89,0.0838333,365.656,0.48,10
2009,11,0,9,12.6076,6901.69
2010,11,0,9,12.5919,6800.84
837,11,0,9,12.5847,6754.89
1774,11,0,9,12.5704,6676.11
849,11,0,9,12.5673,6657.51
1968,11,0,10,12.9943,8968.35,0,0,0
118,11,0,10,12.9551,8771.07
117,11,0,10,12.9477,8733.68
122,11,0,10,12.9304,8646.76
1970,11,0,10,12.9172,8580.21
124,11,0,10,12.8963,8467.53
105,11,0,10,12.8818,8387.85
1967,11,0,10,12.8445,8190.79
107,11,0,10,12.8392,8161.17
1978,11,0,10,12.8302,8106.28
1979,11,0,10,12.7984,7897.09
329,11,0,10,12.7963,7879.65
2114,11,0,10,12.7917,7856.44
335,11,0,10,12.7813,7795.31
1819,11,0,10,12.7763,7766.37
344,11,0,10,12.7598,7669.12
349,11,0,10,12.7457,7586.03
358,11,0,10,12.7332,7516.73
805,11,0,10,12.7217,7453.45
811,11,0,10,12.7199,7435.71
819,11,0,10,12.6982,7314.55
344,12,0,0,11.5936,1213.94,0.0798333,348.209,0.09,1
1819,12,0,0,11.5802,1120.41
335,12,0,0,11.5752,1091.46
2114,12,0,0,11.5599,1010.67
329,12,0,0,11.5574,995.611
1979,12,0,0,11.5515,965.863
1978,12,0,0,11.5091,730.88
107,12,0,0,11.5006,676.772
1967,12,0,0,11.4976,648.066
105,12,0,0,11.473,499.965
124,12,0,0,11.4597,425.166
1970,12,0,0,11.4439,332.084
122,12,0,0,11.431,266.81
117,12,0,0,11.4156,187.792
118,12,0,0,11.4078,149.07
1968,12,0,0,11.38,0
849,12,0,1,11.7929,2238.58,0.0695,303.138,0.23,2
1774,12,0,1,11.7893,2218.58
837,12,0,1,11.7771,2148.13
2010,12,0,1,11.7685,2099.84
2009,12,0,1,11.7464,1979.41
819,12,0,1,11.7393,1931.92
811,12,0,1,11.7181,1813.3
805,12,0,1,11.7146,1793.87
358,12,0,1,11.704,1734.36
349,12,0,1,11.6865,1643.75
344,12,0,1,11.6734,1562.15
2176,12,0,2,11.92,2911.38,0.0568333,247.89,0.16,3
2066,12,0,2,11.9098,2844.27
869,12,0,2,11.8992,2769.25
865,12,0,2,11.8827,2676.15
852,12,0,2,11.8759,2634.18
850,12,0,2,11.8699,2591.19
849,12,0,2,11.8624,2541.72
1306,12,0,3,12.0094,3346.7,0.0833333,363.475,0.03,4
1599,12,0,3,11.9934,3257.26
1300,12,0,3,11.9896,3231.54
1298,12,0,3,11.9834,3198.63
2176,12,0,3,11.9768,3159.27
869,12,0,4,12.172,4136.96,0.0443333,193.369,0.11,5
2066,12,0,4,12.1447,4001.02
1297,12,0,4,12.1142,3843.43
1299,12,0,4,12.1082,3809.89
1600,12,0,4,12.1067,3796.44
1306,12,0,4,12.0927,3710.18
850,12,0,5,12.2444,4505.86,0.1105,481.968,0.03,6
852,12,0,5,12.2369,4461.22
865,12,0,5,12.2302,4419.38
869,12,0,5,12.2164,4330.33
819,12,0,6,12.4077,5328.67,0.0838333,365.656,0.48,7
2009,12,0,6,12.401,5281.47
2010,12,0,6,12.3853,5180.62
837,12,0,6,12.3781,5134.67
1774,12,0,6,12.3637,5055.89
849,12,0,6,12.3606,5037.29
850,12,0,6,12.3549,4987.83
1970,12,0,7,12.7106,6959.98,0.0341667,149.025,0.09,8
124,12,0,7,12.6896,6847.31
105,12,0,7,12.6752,6767.63
1967,12,0,7,12.6378,6570.57
107,12,0,7,12.6326,6540.95
1978,12,0,7,12.6236,6486.06
1979,12,0,7,12.5918,6276.87
329,12,0,7,12.5897,6259.42
2114,12,0,7,12.5851,6236.22
335,12,0,7,12.5747,6175.08
1819,12,0,7,12.5697,6146.15
344,12,0,7,12.5532,6048.89
349,12,0,7,12.5391,5965.81
358,12,0,7,12.5266,5896.51
805,12,0,7,12.5151,5833.23
811,12,0,7,12.5133,5815.49
819,12,0,7,12.4915,5694.33
1968,12,0,8,12.8218,7496.88,0,0,0
118,12,0,8,12.7823,7298.46
117,12,0,8,12.7752,7262.48
122,12,0,8,12.7579,7175.56
1970,12,0,8,12.7447,7109.01
320,12,1,0,9.84409,875.602,0.084,366.383,0.32,1
1978,12,1,0,9.82514,755.022
107,12,1,0,9.81642,700.585
1967,12,1,0,9.81341,671.88
105,12,1,0,9.78826,522.901
124,12,1,0,9.77272,438.596
1970,12,1,0,9.75717,345.923
122,12,1,0,9.7444,281.164
117,12,1,0,9.72485,184.747
118,12,1,0,9.71805,150.127
1968,12,1,0,9.69,0
105,12,1,1,9.99898,1639.24,0.1085,473.244,0.3,2
1967,12,1,1,9.96377,1451.36
107,12,1,1,9.95828,1420.63
1978,12,1,1,9.94855,1364.65
320,12,1,1,9.92809,1241.98
1968,12,1,2,10.2079,2642.13,0,0,0
118,12,1,2,10.1754,2473.05
117,12,1,2,10.1681,2436.41
122,12,1,2,10.1515,2352.05
1970,12,1,2,10.1395,2290.47
124,12,1,2,10.1203,2185.11
105,12,1,2,10.1075,2112.49
1970,13,0,0,10.3644,334.012,0.0656667,286.418,0.08,1
122,13,0,0,10.3518,270.034
117,13,0,0,10.3348,184.186
118,13,0,0,10.3264,143.105
1968,13,0,0,10.3,0
105,13,0,1,10.4575,784.321,0.115333,503.049,0.34,2
124,13,0,1,10.4455,713.002
1970,13,0,1,10.43,620.43
320,13,0,2,10.6277,1638.94,0.0988333,431.081,0.34,3
1978,13,0,2,10.6094,1519.06
107,13,0,2,10.601,1465.04
1967,13,0,2,10.598,1436.33
105,13,0,2,10.5729,1287.37
344,13,0,3,10.8263,2647.27,0.0413333,180.284,0.09,4
1819,13,0,3,10.8127,2553.56
335,13,0,3,10.8082,2525.38
2114,13,0,3,10.7933,2446.28
329,13,0,3,10.7907,2431.1
2116,13,0,3,10.7858,2405.17
327,13,0,3,10.7718,2328.82
324,13,0,3,10.7683,2309.88
319,13,0,3,10.7391,2155.72
320,13,0,3,10.7265,2070.02
819,13,0,4,10.9284,3186.28,0.0483333,210.815,0.55,5
811,13,0,4,10.9105,3075.25
805,13,0,4,10.9075,3057.29
358,13,0,4,10.8956,2992.16
349,13,0,4,10.8796,2907.87
344,13,0,4,10.8677,2827.56
849,13,0,5,11.0274,3695.06,0.0695,303.138,0.23,6
1774,13,0,5,11.0237,3674.56
837,13,0,5,11.0125,3605.86
2010,13,0,5,11.0048,3559.09
2009,13,0,5,10.9841,3444.81
819,13,0,5,10.9767,3397.1
850,13,0,6,11.1044,4047.68,0.0711667,310.408,0.1,7
849,13,0,6,11.0969,3998.2
2176,13,0,7,11.2256,4678.27,0.0568333,247.89,0.16,8
2066,13,0,7,11.2154,4611.16
869,13,0,7,11.2049,4536.14
865,13,0,7,11.1883,4443.04
852,13,0,7,11.1815,4401.07
850,13,0,7,11.1756,4358.08
1306,13,0,8,11.315,5113.59,0.0916667,399.822,0.11,9
1599,13,0,8,11.2991,5024.15
1300,13,0,8,11.2953,4998.43
1298,13,0,8,11.2891,4965.52
2176,13,0,8,11.2825,4926.16
869,13,0,9,11.4768,5899.45,0.0495,215.904,0.11,10
2066,13,0,9,11.4557,5789.9
1297,13,0,9,11.4288,5647.14
1299,13,0,9,11.4229,5614.2
1600,13,0,9,11.4214,5600.75
1306,13,0,9,11.4067,5513.41
1968,13,0,10,11.9038,8203.98,0,0,0
118,13,0,10,11.8691,8025.67
117,13,0,10,11.8614,7987.16
122,13,0,10,11.844,7899.62
1970,13,0,10,11.8312,7834.88
124,13,0,10,11.8094,7718.32
105,13,0,10,11.797,7646.38
1967,13,0,10,11.7611,7455.6
107,13,0,10,11.7558,7425.81
1978,13,0,10,11.7466,7370.69
1979,13,0,10,11.7121,7158.14
329,13,0,10,11.7099,7140.71
2114,13,0,10,11.705,7116.16
335,13,0,10,11.6945,7054.88
1819,13,0,10,11.6901,7026.69
344,13,0,10,11.6745,6930.99
349,13,0,10,11.6627,6850.74
355,13,0,10,11.6458,6765.52
356,13,0,10,11.629,6666.99
807,13,0,10,11.6139,6586.61
812,13,0,10,11.6137,6585.82
2008,13,0,10,11.601,6503.91
821,13,0,10,11.5961,6476.4
2153,13,0,10,11.5863,6424.74
831,13,0,10,11.5863,6424.66
832,13,0,10,11.5775,6380.16
843,13,0,10,11.5661,6316.36
855,13,0,10,11.5386,6179.88
1856,13,0,10,11.5385,6179.17
869,13,0,10,11.5263,6115.36
105,14,0,0,11.303,499.965,0.104333,455.071,0.4,1
124,14,0,0,11.2897,425.166
1970,14,0,0,11.2739,332.084
122,14,0,0,11.261,266.81
117,14,0,0,11.2456,187.792
118,14,0,0,11.2378,149.07
1968,14,0,0,11.21,0
320,14,0,1,11.462,1306.15,0.0905,394.734,0.38,2
1978,14,0,1,11.4434,1185.95
107,14,0,1,11.4349,1131.84
1967,14,0,1,11.4319,1103.14
105,14,0,1,11.4073,955.035
344,14,0,2,11.6547,2288.05,0.0798333,348.209,0.09,3
1819,14,0,2,11.6413,2194.53
335,14,0,2,11.6363,2165.58
2114,14,0,2,11.621,2084.78
329,14,0,2,11.6185,2069.73
2116,14,0,2,11.6133,2042.86
327,14,0,2,11.5989,1964.19
324,14,0,2,11.5945,1941.68
319,14,0,2,11.5651,1786.59
320,14,0,2,11.5525,1700.89
2176,14,0,3,11.9116,3682.36,0.0568333,247.89,0.16,4
2066,14,0,3,11.9014,3615.25
869,14,0,3,11.8908,3540.23
865,14,0,3,11.8743,3447.12
852,14,0,3,11.8675,3405.15
850,14,0,3,11.8615,3362.17
849,14,0,3,11.854,3312.69
1774,14,0,3,11.8504,3292.69
837,14,0,3,11.8382,3222.25
2010,14,0,3,11.8296,3173.95
2009,14,0,3,11.8075,3053.53
819,14,0,3,11.8004,3006.03
811,14,0,3,11.7792,2887.42
805,14,0,3,11.7757,2867.98
358,14,0,3,11.7651,2808.47
349,14,0,3,11.7476,2717.86
344,14,0,3,11.7345,2636.26
1306,14,0,4,12.001,4117.68,0.0833333,363.475,0.03,5
1599,14,0,4,11.985,4028.23
1300,14,0,4,11.9812,4002.52
1298,14,0,4,11.975,3969.61
2176,14,0,4,11.9684,3930.25
869,14,0,5,12.1636,4907.94,0.0443333,193.369,0.11,6
2066,14,0,5,12.1362,4771.99
1297,14,0,5,12.1058,4614.41
1299,14,0,5,12.0997,4580.86
1600,14,0,5,12.0983,4567.42
1306,14,0,5,12.0843,4481.15
850,14,0,6,12.236,5276.84,0.1105,481.968,0.03,7
852,14,0,6,12.2285,5232.2
865,14,0,6,12.2218,5190.36
869,14,0,6,12.2079,5101.31
849,14,0,7,12.3522,5808.26,0.0775,338.032,0.22,8
850,14,0,7,12.3465,5758.8
819,14,0,8,12.4768,6437.68,0.0838333,365.656,0.48,9
2009,14,0,8,12.4701,6390.47
2010,14,0,8,12.4544,6289.63
837,14,0,8,12.4472,6243.67
1774,14,0,8,12.4328,6164.9
849,14,0,8,12.4297,6146.3
1970,14,0,9,12.7796,8068.99,0.0341667,149.025,0.09,10
124,14,0,9,12.7587,7956.32
105,14,0,9,12.7443,7876.64
1967,14,0,9,12.7069,7679.58
107,14,0,9,12.7017,7649.96
1978,14,0,9,12.6927,7595.07
1979,14,0,9,12.6609,7385.88
329,14,0,9,12.6587,7368.43
2114,14,0,9,12.6542,7345.23
335,14,0,9,12.6438,7284.09
1819,14,0,9,12.6388,7255.16
344,14,0,9,12.6222,7157.9
349,14,0,9,12.6081,7074.82
358,14,0,9,12.5957,7005.52
805,14,0,9,12.5842,6942.24
811,14,0,9,12.5824,6924.5
819,14,0,9,12.5606,6803.34
1968,14,0,10,12.8909,8605.89,0,0,0
118,14,0,10,12.8514,8407.46
117,14,0,10,12.8443,8371.49
122,14,0,10,12.827,8284.57
1970,14,0,10,12.8138,8218.02
320,15,0,0,11.3277,851.082,0.0905,394.734,0.38,1
1978,15,0,0,11.3091,730.88
107,15,0,0,11.3006,676.772
1967,15,0,0,11.2976,648.066
105,15,0,0,11.273,499.965
124,15,0,0,11.2597,425.166
1970,15,0,0,11.2439,332.084
122,15,0,0,11.231,266.81
117,15,0,0,11.2156,187.792
118,15,0,0,11.2078,149.07
1968,15,0,0,11.18,0
344,15,0,1,11.5203,1832.98,0.0798333,348.209,0.09,2
1819,15,0,1,11.507,1739.46
335,15,0,1,11.502,1710.51
2114,15,0,1,11.4867,1629.71
329,15,0,1,11.4841,1614.66
2116,15,0,1,11.479,1587.79
327,15,0,1,11.4645,1509.12
324,15,0,1,11.4602,1486.61
319,15,0,1,11.4308,1331.52
320,15,0,1,11.4182,1245.82
849,15,0,2,11.7197,2857.62,0.0695,303.138,0.23,3
1774,15,0,2,11.7161,2837.62
837,15,0,2,11.7038,2767.18
2010,15,0,2,11.6953,2718.88
2009,15,0,2,11.6731,2598.46
819,15,0,2,11.666,2550.96
811,15,0,2,11.6448,2432.35
805,15,0,2,11.6413,2412.91
358,15,0,2,11.6307,2353.4
349,15,0,2,11.6133,2262.79
344,15,0,2,11.6002,2181.19
850,15,0,3,11.7967,3210.24,0.0711667,310.408,0.1,4
849,15,0,3,11.7892,3160.76
2176,15,0,4,11.9179,3840.83,0.0568333,247.89,0.16,5
2066,15,0,4,11.9077,3773.72
869,15,0,4,11.8971,3698.7
865,15,0,4,11.8806,3605.6
852,15,0,4,11.8738,3563.63
850,15,0,4,11.8678,3520.64
1306,15,0,5,12.0073,4276.15,0.0833333,363.475,0.03,6
1599,15,0,5,11.9914,4186.71
1300,15,0,5,11.9876,4160.99
1298,15,0,5,11.9814,4128.08
2176,15,0,5,11.9747,4088.72
869,15,0,6,12.1699,5066.41,0.0443333,193.369,0.11,7
2066,15,0,6,12.1426,4930.47
1297,15,0,6,12.1121,4772.89
1299,15,0,6,12.1061,4739.34
1600,15,0,6,12.1046,4725.89
1306,15,0,6,12.0906,4639.63
819,15,0,7,12.2951,5776.15,0.0838333,365.656,0.48,8
2009,15,0,7,12.2884,5728.95
2010,15,0,7,12.2727,5628.11
837,15,0,7,12.2655,5582.15
1774,15,0,7,12.2512,5503.37
849,15,0,7,12.248,5484.77
850,15,0,7,12.2424,5435.31
852,15,0,7,12.2348,5390.67
865,15,0,7,12.2281,5348.83
869,15,0,7,12.2143,5259.78
105,15,0,8,12.5626,7215.11,0.0435,189.734,0.48,9
1967,15,0,8,12.5253,7018.05
107,15,0,8,12.52,6988.43
1978,15,0,8,12.511,6933.54
1979,15,0,8,12.4792,6724.35
329,15,0,8,12.4771,6706.91
2114,15,0,8,12.4725,6683.7
335,15,0,8,12.4621,6622.57
1819,15,0,8,12.4571,6593.63
344,15,0,8,12.4406,6496.38
349,15,0,8,12.4265,6413.3
358,15,0,8,12.414,6343.99
805,15,0,8,12.4025,6280.71
811,15,0,8,12.4007,6262.97
819,15,0,8,12.3789,6141.81
1970,15,0,9,12.6415,7597.2,0.0341667,149.025,0.09,10
124,15,0,9,12.6206,7484.52
105,15,0,9,12.6061,7404.85
1968,15,0,10,12.7527,8134.1,0,0,0
118,15,0,10,12.7132,7935.67
117,15,0,10,12.7061,7899.7
122,15,0,10,12.6888,7812.78
1970,15,0,10,12.6756,7746.23
1970,16,0,0,10.3644,334.012,0.0656667,286.418,0.08,1
122,16,0,0,10.3518,270.034
117,16,0,0,10.3348,184.186
118,16,0,0,10.3264,143.105
1968,16,0,0,10.3,0
105,16,0,1,10.4575,784.321,0.115333,503.049,0.34,2
124,16,0,1,10.4455,713.002
1970,16,0,1,10.43,620.43
320,16,0,2,10.6277,1638.94,0.0988333,431.081,0.34,3
1978,16,0,2,10.6094,1519.06
107,16,0,2,10.601,1465.04
1967,16,0,2,10.598,1436.33
105,16,0,2,10.5729,1287.37
344,16,0,3,10.8263,2647.27,0.0413333,180.284,0.09,4
1819,16,0,3,10.8127,2553.56
335,16,0,3,10.8082,2525.38
2114,16,0,3,10.7933,2446.28
329,16,0,3,10.7907,2431.1
2116,16,0,3,10.7858,2405.17
327,16,0,3,10.7718,2328.82
324,16,0,3,10.7683,2309.88
319,16,0,3,10.7391,2155.72
320,16,0,3,10.7265,2070.02
819,16,0,4,10.9284,3186.28,0.0483333,210.815,0.55,5
811,16,0,4,10.9105,3075.25
805,16,0,4,10.9075,3057.29
358,16,0,4,10.8956,2992.16
349,16,0,4,10.8796,2907.87
344,16,0,4,10.8677,2827.56
849,16,0,5,11.0274,3695.06,0.0695,303.138,0.23,6
1774,16,0,5,11.0237,3674.56
837,16,0,5,11.0125,3605.86
2010,16,0,5,11.0048,3559.09
2009,16,0,5,10.9841,3444.81
819,16,0,5,10.9767,3397.1
850,16,0,6,11.1044,4047.68,0.0711667,310.408,0.1,7
849,16,0,6,11.0969,3998.2
869,16,0,7,11.2049,4536.14,0.0495,215.904,0.11,8
865,16,0,7,11.1883,4443.04
852,16,0,7,11.1815,4401.07
850,16,0,7,11.1756,4358.08
2176,16,0,8,11.2751,4894.17,0.0568333,247.89,0.16,9
2066,16,0,8,11.2649,4827.06
869,16,0,8,11.2544,4752.05
1306,16,0,9,11.3645,5329.5,0.0916667,399.822,0.11,10
1599,16,0,9,11.3486,5240.05
1300,16,0,9,11.3448,5214.33
1298,16,0,9,11.3386,5181.42
2176,16,0,9,11.332,5142.06
1968,16,0,10,11.9111,8190.2,0,0,0
1969,16,0,10,11.8988,8113.69
115,16,0,10,11.8962,8099.12
2113,16,0,10,11.8915,8073.3
2133,16,0,10,11.7695,7386.93
366,16,0,10,11.7652,7359.82
2134,16,0,10,11.7519,7288.14
2136,16,0,10,11.7391,7219.3
393,16,0,10,11.7074,7056.26
401,16,0,10,11.6896,6965.31
1739,16,0,10,11.6799,6912.31
1742,16,0,10,11.6729,6875.79
1741,16,0,10,11.6661,6839.66
418,16,0,10,11.6589,6801.19
417,16,0,10,11.6561,6785.37
1989,16,0,10,11.6391,6697.35
2011,16,0,10,11.6188,6593.51
2156,16,0,10,11.6122,6560.6
2013,16,0,10,11.6116,6557.45
886,16,0,10,11.6021,6509.27
888,16,0,10,11.5857,6417.8
903,16,0,10,11.5762,6366.29
904,16,0,10,11.5722,6345.26
925,16,0,10,11.551,6227.3
2019,16,0,10,11.5457,6200.44
929,16,0,10,11.5453,6198.46
938,16,0,10,11.5329,6131.14
950,16,0,10,11.5158,6045.2
951,16,0,10,11.5083,6007.44
949,16,0,10,11.4968,5948.69
2025,16,0,10,11.4933,5931.24
2024,16,0,10,11.4802,5858.83
1301,16,0,10,11.4694,5800.49
1306,16,0,10,11.4562,5729.32
320,17,0,0,11.5177,851.082,0.0905,394.734,0.38,1
1978,17,0,0,11.4991,730.88
107,17,0,0,11.4906,676.772
1967,17,0,0,11.4876,648.066
105,17,0,0,11.463,499.965
124,17,0,0,11.4497,425.166
1970,17,0,0,11.4339,332.084
122,17,0,0,11.421,266.81
117,17,0,0,11.4056,187.792
118,17,0,0,11.3978,149.07
1968,17,0,0,11.37,0
344,17,0,1,11.7103,1832.98,0.0798333,348.209,0.09,2
1819,17,0,1,11.697,1739.46
335,17,0,1,11.692,1710.51
2114,17,0,1,11.6767,1629.71
329,17,0,1,11.6741,1614.66
2116,17,0,1,11.669,1587.79
327,17,0,1,11.6545,1509.12
324,17,0,1,11.6502,1486.61
319,17,0,1,11.6208,1331.52
320,17,0,1,11.6082,1245.82
869,17,0,2,11.9465,3085.16,0.0495,215.904,0.11,3
865,17,0,2,11.9299,2992.05
852,17,0,2,11.9231,2950.08
850,17,0,2,11.9172,2907.1
849,17,0,2,11.9097,2857.62
1774,17,0,2,11.9061,2837.62
837,17,0,2,11.8938,2767.18
2010,17,0,2,11.8853,2718.88
2009,17,0,2,11.8631,2598.46
819,17,0,2,11.856,2550.96
811,17,0,2,11.8348,2432.35
805,17,0,2,11.8313,2412.91
358,17,0,2,11.8207,2353.4
349,17,0,2,11.8033,2262.79
344,17,0,2,11.7902,2181.19
2176,17,0,3,12.0167,3443.19,0.0963333,420.177,0.14,4
2066,17,0,3,12.0065,3376.08
869,17,0,3,11.996,3301.06
1306,17,0,4,12.1468,4054.6,0.0833333,363.475,0.03,5
1599,17,0,4,12.1293,3958.15
1300,17,0,4,12.1249,3931.73
1298,17,0,4,12.1196,3902.55
2176,17,0,4,12.1131,3863.37
850,17,0,5,12.3376,5020.39,0.1105,481.968,0.03,6
852,17,0,5,12.3301,4975.75
865,17,0,5,12.3233,4933.91
869,17,0,5,12.3095,4844.86
2066,17,0,5,12.2821,4708.92
1297,17,0,5,12.2517,4551.33
1299,17,0,5,12.2456,4517.79
1600,17,0,5,12.2442,4504.34
1306,17,0,5,12.2302,4418.08
849,17,0,6,12.4538,5551.82,0.0775,338.032,0.22,7
850,17,0,6,12.4481,5502.36
819,17,0,7,12.5783,6181.23,0.0838333,365.656,0.48,8
2009,17,0,7,12.5716,6134.03
2010,17,0,7,12.5559,6033.18
837,17,0,7,12.5487,5987.23
1774,17,0,7,12.5344,5908.45
849,17,0,7,12.5313,5889.85
1968,17,0,8,12.9583,8200.69,0,0,0
118,17,0,8,12.9191,8003.41
117,17,0,8,12.9117,7966.02
122,17,0,8,12.8944,7879.1
1970,17,0,8,12.8812,7812.54
124,17,0,8,12.8603,7699.87
105,17,0,8,12.8458,7620.19
1967,17,0,8,12.8085,7423.13
107,17,0,8,12.8032,7393.51
1978,17,0,8,12.7942,7338.62
1979,17,0,8,12.7624,7129.43
329,17,0,8,12.7603,7111.99
2114,17,0,8,12.7557,7088.78
335,17,0,8,12.7453,7027.65
1819,17,0,8,12.7403,6998.71
344,17,0,8,12.7238,6901.46
349,17,0,8,12.7097,6818.37
358,17,0,8,12.6972,6749.07
805,17,0,8,12.6857,6685.79
811,17,0,8,12.6839,6668.05
819,17,0,8,12.6622,6546.89
105,17,1,0,9.90826,522.901,0.1085,473.244,0.3,1
124,17,1,0,9.89272,438.596
1970,17,1,0,9.87717,345.923
122,17,1,0,9.8644,281.164
117,17,1,0,9.84485,184.747
118,17,1,0,9.83805,150.127
1968,17,1,0,9.81,0
1970,17,1,1,10.0488,1174.12,0.0656667,286.418,0.08,2
124,17,1,1,10.0295,1068.77
105,17,1,1,10.0168,996.145
1968,17,1,2,10.1829,1812.21,0,0,0
118,17,1,2,10.1504,1643.13
117,17,1,2,10.1431,1606.49
122,17,1,2,10.1264,1522.12
1970,17,1,2,10.1144,1460.54
320,18,0,0,11.4777,851.082,0.0905,394.734,0.38,1
1978,18,0,0,11.4591,730.88
107,18,0,0,11.4506,676.772
1967,18,0,0,11.4476,648.066
105,18,0,0,11.423,499.965
124,18,0,0,11.4097,425.166
1970,18,0,0,11.3939,332.084
122,18,0,0,11.381,266.81
117,18,0,0,11.3656,187.792
118,18,0,0,11.3578,149.07
1968,18,0,0,11.33,0
344,18,0,1,11.6703,1832.98,0.0798333,348.209,0.09,2
1819,18,0,1,11.657,1739.46
335,18,0,1,11.652,1710.51
2114,18,0,1,11.6367,1629.71
329,18,0,1,11.6341,1614.66
2116,18,0,1,11.629,1587.79
327,18,0,1,11.6145,1509.12
324,18,0,1,11.6102,1486.61
319,18,0,1,11.5808,1331.52
320,18,0,1,11.5682,1245.82
2176,18,0,2,11.9272,3227.28,0.0568333,247.89,0.16,3
2066,18,0,2,11.917,3160.17
869,18,0,2,11.9065,3085.16
865,18,0,2,11.8899,2992.05
852,18,0,2,11.8831,2950.08
850,18,0,2,11.8772,2907.1
849,18,0,2,11.8697,2857.62
1774,18,0,2,11.8661,2837.62
837,18,0,2,11.8538,2767.18
2010,18,0,2,11.8453,2718.88
2009,18,0,2,11.8231,2598.46
819,18,0,2,11.816,2550.96
811,18,0,2,11.7948,2432.35
805,18,0,2,11.7913,2412.91
358,18,0,2,11.7807,2353.4
349,18,0,2,11.7633,2262.79
344,18,0,2,11.7502,2181.19
1306,18,0,3,12.0166,3662.61,0.0833333,363.475,0.03,4
1599,18,0,3,12.0007,3573.16
1300,18,0,3,11.9969,3547.45
1298,18,0,3,11.9907,3514.54
2176,18,0,3,11.9841,3475.17
869,18,0,4,12.1793,4452.87,0.0443333,193.369,0.11,5
2066,18,0,4,12.1519,4316.92
1297,18,0,4,12.1214,4159.34
1299,18,0,4,12.1154,4125.79
1600,18,0,4,12.114,4112.35
1306,18,0,4,12.1,4026.08
850,18,0,5,12.2517,4821.76,0.1105,481.968,0.03,6
852,18,0,5,12.2442,4777.13
865,18,0,5,12.2375,4735.29
869,18,0,5,12.2236,4646.24
849,18,0,6,12.3679,5353.19,0.0775,338.032,0.22,7
850,18,0,6,12.3622,5303.73
819,18,0,7,12.4924,5982.61,0.0838333,365.656,0.48,8
2009,18,0,7,12.4857,5935.4
2010,18,0,7,12.47,5834.56
837,18,0,7,12.4628,5788.6
1774,18,0,7,12.4485,5709.83
849,18,0,7,12.4454,5691.23
105,18,0,8,12.7599,7421.57,0.0435,189.734,0.48,9
1967,18,0,8,12.7226,7224.51
107,18,0,8,12.7174,7194.89
1978,18,0,8,12.7083,7139.99
1979,18,0,8,12.6766,6930.81
329,18,0,8,12.6744,6913.36
2114,18,0,8,12.6699,6890.16
335,18,0,8,12.6594,6829.02
1819,18,0,8,12.6545,6800.08
344,18,0,8,12.6379,6702.83
349,18,0,8,12.6238,6619.75
358,18,0,8,12.6113,6550.45
805,18,0,8,12.5999,6487.16
811,18,0,8,12.598,6469.43
819,18,0,8,12.5763,6348.26
1970,18,0,9,12.8388,7803.66,0.0341667,149.025,0.09,10
124,18,0,9,12.8179,7690.98
105,18,0,9,12.8034,7611.3
1968,18,0,10,12.9501,8340.55,0,0,0
118,18,0,10,12.9106,8142.13
117,18,0,10,12.9034,8106.15
122,18,0,10,12.8862,8019.23
1970,18,0,10,12.873,7952.68
344,19,0,0,11.7636,1213.94,0.0798333,348.209,0.09,1
1819,19,0,0,11.7502,1120.41
335,19,0,0,11.7452,1091.46
2114,19,0,0,11.7299,1010.67
329,19,0,0,11.7274,995.611
1979,19,0,0,11.7215,965.863
1978,19,0,0,11.6791,730.88
107,19,0,0,11.6706,676.772
1967,19,0,0,11.6676,648.066
105,19,0,0,11.643,499.965
124,19,0,0,11.6297,425.166
1970,19,0,0,11.6139,332.084
122,19,0,0,11.601,266.81
117,19,0,0,11.5856,187.792
118,19,0,0,11.5778,149.07
1968,19,0,0,11.55,0
849,19,0,1,11.9629,2238.58,0.0695,303.138,0.23,2
1774,19,0,1,11.9593,2218.58
837,19,0,1,11.9471,2148.13
2010,19,0,1,11.9385,2099.84
2009,19,0,1,11.9164,1979.41
819,19,0,1,11.9093,1931.92
811,19,0,1,11.8881,1813.3
805,19,0,1,11.8846,1793.87
358,19,0,1,11.874,1734.36
349,19,0,1,11.8565,1643.75
344,19,0,1,11.8434,1562.15
2176,19,0,2,12.0877,2907.8,0.0963333,420.177,0.14,3
2066,19,0,2,12.0775,2840.64
869,19,0,2,12.0667,2765.49
865,19,0,2,12.0519,2675.28
852,19,0,2,12.0457,2634.02
850,19,0,2,12.0398,2591.04
849,19,0,2,12.0324,2541.72
1306,19,0,3,12.2178,3519.21,0.0833333,363.475,0.03,4
1599,19,0,3,12.2003,3422.76
1300,19,0,3,12.1959,3396.34
1298,19,0,3,12.1906,3367.16
2176,19,0,3,12.1841,3327.98
869,19,0,4,12.3805,4309.48,0.0443333,193.369,0.11,5
2066,19,0,4,12.3531,4173.53
1297,19,0,4,12.3226,4015.95
1299,19,0,4,12.3166,3982.4
1600,19,0,4,12.3152,3968.95
1306,19,0,4,12.3012,3882.69
850,19,0,5,12.4529,4678.37,0.1105,481.968,0.03,6
852,19,0,5,12.4454,4633.74
865,19,0,5,12.4387,4591.89
869,19,0,5,12.4248,4502.84
819,19,0,6,12.6161,5501.18,0.0838333,365.656,0.48,7
2009,19,0,6,12.6094,5453.98
2010,19,0,6,12.5937,5353.13
837,19,0,6,12.5865,5307.18
1774,19,0,6,12.5722,5228.4
849,19,0,6,12.5691,5209.8
850,19,0,6,12.5634,5160.34
1968,19,0,7,12.9962,7520.64,0,0,0
118,19,0,7,12.9569,7323.36
117,19,0,7,12.9495,7285.97
122,19,0,7,12.9322,7199.05
1970,19,0,7,12.919,7132.5
124,19,0,7,12.8981,7019.82
105,19,0,7,12.8836,6940.14
1967,19,0,7,12.8463,6743.08
107,19,0,7,12.8411,6713.46
1978,19,0,7,12.832,6658.57
1979,19,0,7,12.8003,6449.38
329,19,0,7,12.7981,6431.94
2114,19,0,7,12.7936,6408.73
335,19,0,7,12.7831,6347.6
1819,19,0,7,12.7781,6318.66
344,19,0,7,12.7616,6221.41
349,19,0,7,12.7475,6138.32
358,19,0,7,12.735,6069.02
805,19,0,7,12.7235,6005.74
811,19,0,7,12.7217,5988
819,19,0,7,12.7,5866.84
1970,19,1,0,9.61717,345.923,0.051,222.447,0.09,1
122,19,1,0,9.6044,281.164
117,19,1,0,9.58485,184.747
118,19,1,0,9.57805,150.127
1968,19,1,0,9.55,0
320,19,1,1,9.75509,1098.05,0.084,366.383,0.32,2
1978,19,1,1,9.73614,977.469
107,19,1,1,9.72742,923.031
1967,19,1,1,9.72441,894.326
105,19,1,1,9.69926,745.348
124,19,1,1,9.68372,661.043
1970,19,1,1,9.66817,568.37
105,19,1,2,9.90998,1861.69,0.1085,473.244,0.3,3
1967,19,1,2,9.87477,1673.8
107,19,1,2,9.86928,1643.08
1978,19,1,2,9.85955,1587.09
320,19,1,2,9.83909,1464.43
1968,19,1,3,10.1189,2864.58,0,0,0
118,19,1,3,10.0864,2695.5
117,19,1,3,10.0791,2658.86
122,19,1,3,10.0625,2574.49
1970,19,1,3,10.0505,2512.91
124,19,1,3,10.0313,2407.56
105,19,1,3,10.0185,2334.93
2176,20,0,0,11.937,2151.6,0.0568333,247.89,0.16,1
2066,20,0,0,11.9266,2084.26
869,20,0,0,11.9152,2008.63
1856,20,0,0,11.8869,1878.96
855,20,0,0,11.8867,1878.25
843,20,0,0,11.8729,1798.75
832,20,0,0,11.8621,1737.49
831,20,0,0,11.8542,1696.96
2153,20,0,0,11.8542,1696.88
821,20,0,0,11.8413,1632.02
2008,20,0,0,11.8328,1589.23
812,20,0,0,11.8156,1494.65
807,20,0,0,11.8155,1493.87
356,20,0,0,11.8002,1412.75
1981,20,0,0,11.7879,1329.24
345,20,0,0,11.7662,1219.17
341,20,0,0,11.7568,1168.93
2132,20,0,0,11.7565,1166.89
328,20,0,0,11.7427,1075.3
2115,20,0,0,11.7313,1016.31
329,20,0,0,11.7274,995.611
1979,20,0,0,11.7215,965.863
1978,20,0,0,11.6791,730.88
107,20,0,0,11.6706,676.772
1967,20,0,0,11.6676,648.066
105,20,0,0,11.643,499.965
124,20,0,0,11.6297,425.166
1970,20,0,0,11.6139,332.084
122,20,0,0,11.601,266.81
117,20,0,0,11.5856,187.792
118,20,0,0,11.5778,149.07
1968,20,0,0,11.55,0
1306,20,0,1,12.0264,2586.93,0.0833333,363.475,0.03,2
1599,20,0,1,12.0105,2497.48
1300,20,0,1,12.0067,2471.76
1298,20,0,1,12.0005,2438.85
2176,20,0,1,11.9939,2399.49
869,20,0,2,12.1891,3377.19,0.0443333,193.369,0.11,3
2066,20,0,2,12.1617,3241.24
1297,20,0,2,12.1312,3083.66
1299,20,0,2,12.1252,3050.11
1600,20,0,2,12.1238,3036.66
1306,20,0,2,12.1098,2950.4
850,20,0,3,12.2615,3746.08,0.1105,481.968,0.03,4
852,20,0,3,12.254,3701.45
865,20,0,3,12.2473,3659.6
869,20,0,3,12.2334,3570.56
849,20,0,4,12.3777,4277.51,0.0775,338.032,0.22,5
850,20,0,4,12.372,4228.05
819,20,0,5,12.5022,4906.93,0.0838333,365.656,0.48,6
2009,20,0,5,12.4955,4859.72
2010,20,0,5,12.4798,4758.88
837,20,0,5,12.4726,4712.92
1774,20,0,5,12.4583,4634.14
849,20,0,5,12.4552,4615.54
344,20,0,6,12.6477,5627.15,0.0863333,376.56,0.09,7
349,20,0,6,12.6336,5544.07
358,20,0,6,12.6211,5474.76
805,20,0,6,12.6096,5411.48
811,20,0,6,12.6078,5393.74
819,20,0,6,12.5861,5272.58
1968,20,0,7,12.9685,7302.67,0,0,0
118,20,0,7,12.929,7104.25
117,20,0,7,12.9219,7068.27
122,20,0,7,12.9046,6981.35
1970,20,0,7,12.8914,6914.8
124,20,0,7,12.8705,6802.12
105,20,0,7,12.8561,6722.45
1967,20,0,7,12.8187,6525.38
107,20,0,7,12.8135,6495.76
1978,20,0,7,12.8045,6440.87
1979,20,0,7,12.7727,6231.68
329,20,0,7,12.7705,6214.24
2114,20,0,7,12.766,6191.03
335,20,0,7,12.7555,6129.9
1819,20,0,7,12.7506,6100.96
344,20,0,7,12.734,6003.71
1970,20,1,0,9.69717,345.923,0.051,222.447,0.09,1
122,20,1,0,9.6844,281.164
117,20,1,0,9.66485,184.747
118,20,1,0,9.65805,150.127
1968,20,1,0,9.63,0
320,20,1,1,9.83509,1098.05,0.084,366.383,0.32,2
1978,20,1,1,9.81614,977.469
107,20,1,1,9.80742,923.031
1967,20,1,1,9.80441,894.326
105,20,1,1,9.77926,745.348
124,20,1,1,9.76372,661.043
1970,20,1,1,9.74817,568.37
105,20,1,2,9.98998,1861.69,0.1085,473.244,0.3,3
1967,20,1,2,9.95477,1673.8
107,20,1,2,9.94928,1643.08
1978,20,1,2,9.93955,1587.09
320,20,1,2,9.91909,1464.43
1968,20,1,3,10.1989,2864.58,0,0,0
118,20,1,3,10.1664,2695.5
117,20,1,3,10.1591,2658.86
122,20,1,3,10.1425,2574.49
1970,20,1,3,10.1305,2512.91
124,20,1,3,10.1113,2407.56
105,20,1,3,10.0985,2334.93
105,21,0,0,11.353,499.965,0.104333,455.071,0.4,1
124,21,0,0,11.3397,425.166
1970,21,0,0,11.3239,332.084
122,21,0,0,11.311,266.81
117,21,0,0,11.2956,187.792
118,21,0,0,11.2878,149.07
1968,21,0,0,11.26,0
320,21,0,1,11.512,1306.15,0.0905,394.734,0.38,2
1978,21,0,1,11.4934,1185.95
107,21,0,1,11.4849,1131.84
1967,21,0,1,11.4819,1103.14
105,21,0,1,11.4573,955.035
344,21,0,2,11.7047,2288.05,0.0798333,348.209,0.09,3
1819,21,0,2,11.6913,2194.53
335,21,0,2,11.6863,2165.58
2114,21,0,2,11.671,2084.78
329,21,0,2,11.6685,2069.73
2116,21,0,2,11.6633,2042.86
327,21,0,2,11.6489,1964.19
324,21,0,2,11.6445,1941.68
319,21,0,2,11.6151,1786.59
320,21,0,2,11.6025,1700.89
869,21,0,3,11.9408,3540.23,0.0495,215.904,0.11,4
865,21,0,3,11.9243,3447.12
852,21,0,3,11.9175,3405.15
850,21,0,3,11.9115,3362.17
849,21,0,3,11.904,3312.69
1774,21,0,3,11.9004,3292.69
837,21,0,3,11.8882,3222.25
2010,21,0,3,11.8796,3173.95
2009,21,0,3,11.8575,3053.53
819,21,0,3,11.8504,3006.03
811,21,0,3,11.8292,2887.42
805,21,0,3,11.8257,2867.98
358,21,0,3,11.8151,2808.47
349,21,0,3,11.7976,2717.86
344,21,0,3,11.7845,2636.26
2176,21,0,4,12.0111,3898.26,0.0963333,420.177,0.14,5
2066,21,0,4,12.0009,3831.15
869,21,0,4,11.9903,3756.13
1306,21,0,5,12.1412,4509.67,0.0833333,363.475,0.03,6
1599,21,0,5,12.1236,4413.22
1300,21,0,5,12.1193,4386.8
1298,21,0,5,12.1139,4357.62
2176,21,0,5,12.1074,4318.44
850,21,0,6,12.3319,5475.46,0.1105,481.968,0.03,7
852,21,0,6,12.3244,5430.82
865,21,0,6,12.3177,5388.98
869,21,0,6,12.3038,5299.93
2066,21,0,6,12.2765,5163.99
1297,21,0,6,12.246,5006.4
1299,21,0,6,12.24,4972.86
1600,21,0,6,12.2385,4959.41
1306,21,0,6,12.2245,4873.15
849,21,0,7,12.4481,6006.89,0.0775,338.032,0.22,8
850,21,0,7,12.4424,5957.43
819,21,0,8,12.5727,6636.3,0.0838333,365.656,0.48,9
2009,21,0,8,12.566,6589.1
2010,21,0,8,12.5502,6488.25
837,21,0,8,12.5431,6442.3
1774,21,0,8,12.5287,6363.52
849,21,0,8,12.5256,6344.92
1970,21,0,9,12.8755,8267.62,0.0341667,149.025,0.09,10
124,21,0,9,12.8546,8154.94
105,21,0,9,12.8402,8075.26
1967,21,0,9,12.8028,7878.2
107,21,0,9,12.7976,7848.58
1978,21,0,9,12.7885,7793.69
1979,21,0,9,12.7568,7584.5
329,21,0,9,12.7546,7567.06
2114,21,0,9,12.7501,7543.85
335,21,0,9,12.7396,7482.72
1819,21,0,9,12.7347,7453.78
344,21,0,9,12.7181,7356.53
349,21,0,9,12.704,7273.45
358,21,0,9,12.6915,7204.14
805,21,0,9,12.6801,7140.86
811,21,0,9,12.6783,7123.12
819,21,0,9,12.6565,7001.96
1968,21,0,10,12.9868,8804.51,0,0,0
118,21,0,10,12.9473,8606.09
117,21,0,10,12.9402,8570.11
122,21,0,10,12.9229,8483.2
1970,21,0,10,12.9097,8416.64
2176,22,0,0,12.037,2151.6,0.0963333,420.177,0.14,1
2066,22,0,0,12.0266,2084.26
869,22,0,0,12.0152,2008.63
1856,22,0,0,11.9869,1878.96
855,22,0,0,11.9867,1878.25
843,22,0,0,11.9729,1798.75
832,22,0,0,11.9621,1737.49
831,22,0,0,11.9542,1696.96
2153,22,0,0,11.9542,1696.88
821,22,0,0,11.9413,1632.02
2008,22,0,0,11.9328,1589.23
812,22,0,0,11.9156,1494.65
807,22,0,0,11.9155,1493.87
356,22,0,0,11.9002,1412.75
1981,22,0,0,11.8879,1329.24
345,22,0,0,11.8662,1219.17
341,22,0,0,11.8568,1168.93
2132,22,0,0,11.8565,1166.89
328,22,0,0,11.8427,1075.3
2115,22,0,0,11.8313,1016.31
329,22,0,0,11.8274,995.611
1979,22,0,0,11.8215,965.863
1978,22,0,0,11.7791,730.88
107,22,0,0,11.7706,676.772
1967,22,0,0,11.7676,648.066
105,22,0,0,11.743,499.965
124,22,0,0,11.7297,425.166
1970,22,0,0,11.7139,332.084
122,22,0,0,11.701,266.81
117,22,0,0,11.6856,187.792
118,22,0,0,11.6778,149.07
1968,22,0,0,11.65,0
1306,22,0,1,12.1671,2763.01,0.0833333,363.475,0.03,2
1599,22,0,1,12.1496,2666.56
1300,22,0,1,12.1452,2640.14
1298,22,0,1,12.1399,2610.96
2176,22,0,1,12.1334,2571.78
869,22,0,2,12.3298,3553.28,0.0443333,193.369,0.11,3
2066,22,0,2,12.3024,3417.33
1297,22,0,2,12.272,3259.75
1299,22,0,2,12.2659,3226.2
1600,22,0,2,12.2645,3212.75
1306,22,0,2,12.2505,3126.49
850,22,0,3,12.4022,3922.17,0.1105,481.968,0.03,4
852,22,0,3,12.3947,3877.54
865,22,0,3,12.388,3835.69
869,22,0,3,12.3741,3746.64
819,22,0,4,12.5655,4744.98,0.0838333,365.656,0.48,5
2009,22,0,4,12.5588,4697.78
2010,22,0,4,12.543,4596.93
837,22,0,4,12.5359,4550.98
1774,22,0,4,12.5215,4472.2
849,22,0,4,12.5184,4453.6
850,22,0,4,12.5127,4404.14
1968,22,0,5,12.9455,6764.44,0,0,0
118,22,0,5,12.9062,6567.16
117,22,0,5,12.8988,6529.77
122,22,0,5,12.8815,6442.85
1970,22,0,5,12.8683,6376.3
124,22,0,5,12.8474,6263.62
105,22,0,5,12.8329,6183.94
1967,22,0,5,12.7956,5986.88
107,22,0,5,12.7904,5957.26
1978,22,0,5,12.7813,5902.37
1979,22,0,5,12.7496,5693.18
329,22,0,5,12.7474,5675.74
2114,22,0,5,12.7429,5652.53
335,22,0,5,12.7324,5591.4
1819,22,0,5,12.7275,5562.46
344,22,0,5,12.7109,5465.21
349,22,0,5,12.6968,5382.12
358,22,0,5,12.6843,5312.82
805,22,0,5,12.6729,5249.54
811,22,0,5,12.6711,5231.8
819,22,0,5,12.6493,5110.64
105,22,1,0,9.50826,522.901,0.1085,473.244,0.3,1
124,22,1,0,9.49272,438.596
1970,22,1,0,9.47717,345.923
122,22,1,0,9.4644,281.164
117,22,1,0,9.44485,184.747
118,22,1,0,9.43805,150.127
1968,22,1,0,9.41,0
320,22,1,1,9.67259,1348.85,0.084,366.383,0.32,2
1978,22,1,1,9.65364,1228.27
107,22,1,1,9.64492,1173.83
1967,22,1,1,9.64191,1145.12
105,22,1,1,9.61676,996.145
849,22,1,2,9.98483,2997.83,0.089,388.191,0.2,3
1774,22,1,2,9.98148,2978.83
837,22,1,2,9.97006,2909.76
2010,22,1,2,9.95717,2842.87
2009,22,1,2,9.93371,2716.69
819,22,1,2,9.92538,2667.61
811,22,1,2,9.90403,2548.28
805,22,1,2,9.90049,2528.67
358,22,1,2,9.88583,2451.74
349,22,1,2,9.86912,2364.31
344,22,1,2,9.85531,2281.68
1819,22,1,2,9.84015,2186.44
335,22,1,2,9.83524,2157.6
2114,22,1,2,9.82158,2083.94
329,22,1,2,9.81898,2068.77
2116,22,1,2,9.81424,2043.68
327,22,1,2,9.80095,1970.11
324,22,1,2,9.79678,1948.4
319,22,1,2,9.76918,1800.93
320,22,1,2,9.75659,1715.23
344,22,1,3,10.1809,4043.65,0.0413333,180.284,0.09,4
349,22,1,3,10.1703,3963.95
358,22,1,3,10.1537,3876.76
805,22,1,3,10.1429,3816.59
811,22,1,3,10.1411,3798.85
819,22,1,3,10.1179,3671.35
2009,22,1,3,10.112,3624.17
2010,22,1,3,10.0966,3523.65
837,22,1,3,10.0893,3477.53
1774,22,1,3,10.0781,3408.79
849,22,1,3,10.0738,3386.02
1970,22,1,4,10.3767,5122.2,0.0656667,286.418,0.08,5
124,22,1,4,10.3575,5016.85
105,22,1,4,10.3447,4944.23
1967,22,1,4,10.3078,4748.95
107,22,1,4,10.3023,4718.29
1978,22,1,4,10.2932,4663.41
1979,22,1,4,10.2606,4453.23
329,22,1,4,10.2584,4435.77
2114,22,1,4,10.2532,4409.85
335,22,1,4,10.2428,4348.7
1819,22,1,4,10.2378,4319.71
344,22,1,4,10.2222,4223.94
1968,22,1,5,10.5108,5760.29,0,0,0
118,22,1,5,10.4783,5591.21
117,22,1,5,10.471,5554.57
122,22,1,5,10.4544,5470.2
1970,22,1,5,10.4424,5408.62
105,23,0,0,11.373,499.965,0.104333,455.071,0.4,1
124,23,0,0,11.3597,425.166
1970,23,0,0,11.3439,332.084
122,23,0,0,11.331,266.81
117,23,0,0,11.3156,187.792
118,23,0,0,11.3078,149.07
1968,23,0,0,11.28,0
320,23,0,1,11.532,1306.15,0.0905,394.734,0.38,2
1978,23,0,1,11.5134,1185.95
107,23,0,1,11.5049,1131.84
1967,23,0,1,11.5019,1103.14
105,23,0,1,11.4773,955.035
344,23,0,2,11.7247,2288.05,0.0798333,348.209,0.09,3
1819,23,0,2,11.7113,2194.53
335,23,0,2,11.7063,2165.58
2114,23,0,2,11.691,2084.78
329,23,0,2,11.6885,2069.73
2116,23,0,2,11.6833,2042.86
327,23,0,2,11.6688,1964.19
324,23,0,2,11.6645,1941.68
319,23,0,2,11.6351,1786.59
320,23,0,2,11.6225,1700.89
849,23,0,3,11.924,3312.69,0.0695,303.138,0.23,4
1774,23,0,3,11.9204,3292.69
837,23,0,3,11.9082,3222.25
2010,23,0,3,11.8996,3173.95
2009,23,0,3,11.8775,3053.53
819,23,0,3,11.8704,3006.03
811,23,0,3,11.8492,2887.42
805,23,0,3,11.8457,2867.98
358,23,0,3,11.8351,2808.47
349,23,0,3,11.8176,2717.86
344,23,0,3,11.8045,2636.26
850,23,0,4,12.001,3665.31,0.1105,481.968,0.03,5
849,23,0,4,11.9935,3615.83
2176,23,0,5,12.1595,4464.04,0.0963333,420.177,0.14,6
2066,23,0,5,12.1492,4396.88
869,23,0,5,12.1384,4321.73
865,23,0,5,12.1237,4231.52
852,23,0,5,12.1175,4190.26
850,23,0,5,12.1115,4147.28
1306,23,0,6,12.2896,5075.45,0.0833333,363.475,0.03,7
1599,23,0,6,12.2721,4979
1300,23,0,6,12.2677,4952.58
1298,23,0,6,12.2623,4923.4
2176,23,0,6,12.2558,4884.22
869,23,0,7,12.4522,5865.72,0.0443333,193.369,0.11,8
2066,23,0,7,12.4249,5729.77
1297,23,0,7,12.3944,5572.19
1299,23,0,7,12.3884,5538.64
1600,23,0,7,12.3869,5525.19
1306,23,0,7,12.3729,5438.93
819,23,0,8,12.5774,6575.46,0.0838333,365.656,0.48,9
2009,23,0,8,12.5707,6528.25
2010,23,0,8,12.555,6427.41
837,23,0,8,12.5478,6381.45
1774,23,0,8,12.5334,6302.67
849,23,0,8,12.5303,6284.07
850,23,0,8,12.5247,6234.61
852,23,0,8,12.5171,6189.98
865,23,0,8,12.5104,6148.13
869,23,0,8,12.4966,6059.08
1970,23,0,9,12.8803,8206.77,0.0341667,149.025,0.09,10
124,23,0,9,12.8594,8094.09
105,23,0,9,12.8449,8014.42
1967,23,0,9,12.8075,7817.35
107,23,0,9,12.8023,7787.73
1978,23,0,9,12.7933,7732.84
1979,23,0,9,12.7615,7523.65
329,23,0,9,12.7594,7506.21
2114,23,0,9,12.7548,7483
335,23,0,9,12.7444,7421.87
1819,23,0,9,12.7394,7392.93
344,23,0,9,12.7229,7295.68
349,23,0,9,12.7088,7212.6
358,23,0,9,12.6963,7143.29
805,23,0,9,12.6848,7080.01
811,23,0,9,12.683,7062.27
819,23,0,9,12.6612,6941.11
1968,23,0,10,12.9915,8743.67,0,0,0
118,23,0,10,12.952,8545.24
117,23,0,10,12.9449,8509.26
122,23,0,10,12.9276,8422.35
1970,23,0,10,12.9144,8355.79
320,24,0,0,11.5077,851.082,0.0905,394.734,0.38,1
1978,24,0,0,11.4891,730.88
107,24,0,0,11.4806,676.772
1967,24,0,0,11.4776,648.066
105,24,0,0,11.453,499.965
124,24,0,0,11.4397,425.166
1970,24,0,0,11.4239,332.084
122,24,0,0,11.411,266.81
117,24,0,0,11.3956,187.792
118,24,0,0,11.3878,149.07
1968,24,0,0,11.36,0
344,24,0,1,11.7003,1832.98,0.0798333,348.209,0.09,2
1819,24,0,1,11.687,1739.46
335,24,0,1,11.682,1710.51
2114,24,0,1,11.6667,1629.71
329,24,0,1,11.6641,1614.66
2116,24,0,1,11.659,1587.79
327,24,0,1,11.6445,1509.12
324,24,0,1,11.6402,1486.61
319,24,0,1,11.6108,1331.52
320,24,0,1,11.5982,1245.82
2176,24,0,2,11.9572,3227.28,0.0568333,247.89,0.16,3
2066,24,0,2,11.947,3160.17
869,24,0,2,11.9365,3085.16
865,24,0,2,11.9199,2992.05
852,24,0,2,11.9131,2950.08
850,24,0,2,11.9072,2907.1
849,24,0,2,11.8997,2857.62
1774,24,0,2,11.8961,2837.62
837,24,0,2,11.8838,2767.18
2010,24,0,2,11.8753,2718.88
2009,24,0,2,11.8531,2598.46
819,24,0,2,11.846,2550.96
811,24,0,2,11.8248,2432.35
805,24,0,2,11.8213,2412.91
358,24,0,2,11.8107,2353.4
349,24,0,2,11.7933,2262.79
344,24,0,2,11.7802,2181.19
1306,24,0,3,12.0478,3666.41,0.0833333,363.475,0.03,4
1599,24,0,3,12.0303,3569.96
1300,24,0,3,12.0259,3543.54
1298,24,0,3,12.0206,3514.36
2176,24,0,3,12.0141,3475.17
869,24,0,4,12.2105,4456.67,0.0443333,193.369,0.11,5
2066,24,0,4,12.1831,4320.72
1297,24,0,4,12.1527,4163.14
1299,24,0,4,12.1466,4129.6
1600,24,0,4,12.1452,4116.15
1306,24,0,4,12.1312,4029.88
850,24,0,5,12.2829,4825.57,0.1105,481.968,0.03,6
852,24,0,5,12.2754,4780.93
865,24,0,5,12.2687,4739.09
869,24,0,5,12.2548,4650.04
849,24,0,6,12.3991,5357,0.0775,338.032,0.22,7
850,24,0,6,12.3934,5307.53
819,24,0,7,12.5237,5986.41,0.0838333,365.656,0.48,8
2009,24,0,7,12.517,5939.21
2010,24,0,7,12.5012,5838.36
837,24,0,7,12.4941,5792.41
1774,24,0,7,12.4797,5713.63
849,24,0,7,12.4766,5695.03
1970,24,0,8,12.8265,7617.72,0.0341667,149.025,0.09,9
124,24,0,8,12.8056,7505.05
105,24,0,8,12.7912,7425.37
1967,24,0,8,12.7538,7228.31
107,24,0,8,12.7486,7198.69
1978,24,0,8,12.7395,7143.8
1979,24,0,8,12.7078,6934.61
329,24,0,8,12.7056,6917.16
2114,24,0,8,12.7011,6893.96
335,24,0,8,12.6906,6832.82
1819,24,0,8,12.6857,6803.89
344,24,0,8,12.6691,6706.63
349,24,0,8,12.655,6623.55
358,24,0,8,12.6425,6554.25
805,24,0,8,12.6311,6490.97
811,24,0,8,12.6293,6473.23
819,24,0,8,12.6075,6352.07
1968,24,0,9,12.9378,8154.62,0,0,0
118,24,0,9,12.8983,7956.2
117,24,0,9,12.8912,7920.22
122,24,0,9,12.8739,7833.3
1970,24,0,9,12.8607,7766.75
105,24,1,0,9.95826,522.901,0.1085,473.244,0.3,1
124,24,1,0,9.94272,438.596
1970,24,1,0,9.92717,345.923
122,24,1,0,9.9144,281.164
117,24,1,0,9.89485,184.747
118,24,1,0,9.88805,150.127
1968,24,1,0,9.86,0
1968,24,1,1,10.1672,1525.79,0,0,0
118,24,1,1,10.1347,1356.71
117,24,1,1,10.1274,1320.07
122,24,1,1,10.1108,1235.7
1970,24,1,1,10.0988,1174.12
124,24,1,1,10.0795,1068.77
105,24,1,1,10.0668,996.145
2176,25,0,0,11.937,2151.6,0.0568333,247.89,0.16,1
2066,25,0,0,11.9266,2084.26
869,25,0,0,11.9152,2008.63
1856,25,0,0,11.8869,1878.96
855,25,0,0,11.8867,1878.25
843,25,0,0,11.8729,1798.75
832,25,0,0,11.8621,1737.49
831,25,0,0,11.8542,1696.96
2153,25,0,0,11.8542,1696.88
821,25,0,0,11.8413,1632.02
2008,25,0,0,11.8328,1589.23
812,25,0,0,11.8156,1494.65
807,25,0,0,11.8155,1493.87
356,25,0,0,11.8002,1412.75
1981,25,0,0,11.7879,1329.24
345,25,0,0,11.7662,1219.17
341,25,0,0,11.7568,1168.93
2132,25,0,0,11.7565,1166.89
328,25,0,0,11.7427,1075.3
2115,25,0,0,11.7313,1016.31
329,25,0,0,11.7274,995.611
1979,25,0,0,11.7215,965.863
1978,25,0,0,11.6791,730.88
107,25,0,0,11.6706,676.772
1967,25,0,0,11.6676,648.066
105,25,0,0,11.643,499.965
124,25,0,0,11.6297,425.166
1970,25,0,0,11.6139,332.084
122,25,0,0,11.601,266.81
117,25,0,0,11.5856,187.792
118,25,0,0,11.5778,149.07
1968,25,0,0,11.55,0
1306,25,0,1,12.0264,2586.93,0.0833333,363.475,0.03,2
1599,25,0,1,12.0105,2497.48
1300,25,0,1,12.0067,2471.76
1298,25,0,1,12.0005,2438.85
2176,25,0,1,11.9939,2399.49
869,25,0,2,12.1891,3377.19,0.0443333,193.369,0.11,3
2066,25,0,2,12.1617,3241.24
1297,25,0,2,12.1312,3083.66
1299,25,0,2,12.1252,3050.11
1600,25,0,2,12.1238,3036.66
1306,25,0,2,12.1098,2950.4
850,25,0,3,12.2615,3746.08,0.1105,481.968,0.03,4
852,25,0,3,12.254,3701.45
865,25,0,3,12.2473,3659.6
869,25,0,3,12.2334,3570.56
849,25,0,4,12.3777,4277.51,0.0775,338.032,0.22,5
850,25,0,4,12.372,4228.05
819,25,0,5,12.5022,4906.93,0.0838333,365.656,0.48,6
2009,25,0,5,12.4955,4859.72
2010,25,0,5,12.4798,4758.88
837,25,0,5,12.4726,4712.92
1774,25,0,5,12.4583,4634.14
849,25,0,5,12.4552,4615.54
344,25,0,6,12.6477,5627.15,0.0863333,376.56,0.09,7
349,25,0,6,12.6336,5544.07
358,25,0,6,12.6211,5474.76
805,25,0,6,12.6096,5411.48
811,25,0,6,12.6078,5393.74
819,25,0,6,12.5861,5272.58
1968,25,0,7,12.9685,7302.67,0,0,0
118,25,0,7,12.929,7104.25
117,25,0,7,12.9219,7068.27
122,25,0,7,12.9046,6981.35
1970,25,0,7,12.8914,6914.8
124,25,0,7,12.8705,6802.12
105,25,0,7,12.8561,6722.45
1967,25,0,7,12.8187,6525.38
107,25,0,7,12.8135,6495.76
1978,25,0,7,12.8045,6440.87
1979,25,0,7,12.7727,6231.68
329,25,0,7,12.7705,6214.24
2114,25,0,7,12.766,6191.03
335,25,0,7,12.7555,6129.9
1819,25,0,7,12.7506,6100.96
344,25,0,7,12.734,6003.71
320,25,1,0,9.78409,875.602,0.084,366.383,0.32,1
1978,25,1,0,9.76514,755.022
107,25,1,0,9.75642,700.585
1967,25,1,0,9.75341,671.88
105,25,1,0,9.72826,522.901
124,25,1,0,9.71272,438.596
1970,25,1,0,9.69717,345.923
122,25,1,0,9.6844,281.164
117,25,1,0,9.66485,184.747
118,25,1,0,9.65805,150.127
1968,25,1,0,9.63,0
105,25,1,1,9.93898,1639.24,0.1085,473.244,0.3,2
1967,25,1,1,9.90377,1451.36
107,25,1,1,9.89828,1420.63
1978,25,1,1,9.88855,1364.65
320,25,1,1,9.86809,1241.98
1970,25,1,2,10.0795,2290.47,0.0656667,286.418,0.08,3
124,25,1,2,10.0603,2185.11
105,25,1,2,10.0475,2112.49
1968,25,1,3,10.2136,2928.55,0,0,0
118,25,1,3,10.1811,2759.47
117,25,1,3,10.1738,2722.83
122,25,1,3,10.1572,2638.47
1970,25,1,3,10.1451,2576.89
320,26,0,0,11.5377,851.082,0.0905,394.734,0.38,1
1978,26,0,0,11.5191,730.88
107,26,0,0,11.5106,676.772
1967,26,0,0,11.5076,648.066
105,26,0,0,11.483,499.965
124,26,0,0,11.4697,425.166
1970,26,0,0,11.4539,332.084
122,26,0,0,11.441,266.81
117,26,0,0,11.4256,187.792
118,26,0,0,11.4178,149.07
1968,26,0,0,11.39,0
344,26,0,1,11.7303,1832.98,0.0798333,348.209,0.09,2
1819,26,0,1,11.717,1739.46
335,26,0,1,11.712,1710.51
2114,26,0,1,11.6967,1629.71
329,26,0,1,11.6941,1614.66
2116,26,0,1,11.689,1587.79
327,26,0,1,11.6745,1509.12
324,26,0,1,11.6702,1486.61
319,26,0,1,11.6408,1331.52
320,26,0,1,11.6282,1245.82
849,26,0,2,11.9297,2857.62,0.0695,303.138,0.23,3
1774,26,0,2,11.9261,2837.62
837,26,0,2,11.9138,2767.18
2010,26,0,2,11.9053,2718.88
2009,26,0,2,11.8831,2598.46
819,26,0,2,11.876,2550.96
811,26,0,2,11.8548,2432.35
805,26,0,2,11.8513,2412.91
358,26,0,2,11.8407,2353.4
349,26,0,2,11.8233,2262.79
344,26,0,2,11.8102,2181.19
850,26,0,3,12.0067,3210.24,0.1105,481.968,0.03,4
849,26,0,3,11.9992,3160.76
2176,26,0,4,12.1652,4008.97,0.0963333,420.177,0.14,5
2066,26,0,4,12.1549,3941.81
869,26,0,4,12.1441,3866.66
865,26,0,4,12.1293,3776.45
852,26,0,4,12.1231,3735.19
850,26,0,4,12.1172,3692.21
1306,26,0,5,12.2953,4620.38,0.0833333,363.475,0.03,6
1599,26,0,5,12.2777,4523.93
1300,26,0,5,12.2733,4497.51
1298,26,0,5,12.268,4468.33
2176,26,0,5,12.2615,4429.15
869,26,0,6,12.4579,5410.64,0.0443333,193.369,0.11,7
2066,26,0,6,12.4305,5274.7
1297,26,0,6,12.4001,5117.12
1299,26,0,6,12.394,5083.57
1600,26,0,6,12.3926,5070.12
1306,26,0,6,12.3786,4983.86
819,26,0,7,12.5831,6120.38,0.0838333,365.656,0.48,8
2009,26,0,7,12.5764,6073.18
2010,26,0,7,12.5607,5972.33
837,26,0,7,12.5535,5926.38
1774,26,0,7,12.5391,5847.6
849,26,0,7,12.536,5829
850,26,0,7,12.5303,5779.54
852,26,0,7,12.5228,5734.9
865,26,0,7,12.5161,5693.06
869,26,0,7,12.5022,5604.01
1970,26,0,8,12.8859,7751.7,0.0341667,149.025,0.09,9
124,26,0,8,12.865,7639.02
105,26,0,8,12.8506,7559.34
1967,26,0,8,12.8132,7362.28
107,26,0,8,12.808,7332.66
1978,26,0,8,12.7989,7277.77
1979,26,0,8,12.7672,7068.58
329,26,0,8,12.765,7051.14
2114,26,0,8,12.7605,7027.93
335,26,0,8,12.75,6966.8
1819,26,0,8,12.7451,6937.86
344,26,0,8,12.7285,6840.61
349,26,0,8,12.7144,6757.53
358,26,0,8,12.702,6688.22
805,26,0,8,12.6905,6624.94
811,26,0,8,12.6887,6607.2
819,26,0,8,12.6669,6486.04
1968,26,0,9,12.9972,8288.59,0,0,0
118,26,0,9,12.9577,8090.17
117,26,0,9,12.9506,8054.19
122,26,0,9,12.9333,7967.28
1970,26,0,9,12.9201,7900.72
105,26,1,0,9.97826,522.901,0.1085,473.244,0.3,1
124,26,1,0,9.96272,438.596
1970,26,1,0,9.94717,345.923
122,26,1,0,9.9344,281.164
117,26,1,0,9.91485,184.747
118,26,1,0,9.90805,150.127
1968,26,1,0,9.88,0
1968,26,1,1,10.1872,1525.79,0,0,0
118,26,1,1,10.1547,1356.71
117,26,1,1,10.1474,1320.07
122,26,1,1,10.1308,1235.7
1970,26,1,1,10.1188,1174.12
124,26,1,1,10.0995,1068.77
105,26,1,1,10.0868,996.145
320,27,0,0,11.5177,851.082,0.0905,394.734,0.38,1
1978,27,0,0,11.4991,730.88
107,27,0,0,11.4906,676.772
1967,27,0,0,11.4876,648.066
105,27,0,0,11.463,499.965
124,27,0,0,11.4497,425.166
1970,27,0,0,11.4339,332.084
122,27,0,0,11.421,266.81
117,27,0,0,11.4056,187.792
118,27,0,0,11.3978,149.07
1968,27,0,0,11.37,0
344,27,0,1,11.7103,1832.98,0.0798333,348.209,0.09,2
1819,27,0,1,11.697,1739.46
335,27,0,1,11.692,1710.51
2114,27,0,1,11.6767,1629.71
329,27,0,1,11.6741,1614.66
2116,27,0,1,11.669,1587.79
327,27,0,1,11.6545,1509.12
324,27,0,1,11.6502,1486.61
319,27,0,1,11.6208,1331.52
320,27,0,1,11.6082,1245.82
869,27,0,2,11.9465,3085.16,0.0495,215.904,0.11,3
865,27,0,2,11.9299,2992.05
852,27,0,2,11.9231,2950.08
850,27,0,2,11.9172,2907.1
849,27,0,2,11.9097,2857.62
1774,27,0,2,11.9061,2837.62
837,27,0,2,11.8938,2767.18
2010,27,0,2,11.8853,2718.88
2009,27,0,2,11.8631,2598.46
819,27,0,2,11.856,2550.96
811,27,0,2,11.8348,2432.35
805,27,0,2,11.8313,2412.91
358,27,0,2,11.8207,2353.4
349,27,0,2,11.8033,2262.79
344,27,0,2,11.7902,2181.19
2176,27,0,3,12.0167,3443.19,0.0963333,420.177,0.14,4
2066,27,0,3,12.0065,3376.08
869,27,0,3,11.996,3301.06
1306,27,0,4,12.1468,4054.6,0.0833333,363.475,0.03,5
1599,27,0,4,12.1293,3958.15
1300,27,0,4,12.1249,3931.73
1298,27,0,4,12.1196,3902.55
2176,27,0,4,12.1131,3863.37
850,27,0,5,12.3376,5020.39,0.1105,481.968,0.03,6
852,27,0,5,12.3301,4975.75
865,27,0,5,12.3233,4933.91
869,27,0,5,12.3095,4844.86
2066,27,0,5,12.2821,4708.92
1297,27,0,5,12.2517,4551.33
1299,27,0,5,12.2456,4517.79
1600,27,0,5,12.2442,4504.34
1306,27,0,5,12.2302,4418.08
849,27,0,6,12.4538,5551.82,0.0775,338.032,0.22,7
850,27,0,6,12.4481,5502.36
819,27,0,7,12.5783,6181.23,0.0838333,365.656,0.48,8
2009,27,0,7,12.5716,6134.03
2010,27,0,7,12.5559,6033.18
837,27,0,7,12.5487,5987.23
1774,27,0,7,12.5344,5908.45
849,27,0,7,12.5313,5889.85
1970,27,0,8,12.8812,7812.54,0.0341667,149.025,0.09,9
124,27,0,8,12.8603,7699.87
105,27,0,8,12.8458,7620.19
1967,27,0,8,12.8085,7423.13
107,27,0,8,12.8032,7393.51
1978,27,0,8,12.7942,7338.62
1979,27,0,8,12.7624,7129.43
329,27,0,8,12.7603,7111.99
2114,27,0,8,12.7557,7088.78
335,27,0,8,12.7453,7027.65
1819,27,0,8,12.7403,6998.71
344,27,0,8,12.7238,6901.46
349,27,0,8,12.7097,6818.37
358,27,0,8,12.6972,6749.07
805,27,0,8,12.6857,6685.79
811,27,0,8,12.6839,6668.05
819,27,0,8,12.6622,6546.89
1968,27,0,9,12.9924,8349.44,0,0,0
118,27,0,9,12.9529,8151.02
117,27,0,9,12.9458,8115.04
122,27,0,9,12.9286,8028.12
1970,27,0,9,12.9154,7961.57
105,27,1,0,9.90826,522.901,0.1085,473.244,0.3,1
124,27,1,0,9.89272,438.596
1970,27,1,0,9.87717,345.923
122,27,1,0,9.8644,281.164
117,27,1,0,9.84485,184.747
118,27,1,0,9.83805,150.127
1968,27,1,0,9.81,0
1968,27,1,1,10.1172,1525.79,0,0,0
118,27,1,1,10.0847,1356.71
117,27,1,1,10.0774,1320.07
122,27,1,1,10.0608,1235.7
1970,27,1,1,10.0488,1174.12
124,27,1,1,10.0295,1068.77
105,27,1,1,10.0168,996.145
