Nodo,Individuo,Ruta,Segmento,Tiempo viaje,Costo viaje,Tiempo atencion,Costo atencion,Tasa fallo,Demanda
1307,0,0,0,15.0255,554.042,0.0428333,186.826,0.28,1
1303,0,0,0,15.0145,496.053
2021,0,0,0,14.9762,306.727
1791,0,0,0,14.9683,267.142
939,0,0,0,14.9515,182.874
940,0,0,0,14.9468,151.022
934,0,0,0,14.9273,42.0448
933,0,0,0,14.9206,2.93996
936,0,0,0,14.92,0
1336,0,0,1,15.1693,1263.92,0.0595,259.521,0.34,2
1792,0,0,1,15.1633,1232.8
1334,0,0,1,15.1538,1186.27
1335,0,0,1,15.1432,1136.04
1341,0,0,1,15.1353,1092.01
1315,0,0,1,15.1177,995.332
1314,0,0,1,15.102,911.668
1309,0,0,1,15.1014,908.797
1308,0,0,1,15.0816,808.959
1307,0,0,1,15.0684,740.869
999,0,0,2,15.4193,2503.53,0.0515,224.627,0.17,3
1002,0,0,2,15.4124,2466.7
1031,0,0,2,15.3982,2395.75
2031,0,0,2,15.3908,2358.75
2032,0,0,2,15.3904,2356.93
1053,0,0,2,15.3827,2318.47
1784,0,0,2,15.3795,2301.77
1066,0,0,2,15.3704,2254.95
1070,0,0,2,15.3598,2198.39
1849,0,0,2,15.3491,2144.14
1108,0,0,2,15.3378,2086.26
1107,0,0,2,15.3243,2016.15
2040,0,0,2,15.3136,1959.09
1783,0,0,2,15.2975,1875.04
1153,0,0,2,15.2903,1838.82
1154,0,0,2,15.2798,1782.55
1324,0,0,2,15.2747,1756.63
1325,0,0,2,15.2637,1702.32
2073,0,0,2,15.256,1664.53
1336,0,0,2,15.2288,1523.44
436,0,0,3,15.5803,3296.28,0.077,335.851,0.12,4
425,0,0,3,15.5738,3261.57
426,0,0,3,15.5692,3238.26
424,0,0,3,15.5673,3225.38
613,0,0,3,15.5626,3198.86
611,0,0,3,15.5576,3166.62
619,0,0,3,15.5397,3074.45
618,0,0,3,15.5373,3062.61
615,0,0,3,15.5358,3050.83
617,0,0,3,15.5323,3033.28
616,0,0,3,15.5247,2995.31
676,0,0,3,15.5185,2964.25
674,0,0,3,15.5074,2910.2
675,0,0,3,15.5009,2877.13
962,0,0,3,15.4884,2819.34
961,0,0,3,15.4836,2793.06
999,0,0,3,15.4708,2728.16
884,0,0,4,15.7967,4334.48,0.0453333,197.73,0.06,5
1987,0,0,4,15.7613,4153.1
428,0,0,4,15.7563,4127.73
429,0,0,4,15.7343,4017.4
1988,0,0,4,15.71,3891.37
430,0,0,4,15.7064,3873.19
1989,0,0,4,15.6975,3832.45
432,0,0,4,15.6925,3807.66
435,0,0,4,15.6872,3781.07
431,0,0,4,15.6804,3747.02
439,0,0,4,15.6662,3675.59
436,0,0,4,15.6573,3632.13
936,0,0,5,15.9666,5183.24,0,0,0
1737,0,0,5,15.9555,5121.97
917,0,0,5,15.942,5052.45
916,0,0,5,15.9419,5051.54
906,0,0,5,15.9186,4929.48
889,0,0,5,15.9061,4866.09
888,0,0,5,15.8861,4759.15
887,0,0,5,15.8694,4669.42
2012,0,0,5,15.8468,4556.38
884,0,0,5,15.8421,4532.22
1336,1,0,0,12.5579,764.587,0.0533333,232.624,0.21,1
1792,1,0,0,12.5504,727.242
1334,1,0,0,12.5431,689.424
1335,1,0,0,12.5324,639.192
1333,1,0,0,12.51,524.133
2163,1,0,0,12.4833,383.309
2023,1,0,0,12.4573,241.926
1787,1,0,0,12.4497,202.721
1788,1,0,0,12.4489,199.018
943,1,0,0,12.4295,103.973
934,1,0,0,12.4193,49.9245
933,1,0,0,12.4106,2.93996
936,1,0,0,12.41,0
999,1,0,1,12.812,2014.06,0.0941667,410.727,0.12,2
1002,1,0,1,12.8057,1980.01
1031,1,0,1,12.7912,1908.3
2031,1,0,1,12.7839,1871.31
2032,1,0,1,12.7835,1869.48
1053,1,0,1,12.7755,1829.69
1784,1,0,1,12.7722,1812.62
1069,1,0,1,12.7521,1710.61
1848,1,0,1,12.7463,1676.41
1847,1,0,1,12.7428,1656.77
1086,1,0,1,12.7391,1636.54
2036,1,0,1,12.7245,1563.64
1112,1,0,1,12.7209,1544.8
2041,1,0,1,12.7088,1483.73
2042,1,0,1,12.6894,1390.66
1564,1,0,1,12.679,1338.8
2107,1,0,1,12.6709,1297.3
1145,1,0,1,12.6643,1265.29
2053,1,0,1,12.6488,1187.98
2073,1,0,1,12.6405,1146.92
1336,1,0,1,12.6112,997.211
884,1,0,2,13.1061,3449.6,0.0738333,322.039,0.04,3
883,1,0,2,13.0767,3302.21
882,1,0,2,13.0636,3232.7
2155,1,0,2,13.0604,3216.14
2012,1,0,2,13.0437,3126.24
885,1,0,2,13.0388,3102.14
886,1,0,2,13.0185,2994.61
2013,1,0,2,13.0111,2955.14
2156,1,0,2,13.0104,2951.98
2011,1,0,2,13.0051,2924.47
891,1,0,2,12.9832,2810.01
893,1,0,2,12.9771,2779.14
894,1,0,2,12.9719,2754.39
897,1,0,2,12.953,2661.18
1028,1,0,2,12.945,2619
1026,1,0,2,12.9334,2561.27
998,1,0,2,12.9285,2536.52
999,1,0,2,12.9061,2424.79
936,1,0,3,13.3123,4456,0,0,0
1737,1,0,3,13.3008,4392.77
917,1,0,3,13.284,4309.54
916,1,0,3,13.2839,4308.63
906,1,0,3,13.258,4175.54
889,1,0,3,13.2458,4113.62
888,1,0,3,13.2252,4004.11
887,1,0,3,13.2078,3911.43
2012,1,0,3,13.1841,3793.65
884,1,0,3,13.1799,3771.64
1307,1,1,0,15.0355,554.042,0.0428333,186.826,0.28,1
1303,1,1,0,15.0245,496.053
2021,1,1,0,14.9862,306.727
1791,1,1,0,14.9783,267.142
939,1,1,0,14.9615,182.874
940,1,1,0,14.9568,151.022
934,1,1,0,14.9373,42.0448
933,1,1,0,14.9306,2.93996
936,1,1,0,14.93,0
436,1,1,1,15.3033,1934.87,0.077,335.851,0.12,2
425,1,1,1,15.2967,1900.16
420,1,1,1,15.2856,1842.37
421,1,1,1,15.2815,1815.47
417,1,1,1,15.2773,1792.19
1989,1,1,1,15.2592,1699.52
2011,1,1,1,15.241,1604.42
2156,1,1,1,15.2363,1579.41
2013,1,1,1,15.2357,1576.26
886,1,1,1,15.225,1523.21
888,1,1,1,15.2069,1424.39
903,1,1,1,15.1978,1374.54
904,1,1,1,15.1937,1353.3
925,1,1,1,15.1704,1225.93
2019,1,1,1,15.1659,1202.53
929,1,1,1,15.1655,1200.54
938,1,1,1,15.1531,1132.9
950,1,1,1,15.1378,1054.74
951,1,1,1,15.1313,1021.01
949,1,1,1,15.1201,963.892
1302,1,1,1,15.0933,823.666
1307,1,1,1,15.0784,740.869
936,1,1,2,15.5075,2927.28,0,0,0
1737,1,1,2,15.4964,2866.02
917,1,1,2,15.4829,2796.49
916,1,1,2,15.4827,2795.59
919,1,1,2,15.477,2756.5
2017,1,1,2,15.477,2756.33
2014,1,1,2,15.476,2751.58
2015,1,1,2,15.4679,2710.87
910,1,1,2,15.4678,2710.38
909,1,1,2,15.4584,2663.7
898,1,1,2,15.4452,2597.12
897,1,1,2,15.4356,2548.74
877,1,1,2,15.4131,2437.89
878,1,1,2,15.4071,2407.18
879,1,1,2,15.3986,2363.29
437,1,1,2,15.3926,2332.96
439,1,1,2,15.3892,2314.19
436,1,1,2,15.3803,2270.72
1336,2,0,0,13.9845,750.638,0.0515,224.627,0.24,1
1792,2,0,0,13.9782,718.22
1334,2,0,0,13.9702,677.786
1335,2,0,0,13.9596,627.554
1333,2,0,0,13.9425,535.212
2163,2,0,0,13.9142,387.56
2023,2,0,0,13.8845,230.349
1787,2,0,0,13.8764,189.064
1788,2,0,0,13.8756,185.36
943,2,0,0,13.8597,104.713
934,2,0,0,13.8509,56.8666
933,2,0,0,13.8406,2.93996
936,2,0,0,13.84,0
999,2,0,1,14.2318,1974.88,0.0648333,282.783,0.16,2
1002,2,0,1,14.2277,1946.81
1031,2,0,1,14.2148,1881.54
2031,2,0,1,14.2074,1844.55
2032,2,0,1,14.207,1842.72
1053,2,0,1,14.1994,1804.83
1784,2,0,1,14.196,1787.08
1069,2,0,1,14.175,1681.28
1848,2,0,1,14.1692,1647.03
1109,2,0,1,14.1604,1599.43
1113,2,0,1,14.1533,1564.19
2036,2,0,1,14.1458,1527.29
1112,2,0,1,14.1421,1508.45
2041,2,0,1,14.1284,1440.18
2042,2,0,1,14.115,1372.09
1564,2,0,1,14.1037,1316.47
2107,2,0,1,14.0935,1266.56
1145,2,0,1,14.0868,1233.89
2053,2,0,1,14.0737,1166.9
2073,2,0,1,14.0662,1128.76
1336,2,0,1,14.036,975.265
436,2,0,2,14.416,2864.92,0.038,165.745,0.13,3
425,2,0,2,14.4095,2830.54
426,2,0,2,14.4044,2804.99
424,2,0,2,14.4024,2791.98
613,2,0,2,14.3948,2753.05
611,2,0,2,14.3889,2719.61
619,2,0,2,14.371,2627.45
618,2,0,2,14.3687,2615.68
615,2,0,2,14.3672,2603.89
617,2,0,2,14.3637,2586.34
616,2,0,2,14.3571,2552.41
676,2,0,2,14.3509,2521.35
674,2,0,2,14.336,2451.7
675,2,0,2,14.3294,2418.62
962,2,0,2,14.3208,2376.53
961,2,0,2,14.3134,2339.48
999,2,0,2,14.2966,2257.67
884,2,0,3,14.6081,3794.92,0.0611667,266.791,0.05,4
1987,2,0,3,14.5652,3581.93
428,2,0,3,14.5601,3556.56
429,2,0,3,14.5334,3426.55
1988,2,0,3,14.5048,3282.93
430,2,0,3,14.5015,3265.67
1989,2,0,3,14.4964,3240.59
432,2,0,3,14.4902,3210.51
435,2,0,3,14.4849,3183.92
431,2,0,3,14.4781,3150.12
439,2,0,3,14.4616,3069.03
436,2,0,3,14.454,3030.67
936,2,0,4,14.8072,4768.95,0,0,0
1737,2,0,4,14.795,4702.81
917,2,0,4,14.7804,4628.64
916,2,0,4,14.7803,4627.73
906,2,0,4,14.7508,4479.81
889,2,0,4,14.7402,4424.57
888,2,0,4,14.7128,4285.96
887,2,0,4,14.6984,4206.12
2012,2,0,4,14.6738,4084.73
884,2,0,4,14.6693,4061.71
1307,2,1,0,15.0855,554.042,0.0428333,186.826,0.28,1
1303,2,1,0,15.0745,496.053
2021,2,1,0,15.0362,306.727
1791,2,1,0,15.0283,267.142
939,2,1,0,15.0115,182.874
940,2,1,0,15.0068,151.022
934,2,1,0,14.9873,42.0448
933,2,1,0,14.9806,2.93996
936,2,1,0,14.98,0
936,2,1,1,15.2375,1313.23,0,0,0
933,2,1,1,15.2369,1310.29
934,2,1,1,15.2314,1272.64
935,2,1,1,15.2308,1270.04
2020,2,1,1,15.2198,1213.06
943,2,1,1,15.2189,1209.13
942,2,1,1,15.2111,1168.06
941,2,1,1,15.1995,1109.91
1790,2,1,1,15.1867,1042.74
2022,2,1,1,15.1762,991.844
2021,2,1,1,15.1659,938.155
1303,2,1,1,15.1441,818.443
1307,2,1,1,15.1284,740.869
884,3,0,0,13.3734,917.424,0.0738333,322.039,0.04,1
883,3,0,0,13.3461,778.363
882,3,0,0,13.3346,716.093
2155,3,0,0,13.3314,699.368
901,3,0,0,13.3044,552.187
902,3,0,0,13.2915,482.635
904,3,0,0,13.2782,411.663
925,3,0,0,13.2548,283.766
2019,3,0,0,13.2494,256.499
929,3,0,0,13.249,254.516
930,3,0,0,13.232,162.739
931,3,0,0,13.22,105.498
932,3,0,0,13.2061,30.6376
933,3,0,0,13.2006,2.93996
936,3,0,0,13.2,0
436,3,0,1,13.563,1838.69,0.0588333,256.613,0.14,2
425,3,0,1,13.5554,1799.87
420,3,0,1,13.5397,1722.71
421,3,0,1,13.5357,1695.93
417,3,0,1,13.5312,1671.45
1989,3,0,1,13.5147,1585.04
2011,3,0,1,13.4969,1491.85
2156,3,0,1,13.4917,1464.52
2013,3,0,1,13.491,1461.37
886,3,0,1,13.4791,1403.19
885,3,0,1,13.4572,1289.07
2012,3,0,1,13.4515,1261.47
884,3,0,1,13.4473,1239.46
999,3,0,2,13.7148,2561.25,0.056,244.255,0.15,3
961,3,0,2,13.6992,2484.18
962,3,0,2,13.6914,2445.48
675,3,0,2,13.6803,2393.37
674,3,0,2,13.6742,2362
669,3,0,2,13.6577,2278.09
673,3,0,2,13.6481,2229.32
438,3,0,2,13.6426,2201.63
437,3,0,2,13.6329,2152.43
439,3,0,2,13.629,2131.57
436,3,0,2,13.6218,2095.3
1336,3,0,3,13.9833,3875.04,0.0515,224.627,0.24,4
1792,3,0,3,13.977,3842.63
1334,3,0,3,13.969,3802.19
1325,3,0,3,13.9418,3663.75
1156,3,0,3,13.9327,3620.04
1155,3,0,3,13.9197,3553.72
2052,3,0,3,13.9144,3526.72
1782,3,0,3,13.9078,3492.98
2043,3,0,3,13.8948,3422.45
1111,3,0,3,13.8799,3348.01
1109,3,0,3,13.8625,3261.56
1848,3,0,3,13.8424,3167.05
1069,3,0,3,13.8345,3124.51
1784,3,0,3,13.8173,3035.04
1053,3,0,3,13.8134,3015.22
2032,3,0,3,13.803,2965.69
2031,3,0,3,13.8026,2963.86
1031,3,0,3,13.7927,2916.46
1002,3,0,3,13.7785,2845.73
999,3,0,3,13.7708,2805.51
1307,3,0,4,14.1636,4738.18,0.0546667,238.44,0.3,5
1308,3,0,4,14.1524,4678.61
1309,3,0,4,14.1341,4585.25
1314,3,0,4,14.1335,4582.38
1315,3,0,4,14.0954,4406.68
1341,3,0,4,14.0753,4299.2
1342,3,0,4,14.0667,4256.47
1334,3,0,4,14.0559,4200.59
1792,3,0,4,14.0435,4142.05
1336,3,0,4,14.0348,4099.67
936,3,0,5,14.3393,5599.34,0,0,0
933,3,0,5,14.3387,5596.4
934,3,0,5,14.3331,5558.75
935,3,0,5,14.3326,5556.14
2020,3,0,5,14.3216,5499.17
943,3,0,5,14.3207,5495.23
942,3,0,5,14.3133,5456.1
941,3,0,5,14.3014,5396.54
1790,3,0,5,14.285,5314.41
2022,3,0,5,14.2745,5263.51
2021,3,0,5,14.26,5192.08
1303,3,0,5,14.2273,5025.93
1307,3,0,5,14.2183,4976.62
1307,4,0,0,14.3555,554.042,0.0546667,238.44,0.3,1
1303,4,0,0,14.3445,496.053
2021,4,0,0,14.3062,306.727
1791,4,0,0,14.2983,267.142
939,4,0,0,14.2815,182.874
940,4,0,0,14.2768,151.022
934,4,0,0,14.2573,42.0448
933,4,0,0,14.2506,2.93996
936,4,0,0,14.25,0
1336,4,0,1,14.5211,1357.19,0.0633333,276.241,0.28,2
1792,4,0,1,14.5128,1316.37
1334,4,0,1,14.503,1268.49
1335,4,0,1,14.4924,1218.26
1341,4,0,1,14.4838,1171.29
1315,4,0,1,14.4664,1075.52
1314,4,0,1,14.4463,973.405
1309,4,0,1,14.4457,970.535
1308,4,0,1,14.4294,885.27
1307,4,0,1,14.4102,792.482
999,4,0,2,14.7802,2633.05,0.0648333,282.783,0.16,3
1002,4,0,2,14.7761,2604.98
1031,4,0,2,14.7632,2539.71
2031,4,0,2,14.7559,2502.72
2032,4,0,2,14.7555,2500.89
1053,4,0,2,14.7479,2463
1784,4,0,2,14.7445,2445.25
1069,4,0,2,14.7234,2339.45
1848,4,0,2,14.7176,2305.2
1109,4,0,2,14.7088,2257.6
1113,4,0,2,14.7017,2222.36
2036,4,0,2,14.6942,2185.46
1112,4,0,2,14.6906,2166.62
2041,4,0,2,14.6768,2098.35
2042,4,0,2,14.6634,2030.26
1564,4,0,2,14.6521,1974.64
2107,4,0,2,14.642,1924.73
1145,4,0,2,14.6352,1892.06
2053,4,0,2,14.6222,1825.07
2073,4,0,2,14.6146,1786.93
1336,4,0,2,14.5844,1633.44
436,4,0,3,14.9644,3523.09,0.038,165.745,0.13,4
425,4,0,3,14.9579,3488.71
426,4,0,3,14.9529,3463.16
424,4,0,3,14.9508,3450.15
613,4,0,3,14.9432,3411.22
611,4,0,3,14.9374,3377.78
619,4,0,3,14.9195,3285.62
618,4,0,3,14.9171,3273.85
615,4,0,3,14.9156,3262.06
617,4,0,3,14.9121,3244.51
616,4,0,3,14.9055,3210.58
676,4,0,3,14.8993,3179.52
674,4,0,3,14.8844,3109.87
675,4,0,3,14.8778,3076.79
962,4,0,3,14.8692,3034.7
961,4,0,3,14.8619,2997.65
999,4,0,3,14.845,2915.84
884,4,0,4,15.1418,4391.19,0.0453333,197.73,0.06,5
1987,4,0,4,15.1064,4209.8
428,4,0,4,15.1014,4184.43
429,4,0,4,15.0794,4074.1
1988,4,0,4,15.055,3948.08
430,4,0,4,15.0515,3929.9
1989,4,0,4,15.0426,3889.15
432,4,0,4,15.0376,3864.36
435,4,0,4,15.0323,3837.77
431,4,0,4,15.0254,3803.72
439,4,0,4,15.0113,3732.3
436,4,0,4,15.0024,3688.83
936,4,0,5,15.3117,5239.94,0,0,0
1737,4,0,5,15.3006,5178.68
917,4,0,5,15.2871,5109.15
916,4,0,5,15.2869,5108.24
906,4,0,5,15.2636,4986.19
889,4,0,5,15.2511,4922.79
888,4,0,5,15.2312,4815.85
887,4,0,5,15.2144,4726.13
2012,4,0,5,15.1919,4613.09
884,4,0,5,15.1871,4588.92
1336,5,0,0,12.6379,764.587,0.0533333,232.624,0.21,1
1792,5,0,0,12.6304,727.242
1334,5,0,0,12.6231,689.424
1335,5,0,0,12.6124,639.192
1333,5,0,0,12.59,524.133
2163,5,0,0,12.5633,383.309
2023,5,0,0,12.5373,241.926
1787,5,0,0,12.5297,202.721
1788,5,0,0,12.5289,199.018
943,5,0,0,12.5095,103.973
934,5,0,0,12.4993,49.9245
933,5,0,0,12.4906,2.93996
936,5,0,0,12.49,0
999,5,0,1,12.892,2014.06,0.0941667,410.727,0.12,2
1002,5,0,1,12.8857,1980.01
1031,5,0,1,12.8712,1908.3
2031,5,0,1,12.8639,1871.31
2032,5,0,1,12.8635,1869.48
1053,5,0,1,12.8555,1829.69
1784,5,0,1,12.8522,1812.62
1069,5,0,1,12.8321,1710.61
1848,5,0,1,12.8263,1676.41
1847,5,0,1,12.8228,1656.77
1086,5,0,1,12.8191,1636.54
2036,5,0,1,12.8045,1563.64
1112,5,0,1,12.8009,1544.8
2041,5,0,1,12.7888,1483.73
2042,5,0,1,12.7694,1390.66
1564,5,0,1,12.759,1338.8
2107,5,0,1,12.7509,1297.3
1145,5,0,1,12.7443,1265.29
2053,5,0,1,12.7288,1187.98
2073,5,0,1,12.7205,1146.92
1336,5,0,1,12.6912,997.211
436,5,0,2,13.0918,3005.31,0.0588333,256.613,0.14,3
425,5,0,2,13.0847,2968.23
426,5,0,2,13.0798,2943.28
424,5,0,2,13.0774,2929.57
613,5,0,2,13.0744,2904.59
611,5,0,2,13.0689,2871.69
609,5,0,2,13.0669,2853.9
628,5,0,2,13.057,2779.89
615,5,0,2,13.0514,2749.24
617,5,0,2,13.0479,2731.69
616,5,0,2,13.0385,2686.21
676,5,0,2,13.0323,2655.15
674,5,0,2,13.0182,2588.46
675,5,0,2,13.0116,2555.38
962,5,0,2,13.0051,2522.25
961,5,0,2,12.9972,2482.83
999,5,0,2,12.9861,2424.79
884,5,0,3,13.2994,4003.28,0.0738333,322.039,0.04,4
1987,5,0,3,13.2615,3811.28
428,5,0,3,13.2565,3785.91
429,5,0,3,13.2314,3662.84
1988,5,0,3,13.205,3528.18
430,5,0,3,13.2014,3510.01
1989,5,0,3,13.1962,3484.27
432,5,0,3,13.192,3462.26
435,5,0,3,13.1866,3435.67
431,5,0,3,13.1794,3399.93
439,5,0,3,13.1579,3298.19
436,5,0,3,13.1507,3261.92
936,5,0,4,13.5057,5009.69,0,0,0
1737,5,0,4,13.4942,4946.46
917,5,0,4,13.4774,4863.22
916,5,0,4,13.4772,4862.31
906,5,0,4,13.4513,4729.22
889,5,0,4,13.4392,4667.3
888,5,0,4,13.4186,4557.79
887,5,0,4,13.4012,4465.11
2012,5,0,4,13.3775,4347.33
884,5,0,4,13.3733,4325.32
1307,5,1,0,15.0855,554.042,0.0428333,186.826,0.28,1
1303,5,1,0,15.0745,496.053
2021,5,1,0,15.0362,306.727
1791,5,1,0,15.0283,267.142
939,5,1,0,15.0115,182.874
940,5,1,0,15.0068,151.022
934,5,1,0,14.9873,42.0448
933,5,1,0,14.9806,2.93996
936,5,1,0,14.98,0
936,5,1,1,15.2375,1313.23,0,0,0
933,5,1,1,15.2369,1310.29
934,5,1,1,15.2314,1272.64
935,5,1,1,15.2308,1270.04
2020,5,1,1,15.2198,1213.06
943,5,1,1,15.2189,1209.13
942,5,1,1,15.2111,1168.06
941,5,1,1,15.1995,1109.91
1790,5,1,1,15.1867,1042.74
2022,5,1,1,15.1762,991.844
2021,5,1,1,15.1659,938.155
1303,5,1,1,15.1441,818.443
1307,5,1,1,15.1284,740.869
1336,6,0,0,12.8879,764.587,0.0533333,232.624,0.21,1
1792,6,0,0,12.8804,727.242
1334,6,0,0,12.8731,689.424
1335,6,0,0,12.8624,639.192
1333,6,0,0,12.84,524.133
2163,6,0,0,12.8133,383.309
2023,6,0,0,12.7873,241.926
1787,6,0,0,12.7797,202.721
1788,6,0,0,12.7789,199.018
943,6,0,0,12.7595,103.973
934,6,0,0,12.7493,49.9245
933,6,0,0,12.7406,2.93996
936,6,0,0,12.74,0
1307,6,0,1,13.0496,1551.85,0.0495,215.904,0.34,2
1308,6,0,1,13.038,1490.8
1309,6,0,1,13.0205,1400.7
1314,6,0,1,13.02,1397.83
1315,6,0,1,13.007,1325.89
1341,6,0,1,12.9826,1200.6
1342,6,0,1,12.974,1157.87
1334,6,0,1,12.9618,1095.73
1792,6,0,1,12.9493,1037.19
1336,6,0,1,12.9412,997.211
884,6,0,2,13.3094,2884.57,0.0738333,322.039,0.04,3
883,6,0,2,13.2821,2745.5
882,6,0,2,13.2706,2683.23
2155,6,0,2,13.2673,2666.51
901,6,0,2,13.2404,2519.33
902,6,0,2,13.2274,2449.78
904,6,0,2,13.2142,2378.8
925,6,0,2,13.1907,2250.91
2019,6,0,2,13.1853,2223.64
929,6,0,2,13.1849,2221.66
938,6,0,2,13.1729,2155.81
950,6,0,2,13.1594,2085.25
951,6,0,2,13.1524,2049.53
949,6,0,2,13.1414,1993.05
1302,6,0,2,13.1224,1886.33
1307,6,0,2,13.0991,1767.76
436,6,0,3,13.4989,3805.83,0.0588333,256.613,0.14,4
425,6,0,3,13.4914,3767.02
420,6,0,3,13.4757,3689.85
421,6,0,3,13.4717,3663.07
417,6,0,3,13.4672,3638.59
1989,6,0,3,13.4506,3552.18
2011,6,0,3,13.4329,3458.99
2156,6,0,3,13.4276,3431.66
2013,6,0,3,13.4269,3428.51
886,6,0,3,13.415,3370.33
885,6,0,3,13.3931,3256.21
2012,6,0,3,13.3874,3228.61
884,6,0,3,13.3832,3206.6
999,6,0,4,13.6508,4528.39,0.056,244.255,0.15,5
961,6,0,4,13.6351,4451.32
962,6,0,4,13.6274,4412.62
675,6,0,4,13.6163,4360.51
674,6,0,4,13.6101,4329.15
669,6,0,4,13.5936,4245.23
673,6,0,4,13.5841,4196.46
438,6,0,4,13.5785,4168.77
437,6,0,4,13.5688,4119.57
439,6,0,4,13.5649,4098.71
436,6,0,4,13.5578,4062.44
936,6,0,5,13.8288,5401.61,0,0,0
1737,6,0,5,13.8173,5338.38
917,6,0,5,13.8005,5255.15
916,6,0,5,13.8003,5254.24
919,6,0,5,13.7946,5215.15
2017,6,0,5,13.7945,5214.98
2014,6,0,5,13.7935,5209.96
2015,6,0,5,13.7854,5169.25
910,6,0,5,13.7853,5168.76
909,6,0,5,13.777,5126.62
1051,6,0,5,13.7671,5076.46
1025,6,0,5,13.7549,5015.16
1029,6,0,5,13.741,4945.8
1026,6,0,5,13.7304,4893.76
998,6,0,5,13.7259,4870.63
999,6,0,5,13.7068,4772.65
1336,7,0,0,12.9279,764.587,0.0533333,232.624,0.21,1
1792,7,0,0,12.9204,727.242
1334,7,0,0,12.9131,689.424
1335,7,0,0,12.9024,639.192
1333,7,0,0,12.88,524.133
2163,7,0,0,12.8533,383.309
2023,7,0,0,12.8273,241.926
1787,7,0,0,12.8197,202.721
1788,7,0,0,12.8189,199.018
943,7,0,0,12.7995,103.973
934,7,0,0,12.7893,49.9245
933,7,0,0,12.7806,2.93996
936,7,0,0,12.78,0
999,7,0,1,13.182,2014.06,0.056,244.255,0.15,2
1002,7,0,1,13.1757,1980.01
1031,7,0,1,13.1612,1908.3
2031,7,0,1,13.1539,1871.31
2032,7,0,1,13.1535,1869.48
1053,7,0,1,13.1455,1829.69
1784,7,0,1,13.1422,1812.62
1069,7,0,1,13.1221,1710.61
1848,7,0,1,13.1163,1676.41
1847,7,0,1,13.1128,1656.77
1086,7,0,1,13.1091,1636.54
2036,7,0,1,13.0945,1563.64
1112,7,0,1,13.0909,1544.8
2041,7,0,1,13.0788,1483.73
2042,7,0,1,13.0594,1390.66
1564,7,0,1,13.049,1338.8
2107,7,0,1,13.0409,1297.3
1145,7,0,1,13.0343,1265.29
2053,7,0,1,13.0188,1187.98
2073,7,0,1,13.0105,1146.92
1336,7,0,1,12.9812,997.211
436,7,0,2,13.3491,2856.62,0.0588333,256.613,0.14,3
425,7,0,2,13.3416,2817.81
426,7,0,2,13.3353,2787.07
424,7,0,2,13.333,2773.64
613,7,0,2,13.325,2733.27
611,7,0,2,13.3181,2695.38
609,7,0,2,13.3162,2677.54
628,7,0,2,13.3063,2603.53
615,7,0,2,13.3015,2575.55
617,7,0,2,13.298,2558
616,7,0,2,13.2903,2519.79
676,7,0,2,13.2842,2488.72
674,7,0,2,13.2737,2437.23
675,7,0,2,13.2671,2404.16
962,7,0,2,13.2567,2354.79
961,7,0,2,13.2513,2325.66
999,7,0,2,13.238,2258.32
884,7,0,3,13.5567,3854.6,0.0738333,322.039,0.04,4
1987,7,0,3,13.5188,3662.59
428,7,0,3,13.5138,3637.22
429,7,0,3,13.4887,3514.15
1988,7,0,3,13.4623,3379.49
430,7,0,3,13.4587,3361.32
1989,7,0,3,13.4535,3335.59
432,7,0,3,13.4493,3313.57
435,7,0,3,13.4439,3286.98
431,7,0,3,13.4367,3251.25
439,7,0,3,13.4152,3149.5
436,7,0,3,13.408,3113.24
936,7,0,4,13.763,4861,0,0,0
1737,7,0,4,13.7515,4797.77
917,7,0,4,13.7347,4714.53
916,7,0,4,13.7345,4713.63
906,7,0,4,13.7086,4580.54
889,7,0,4,13.6965,4518.62
888,7,0,4,13.6759,4409.11
887,7,0,4,13.6585,4316.43
2012,7,0,4,13.6348,4198.65
884,7,0,4,13.6306,4176.64
1307,7,1,0,15.0855,554.042,0.0428333,186.826,0.28,1
1303,7,1,0,15.0745,496.053
2021,7,1,0,15.0362,306.727
1791,7,1,0,15.0283,267.142
939,7,1,0,15.0115,182.874
940,7,1,0,15.0068,151.022
934,7,1,0,14.9873,42.0448
933,7,1,0,14.9806,2.93996
936,7,1,0,14.98,0
936,7,1,1,15.2375,1313.23,0,0,0
933,7,1,1,15.2369,1310.29
934,7,1,1,15.2314,1272.64
935,7,1,1,15.2308,1270.04
2020,7,1,1,15.2198,1213.06
943,7,1,1,15.2189,1209.13
942,7,1,1,15.2111,1168.06
941,7,1,1,15.1995,1109.91
1790,7,1,1,15.1867,1042.74
2022,7,1,1,15.1762,991.844
2021,7,1,1,15.1659,938.155
1303,7,1,1,15.1441,818.443
1307,7,1,1,15.1284,740.869
884,8,0,0,12.2093,985.1,0.115333,503.049,0.04,1
883,8,0,0,12.18,837.705
882,8,0,0,12.1669,768.2
2155,8,0,0,12.1636,751.641
901,8,0,0,12.128,567.326
902,8,0,0,12.1155,499.78
904,8,0,0,12.1024,429.227
925,8,0,0,12.0788,300.744
2019,8,0,0,12.0734,273.424
929,8,0,0,12.0729,271.441
930,8,0,0,12.0529,166.74
931,8,0,0,12.0402,106.514
932,8,0,0,12.0258,29.1229
933,8,0,0,12.0206,2.93996
936,8,0,0,12.02,0
436,8,0,1,12.4409,2088.05,0.0958333,417.996,0.13,2
425,8,0,1,12.4337,2050.97
420,8,0,1,12.422,1990.24
421,8,0,1,12.4174,1962.75
417,8,0,1,12.4124,1936.03
1989,8,0,1,12.394,1841.82
2011,8,0,1,12.3747,1742.11
2156,8,0,1,12.3692,1714.07
2013,8,0,1,12.3686,1710.91
886,8,0,1,12.3604,1668.31
885,8,0,1,12.3348,1538.68
2012,8,0,1,12.3291,1511.08
884,8,0,1,12.3247,1488.15
999,8,0,2,12.6426,3026,0.0941667,410.727,0.12,3
961,8,0,2,12.6301,2961.84
962,8,0,2,12.6224,2923.15
675,8,0,2,12.6137,2881.1
674,8,0,2,12.6034,2832.53
669,8,0,2,12.5823,2729.74
673,8,0,2,12.5697,2668.55
672,8,0,2,12.5613,2627.67
610,8,0,2,12.5508,2578.28
436,8,0,2,12.5367,2506.04
1336,8,0,3,12.9427,4485.3,0.0533333,232.624,0.21,4
1792,8,0,3,12.9353,4447.95
1334,8,0,3,12.9279,4410.13
1325,8,0,3,12.9007,4271.7
1156,8,0,3,12.8935,4235.68
1155,8,0,3,12.8801,4168.11
2052,8,0,3,12.8746,4140.1
1782,8,0,3,12.8678,4105.73
2043,8,0,3,12.8592,4047
1111,8,0,3,12.8464,3981.39
1109,8,0,3,12.8285,3892.99
1848,8,0,3,12.8084,3798.48
1069,8,0,3,12.8007,3756.73
1784,8,0,3,12.7845,3671.18
1053,8,0,3,12.781,3653.33
2032,8,0,3,12.7722,3610.5
2031,8,0,3,12.7718,3608.68
1031,8,0,3,12.7624,3562.86
1002,8,0,3,12.7458,3482.48
999,8,0,3,12.7368,3436.73
1307,8,0,4,13.1044,5272.56,0.0495,215.904,0.34,5
1308,8,0,4,13.0928,5211.51
1309,8,0,4,13.0753,5121.41
1314,8,0,4,13.0748,5118.54
1315,8,0,4,13.0618,5046.6
1341,8,0,4,13.0374,4921.31
1342,8,0,4,13.0288,4878.58
1334,8,0,4,13.0166,4816.44
1792,8,0,4,13.0041,4757.9
1336,8,0,4,12.996,4717.92
936,8,0,5,13.275,6111.7,0,0,0
933,8,0,5,13.2744,6108.76
934,8,0,5,13.2689,6071.11
935,8,0,5,13.2683,6068.5
2020,8,0,5,13.2573,6011.53
943,8,0,5,13.2565,6007.59
942,8,0,5,13.2479,5963.63
941,8,0,5,13.236,5903.97
1790,8,0,5,13.2189,5819.11
2022,8,0,5,13.2084,5768.21
2021,8,0,5,13.1957,5704.03
1303,8,0,5,13.1628,5537.11
1307,8,0,5,13.1539,5488.47
884,9,0,0,14.3783,938.52,0.0611667,266.791,0.05,1
883,9,0,0,14.3459,777.951
882,9,0,0,14.3327,708.309
2155,9,0,0,14.3292,690.597
901,9,0,0,14.2978,524.626
902,9,0,0,14.2849,454.953
904,9,0,0,14.2718,384.906
925,9,0,0,14.2503,265.332
2019,9,0,0,14.2451,239.037
929,9,0,0,14.2447,237.053
930,9,0,0,14.2244,130.978
931,9,0,0,14.2192,102.033
932,9,0,0,14.205,25.8242
933,9,0,0,14.2006,2.93996
936,9,0,0,14.2,0
436,9,0,1,14.558,1816.23,0.038,165.745,0.13,2
425,9,0,1,14.5515,1781.85
420,9,0,1,14.537,1709.7
421,9,0,1,14.533,1682.88
417,9,0,1,14.5289,1660.21
1989,9,0,1,14.511,1568.29
2011,9,0,1,14.4908,1464.73
2156,9,0,1,14.4851,1435.43
2013,9,0,1,14.4844,1432.28
886,9,0,1,14.4741,1380.66
885,9,0,1,14.4497,1255.93
2012,9,0,1,14.444,1228.33
884,9,0,1,14.4395,1205.31
999,9,0,2,14.6931,2469.37,0.0648333,282.783,0.16,3
961,9,0,2,14.6749,2381.87
962,9,0,2,14.6672,2343.18
675,9,0,2,14.6574,2296.4
674,9,0,2,14.6525,2270.37
676,9,0,2,14.6485,2243.04
616,9,0,2,14.6419,2210.39
606,9,0,2,14.6218,2111.68
610,9,0,2,14.6101,2054.36
436,9,0,2,14.596,1981.97
1336,9,0,3,14.948,3741.42,0.0633333,276.241,0.28,4
1792,9,0,3,14.9397,3700.6
1334,9,0,3,14.9299,3652.71
1325,9,0,3,14.9053,3525.25
1156,9,0,3,14.8978,3488.14
1155,9,0,3,14.8862,3427.72
2052,9,0,3,14.8812,3401.84
1782,9,0,3,14.8748,3369.23
2043,9,0,3,14.8662,3310.49
1111,9,0,3,14.8561,3256.31
1110,9,0,3,14.8502,3226.45
1113,9,0,3,14.836,3153.17
1847,9,0,3,14.8273,3105.9
1068,9,0,3,14.8167,3051.77
1785,9,0,3,14.8118,3026.31
1053,9,0,3,14.795,2938.88
2032,9,0,3,14.7856,2893.36
2031,9,0,3,14.7852,2891.54
1031,9,0,3,14.7771,2851.24
1002,9,0,3,14.7642,2785.93
999,9,0,3,14.758,2752.15
1307,9,0,4,15.1232,4587.33,0.0428333,186.826,0.28,5
1308,9,0,4,15.109,4515.06
1309,9,0,4,15.0895,4416.83
1314,9,0,4,15.089,4413.96
1315,9,0,4,15.0686,4310.56
1341,9,0,4,15.0491,4205.84
1342,9,0,4,15.0405,4163.11
1334,9,0,4,15.0295,4106.38
1792,9,0,4,15.0171,4047.85
1336,9,0,4,15.0113,4017.66
936,9,0,5,15.2751,5346.52,0,0,0
933,9,0,5,15.2745,5343.58
934,9,0,5,15.269,5305.93
935,9,0,5,15.2685,5303.32
2020,9,0,5,15.2574,5246.35
943,9,0,5,15.2566,5242.41
942,9,0,5,15.2487,5201.34
941,9,0,5,15.2372,5143.19
1790,9,0,5,15.2243,5076.02
2022,9,0,5,15.2138,5025.13
2021,9,0,5,15.2036,4971.44
1303,9,0,5,15.1818,4851.73
1307,9,0,5,15.166,4774.15
1336,10,0,0,12.4979,764.587,0.0533333,232.624,0.21,1
1792,10,0,0,12.4904,727.242
1334,10,0,0,12.4831,689.424
1335,10,0,0,12.4724,639.192
1333,10,0,0,12.45,524.133
2163,10,0,0,12.4233,383.309
2023,10,0,0,12.3973,241.926
1787,10,0,0,12.3897,202.721
1788,10,0,0,12.3889,199.018
943,10,0,0,12.3695,103.973
934,10,0,0,12.3593,49.9245
933,10,0,0,12.3506,2.93996
936,10,0,0,12.35,0
999,10,0,1,12.752,2014.06,0.0941667,410.727,0.12,2
1002,10,0,1,12.7457,1980.01
1031,10,0,1,12.7312,1908.3
2031,10,0,1,12.7239,1871.31
2032,10,0,1,12.7235,1869.48
1053,10,0,1,12.7155,1829.69
1784,10,0,1,12.7122,1812.62
1069,10,0,1,12.6921,1710.61
1848,10,0,1,12.6863,1676.41
1847,10,0,1,12.6828,1656.77
1086,10,0,1,12.6791,1636.54
2036,10,0,1,12.6645,1563.64
1112,10,0,1,12.6609,1544.8
2041,10,0,1,12.6488,1483.73
2042,10,0,1,12.6294,1390.66
1564,10,0,1,12.619,1338.8
2107,10,0,1,12.6109,1297.3
1145,10,0,1,12.6043,1265.29
2053,10,0,1,12.5888,1187.98
2073,10,0,1,12.5805,1146.92
1336,10,0,1,12.5512,997.211
436,10,0,2,12.9518,3005.31,0.0958333,417.996,0.13,3
425,10,0,2,12.9447,2968.23
426,10,0,2,12.9398,2943.28
424,10,0,2,12.9374,2929.57
613,10,0,2,12.9344,2904.59
611,10,0,2,12.9289,2871.69
609,10,0,2,12.9269,2853.9
628,10,0,2,12.917,2779.89
615,10,0,2,12.9114,2749.24
617,10,0,2,12.9079,2731.69
616,10,0,2,12.8985,2686.21
676,10,0,2,12.8924,2655.15
674,10,0,2,12.8782,2588.46
675,10,0,2,12.8716,2555.38
962,10,0,2,12.8651,2522.25
961,10,0,2,12.8572,2482.83
999,10,0,2,12.8461,2424.79
884,10,0,3,13.1965,4164.67,0.0738333,322.039,0.04,4
1987,10,0,3,13.1585,3972.66
428,10,0,3,13.1535,3947.29
429,10,0,3,13.1284,3824.22
1988,10,0,3,13.102,3689.56
430,10,0,3,13.0984,3671.39
1989,10,0,3,13.0932,3645.65
432,10,0,3,13.089,3623.64
435,10,0,3,13.0836,3597.05
431,10,0,3,13.0764,3561.32
439,10,0,3,13.0549,3459.57
436,10,0,3,13.0477,3423.3
936,10,0,4,13.4027,5171.07,0,0,0
1737,10,0,4,13.3912,5107.84
917,10,0,4,13.3744,5024.6
916,10,0,4,13.3742,5023.69
906,10,0,4,13.3483,4890.6
889,10,0,4,13.3362,4828.69
888,10,0,4,13.3156,4719.17
887,10,0,4,13.2982,4626.5
2012,10,0,4,13.2745,4508.71
884,10,0,4,13.2703,4486.71
1307,10,1,0,15.0855,554.042,0.0428333,186.826,0.28,1
1303,10,1,0,15.0745,496.053
2021,10,1,0,15.0362,306.727
1791,10,1,0,15.0283,267.142
939,10,1,0,15.0115,182.874
940,10,1,0,15.0068,151.022
934,10,1,0,14.9873,42.0448
933,10,1,0,14.9806,2.93996
936,10,1,0,14.98,0
936,10,1,1,15.2375,1313.23,0,0,0
933,10,1,1,15.2369,1310.29
934,10,1,1,15.2314,1272.64
935,10,1,1,15.2308,1270.04
2020,10,1,1,15.2198,1213.06
943,10,1,1,15.2189,1209.13
942,10,1,1,15.2111,1168.06
941,10,1,1,15.1995,1109.91
1790,10,1,1,15.1867,1042.74
2022,10,1,1,15.1762,991.844
2021,10,1,1,15.1659,938.155
1303,10,1,1,15.1441,818.443
1307,10,1,1,15.1284,740.869
1307,11,0,0,13.8017,580.427,0.0495,215.904,0.34,1
1303,11,0,0,13.7869,506.554
2021,11,0,0,13.7552,344.641
1791,11,0,0,13.7459,299.315
939,11,0,0,13.7327,230.444
940,11,0,0,13.728,198.593
934,11,0,0,13.7009,56.8666
933,11,0,0,13.6906,2.93996
936,11,0,0,13.69,0
1336,11,0,1,13.952,1319.25,0.0515,224.627,0.24,2
1792,11,0,1,13.9458,1286.83
1334,11,0,1,13.9378,1246.39
1335,11,0,1,13.9271,1196.16
1341,11,0,1,13.9196,1153.46
1315,11,0,1,13.8994,1045.7
1314,11,0,1,13.8825,956.845
1309,11,0,1,13.8819,953.975
1308,11,0,1,13.8678,878.201
1307,11,0,1,13.8512,796.332
999,11,0,2,14.1993,2543.49,0.0648333,282.783,0.16,3
1002,11,0,2,14.1952,2515.42
1031,11,0,2,14.1823,2450.15
2031,11,0,2,14.175,2413.15
2032,11,0,2,14.1746,2411.33
1053,11,0,2,14.167,2373.44
1784,11,0,2,14.1636,2355.69
1069,11,0,2,14.1426,2249.89
1848,11,0,2,14.1367,2215.63
1109,11,0,2,14.1279,2168.04
1113,11,0,2,14.1208,2132.79
2036,11,0,2,14.1133,2095.89
1112,11,0,2,14.1097,2077.06
2041,11,0,2,14.0959,2008.79
2042,11,0,2,14.0826,1940.7
1564,11,0,2,14.0712,1885.08
2107,11,0,2,14.0611,1835.17
1145,11,0,2,14.0543,1802.49
2053,11,0,2,14.0413,1735.5
2073,11,0,2,14.0337,1697.36
1336,11,0,2,14.0035,1543.87
436,11,0,3,14.3835,3433.53,0.038,165.745,0.13,4
425,11,0,3,14.377,3399.14
426,11,0,3,14.372,3373.6
424,11,0,3,14.3699,3360.59
613,11,0,3,14.3623,3321.66
611,11,0,3,14.3565,3288.22
619,11,0,3,14.3386,3196.05
618,11,0,3,14.3362,3184.29
615,11,0,3,14.3347,3172.5
617,11,0,3,14.3312,3154.95
616,11,0,3,14.3246,3121.02
676,11,0,3,14.3184,3089.96
674,11,0,3,14.3035,3020.31
675,11,0,3,14.2969,2987.23
962,11,0,3,14.2883,2945.14
961,11,0,3,14.281,2908.09
999,11,0,3,14.2642,2826.27
884,11,0,4,14.5757,4363.53,0.0611667,266.791,0.05,5
1987,11,0,4,14.5327,4150.53
428,11,0,4,14.5277,4125.17
429,11,0,4,14.5009,3995.16
1988,11,0,4,14.4724,3851.54
430,11,0,4,14.469,3834.28
1989,11,0,4,14.464,3809.19
432,11,0,4,14.4578,3779.12
435,11,0,4,14.4524,3752.53
431,11,0,4,14.4456,3718.73
439,11,0,4,14.4292,3637.64
436,11,0,4,14.4215,3599.27
936,11,0,5,14.7748,5337.56,0,0,0
1737,11,0,5,14.7626,5271.42
917,11,0,5,14.748,5197.25
916,11,0,5,14.7478,5196.34
906,11,0,5,14.7184,5048.42
889,11,0,5,14.7078,4993.18
888,11,0,5,14.6803,4854.56
887,11,0,5,14.6659,4774.73
2012,11,0,5,14.6413,4653.34
884,11,0,5,14.6369,4630.32
