30221.9 3.6
30589.2 3.54
30632.2 3.46
30650 3.33
30669.2 3.18
31272.8 3.11
31841.7 3.06
32270.3 3.01
32607.3 2.94
32908.4 2.87
32920.6 2.84
33228.2 2.77
33664.7 2.72
33776.9 2.62
34230.9 2.55
34857.3 2.51
35358.5 2.48
35707.5 2.42
36006.8 2.38
36707.4 2.34
36829.4 2.25
37197.4 2.21
37457.7 2.18
38050.8 2.08
38394.7 2.06
38781.2 2.01
38979.3 2
39565.4 1.97
39889.3 1.95
40627.7 1.93
41280.5 1.87
42484.8 1.86
43423.2 1.84
44482.4 1.83
45514.9 1.81
45758.7 1.76
46295.3 1.73
46845.4 1.72
48472.7 1.68
49443.9 1.67
49552.3 1.66
50591.3 1.63
51266.7 1.6
52577.6 1.58
52785.5 1.57
